,0,1,2,3,4,5,6,7,8,9,10
0,-5.5420604,-0.23209834,-1.0094721,-0.7019716,-0.4621383,-0.26580685,0.3911226,-0.32206327,-0.3165369,0.3296873,0.32113844
1,-4.7396073,-0.27595985,-0.83755296,-0.66023856,-0.4247654,0.23340589,-0.059223942,-0.14524834,-0.1897698,0.44825584,0.48685735
2,-4.842193,0.09425198,-0.7746869,-0.5291632,-0.03964335,-0.18445489,0.018045753,0.10161764,-0.21994834,0.1981792,0.02082536
3,-4.193662,0.08432885,-1.0518492,-0.3422267,-0.30612004,0.2407804,0.006658474,-0.12257028,-0.01652815,0.39995125,0.18123327
4,-5.798521,-0.02611449,-1.3168757,-0.7748258,0.38705552,-0.079779826,-0.28303024,-0.5708641,-0.25062156,0.31411704,0.17664453
5,-6.8243065,-0.081260085,-1.305293,-0.83727515,-0.55939573,0.44703376,0.12662473,-0.8982873,0.051490128,0.090021506,0.56163293
6,-7.579448,-0.06814425,-1.5383883,-0.96499527,0.17871977,0.13821389,-0.27112353,-0.4756121,0.33409464,0.9801302,0.56319344
7,-6.0901136,-0.17001046,-0.99316484,-0.76255184,-0.0022915998,-0.20232098,-0.054284886,0.024731137,0.09475291,0.69353163,0.4137942
8,-6.0549994,0.00049024634,-1.2698494,-0.56629777,0.47207978,-0.14606597,-0.22156373,0.088508315,-0.048123725,0.15171513,0.1228599
9,-4.708656,0.047978263,-0.8848959,-0.31753713,-0.11295668,-0.15195762,-0.15248388,-0.10280402,-0.040926233,0.14603297,0.3338909
10,-6.413204,0.02014167,-1.0283256,-0.73107415,-0.04330938,0.107498795,-0.0855434,-0.4938974,-0.25297496,0.20790738,0.12896572
11,-4.924277,-0.02168683,-0.7537405,-0.48771608,-0.19503245,-0.016861506,0.13872296,0.08462438,-0.0498667,0.3068174,0.2967503
12,-5.036373,0.05501293,-0.83239496,-0.45310944,-0.109961405,0.1415829,-0.015163048,-0.111352846,-0.3917384,0.1791608,0.36793
13,-6.239962,-0.0016028788,-1.1992204,-0.92377764,0.21813639,-0.3227545,-0.33618492,-0.3326647,-0.08126596,0.024453063,0.19417578
14,-4.9357905,-0.18863094,-1.0194654,-0.8435769,-0.04242568,-0.08296667,-0.053279623,-0.4391312,0.18411914,0.35123178,0.22305302
15,-4.5663385,-0.067746595,-0.9518083,-0.522268,0.20926341,-0.18282041,-0.07306033,-0.26289657,0.03850539,0.65089005,0.24146603
16,-7.054178,-0.09602014,-1.5614823,-0.5063578,0.3054014,0.0069330325,0.27772877,0.16008511,0.177349,0.46794295,0.34699064
17,-4.609306,0.13285433,-0.87472767,-0.5032908,-0.071425684,0.03571996,-0.11614118,-0.4539922,0.15342541,0.4141443,0.02448686
18,-7.4559574,-0.015853085,-1.3239006,-0.67302924,-0.2002229,-0.21540754,0.38302144,-0.5861004,-0.41917098,0.61851174,0.56643176
19,-6.485034,-0.0626805,-1.1962695,-1.0129217,-0.18962283,-0.0418874,-0.074074395,-0.05795975,-0.019870581,0.3134881,0.46548766
20,-5.6882143,-0.073173575,-1.2983863,-0.8819253,0.12464815,-0.11970097,-0.27797207,-0.27876407,0.17946061,0.5991035,-0.03517378
21,-4.078306,-0.23207736,-1.1598865,-0.5047967,-0.3071701,0.01148445,0.1365262,-0.019114528,0.08873886,0.47967237,0.19586164
22,-5.257976,-0.08345396,-0.99310195,-0.40837428,0.02815959,0.1581558,-0.059715874,-0.1019112,0.062209144,0.7710091,0.3393188
23,-4.6531663,-0.13328655,-0.98944557,-0.6326958,-0.51282907,-0.06807443,0.07885354,-0.12520704,0.05784937,0.29286644,0.55298
24,-4.9992533,-0.10931971,-0.9520239,-0.34191817,0.05177414,0.1544204,-0.1769549,-0.011010179,0.017176434,0.40170667,-0.031574447
25,-5.9022284,0.08186531,-1.0847846,-0.36269346,0.15807779,-0.052696597,-0.11567552,-0.29982546,-0.031877317,0.2682197,0.035476357
26,-6.501568,-0.36026126,-1.2371016,-0.50015825,-0.45031342,0.3909428,-0.06382891,0.23180763,-0.21871439,0.7132749,0.63533354
27,-7.0870204,-0.0047345087,-1.2249186,-0.7407467,-0.0033517429,-0.12721473,0.05744951,-0.061714493,-0.07210927,0.24678698,0.7860502
28,-5.536166,0.26737365,-0.9118689,-0.4250019,-0.07269459,0.0023590042,-0.11178129,-0.28483257,-0.29207677,-0.08125564,0.29055408
29,-6.1596932,-0.167081,-1.24609,-0.82301396,0.013130175,0.38115382,0.07402609,-0.06559598,0.0063703675,0.5726029,0.63758296
30,-6.5520763,-0.27201697,-1.2846099,-0.6939711,0.090319484,0.033082083,0.07547642,-0.2343975,-0.057754084,0.67250925,0.520648
31,-6.7998314,-0.17104867,-0.9556146,-0.8069276,-0.0013466203,0.13531673,-0.23345812,-0.22656675,-0.27079442,0.5409762,0.32694918
32,-4.583172,-0.108084895,-0.72036755,-0.50969285,-0.21718372,-0.119885474,0.011165761,-0.21138799,-0.035161734,0.1822858,0.29842666
33,-5.441838,-0.32232127,-0.8671625,-0.62322104,-0.13346873,-0.110428765,-0.020712316,-0.017396852,-0.1744756,0.17491488,0.20294048
34,-5.330646,-0.2387104,-0.67674744,-0.4039081,-0.06770816,-0.1680675,-0.19710158,-0.32540178,0.0027823225,0.25872928,0.26687425
35,-3.5221786,-0.012842822,-0.84785306,-0.4520517,0.008615982,-0.16169105,-0.0073867226,-0.0034084665,-0.13355017,0.26267114,-0.06433987
36,-4.1783557,-0.06599954,-0.8098974,-0.29507306,-0.3657979,-0.17149928,0.27231565,-0.02798452,-0.09882496,0.20516342,0.47949737
37,-4.319861,-0.1703331,-0.6569281,-0.60031754,-0.3279783,-0.2878943,-0.096271224,-0.05572156,0.009804631,0.44474605,0.14551051
38,-7.1575055,0.036259666,-1.4957998,-0.45664445,0.0013177926,0.2786492,-0.16641916,-0.34351954,-0.2405077,0.44900167,0.4242246
39,-6.7137194,-0.101165004,-1.6968296,-0.97975206,0.20177989,-0.28262746,-0.18915214,-0.105645716,0.31480423,0.4607858,0.17941782
40,-5.9064684,-0.11868732,-1.124222,-0.6061991,0.116137326,-0.4472046,-0.2962956,-0.23960358,0.16607772,0.7780991,0.16770034
41,-7.4703145,-0.3024526,-1.3212056,-1.024055,-0.20546246,0.5187798,0.14521173,-0.13148369,0.08239361,0.4904868,0.80051446
42,-4.5251603,-0.009698491,-1.0978884,-0.79740137,-0.050067,0.07721194,0.014425894,-0.5476913,0.028461985,0.40947875,0.31562608
43,-5.33719,-0.048994593,-1.1825951,-0.8053025,0.08249874,-0.01456668,0.11666505,-0.24690333,0.014819019,0.79962933,0.19646545
44,-5.1745214,-0.15784226,-1.2007555,-0.62641513,-0.00045903213,-0.07225999,-0.27912924,0.19797686,0.09318732,0.5405117,0.026273284
45,-5.5173745,-0.062566966,-1.0337127,-0.9773412,-0.0016430956,0.25772417,0.26926285,-0.072838515,0.37128663,0.6249302,0.43614763
46,-6.3815084,-0.12537344,-1.384926,-0.7106476,-0.22973049,-0.14978118,0.26805934,0.11259617,-0.30697265,0.43007296,0.5506321
47,-4.042473,0.08832954,-0.9281757,-0.34959003,0.02265657,-0.08570466,0.07213784,0.118477136,-0.07679281,0.24166068,0.27965325
48,-5.252854,-0.28938973,-1.2279476,-0.35049692,0.5703111,0.03964888,0.073923126,-0.19673696,-0.056041837,0.24509093,0.068463504
49,-4.610634,-0.06312522,-0.82473636,-0.57596284,-0.3541358,0.10661388,0.07319403,-0.024787666,-0.20031902,0.50787413,0.16983113
50,-4.525522,0.16179976,-0.69105655,-0.2583831,-0.14491726,-0.20630082,0.02689534,-0.18860886,-0.056787618,0.21530026,0.3640547
51,-8.617514,0.22569503,-1.5699517,-0.6278783,0.06955476,-0.07147425,-0.12098826,-0.24860588,-0.32332417,0.21214093,0.42646143
52,-5.038172,0.1452274,-1.1365582,-0.48589712,0.22404824,0.17638892,-0.26937264,-0.49437258,-0.073760346,-0.010634878,0.06553711
53,-5.383477,-0.13119753,-0.98019797,-0.30077618,-0.5401119,0.090818614,0.29858214,-0.22678216,-0.31130898,0.28351194,0.41013062
54,-4.873687,-0.10202303,-0.671036,-0.56060183,-0.032987054,-0.027928501,-0.024051137,-0.36719808,-0.15412351,0.48218474,0.16514167
55,-5.9719005,-0.17437178,-0.80934113,-0.516378,-0.2258847,-0.4272431,0.17816426,0.120288745,-0.198445,0.3826769,0.18292631
56,-5.1240745,-0.3265905,-1.1083231,-0.796086,-0.11888977,0.357166,0.12552308,-0.63182724,0.011670068,0.2271101,0.36058506
57,-4.3794417,-0.13937783,-1.1133655,-0.6870405,0.022535484,-0.40121812,-0.17036352,-0.11985519,0.15119576,0.5658701,0.1666508
58,-6.498055,-0.41224912,-1.1294824,-0.6354149,-0.43006936,0.18704703,0.20607372,-0.2064567,-0.120994896,0.44727018,0.4928799
59,-5.3371544,-0.17169014,-1.0660079,-0.33457974,-0.4072664,0.05505233,0.28761145,-0.42222765,-0.08752251,0.1763377,0.29848984
60,-4.16079,-0.086507566,-0.82938087,-0.49901396,-0.17751323,0.22266379,-0.08777884,-0.23093766,0.15953636,0.34299666,0.21550855
61,-3.878349,-0.16036516,-0.8366071,-0.33172625,0.033316154,-0.0041476637,0.038067427,0.12126521,-0.29969177,0.10565238,-0.035964567
62,-5.866565,-0.31931493,-1.0815439,-0.44820422,-0.25201458,0.83224374,0.16826859,-0.23533764,0.08210073,0.8861728,0.38499454
63,-6.1772885,-0.05821054,-1.3753852,-0.5501329,-0.1110424,-0.14910452,-0.13829866,0.2976061,-0.18995978,0.22675402,0.03929099
64,-4.322858,-0.12281941,-0.69853675,-0.53730625,0.052367996,-0.12519746,-0.18115926,-0.02215659,-0.18186812,0.42791575,-0.09444846
65,-7.55744,-0.11518598,-1.3967103,-0.695924,-0.7873114,-0.17425272,-0.0963081,0.23968056,-0.5148312,0.6542887,0.2940383
66,-5.2742267,-0.5829934,-1.0242982,-0.44693056,0.019327966,-0.0809665,-0.09106134,-0.09109644,0.08259973,0.84804344,0.4323381
67,-6.322766,-0.2126871,-1.3707088,-0.51102704,-0.13379288,0.6601578,-0.042877372,-0.006485494,0.046220735,0.3027791,0.28503665
68,-3.9372282,-0.118097425,-0.79257274,-0.28729314,-0.13840643,-0.058186613,0.19584516,-0.22002013,-0.20238592,0.17231548,0.310972
69,-6.933652,-0.47819427,-0.6636358,-0.634492,-0.8097641,0.35720497,-0.3606453,-0.32003474,-0.056897826,0.28156948,0.18628816
70,-4.564253,0.023977883,-0.89957786,-0.65619725,0.015095366,-0.09245547,0.04272716,-0.27263618,-0.028002722,0.56736296,0.12515451
71,-5.318738,-0.019461174,-0.9727008,-0.4838118,-0.17046514,0.1677477,0.3026868,0.12364071,-0.110141635,0.5000308,0.5245392
72,-6.663554,-0.084314995,-1.5112158,-1.149373,0.09345311,0.1912922,-0.059255205,-0.5218946,0.5417229,0.88685036,0.45731044
73,-8.782354,-0.08881325,-1.7738914,-1.1402929,-0.21087304,0.017595446,0.083354555,0.15384258,0.16961372,0.57815444,0.36912355
74,-6.804273,-0.22364028,-1.4524614,-1.0433544,-0.42766875,0.40054625,-0.49300984,-0.95636696,0.119575895,0.43580166,0.551338
75,-7.016125,-0.19476262,-1.5547744,-0.29180247,0.18764013,0.27154124,-0.2314827,-0.09070271,-0.21494353,0.030669902,0.30194858
76,-4.0296702,-0.16108175,-0.58481634,-0.33227158,0.0071356543,-0.119055375,-0.17360161,0.11351901,-0.17498185,0.38596365,0.24455824
77,-5.9630423,-0.0041483613,-1.2392364,-0.65421957,0.023544079,-0.24501641,0.049468488,-0.14569983,-0.25607026,0.5947394,0.36370677
78,-5.815368,0.032080855,-1.5307171,-0.6201137,0.11766812,-0.07733555,-0.18124186,-0.025526034,-0.1368531,0.39879668,0.31865007
79,-4.9404006,-0.0693863,-1.022103,-0.45091498,-0.20474085,-0.22611558,-0.026793826,-0.43120244,-0.120029256,0.3093861,0.34539825
80,-5.727714,-0.24627842,-1.2380029,-0.72950375,-0.02263351,-0.22859037,0.46098837,0.16435085,0.043767422,0.7322081,0.4170089
81,-6.6251698,0.41424885,-0.99310136,-0.6374091,-0.09560977,-0.18596676,-0.08497776,-0.3600249,0.09927564,0.5708509,0.21377896
82,-5.1135907,-0.12477957,-0.74405724,-0.30956885,-0.010646379,-0.20829391,-0.08907782,0.27464613,-0.1754673,0.5356342,0.026985817
83,-4.902801,-0.18754868,-1.2511226,-0.27665615,-0.06908484,-0.0746048,-0.027762,-0.263116,-0.29207742,0.1688968,0.3277898
84,-5.5891175,-0.31639645,-0.8789762,-0.613357,0.09782187,-0.14549676,-0.07924083,-0.1337685,0.018804912,0.5067022,0.042650614
85,-4.545868,-0.024585791,-1.0779355,-0.6835172,-0.07041646,-0.06197244,0.053318653,-0.19630644,-0.10893256,0.2527106,0.036649544
86,-6.057008,-0.43461147,-1.7848951,-0.6849992,0.28776273,0.11644277,-0.14957857,-0.17159137,0.041409284,0.4721804,0.34389976
87,-4.2893953,-0.018652096,-0.6153431,-0.55540323,-0.46538845,-0.13342914,0.00757026,-0.06313224,0.02021085,0.4144562,0.34827062
88,-6.3008623,0.112654895,-1.0951939,-0.58204037,-0.08300826,-0.1342861,-0.09745486,-0.15502582,-0.15285654,0.21305022,0.35142437
89,-7.6964345,0.2081548,-1.1099285,-0.4715786,-0.055301137,-0.2624132,-0.45891032,-0.386367,-0.4343088,0.210776,0.46528852
90,-5.543162,-0.275945,-1.1019844,-0.45012546,0.10199898,-0.054303195,-0.02082662,0.016938154,-0.13243453,0.35529125,0.07318686
91,-5.307844,-0.35084045,-0.8557125,-0.45495376,-0.22713038,-0.13935754,0.19782539,-0.29906285,-0.40007016,0.56933445,0.5750377
92,-4.706269,-0.064296395,-1.0085244,-0.20199504,-0.44115525,0.09752806,0.16467893,-0.19507532,-0.2182532,0.17940181,0.4071907
93,-5.501949,-0.20992756,-1.2631501,-0.8224648,0.22721905,-0.107883595,-0.18437263,-0.13846043,0.26268512,0.5199958,0.24187855
94,-4.7456183,-0.20426627,-0.80115384,-0.79336137,-0.3568822,-0.08426154,0.18124528,-0.02005844,0.09239842,0.59278435,0.62526274
95,-6.5008435,0.017967794,-0.99206865,-0.44200605,0.020450978,-0.56546044,-0.33077297,-0.25556356,-0.12592833,-0.018537384,0.5761547
96,-4.114772,-0.31762698,-0.7071156,-0.23835903,0.020441355,-0.032878194,-0.12290273,-0.09590134,-0.14499989,0.7296744,0.29575586
97,-6.3017645,-0.28642294,-1.1981306,-0.862575,-0.15844466,0.19523822,-0.111634076,-0.0010736743,-0.17599827,0.5582404,0.45540097
98,-6.54046,0.035445306,-1.0335807,-0.64265805,-0.11100817,-0.26975268,-0.096897505,-0.33877033,-0.35372242,0.30651116,0.48934263
99,-6.584364,0.102809146,-0.80549043,-0.556627,-0.29642734,-0.11083029,0.6721573,0.15060273,-0.26881263,0.42646012,0.7641466
100,-6.2142816,-0.28916427,-1.5486314,-1.0313063,0.009056266,-0.22427975,-0.25962734,-0.28082213,0.3250118,1.1020637,0.090358056
101,-5.8096795,-0.060577314,-1.5241053,-0.43001488,0.55792636,0.002444758,-0.10394605,0.043252602,-0.32261193,0.05192927,0.14475884
102,-4.2763233,-0.0914924,-0.9040875,-0.3083593,-0.073875934,-0.12788533,-0.14698334,-0.32212538,-0.14240304,0.067658454,0.40114477
103,-5.146404,0.0024467194,-1.0796434,-0.47094697,-0.09231629,0.04355904,-0.051406574,-0.30659175,0.060034104,0.25245002,0.5961021
104,-5.0721273,-0.27259967,-0.74452204,-0.421373,-0.31000918,-0.22886123,-0.015398894,-0.077214524,-0.023132877,0.43998292,0.27382025
105,-5.442634,-0.2628974,-1.0310812,-0.26679802,-0.33158365,0.17697643,-0.10218825,-0.24478456,-0.2499703,0.30608675,0.41921407
106,-5.865285,-0.0035257032,-1.312144,-0.4679788,0.35223123,0.2203397,-0.25449967,-0.03624253,-0.102889605,0.10900039,0.14657703
107,-3.9930136,-0.13707615,-0.5628729,-0.41729435,-0.23041283,-0.18056932,0.025607184,-0.10821072,0.11645433,0.5664933,0.21225202
108,-5.202273,-0.12795734,-1.219659,-0.6456125,0.105829224,-0.0005883761,-0.055952333,-0.1850032,0.017251775,0.14087284,0.10470491
109,-7.007051,-0.12341581,-1.2376218,-0.6193651,0.4362175,-0.13437119,-0.30135372,-0.46438882,-0.08587748,0.16746637,0.13729395
110,-5.0699987,-0.2031873,-0.87313485,-0.67378515,-0.10193174,0.12207308,-0.22748035,-0.48456654,0.26251587,0.5348148,0.19887234
111,-6.6596937,-0.18306035,-1.2237319,-0.36286753,-0.008415816,0.47246242,-0.5101678,-0.56031215,0.10792697,0.008734,0.21354643
112,-3.6659222,-0.27470547,-0.8752679,-0.22448026,0.16350795,-0.23913972,-0.035874993,0.053912804,-0.008039715,0.21915148,0.24893686
113,-6.9056892,-0.064849384,-1.258837,-0.602182,0.09645601,-0.073634304,-0.1260329,-0.041817427,0.1933179,0.31917852,0.1482305
114,-4.83464,-0.134256,-0.97167784,-0.3464185,-0.26662084,0.4541875,0.17837103,-0.16611175,-0.09028343,0.55195695,0.52317345
115,-4.8068943,0.17130376,-0.947791,-0.62098616,-0.12279915,-0.0034663975,0.12889996,-0.1697555,0.06276334,0.09757727,0.18126768
116,-6.178659,0.09125971,-1.2685884,-0.5310607,0.09632116,0.4265889,0.11987369,-0.02885597,-0.0793565,0.19709897,0.111038506
117,-7.273971,-0.21095298,-1.3340093,-0.6860006,-0.5215054,0.040167626,-0.055794172,-0.52892697,0.04212813,0.23531337,0.64286417
118,-5.009238,-0.077560246,-0.916144,-0.1263931,-0.12154237,-0.07625124,-0.36089817,0.03538207,-0.1912072,0.3998801,0.18802726
119,-6.3654227,-0.19836578,-1.5882313,-0.9416622,-0.05338688,0.35076404,-0.3517991,-0.4857376,-0.09333749,-0.0033720182,0.45615247
120,-6.057811,0.1232305,-1.0685148,-0.5504956,-0.18702312,-0.05544778,0.16038801,-0.33512414,-0.13128844,0.066400155,0.37752056
121,-5.625336,-0.38931555,-1.1744978,-0.8237,0.022496182,0.1027369,0.14169613,0.02605748,-0.20479672,0.29156405,0.32478783
122,-5.136085,-0.1326516,-1.2202907,-0.59417945,-0.24183801,-0.29011643,-0.021790046,0.08098008,-0.0033441335,0.22282393,0.42457202
123,-5.9413533,0.32027486,-1.3479917,-0.42154264,0.11443193,-0.0757094,-0.454599,0.25205743,-0.02185615,0.33441508,0.27651405
124,-6.830568,-0.060557324,-1.4337578,-0.63633394,-0.5545917,0.22433345,0.12016868,-0.543179,-0.34434032,0.43891945,0.19373797
125,-6.4746013,-0.36908725,-1.5202595,-0.751816,-0.12334975,-0.070479535,0.17419031,0.073465176,0.081474446,0.5408544,0.2694995
126,-6.8745017,0.08848341,-1.4905744,-0.6230176,-0.59693694,-0.20674105,0.32708198,-0.42450395,0.19820154,0.30365553,0.5346858
127,-5.7377377,-0.19086704,-0.9432172,-0.9018626,-0.07727384,-0.3635491,-0.34542084,-0.21949604,0.1960433,0.90280014,0.072043404
128,-6.1695313,0.05825514,-1.167281,-0.6021478,-0.33831355,0.1443654,-0.23129421,-0.3412345,-0.16215023,0.34185883,0.3247788
129,-5.62686,-0.10151292,-1.2435471,-0.63883257,0.15765493,0.026127651,-0.40655506,0.11480201,-0.07244225,0.42696407,0.20354089
130,-5.5798054,-0.019797795,-1.2265259,-0.54136086,-0.08920291,0.18498996,-0.23257025,-0.5000938,0.25179952,0.16401647,0.121662684
131,-3.2534568,-0.13966666,-0.73713857,-0.51583,-0.13375902,-0.10093442,-0.11712181,-0.34992844,0.2628512,0.44639745,0.2384061
132,-4.7998896,-0.29756323,-1.0306438,-0.8561437,-0.04566536,-0.004002575,-0.13172853,-0.27584055,0.3550497,0.5641312,0.16658467
133,-4.3650193,-0.08132062,-0.6058317,-0.54695696,-0.37179434,-0.20302175,-0.034114975,-0.17404808,-0.12885454,0.30658218,0.21282655
134,-5.8709383,-0.062832505,-1.3568338,-0.66535515,-0.49389982,-0.087096155,-0.0151622975,-0.53764164,-0.3295495,0.1644558,0.6675883
135,-4.4001293,-0.309798,-0.74301547,-0.5171565,-0.29741725,-0.3115093,-0.06828866,-0.16043851,0.10421487,0.6046609,0.5832562
136,-3.9531283,-0.29700658,-1.0053886,-0.22498217,0.08482452,-0.0151494965,0.032530278,-0.12938416,-0.04400678,0.28477088,0.16234969
137,-4.9608464,-0.111237906,-0.9540012,-0.69762415,0.3655557,-0.1401235,-0.28736278,0.026920915,0.00031943433,0.77058876,0.1477213
138,-5.9765067,0.16701645,-1.7857199,-0.5252721,0.18842353,0.059800267,-0.19626167,0.1340648,-0.10151264,0.35940975,0.577897
139,-5.657952,-0.25913155,-1.0136119,-0.99464035,-0.22105862,-0.061103113,0.07053341,-0.22601806,0.3196095,0.7660095,0.31338924
140,-5.1539927,-0.26252666,-0.9169754,-0.49211508,-0.17162195,0.103778936,-0.17416841,-0.34829226,-0.20628229,0.39884666,0.3125696
141,-6.488868,-0.08251355,-1.4721855,-0.34994793,-0.27412543,-0.1560327,-0.07297082,-0.2670926,-0.14829215,0.25871196,0.7772694
142,-4.507491,-0.23474655,-1.1530768,-0.41794902,-0.43307126,-0.16232349,0.2126071,-0.07603302,-0.025756104,0.26151356,0.52604514
143,-5.234258,0.039354313,-1.0693611,-0.7571251,-0.08978805,-0.0641893,-0.23323816,-0.31757003,-0.083285525,0.45835376,0.15282094
144,-5.6751375,-0.03210071,-1.0195445,-0.8079242,-0.27149412,-0.20196904,0.1811632,0.09997066,-0.049614564,0.5598635,0.53098685
145,-5.775939,-0.10887086,-0.93827283,-0.29534504,-0.16077234,0.2331716,0.20549542,-0.1431587,-0.07968748,0.30236107,0.23254623
146,-5.2917056,-0.3114134,-0.96944577,-0.4218341,0.03324306,0.25123557,-0.40879318,-0.21449685,0.04386366,0.679102,-0.10968025
147,-5.6286387,-0.046060793,-1.1648659,-0.9127373,-0.21262293,-0.035645828,-0.026833985,-0.37820217,0.24779513,0.3866282,0.10513469
148,-5.8840165,0.028661624,-0.8908883,-0.44432774,0.22935857,0.13128012,-0.085070886,0.21646394,-0.2623669,0.6741409,0.47663674
149,-5.936892,-0.16565152,-1.3510797,-0.34984773,0.18175419,0.24745914,-0.30944306,-0.27301335,-0.10468081,0.48940596,0.19601707
150,-4.6392694,0.10122271,-0.47869006,-0.14967802,-0.17085049,-0.13170893,0.14766888,-0.32210025,-0.16664171,0.25654748,0.13295853
151,-6.5920906,0.06112167,-1.7553507,-0.98265135,-0.24626952,0.14180684,-0.37209636,-0.48309207,-0.17439026,0.5790068,0.35525936
152,-5.949887,-0.2523309,-1.0793209,-0.9970689,-0.5892674,-0.09950962,-0.052878983,-0.11448147,0.09259219,0.41533828,0.4133032
153,-5.183249,-0.066710435,-1.0541593,-0.24780905,0.02219069,0.051373597,0.3014644,-0.24195066,-0.054808766,0.29282498,0.055709396
154,-5.79778,-0.004543527,-1.0560138,-0.6620134,-0.15651241,-0.3392871,0.14735508,-0.274122,-0.23455645,0.22841306,0.21335378
155,-6.367008,-0.24856474,-1.5265465,-0.9615086,-0.06444439,0.071107134,-0.012040581,-0.062052794,0.27747926,0.6024844,0.5324132
156,-5.06798,0.23184006,-1.2475454,-0.42529833,-0.06621889,0.25512832,0.13868122,-0.17406146,0.07973617,0.4159144,0.37109908
157,-4.3491826,0.022427538,-0.7053117,-0.6439172,-0.46875876,-0.034689136,0.21175586,-0.29354507,-0.09007184,0.48914045,0.39600718
158,-5.9263225,-0.3569389,-1.0338634,-0.7183166,-0.49880564,-0.29125756,0.06878228,-0.115715705,-0.21346703,0.573198,0.18876101
159,-5.1730204,-0.08619121,-0.9550451,-0.53742963,-0.13776292,0.18591411,-0.14201678,-0.18222414,-0.06521295,0.87320113,0.18386303
160,-7.739493,-0.35331985,-1.6810461,-1.1433817,-0.4409762,-0.24429773,-0.17843287,0.015117753,-0.14909796,0.64036655,0.6508235
161,-5.917234,-0.1707924,-1.3547345,-0.7047854,-0.0693556,-0.26948422,0.24753271,-0.04052054,-0.11813021,0.56902957,0.23799136
162,-6.66706,-0.087905616,-1.5625966,-0.40957278,0.44628707,0.14893328,-0.41165814,-0.122258134,-0.106127776,0.3892181,-0.33118367
163,-4.7186985,-0.20443058,-0.87712353,-0.64108527,-0.08746098,0.45635545,-0.012947342,-0.24009618,0.38250092,0.7593568,0.32627162
164,-4.96171,-0.1482308,-1.0481766,-0.4129983,0.043605667,0.14116853,0.092395514,0.27339914,-0.08836393,0.7386899,0.32660756
165,-5.2437325,0.076031394,-1.2938143,-0.57403725,-0.5055292,-0.1472231,0.14197788,-0.35946527,-0.28454435,0.34865776,0.6188488
166,-5.9080234,0.18912296,-0.9717372,-0.53230023,-0.06914249,-0.32526082,-0.16875376,0.113646664,-0.13191901,0.13656507,0.5169058
167,-6.1909413,0.020717867,-0.9947532,-0.6302859,-0.42814958,-0.107174985,0.27221677,-0.36963093,0.0056032157,0.39881757,0.43166068
168,-6.5988936,-0.07337624,-1.2827653,-0.72462964,0.38650414,-0.27331436,-0.05692883,-0.47612047,0.06500628,0.41609424,0.19720882
169,-5.53407,0.02198809,-1.0555297,-0.5492075,0.1200853,-0.2926101,-0.13797243,-0.14450581,0.06275168,0.059171345,0.37369072
170,-4.275596,-0.16608426,-0.7482791,-0.58072,0.037374254,0.030583981,-0.09196773,-0.28500667,0.0928179,0.22195728,0.13493378
171,-4.421549,0.028914988,-0.81824046,-0.6912036,-0.086758845,-0.17117488,0.06321286,-0.11253357,0.106710695,0.6086077,0.4844444
172,-4.6453977,0.07465043,-1.0891984,-0.34575647,0.2066634,0.0146103,-0.022571739,-0.08750557,-0.18775673,0.4525866,0.27185246
173,-4.3413935,-0.1260474,-1.0502214,-0.23287767,0.11543455,0.13953319,-0.024063673,-0.19642285,-0.09357486,0.4648991,0.022340342
174,-6.3021007,-0.2819138,-1.242937,-0.88888395,-0.33738104,-0.009906191,0.27477574,0.069668666,0.0785988,0.71809685,0.24951541
175,-6.331405,-0.19287452,-1.0839108,-0.48122945,0.114171684,0.32141995,-0.38031706,-0.789293,-0.08527011,0.25580564,-0.1828874
176,-4.59324,-0.1428854,-0.88798153,-0.18158154,-0.010833191,-0.36035,-0.08557097,-0.04453958,-0.46954158,0.8675943,0.082518704
177,-4.312954,0.08005758,-0.97127175,-0.5366386,-0.1509375,0.1757464,0.055827774,-0.32044005,-0.13449702,0.44139677,0.3265733
178,-5.696311,-0.39563125,-1.2232994,-0.57022905,-0.5085545,0.17869873,0.45053914,-0.049258962,-0.25248557,0.27446848,0.45890146
179,-5.0514936,-0.16063754,-1.4615144,-0.5256566,0.21834245,0.2264396,-0.24412568,-0.34260216,0.15170895,0.32019922,-0.15984386
180,-6.1182604,-0.14571984,-1.3870958,-0.70345205,-0.5097153,0.16432746,0.175291,-0.52522177,0.15655576,0.50616914,0.49247515
181,-5.9381466,0.06943824,-1.0355961,-0.5997655,0.25892016,0.10351724,0.2868556,-0.12266105,-0.19408387,0.040457867,0.16178143
182,-6.234153,0.13065481,-1.2563134,-0.6486786,-0.3792399,-0.014298795,-0.007420053,-0.47436222,-0.0018077791,0.61758924,0.41727495
183,-5.2850137,0.07515214,-0.77964246,-0.5486473,-0.085225545,-0.090294644,0.21976353,0.0390931,-0.25417915,0.12889779,0.30834037
184,-5.8634467,-0.09179238,-1.2076998,-0.7459232,-0.2694013,0.11714753,0.24653015,-0.17886432,0.0053515844,0.6270577,0.5071093
185,-4.5786853,-0.04395851,-1.099024,-0.4468998,-0.14180785,-0.057167858,-0.16405419,-0.00043620262,-0.16549003,0.32230094,0.12480165
186,-4.4230785,-0.10960625,-0.73182005,-0.6174111,-0.33574545,0.14097118,0.15299715,0.0071605626,-0.0785926,0.3915366,0.5007668
187,-5.584766,0.03414501,-1.2140558,-0.805722,0.43352875,0.22724475,-0.19451508,0.13747503,0.07829751,0.41476715,0.10010375
188,-5.5988812,-0.27974352,-1.1028987,-0.897258,-0.017995525,-0.3991831,0.27775317,-0.21424581,-0.0323816,0.39026237,0.29368427
189,-5.9268394,-0.081125975,-1.008662,-0.43171084,-0.12941517,-0.4216131,-0.16643947,-0.1096271,-0.27026996,0.24045765,-0.048267882
190,-5.825424,-0.24551062,-1.1561881,-0.41770837,-0.19008973,-0.060491636,-0.122111164,-0.16655514,-0.0054315384,0.5949995,0.4799787
191,-5.249243,-0.114166886,-1.1786118,-0.38982654,-0.27081627,-0.15201563,-0.20720783,0.20115186,0.004487885,0.6069423,0.20631549
192,-6.414744,0.056214146,-1.5435841,-0.6046874,0.45823506,0.0016413317,-0.43216887,-0.10634806,-0.14142142,0.40999833,0.099772476
193,-6.1379867,-0.012542154,-1.0620228,-0.5249172,0.023669634,-0.035055768,0.03432342,-0.10664631,-0.123737246,0.40759724,0.41728118
194,-4.0037127,0.085583724,-0.72505116,-0.29355666,0.13431242,-0.15785833,-0.14363287,-0.18386078,-0.039909318,0.226755,0.23416589
195,-5.838838,-0.19992359,-1.4836867,-0.8718783,0.12452027,0.11458121,-0.31808665,-0.5171338,0.18776591,0.5635494,0.061870128
196,-4.772902,-0.21198922,-0.63180375,-0.5101706,-0.12552401,-0.050746027,-0.013369742,-0.2545591,-0.043216355,0.1842944,0.37100714
197,-4.931872,0.0043111625,-1.367427,-0.89293796,0.11189779,0.03937569,-0.0979218,-0.3335268,0.18066555,0.5279064,0.3313756
198,-4.0339785,0.04677853,-0.57875514,-0.5266681,-0.29207233,-0.029264122,0.14439717,-0.33170214,-0.049169116,0.13155264,0.40141284
199,-5.695556,0.22230779,-1.0718751,-0.5713604,-0.12481452,-0.08467871,0.07273024,-0.36302713,0.06661161,0.38497758,0.32512447
200,-7.2336125,-0.17792682,-1.2751399,-0.82715577,-0.09686754,-0.3437485,-0.13224341,-0.31480736,0.0631757,0.842995,0.42856136
201,-5.800271,-0.21572733,-1.6015563,-0.8780649,-0.27388877,0.5116959,-0.14934115,-0.72532254,0.40047914,0.55702835,0.618212
202,-4.2597404,0.048012957,-0.94817775,-0.25843337,0.0017118696,0.122372724,-0.29433393,0.32839116,0.038615502,0.27450523,-0.042858884
203,-5.809735,-0.25432622,-1.1707428,-1.0322496,-0.46756545,0.20904373,0.28010592,-0.14837554,0.19094719,0.27382696,1.0956204
204,-4.849064,-0.17097896,-1.2968545,-0.6008736,0.0831042,-0.3030395,0.021582589,-0.037857406,0.055190727,0.5059649,0.23557767
205,-5.0843644,-0.07939023,-1.0188265,-0.5722962,-0.2521168,-0.07532161,-0.0002131192,-0.20260358,-0.082630545,0.3871661,0.36622316
206,-7.103376,-0.20945992,-1.267202,-1.2823527,0.46250045,-0.12299797,-0.7310649,-0.05661755,0.17415595,0.8668448,-0.2690625
207,-4.6328945,0.28738824,-0.95062256,-0.25133237,0.06834173,0.23973826,-0.082469046,-0.28495803,-0.20943291,0.21945527,0.034979835
208,-5.492414,-0.23295648,-1.3666255,-1.0000676,0.16057618,0.10897616,-0.14383654,-0.21340688,0.46592933,0.48076484,0.27803454
209,-4.778407,-0.15409753,-0.9484426,-0.42624706,0.06245153,0.34044743,0.019050103,-0.27579147,0.025119364,0.21663062,0.16030583
210,-4.454215,-0.2988239,-0.74664444,-0.45622647,-0.103031866,-0.15856282,-0.20547909,-0.058745608,-0.21848479,0.34278986,-0.046313144
211,-4.7691584,-0.11554977,-1.165589,-0.7676298,-0.5334593,0.24047531,-0.029342648,-0.4275628,0.112622954,0.8142757,0.39239815
212,-4.552347,-0.31188256,-0.9702947,-0.40056485,0.06934852,-0.112931356,-0.18907519,0.023362473,-0.06473109,0.3135017,0.3756382
213,-6.3251,0.029705059,-0.9253919,-0.45186213,-0.106474675,-0.016359996,0.35833803,0.09218296,-0.40667817,0.25319982,0.31467
214,-4.51663,-0.13826622,-0.8741949,-0.45967945,-0.2083,6.15404e-05,-0.004560231,-0.38408813,-0.020208968,0.42836118,0.530345
215,-5.1986723,0.11084319,-1.4054421,-0.4761388,0.2254747,-0.082503505,0.16959986,-0.017474111,0.06778602,0.35394767,0.19136281
216,-6.2382007,-0.09573437,-1.5975486,-0.4934001,-0.025660662,0.1366687,-0.2198829,-0.1928461,-0.216218,0.35021278,0.3057295
217,-5.499289,0.29219437,-1.0526077,-0.40732723,0.3313398,0.028713686,-0.10381429,0.07658158,-0.009971375,0.13649875,0.40682325
218,-5.8099914,-0.22736278,-0.83839947,-0.8724509,-0.3070944,-0.070074156,-0.12408472,-0.33888897,-0.15228745,0.19965968,0.39947817
219,-6.7006025,-0.52558297,-1.4586384,-1.1232699,-0.43521324,0.44080532,0.18275622,0.008050112,0.2858157,1.0002226,0.72331274
220,-5.5353837,-0.19995546,-1.4030712,-0.40610805,-0.019114152,0.045968365,-0.1731561,-0.28659528,-0.31080577,0.7664107,0.3159265
221,-6.3953524,-0.02948396,-1.026113,-0.5094375,-0.11497028,-0.072371505,0.24484316,-0.26782596,-0.31143546,0.5860637,0.20327662
222,-6.8694396,-0.10545868,-1.2256593,-0.44685343,-0.119296335,0.06154797,-0.018541425,-0.017551176,-0.2390111,0.20461011,0.72364736
223,-4.963357,-0.15330337,-1.186884,-0.39827865,0.07144111,0.19066423,-0.099614665,-0.091212444,0.19281615,0.6156455,0.13424896
224,-7.1576343,-0.07144734,-1.0819552,-0.644495,-0.09213201,-0.07378078,0.08580575,-0.42433062,-0.014334526,0.6086168,0.54859275
225,-6.106791,0.08208333,-0.9635035,-0.505793,-0.23171142,-0.21134336,-0.1165578,0.20077819,-0.08836288,0.27912363,0.29162383
226,-6.7051554,0.07146569,-1.5965929,-0.56068045,-0.5917576,-0.085341945,0.16633232,-0.008068746,-0.0962936,0.27551225,0.536118
227,-5.104491,-0.36955422,-1.2365981,-0.6584589,-0.16330428,0.3329652,0.018916018,-0.5546901,-0.083816804,0.5144579,0.21479833
228,-5.0933175,-0.04658543,-1.3917643,-0.3498972,-0.14075072,0.010466939,0.35017478,0.1697255,-0.21047097,0.33283672,0.3974156
229,-5.146533,-0.030127253,-0.84266734,-0.5619942,0.07036292,-0.119484946,-0.2738348,-0.20311704,-0.18839146,0.48125845,-0.09821598
230,-8.493062,0.023527268,-1.9216356,-1.0118127,-0.6520374,-0.037749838,0.23952624,0.28839308,-0.6080147,0.4129129,1.0670487
231,-7.1802864,-0.09189067,-1.2427275,-0.6069796,-0.0068081836,0.22981593,0.017434299,-0.12402437,-0.24069451,0.3054823,0.50056034
232,-5.698625,-0.070622645,-1.4368881,-0.46161366,-0.1666277,0.23414966,-0.044220943,-0.2418055,-0.12558691,0.256263,0.084296
233,-6.0986266,0.049739163,-1.0241979,-0.62329847,-0.17179012,0.00482763,-0.07584186,-0.54098,-0.050918862,0.27767834,0.24595824
234,-6.497846,-0.13296525,-1.6367371,-0.9043532,-0.19459134,-0.16790451,-0.15677282,-0.6284726,-0.17283936,1.1744361,0.48587823
235,-4.899316,-0.2293392,-1.1661615,-0.75951385,-0.07344454,-0.17917818,-0.05932317,-0.46784925,0.12396174,0.5184588,0.48823807
236,-5.7010612,0.013990933,-1.1286737,-0.6357469,0.013057381,0.63824344,-0.49163476,-0.32431787,0.35259286,0.60238236,0.06420034
237,-5.9566393,-0.15210138,-1.2464361,-0.7462495,-0.25105378,0.099397756,0.24401389,0.015832257,-0.22132646,0.35137215,0.30873442
238,-5.116759,-0.12153977,-1.0140684,-0.42837295,-0.45090228,-0.01766231,0.039462082,-0.21495248,-0.26135474,0.48583972,0.20675515
239,-4.724638,0.007027016,-0.66145116,-0.24041724,-0.05802416,-0.37884587,-0.23951225,-0.0012362897,-0.34463403,0.41231322,0.11166829
240,-7.774893,0.17853035,-1.860674,-0.39899307,-0.1841578,-0.05790063,0.104209304,0.14293778,-0.08954396,0.41975632,0.3926732
241,-5.8108783,0.025433913,-1.7364504,-0.3552257,0.31377974,0.20125729,-0.07415184,0.05161295,-0.07842472,0.1958506,-0.011845731
242,-5.9497323,-0.023022342,-0.952064,-0.47819257,-0.3091274,-0.081293836,-0.11380904,-0.094178766,-0.15110199,0.41002938,0.34888488
243,-6.3570685,-0.18530889,-0.9488264,-0.24558857,0.23825543,0.13564786,-0.16527677,-0.15094994,-0.14773338,0.09894483,0.12438231
244,-5.176825,-0.055221718,-0.9129036,-0.7032987,-0.265652,0.18345827,0.026759252,-0.34714887,-0.1922237,0.16751748,0.35694867
245,-4.3510985,-0.12912753,-0.79126805,-0.70284027,-0.103257075,0.0042758714,0.11009222,-0.30307868,-0.002571838,0.46452042,0.3906973
246,-4.4570165,-0.03245295,-0.9819568,-0.6038366,-0.21280743,0.013653508,-0.09659733,-0.04982827,0.08537361,0.31641504,0.3147553
247,-6.126246,-0.31926644,-1.207054,-0.3266898,0.064340614,0.5410572,-0.1503166,-0.6300389,-0.102593824,0.6819879,0.1855766
248,-4.5780425,-0.09607322,-0.8853637,-0.84745175,-0.69766855,-0.16864946,0.390679,-0.22885346,-0.17919189,0.4061269,0.547167
249,-7.608339,-0.34106925,-1.169626,-1.0589435,-0.6003839,0.077028394,0.033376046,-0.7419153,-0.19050571,0.47949794,0.63082594
250,-5.7675223,-0.36060217,-0.80947226,-0.61145586,-0.32611138,-0.23302987,-0.06731158,-0.2320189,-0.16289239,0.8447485,0.39531088
251,-7.615948,0.10401318,-1.061639,-0.9711059,-0.14636517,-0.08824411,-0.04914403,-0.45402414,0.0003771074,0.23482162,0.9239788
252,-6.2173696,0.15390508,-1.5386558,-0.55940384,0.12409418,0.1706422,-0.064975865,-0.5768354,-0.002957059,0.68895763,0.15829891
253,-4.904576,0.07114547,-1.0408952,-0.7590117,0.12757164,0.010385077,-0.08032638,-0.052391417,0.0085550025,0.3222113,0.250697
254,-5.550985,-0.26274315,-0.8457935,-0.84169734,-0.51166224,-0.17034315,-0.10603674,-0.52377677,0.075018734,0.5432442,0.26547065
255,-4.7202935,0.006610173,-0.8293684,-0.4629607,-0.066090696,0.10384615,0.25883695,-0.1166654,-0.06723441,0.1689896,0.52971685
256,-3.9632862,0.034660287,-0.72820437,-0.104962945,-0.28534958,0.02684095,0.20094557,-0.106117755,-0.19272189,0.3931127,0.35321668
257,-6.393739,-0.44294298,-1.8587276,-1.0939469,0.46312493,-0.059675865,-0.24106826,-0.5205054,0.69680154,0.42301723,0.1532903
258,-5.5686617,-0.22406814,-0.92701775,-0.55209315,-0.47580725,0.113327,0.44537142,-0.29910472,-0.3067595,0.40657473,0.35865334
259,-4.9346275,0.11115761,-0.8678322,-0.5990106,-0.22672176,-0.21304294,-0.15013847,-0.027766356,-0.18071632,0.25879222,0.15282187
260,-5.9452963,-0.07860222,-1.3944869,-0.5127856,-0.29134682,-0.052205525,0.13571638,-0.13276522,-0.14316052,0.27720714,0.5604806
261,-5.280148,-0.26266935,-1.0291514,-0.56253415,0.21171711,0.10390293,-0.23128897,-0.3616817,-0.043292455,0.410959,0.069094695
262,-4.408426,-0.022255853,-0.71825004,-0.59183,0.060744893,0.028617678,-0.103915125,-0.015831115,-0.08495152,0.54577285,0.1679405
263,-5.588722,0.062334668,-1.0477676,-0.9180747,-0.52753067,0.36543316,0.3180164,-0.29669428,-0.17351739,0.7079298,0.4731104
264,-6.3121862,0.20253599,-1.0937799,-0.6093718,-0.3105293,-0.11478338,0.077022,-0.2830897,-0.20139296,0.111266136,0.427541
265,-6.0061903,-0.3842781,-1.0541358,-1.245333,-0.4019828,-0.011089953,0.121793434,-0.10062646,0.104118936,0.27827662,0.43294382
266,-5.4876795,-0.17691538,-0.8096081,-0.6682756,-0.054072943,0.11108296,0.05689825,-0.17879549,-0.18560614,0.32658195,0.15500887
267,-4.672297,-0.013218085,-0.8571249,-0.50934803,-0.2879184,-0.1664832,-0.25718018,-0.50074506,-0.20456019,0.3657735,0.19968085
268,-5.814878,-0.11343476,-1.009132,-0.6985911,-0.2816802,-0.09586867,-0.1339527,-0.08288725,0.22011317,0.61618483,0.30913725
269,-7.266385,-0.0063797412,-1.6505995,-1.0964489,-0.07393083,0.048395585,-0.12248366,-0.33992967,0.27465957,0.814239,0.28639376
270,-6.8714676,-0.05220189,-1.2511256,-0.7962561,0.29684567,-0.008625025,0.012836454,-0.14117028,0.16844073,0.74834037,0.28023523
271,-5.206403,0.19290636,-1.122865,-0.2000743,0.03187711,-0.026403055,-0.15956229,-0.27025616,-0.3800584,0.19266914,0.44785696
272,-6.058361,-0.051851515,-1.335938,-0.6375326,-0.41090152,0.13713534,0.40375304,0.08751409,-0.11606395,0.4532711,0.554554
273,-4.5737276,-0.25836924,-0.8725616,-0.47940648,-0.123234145,-0.32561135,0.0624995,-0.13472006,-0.13067232,0.39628124,0.31743282
274,-6.204697,0.1212902,-1.0847956,-0.985698,-0.096007146,0.056985438,-0.06653799,-0.8252708,0.4324504,0.38244173,0.3347462
275,-5.348843,0.13763197,-1.4735676,-0.61101854,0.08479543,0.009115205,-0.11355836,-0.091674566,-0.11290011,0.27547684,0.24248035
276,-5.9111276,-0.2636261,-0.99504834,-0.491926,-0.098360434,-0.30935514,-0.005802746,-0.3158651,-0.19607833,0.67303866,0.16324455
277,-7.9106793,0.16061766,-1.8919356,-0.63428175,0.20294592,0.29500556,-0.35079536,-0.24004552,0.013990017,0.19121689,0.52889144
278,-4.989506,-0.24308296,-0.8969531,-0.5576861,-0.16683882,0.19798273,0.19082999,-0.39945662,-0.06731107,0.2682256,0.5848881
279,-7.0475755,0.13256682,-1.682235,-1.1670523,-0.14758046,0.3516314,-0.018720306,-0.25570214,0.18444586,0.6586644,0.6204072
280,-5.6083574,-0.27724132,-0.98811686,-0.70321625,0.13132502,-0.045995735,-0.07618978,0.04018205,-0.020545641,1.0377775,0.3037109
281,-5.1460576,-0.0050533954,-1.1957151,-0.3467435,-0.009174576,0.063422486,-0.2600709,-0.28559524,-0.058897562,0.16848059,0.15134725
282,-7.672334,-0.06070466,-1.5750599,-0.83013135,0.092410415,0.13882989,-0.21405618,-0.22606784,0.1749276,1.024792,0.09640544
283,-4.9554915,0.076824605,-1.2391056,-0.7428539,-0.24802718,0.025280582,-0.13221602,-0.37272948,0.084829755,0.76837534,0.49255207
284,-5.102231,-0.17313327,-0.94300014,-0.66654074,-0.2521436,-0.046785828,-0.0766353,-0.07973878,-0.025631221,0.4032322,0.7069766
285,-4.537959,-0.07339804,-0.79983586,-0.4740409,0.10181399,0.15718733,-0.1251109,-0.16489726,0.0900407,0.45736074,-0.024755828
286,-5.9916444,-0.1909083,-1.0372827,-0.28880882,-0.14866306,0.17713429,-0.17662263,-0.8808904,-0.27667317,0.6297597,0.2563944
287,-4.1390505,0.030999623,-0.67679375,-0.43317124,-0.12203423,-0.1725337,0.14324117,-0.14665896,-0.05022236,0.27863,0.31661543
288,-4.395239,-0.014001635,-0.80571216,-0.5364069,-0.4124223,0.10506924,0.020245224,-0.18621449,0.14684948,0.3420335,0.5829047
289,-5.85735,0.15072553,-1.0518451,-0.67189676,0.44090095,-0.15711337,-0.59768367,-0.42276976,0.066963345,0.69375354,0.05315358
290,-5.0542846,-0.11883286,-0.9934602,-0.5620057,0.41344357,-0.16388835,-0.1767252,-0.19307995,0.04092313,-0.18666092,0.18841563
291,-6.2650385,-0.003340968,-1.2293017,-0.66591346,-0.13944416,-0.55976063,-0.092846364,-0.040241644,0.022579027,0.250458,0.1734685
292,-5.9202547,-0.14197803,-1.1445137,-0.2723255,-0.05871989,0.042626534,0.1277022,-0.09768638,-0.25954515,0.38194343,0.18217197
293,-5.3803,-0.26213875,-0.8375194,-0.22491477,-0.039457064,-0.43368512,0.14037044,-0.20751466,-0.29104757,0.6650144,0.5746193
294,-5.1856127,-0.42882025,-1.0501735,-0.7669297,0.10266025,0.023716366,-0.17181212,-0.14650859,0.28934366,0.5828699,-0.05452366
295,-3.458452,0.00084763207,-0.7781416,-0.384922,-0.18844832,-0.108239405,-0.06860401,0.0032250062,-0.025105594,0.3106917,0.1899608
296,-4.5186467,-0.13086349,-1.1067009,-0.34468722,-0.35098967,0.22070819,-0.0042447457,-0.42772514,-0.10781889,0.50943446,0.2263674
297,-4.5157075,0.22999154,-0.9390287,-0.36570925,0.18239433,0.02356495,-0.07436322,-0.27558187,-0.20792004,0.017957658,0.22078452
298,-4.578021,-0.1543415,-0.97994614,-0.75537854,-0.28269386,0.20668179,-0.070538536,-0.35207692,0.09656783,0.35490748,0.14353189
299,-4.656949,-0.15177017,-0.8382147,-0.12090853,-0.11865992,-0.2363446,-0.03789444,0.196011,-0.257814,0.17365058,-0.06590557
300,-5.686689,-0.19789617,-1.3756368,-0.54261285,-0.019570017,-0.056827344,-0.13259976,0.14067164,0.022949746,0.5655735,0.08185605
301,-10.12847,0.22621745,-1.690569,-1.3485025,-0.09673325,0.35387027,-0.25015295,-0.26093945,-0.19318794,0.87236905,0.84161717
302,-4.861218,0.0018253108,-0.885153,-0.2935158,-0.12413316,-0.29452872,-0.005307029,-0.1661998,-0.37940377,0.39090765,0.35642573
303,-6.3505583,-0.017730627,-1.4367626,-0.938128,0.35441673,0.10162124,-0.35265037,-0.25871155,0.07677279,0.50435555,0.39329204
304,-4.9436474,0.046543904,-1.0065372,-0.29222974,0.32855454,-0.11224982,-0.15363911,0.13144885,-0.23679979,0.07483296,0.16990316
305,-5.7852745,-0.073053665,-1.1757536,-0.3055113,-0.20972623,-0.31212264,0.08855941,-0.013713954,-0.41722295,0.20795238,0.37113586
306,-5.1599755,-0.30031177,-1.0142045,-0.42830926,0.09634268,-0.20286635,0.04710292,-0.32122332,0.023549706,0.048501845,0.30465627
307,-5.8059297,-0.2032621,-0.7142586,-0.89976126,-0.19813499,0.06185685,0.0062929397,-0.20897977,0.012278104,1.0132785,0.29087538
308,-6.079753,-0.21588773,-0.9470764,-0.81570756,-0.19242173,-0.32764673,0.3384337,-0.32266074,-0.27025124,0.28938165,0.5067581
309,-4.113647,-0.2747356,-0.6625364,-0.32089376,-0.11846569,0.0022845794,0.15801577,-0.032952838,-0.16400994,0.40574002,0.19362825
310,-8.676122,-0.21601182,-1.8255345,-1.0160086,-0.038732495,-0.16629142,-0.013714473,-0.2343254,0.34652498,0.7445839,0.24701117
311,-6.534477,-0.3655931,-1.1916962,-0.78971404,-0.41339585,0.2205406,0.10550592,-0.051396348,-0.07365335,0.9085673,0.558272
312,-5.732276,0.078228995,-0.8826378,-0.45558783,-0.06421498,-0.06689738,-0.30703583,-0.37521356,-0.31995893,0.26925918,0.29161507
313,-8.618508,-0.048063062,-1.7740129,-0.74992085,-0.08708961,0.37522578,0.101358764,-0.029488696,-0.36590824,1.020348,0.7784408
314,-4.991418,-0.27123526,-0.9825891,-0.69504946,-0.16792655,0.18496838,0.15985362,-0.32547936,0.209766,0.33382607,0.26854795
315,-4.489241,-0.31328413,-1.2641417,-0.7001863,0.3784065,0.10648681,-0.42520097,0.058101162,-0.03950625,0.26002523,0.14732756
316,-5.939876,-0.080709934,-1.392087,-0.5673169,-0.3558751,0.26987368,-0.14906792,-0.3723949,0.06302929,0.5414441,0.16431773
317,-4.059352,-0.11247437,-0.91880333,-0.4582618,-0.04545615,-0.052242164,-0.16733135,-0.04028797,-0.12970166,0.30214974,0.42686293
318,-5.804997,-0.014479435,-1.3719217,-0.88041425,-0.26413214,0.2415214,-0.14957899,-0.6347599,0.22514841,0.22465967,0.13262975
319,-6.302504,-0.20791745,-1.3857236,-0.516641,-0.2628457,0.03463479,-0.013109121,-0.08213382,-0.18675853,0.4967926,0.6555641
320,-4.945452,-0.31270954,-1.0640576,-0.4731292,0.02657549,-0.19765252,-0.21361181,-0.15416472,-0.024057439,0.4796173,0.1343384
321,-5.876289,-0.09012916,-1.2930939,-0.67262506,-0.28445458,-0.19450235,-0.16175787,0.20152085,0.15675126,0.560242,0.5470269
322,-5.4435787,-0.07701587,-1.5973952,-0.8089036,-0.048062213,-0.019052953,-0.118048795,-0.3284952,-0.03450971,0.61162704,0.5470416
323,-6.1633334,-0.14627156,-1.0515286,-0.71989495,-0.5145317,-0.17201138,0.29773402,0.11980493,-0.25125855,0.23126005,0.77874357
324,-4.901925,-0.05021347,-1.192955,-0.44715264,0.24182206,0.14112675,-0.25848156,-0.29060617,0.024077132,0.28677532,0.021449335
325,-6.33226,0.08269476,-1.3818035,-0.59981436,-0.14170854,0.16693364,-0.25201023,-0.47017092,-0.06948798,0.2570003,0.1261284
326,-6.8504796,-0.059334297,-1.4900868,-0.7005479,-0.22006506,-0.05703032,0.21722627,0.1428691,-0.016072867,0.77234584,0.67091894
327,-7.9809465,-0.17997822,-1.9877725,-1.270686,-0.072762534,0.1293053,-0.14124422,-0.28475332,0.25471658,1.2957207,0.79462236
328,-5.635048,0.001010282,-1.3780636,-0.3659038,-0.098544,-0.15098839,-0.18147665,-0.28320125,-0.31216556,0.645574,0.21129918
329,-5.268467,-0.21078745,-0.7647666,-0.6322029,9.316485e-06,-0.02079254,-0.31250942,-0.3090251,0.08778657,0.23254603,0.39270338
330,-5.757082,0.029957939,-1.3608748,-0.27489245,0.23401317,0.10512061,-0.0039614756,0.09702695,-0.10275965,0.6183598,0.32585526
331,-7.987882,-0.11925416,-1.8621027,-0.96756095,0.4641057,-0.10337432,-0.34354362,-0.24655214,-0.16518222,0.8589565,0.07351175
332,-6.323069,0.09274011,-1.6112678,-0.5369386,0.5030403,0.035481162,-0.11301214,-0.12741797,0.1276786,0.2289778,0.13241902
333,-5.4787507,0.033086047,-1.3455522,-0.2415412,0.010967262,0.021486048,-0.08116443,-0.0024576392,-0.20801963,0.51661175,0.27938557
334,-5.215132,-0.30917096,-1.0743345,-0.4853998,-0.11532534,-0.38006008,0.009985251,0.2456064,-0.22332259,0.5759689,0.1685095
335,-5.70753,-0.3993135,-1.5914366,-0.24877867,0.035307053,0.7362928,-0.053613134,-0.3105092,0.081057556,0.66620594,0.28530222
336,-6.479804,-0.10841867,-1.3637574,-0.70681757,0.24693638,0.15517585,0.25906923,0.053951666,0.26166296,0.3468018,0.23047617
337,-5.851062,-0.06256302,-1.4877461,-0.5524931,0.03790127,-0.100664236,-0.14065364,0.21294957,-0.20669356,0.49680737,0.046718877
338,-5.0770864,-0.013557569,-0.8440086,-0.35658956,-0.10340231,-0.061777838,0.07984129,-0.057034306,-0.27672967,0.49776638,0.3796458
339,-5.55823,0.088526756,-0.9241606,-0.5178127,-0.15907544,0.24596189,0.27863428,-0.0938785,-0.33680508,0.094246194,0.45542285
340,-7.2173686,0.16333467,-1.6003617,-0.64459544,0.36356848,-0.053899456,-0.081314035,-0.3864017,0.15734151,0.07611985,0.021480838
341,-5.203037,-0.06332101,-0.8294899,-0.4958194,-0.19950366,-0.08856135,0.2014295,-0.25576112,-0.18033737,0.40264523,0.5929703
342,-3.8113391,-0.29998282,-0.9417486,-0.2560056,-0.10145731,0.12640512,-0.20999733,-0.46865624,-0.24082561,0.50666904,0.22819676
343,-4.940631,0.04269164,-0.85239124,-0.54769653,-0.272761,0.2992227,0.101180576,-0.7769032,0.24387015,0.38568524,0.30828375
344,-5.1965885,-0.018089648,-0.93288034,-0.42131972,-0.064056665,0.30637026,-0.11685745,-0.24500817,-0.113610506,0.5269467,0.13738623
345,-5.6644616,0.026237745,-1.1408545,-0.19755518,0.5376454,0.3848682,-0.02443837,-0.32584932,-0.2849436,0.07664641,0.07972429
346,-6.721308,-0.06237847,-1.354343,-0.6686605,-0.42956722,-0.09150191,-0.2157144,-0.27653614,0.005554744,0.483588,0.309327
347,-4.3996396,-0.3044766,-0.8774471,-0.7985595,-0.3524224,-0.21670428,0.14971137,-0.04216098,-0.024003224,0.31321868,0.3723915
348,-6.224154,-0.06723941,-1.4129983,-0.7221784,0.3509585,-0.47950715,-0.10343811,-0.15832378,0.17502096,0.24489622,0.30142823
349,-6.0146246,0.08830092,-1.3537769,-0.5017386,0.0005041305,0.06330906,0.013265129,-0.17106698,-0.07445714,0.19491084,0.28971937
350,-5.328996,-0.053374078,-1.0686518,-0.67474073,-0.32875484,-0.16193068,0.5180514,-0.026673509,-0.19739583,0.23233695,0.4968465
351,-5.095915,-0.33667454,-1.526008,-0.9618065,0.2275402,0.27521086,-0.045804378,-0.23715587,0.23375092,0.16398649,0.3009551
352,-4.4287643,-0.058922183,-0.98618007,-0.29275167,0.0698388,0.09260416,-0.25158983,-0.13775662,-0.24117853,0.5047417,-0.13321209
353,-3.9448397,-0.0792773,-0.7539409,-0.34621313,0.28457883,-0.12001771,-0.218287,-0.089261256,-0.15275246,0.26371914,0.035078812
354,-5.8149595,-0.012855898,-1.3266892,-0.47798693,0.29115537,0.12519677,-0.13359596,-0.24681425,-0.03760688,0.19473164,0.18702322
355,-5.987212,-0.03955989,-0.99797875,-0.37652636,-0.04925759,-0.031208657,0.12579823,0.07487114,-0.11787175,0.736834,0.42946836
356,-5.3210926,0.16964072,-1.2240872,-0.6199426,-0.19518368,-0.09443422,0.0124894995,-0.024042336,-0.0007733647,0.16341457,0.55516213
357,-6.454577,-0.1576026,-1.2772644,-0.84158945,-0.25060076,0.019532192,-0.11339589,-0.1596903,-0.06571659,0.45114434,0.42199746
358,-7.079526,-0.28205973,-1.3433373,-0.8102891,-0.12973605,0.665542,-0.20880786,-0.6325938,0.2218588,0.8837908,0.54223496
359,-6.2366962,0.07661642,-1.2913917,-0.55154985,0.12949732,-0.03759323,-0.27511275,-0.14591661,-0.15621874,-0.13626319,0.3780543
360,-5.704394,-0.0012831418,-0.86737704,-0.43989974,0.005050536,-0.32411176,0.16262874,-0.2591301,-0.29502434,0.06397946,0.18230812
361,-6.7752705,0.22361115,-1.1439277,-0.520429,0.3851275,0.2159929,-0.025933888,0.37020606,-0.0076521263,-0.024626255,0.28561464
362,-5.219772,-0.12945937,-1.275476,-0.37258828,0.25222674,-0.23109138,-0.09784095,0.024953907,-0.14608355,0.097770184,0.30103427
363,-4.107461,-0.17563581,-1.036754,-0.2879377,0.24678947,-0.12380402,-0.031807773,0.005855092,-0.113198265,0.06726521,0.052140303
364,-6.117174,-0.22414748,-1.1273055,-0.76411414,-0.20045023,-0.16752046,0.021852514,-0.2647879,0.3062866,0.59789413,0.6171337
365,-6.8501053,-0.11615881,-1.3076376,-0.98750305,-0.61993384,0.44564933,-0.016263712,-0.50940835,0.36050686,0.39927778,0.52910507
366,-4.777724,-0.14947952,-1.154749,-0.799101,0.07500446,-0.08484944,-0.03193971,-0.13937342,0.20296681,0.5185453,0.20148867
367,-5.2126575,-0.05825105,-1.1483483,-0.8195206,-0.29830018,-0.08393163,0.26009637,-0.11197818,-0.024144726,0.5640194,0.56927496
368,-5.2865953,0.004767434,-1.4399909,-0.13617481,-0.0585927,0.3121798,0.21460664,0.067531615,-0.11672869,0.46216822,0.2558147
369,-4.6032825,-0.06923956,-1.0225391,-0.21648139,-0.41595685,-0.2618568,0.26759818,-0.16838805,-0.31229922,0.40080434,0.59519523
370,-6.079595,-0.019681435,-1.0702235,-0.63149196,-0.25885722,-0.09764897,0.0049153375,-0.17740996,-0.15377973,0.05436439,0.28371558
371,-6.3208127,0.12534696,-1.1437703,-0.5328107,0.07951562,-0.15735656,-0.050719295,-0.31111142,-0.2063622,0.21423644,0.42359355
372,-7.245073,-0.21581961,-1.1276697,-0.8256235,0.08864366,0.296197,0.11160765,0.03913854,0.00296532,0.50274014,0.59444916
373,-6.623926,-0.06880165,-1.1534421,-0.5984753,-0.27733403,-0.2809413,-0.11639353,0.32754067,-0.3210246,0.3677174,0.5166251
374,-6.9811187,-0.38475415,-1.0284717,-0.5420302,-0.08633654,0.4663657,-0.12575777,-0.17106085,0.12567498,0.4982858,0.622362
375,-5.467714,0.20955706,-1.469344,-0.4235306,0.43486646,0.21538466,-0.13684715,-0.32830438,-0.029540615,-0.039406206,-0.057229854
376,-5.6550994,-0.10122606,-1.3364003,-0.57494813,0.17966619,0.21222694,-0.09478383,-0.52010655,0.10411054,0.29844394,0.102850944
377,-5.6187773,-0.48073977,-1.1435828,-0.6325042,0.114273645,-0.20987572,0.120972514,0.21795292,-0.39531088,0.3201358,0.29928684
378,-5.956046,-0.12626195,-1.6453048,-0.99347293,0.1738101,0.24345407,-0.16496867,-0.28304452,-0.05429901,0.16582668,0.525611
379,-6.2764573,-0.17964756,-1.0138804,-0.72224754,-0.3402188,0.7200016,-0.35788763,-0.30161646,0.049292155,0.45298818,0.16516961
380,-4.6807504,-0.17224154,-1.0210465,-0.57973796,0.33248323,0.20511891,-0.19654486,-0.27879554,0.28391388,0.39861664,0.025290929
381,-6.15424,-0.1474113,-1.2787434,-0.870847,-0.21183808,0.006825142,-0.2975335,-0.30037794,-0.09549776,0.6625416,0.22085978
382,-5.413162,-0.20920132,-1.3173825,-0.7181343,0.018761206,-0.22710489,-0.09464173,-0.1649461,0.32027903,0.28146437,0.17260309
383,-4.6805463,-0.1784295,-0.89982253,-0.50426245,0.066677816,0.33232862,-0.046186,-0.4340902,0.009723584,0.46615988,0.21087925
384,-6.1809998,-0.091807485,-1.4015027,-1.0090836,0.0031757778,0.4018433,0.0016339421,-0.47714746,0.13728766,0.276719,0.35214543
385,-5.611777,-0.04377434,-0.76218593,-0.61654246,-0.40624976,-0.089629844,0.44428298,0.012832505,-0.33520013,0.23798145,0.36678672
386,-6.426446,-0.3462258,-0.9606708,-0.59997934,0.3334156,-0.10877088,-0.086886324,-0.09032796,-0.0313453,0.45189667,0.30036914
387,-5.7346296,-0.16529672,-1.3369496,-0.8232442,-0.12535197,-0.2710107,-0.013197989,-0.060222022,0.12695819,0.45137092,0.16135746
388,-6.330348,-0.2966154,-1.3749086,-1.0467159,0.08402884,0.23522714,0.02138798,-0.54503876,-0.028821675,0.36162284,0.473886
389,-4.091846,-0.027772699,-0.5979754,-0.60767543,-0.17679103,0.12528148,0.20497502,-0.23392732,0.07468849,0.46722725,0.37698007
390,-5.363162,-0.3384354,-1.0826308,-0.85387367,-0.1799367,0.22623469,0.038243793,-0.14571743,0.2485057,1.018873,0.26638696
391,-4.333783,-0.37661642,-0.972602,-0.5935477,-0.1323377,-0.17014991,-0.04243419,-0.15588094,0.13549241,0.5510071,0.2080536
392,-5.3987603,0.093886316,-1.1625243,-0.6024299,0.11323458,-0.23576984,-0.010618928,0.035610404,-0.16924179,0.17475516,0.27347487
393,-7.068831,-0.25912517,-0.9905168,-0.77673537,-0.5550285,-0.2539152,-0.07221436,-0.361254,-0.08618367,0.44125524,0.44767094
394,-7.0046396,-0.4535006,-1.3685241,-0.68804264,-0.27785382,-0.12637487,0.26558068,-0.15974337,0.17824274,0.600144,0.36945298
395,-6.4594684,-0.038683735,-1.2526239,-0.28200734,0.032546524,0.15129387,-0.1395924,0.007218156,-0.12212326,0.26448458,0.49412075
396,-4.152003,-0.1937481,-0.65180594,-0.36867383,-0.35624486,0.15458569,-0.14930403,-0.31287184,-0.11189836,0.23703842,-0.017095026
397,-7.352848,0.1645957,-1.0934869,-0.57083535,-0.099125594,-0.2580936,0.00871419,0.2097513,-0.39089823,0.17385511,0.45273453
398,-5.6052365,-0.40747994,-0.94347924,-0.39365736,-0.30961928,-0.0958859,-0.010850827,-0.16746879,-0.20024362,0.36858264,0.6855789
399,-5.632284,-0.3301686,-1.1544466,-0.5290195,-0.09312066,0.29684973,0.27109116,-0.06607459,-0.041071832,0.60092956,0.5198146
400,-6.436449,-0.19179933,-1.3424503,-0.43753678,0.260359,0.07095076,-0.0030182926,-0.22276136,0.09017583,0.16717923,0.17081448
401,-6.1630177,-0.07583739,-1.2733278,-0.33472466,0.068209566,-0.15319507,-0.24133693,0.28452164,-0.19398852,0.69001865,0.1455126
402,-6.9679794,-0.16558906,-1.2335567,-0.9960592,-0.39856324,0.26292366,-0.082171775,-0.23897593,0.12729646,0.5287997,0.76136714
403,-5.912373,-0.058025423,-0.8911442,-0.5175939,-0.21234746,-0.08320637,0.04547631,-0.056315944,-0.33515894,0.3857686,0.2724028
404,-4.798495,-0.13951452,-0.7404189,-0.38277018,-0.27531826,0.16493252,-0.30051646,0.16146623,-0.052046932,0.53615975,0.2539351
405,-4.181852,-0.18150128,-1.1092153,-0.45697483,-0.14938745,-0.3384387,0.066935085,0.085164025,-0.005600134,0.242474,0.26075342
406,-5.625247,-0.022396125,-1.3339167,-0.6315878,0.21942577,-0.1320934,-0.22680831,0.13032904,0.028475212,0.23513001,0.10640756
407,-4.6106305,-0.30802417,-0.7783192,-0.51684374,-0.28796238,0.23686759,-0.061235696,-0.47909075,0.17292865,0.41575018,0.48429748
408,-5.9638066,-0.24344923,-1.3056053,-0.42704076,0.009051818,-0.10267477,-0.044379536,0.14407267,0.033741437,0.98237497,-0.0011762306
409,-6.3617105,-0.34610918,-1.2229902,-0.5257691,-0.35857385,-0.3520226,0.11662392,-0.08579645,-0.048824765,0.52522874,0.57051754
410,-6.044576,0.033768322,-0.93457574,-0.39926806,0.15675844,-0.092352726,0.03013236,-0.41366926,-0.34131208,0.13183123,-0.14049885
411,-4.4616346,-0.03317348,-1.081595,-0.6340212,-0.28196472,0.1001757,0.16697659,-0.054253526,0.010750671,0.430509,0.32852438
412,-4.858005,0.22600047,-1.0624508,-0.44715956,0.023580445,-0.23745537,-0.19302024,-0.049244635,-0.13127047,0.42874157,0.3716679
413,-4.6716375,-0.17870128,-1.0278587,-0.55144554,0.102951095,-0.044118967,-0.06936196,0.01153096,-0.08883656,0.41191003,0.014073406
414,-4.9261985,-0.1294236,-0.8066047,-0.4470972,0.21895546,-0.106382124,0.16908608,-0.00701908,0.09063894,0.5255979,0.19543418
415,-6.6783457,-0.14762382,-0.96802247,-0.58640474,-0.36216494,-0.3366316,0.32058984,-0.14696951,-0.606639,0.3655694,0.57820725
416,-6.2325625,0.048910517,-1.3051882,-0.783135,-0.09030955,0.37198812,0.14703222,-0.44631597,0.16346711,0.2693335,0.28511092
417,-5.3576736,0.022126801,-0.8563278,-0.30127725,0.19215314,0.016935132,-0.09546087,0.092861615,-0.40479243,0.24439381,0.03981628
418,-6.1317816,0.22171403,-1.163238,-0.54291433,-0.08201184,0.03896635,0.063326545,0.010835161,-0.09602313,0.12594335,0.6105428
419,-4.8658957,-0.20193742,-0.82959044,-0.1505677,0.12982194,0.18196675,-0.03960548,0.20310998,-0.06599304,0.61958885,0.1253017
420,-6.812392,-0.01997139,-1.001186,-1.0488454,-0.7296751,-0.53652084,0.38602385,-0.20080963,-0.0069193635,0.5708272,0.6742662
421,-5.949685,-0.0029092003,-1.1165557,-0.76925826,-0.3870529,0.28453356,0.3417012,0.032670885,-0.40121567,0.26983312,0.1260836
422,-4.485479,-0.051480237,-0.7078174,-0.6372736,-0.41883034,0.5107116,0.096930526,-0.15713379,0.036410507,0.5185929,0.32342938
423,-6.5482316,-0.12683915,-1.3908683,-0.42505488,0.08755297,0.24519832,-0.16950615,-0.28555813,0.0150544485,0.6500818,0.12214425
424,-5.482357,0.051513854,-1.0090514,-0.72904146,-0.17149271,0.3670265,-0.006677511,-0.7770611,0.07430387,0.1707214,0.33789808
425,-4.5459847,-0.06822225,-0.6811414,-0.34619036,-0.295136,-0.15643962,0.19461535,0.016619794,-0.40228325,0.28882256,0.4046307
426,-6.08018,-0.19815354,-0.8360916,-0.87544364,0.32180756,0.13961835,0.16408709,-0.6088392,-0.057920225,0.4648999,0.35516363
427,-8.273707,-0.50230265,-1.2177985,-0.5604804,-0.17531748,0.17182353,-0.23286696,0.44408417,-0.23772372,0.89901376,0.63627684
428,-4.791672,-0.23614174,-1.126388,-0.6408377,0.4367122,0.1403878,-0.31146282,-0.1560013,0.16862935,0.15137316,-0.021539394
429,-5.007003,-0.12715335,-1.1486326,-0.39975485,-0.044160057,-0.14269795,0.056554206,0.07120005,-0.3585362,0.2678709,0.2537582
430,-4.8071623,0.051927816,-0.96208894,-0.29152757,0.10333431,0.12142531,-0.21729475,-0.3066301,0.058276683,0.19195756,0.007855497
431,-5.668981,-0.22272934,-1.3514296,-0.8629494,-0.31681636,0.15229544,-0.17551272,-0.15687649,0.2752498,0.75549084,0.42798623
432,-5.7994685,-0.20714186,-1.2927157,-0.7518732,0.33686128,-0.10105633,-0.19118614,-0.06556336,-0.05721759,0.53144115,0.0511938
433,-5.1566463,-0.004244648,-1.3066496,-0.33076465,0.049684938,0.012964347,-0.06539351,-0.06310577,-0.06611807,0.13947742,-0.029340502
434,-5.076421,-0.21825172,-0.98755133,-0.7872775,0.046669587,0.231504,-0.28206894,-0.12554158,0.1976647,0.790199,0.39548987
435,-5.783699,-0.27619028,-1.0535272,-0.6246888,-0.34469008,-0.19867714,0.063177004,-0.23732153,-0.07404874,0.4861927,0.23425
436,-5.5107093,-0.3251795,-1.2570244,-0.9017523,-0.4683295,-0.060155578,-0.21172838,-0.030095099,-0.13231157,0.5039786,0.42303005
437,-5.6985545,-0.24824701,-1.0859026,-0.7841037,-0.17614022,-0.09929734,0.16531192,-0.30350757,-0.009688156,0.69549274,0.30675936
438,-3.5580933,-0.120052174,-0.8787797,-0.4609493,0.006612599,-0.22662845,-0.040667918,0.22558211,-0.15269999,0.21681379,0.18009365
439,-5.187552,-0.17095608,-0.8836625,-0.5124343,-0.12564741,-0.31381828,0.13344702,0.015008382,0.08821198,0.40605196,0.3130409
440,-4.684124,0.030323695,-0.7772233,-0.23773806,0.015593978,0.33630097,0.23622634,0.2592237,0.059849955,0.46024767,0.17352502
441,-6.9371476,0.051252443,-1.0919236,-0.36236298,-0.18194386,0.13822599,-0.027642459,-0.2241631,-0.35372078,0.6128561,0.53203326
442,-6.002939,-0.4466143,-1.0526311,-0.62949806,-0.035142723,-0.1599052,-0.3839906,-0.14102772,-0.027426606,0.40904394,0.06976514
443,-5.6228337,-0.11217027,-0.64896697,-0.40362877,-0.24839368,-0.11559667,0.007384058,-0.10189551,-0.36908504,0.12954503,0.33490396
444,-5.989239,-0.24513198,-1.0679113,-0.68794024,0.07507216,0.22479491,-0.17188601,-0.37331447,0.008349311,0.34157622,0.37894627
445,-5.88531,-0.19476531,-1.4573388,-1.0164397,0.20263177,0.09637261,-0.39568216,-0.127014,0.49029288,0.7899925,0.027055226
446,-5.819772,-0.22052118,-1.0916008,-0.8064286,-0.41914132,0.28836024,0.08013053,-0.37244853,0.15806693,0.56167144,0.42041594
447,-5.749907,0.11469034,-1.2920556,-0.51302755,0.11934668,0.20522149,-0.0045642992,-0.07400537,-0.0054971036,0.26840758,0.23813024
448,-4.0154757,-0.015895583,-0.87392795,-0.46093822,0.011740703,0.019883094,-0.37018782,-0.07390603,-0.13541257,0.31276602,0.057179317
449,-3.7536268,-0.03495862,-0.93021315,-0.5852549,-0.31209058,0.24424258,0.037559155,-0.33215663,0.13446005,0.4527059,0.3638127
450,-4.456466,-0.1011817,-0.99747163,-0.58582747,-0.25038254,0.5827942,-0.014605929,-0.31789556,0.28874952,0.54302585,0.439137
451,-6.2680783,-0.09121565,-1.1712984,-0.6447012,0.07512216,0.2112976,-0.2397929,-0.6163203,0.010058451,0.1633481,0.2779368
452,-5.1903076,-0.3581471,-0.5995225,-0.9673078,0.26103297,-0.02417618,-0.073943056,-0.08725535,0.11544937,0.5285393,0.16457501
453,-5.4185805,-0.37238595,-0.8760561,-0.51170915,-0.29006323,0.032188855,0.21130571,0.022722524,-0.19232972,0.2743597,0.47751853
454,-6.016819,0.16510478,-1.6130852,-0.82663786,-0.2697023,-0.17025687,-0.06835974,-0.0039935503,-0.21833298,0.7089474,0.35044828
455,-5.0052643,0.07965113,-0.9782548,-0.30085912,-0.14450745,-0.12569268,0.029867701,0.09049956,-0.4636126,0.5031178,0.04576699
456,-5.390256,-0.02218759,-0.77692866,-0.5441565,-0.21995954,-0.1996986,0.0602803,-0.3293913,-0.07084643,0.30604684,0.26664153
457,-6.314559,0.28200352,-1.7255104,-0.47836366,-0.07343898,0.1322188,-0.13175981,-0.06858601,-0.12333906,-0.01262031,0.4662027
458,-5.635232,-0.34617522,-1.2042481,-0.9126571,-0.14452538,-0.043971803,-0.12812565,-0.40017894,0.10332704,0.61464584,0.20768858
459,-3.358889,-0.08141965,-0.6970866,-0.28481787,-0.14347725,-0.0029339315,-0.055141136,0.029407166,-0.18689094,0.2041612,0.18619104
460,-7.295662,-0.19896695,-1.5608249,-0.84605026,-0.6773316,0.48609042,0.4357528,-0.42755425,0.12983824,0.9226347,0.53171456
461,-5.9674873,-0.19972387,-1.4022918,-0.6700647,-0.42044574,0.19748008,-0.1934588,-0.20807391,-0.10348821,0.7630641,0.35551536
462,-4.7575526,-0.19886196,-1.0673239,-0.5781287,-0.14165904,-0.2354375,-0.2209485,-0.23169129,0.18333285,0.38608396,0.57313204
463,-5.598709,-0.33313572,-1.3185003,-0.9762768,-0.027122537,-0.15631758,-0.24765651,-0.50887245,0.5924729,0.43160167,0.54622155
464,-5.192661,-0.17113791,-0.9324483,-0.3722293,-0.23342276,0.03201898,-0.0762786,-0.111690074,-0.17094849,0.72693557,0.23180832
465,-5.443864,-0.0033719456,-1.2086257,-0.6330753,0.19088602,-0.04156741,-0.00162772,0.100065865,0.24256054,0.5957389,0.11582136
466,-4.779642,-0.081503004,-0.89488274,-0.48449036,0.12491078,-0.023773875,-0.1626877,-0.17190681,0.13369012,0.3978229,-0.042761598
467,-4.078755,-0.09238058,-0.7103507,-0.28711465,-0.07134972,-0.14670748,0.23251414,-0.15647551,-0.24155347,0.0064307973,0.26187325
468,-5.57052,-0.10184344,-0.9418807,-0.25426483,0.023874909,-0.18056162,-0.017890055,-0.24538621,-0.34636557,0.21066803,0.35883242
469,-3.3169966,-0.06576349,-0.5613814,-0.33393043,0.036922842,0.3192864,0.019402772,-0.20482497,0.03237655,0.019808643,0.15235454
470,-4.6822166,0.0021689842,-1.0510995,-0.70563644,-0.6248761,0.18357332,-0.078679234,-0.0058173425,-0.124650344,0.30420572,0.3503172
471,-5.7925982,0.12228559,-0.8173764,-0.14761576,-0.36236846,-0.013156865,0.20584983,-0.49836698,-0.20829134,0.53265715,0.21661009
472,-4.553305,-0.17802538,-1.1087385,-0.5301856,-0.31710252,0.14376456,0.26425236,-0.024931615,0.064933166,0.42027774,0.55986595
473,-6.560066,-0.26644298,-1.0130216,-0.50224805,-0.57923335,0.044278063,0.074763305,-0.54226184,-0.034004882,0.37028256,0.56761605
474,-6.6030226,-0.10353386,-1.2280267,-1.0268929,-0.04012522,-0.24660413,-0.0075633125,-0.040337063,0.100769915,0.6349247,0.61043507
475,-5.2783403,-0.02257093,-0.95765215,-0.6857636,-0.103031866,-0.07446866,-0.17114201,-0.33166805,-0.0813726,0.5624025,-0.08543977
476,-4.336549,-0.036416855,-0.9731197,-0.5554835,-0.32659534,0.1993489,0.14740573,-0.2763407,0.152141,0.23705922,0.51227814
477,-5.531865,-0.039128568,-1.4168867,-0.33742753,0.0922917,0.69389176,0.0018264987,-0.58355695,0.025654595,0.46138892,0.2509537
478,-3.7200336,-0.08426255,-0.60158366,-0.3077793,-0.27539772,-0.3209309,-0.047786996,-0.023357404,0.020010468,0.45656145,0.49434394
479,-6.0420322,-0.26056993,-1.0325162,-0.9960886,-0.016264828,-0.24092266,-0.37795085,-0.43932033,0.56021523,0.80491793,0.08925243
480,-4.6360254,-0.20823292,-0.93750376,-0.5532587,-0.13938282,0.05352269,-0.0640891,0.22616194,0.14351122,0.71937084,0.3932837
481,-7.4060445,0.06553615,-1.4650056,-1.1123912,-0.22279523,-0.030916024,0.09060197,-0.8974623,0.5725203,0.5343111,0.3272125
482,-5.218005,-0.35179147,-1.1415693,-0.38776582,0.29718095,0.09960588,0.10231087,-0.13090073,0.14537148,0.32702196,0.07877507
483,-7.8327227,0.058698133,-1.4548947,-0.60043234,-0.14117773,0.19429477,0.078326605,-0.057360597,-0.35861406,0.7043923,0.35350895
484,-6.0653005,-0.19505046,-1.0002449,-0.69964457,-0.26855198,-0.3901813,0.26159236,0.13807768,0.009141443,0.5659872,0.31548157
485,-6.9551883,-0.19144973,-2.0718775,-1.2843347,0.008136387,0.37027246,-0.49895605,-0.7997157,0.49829262,0.55334485,0.4258366
486,-5.031798,-0.1277303,-0.9031575,-0.4033229,-0.057269454,-0.32112533,-0.13609628,-0.18784869,-0.15516558,0.4886889,0.1827443
487,-7.232718,-0.11397308,-1.2462578,-0.4217867,0.08577512,0.0073103104,0.0019520875,0.3231193,-0.34591928,0.44632006,0.4279682
488,-4.87074,-0.033984102,-1.0491371,-0.42105106,-0.027632454,-0.06873172,0.048863217,-0.07831717,-0.06526252,0.23431253,0.60587835
489,-6.673667,0.24744004,-1.3110021,-0.29411834,0.08372788,-0.2766832,0.15122297,0.2780596,-0.12863946,0.5978035,0.34147006
490,-6.4166102,0.05286736,-1.0814841,-0.31072184,0.09781565,-0.2285492,-0.22088759,-0.48005182,-0.3266454,0.011037802,0.17331484
491,-5.029278,-0.236071,-0.734539,-0.6494429,0.062328294,0.15969181,-0.15365498,0.029704997,-0.11125091,0.44236267,0.008499247
492,-5.495997,-0.11599068,-0.9778334,-0.45822996,-0.09503238,0.028320514,0.015233619,-0.15855597,0.10496207,0.73353475,0.2486796
493,-5.9371724,-0.2763395,-0.8560253,-0.29029945,-0.11724225,-0.013569254,-0.27877557,-0.12223644,-0.107262775,0.1734142,0.19615161
494,-6.314366,-0.026843563,-1.4909731,-0.8359427,-0.026896575,0.047206517,-0.35745135,-0.07295413,0.11591585,0.44743207,0.15196972
495,-6.053509,-0.32562432,-1.0213109,-0.605778,-0.32668504,-0.11391672,0.016712952,-0.11685752,0.28433168,0.7076408,0.4425702
496,-7.5573225,-0.284886,-1.1011459,-0.29553837,-0.9609661,0.03461931,0.17755193,-0.16690096,-0.43273243,0.3124068,0.46974254
497,-6.6203914,-0.54218477,-1.1482147,-0.76539326,-0.07832937,0.03437905,-0.20941758,0.08413736,-0.15461636,0.74121034,0.19003251
498,-5.741756,-0.42200267,-1.3778949,-1.0572233,-0.37395093,0.26540905,0.038232673,-0.047429033,-0.13013305,1.0103997,0.6153675
499,-4.81938,-0.02661179,-1.2824514,-0.5907842,-0.046860468,-0.09004336,-0.17057791,-0.26837546,0.04108818,0.25206855,0.27485055
500,-5.752092,-0.24168594,-1.2279721,-1.0507785,-0.5108039,0.041159093,0.44002488,-0.1551958,-0.18456557,0.6215185,0.4452898
501,-5.7500763,0.003049049,-1.0099964,-0.7779102,-0.21415782,-0.063609265,-0.19022302,-0.061744824,-0.22353397,0.30052957,0.6944078
502,-3.2844472,-0.09705672,-0.506066,-0.4073092,-0.24269651,-0.010752443,-0.079876274,-0.35600275,0.13962618,0.30598718,0.28192958
503,-7.239448,-0.028807614,-1.290444,-0.8009957,0.12876604,0.22321823,-0.22026776,-0.60898876,0.1443825,0.5355792,0.33950967
504,-4.352846,-0.22667442,-0.9100778,-0.39351895,-0.09916207,-0.1310565,0.21770895,0.114599556,0.057470992,0.5201246,0.28500897
505,-5.9920897,-0.003902793,-1.3938478,-0.50591415,-0.12617196,-0.06407082,0.39858744,0.23579867,-0.24176122,0.363865,0.46234366
506,-5.892167,-0.10940864,-1.4330865,-0.61817116,0.56087345,0.17885569,-0.05615907,-0.07333784,-0.12319815,0.27277786,0.09118631
507,-4.656761,-0.25666156,-1.031502,-0.7237631,0.15610479,-0.09016041,-0.24119855,-0.07578191,-0.018917596,0.31532043,-0.016251191
508,-6.7800403,0.054205712,-1.1998719,-0.8364875,0.5018798,-0.14009061,0.04150799,-0.3667757,0.14194651,0.48068815,0.19266795
509,-5.7014446,-0.123875454,-0.95551026,-0.52523994,-0.39576972,-0.17720136,0.08238477,-0.06537168,-0.37141114,0.21616809,0.3505147
510,-7.7023964,-0.07170994,-1.3043652,-1.2729771,0.2746441,0.50033337,-0.21479563,-0.6643436,0.30511227,0.4998881,0.038925406
511,-5.000029,-0.19851786,-1.0806111,-0.58770674,-0.01319536,-0.011440188,0.05644921,-0.28936958,-0.09834159,0.16114514,0.42512086
512,-5.558097,0.046383146,-1.5175625,-0.44877452,0.058555383,0.04688829,0.06779272,-0.14786166,-0.33366165,0.21785851,0.117318176
513,-7.3404517,0.26290473,-1.6576988,-0.6446451,-0.22129871,0.3255391,-0.20669056,-0.5283384,0.00078407954,0.48643392,0.33613855
514,-4.823271,0.054636534,-0.6990999,-0.36380953,-0.037780583,-0.43053895,-0.123556934,-0.083432496,-0.1735656,0.25307426,0.25964352
515,-6.4586716,0.04304734,-1.7038171,-0.9643131,-0.0043040323,0.35060984,0.03283143,-0.42498687,0.14419937,0.23796494,0.42627218
516,-6.920575,0.17199367,-1.4619875,-0.544498,0.23884757,-0.44770718,-0.16931657,-0.12999663,-0.017363528,0.32668814,0.63638526
517,-4.1787357,-0.1702634,-0.8058724,-0.5797107,-0.19144808,-0.0011791885,-0.17413318,-0.24171531,-0.037948266,0.60119593,0.29855862
518,-3.830237,-0.28267083,-0.85219246,-0.22099456,-0.067381166,-0.12679343,0.06488774,-0.100574106,-0.073558666,0.2641759,0.35771868
519,-7.049456,-0.21186662,-1.2262043,-0.5735756,-0.468751,0.60277355,-0.13713703,-1.0219322,-0.12677427,0.2855496,0.24420293
520,-3.6980486,-0.34987846,-0.65129477,-0.25535503,-0.04068748,-0.03352635,-0.03736356,0.13938835,-0.026926203,0.28966296,0.3850105
521,-5.4003634,-0.20611821,-1.191816,-1.0541915,-0.096901305,-0.3263265,0.3005693,-0.030557493,0.15782781,0.5655282,0.18178926
522,-5.259786,-0.28351986,-1.14572,-0.9305873,0.017087584,-0.034544263,-0.2004512,-0.343867,0.35998353,0.44898158,0.38602582
523,-7.3233833,-0.31722987,-1.7087393,-0.28911063,0.47391105,0.49459952,-0.37200186,0.2537259,-0.056004122,0.37969965,0.21663551
524,-4.93553,-0.25381297,-1.0717955,-0.7164705,-0.16346794,-0.0092421565,-0.2273025,-0.33981392,0.33683038,0.5374787,0.6673147
525,-6.5110073,-0.081399724,-1.2422053,-0.64142996,0.007921103,0.115455434,-0.2761863,-0.054288708,-0.14819027,0.40826908,0.3327082
526,-7.017337,-0.27477378,-1.2657503,-0.937847,-0.74925613,0.42175704,-0.061833277,-0.64928794,0.10043263,0.62704897,0.69308424
527,-5.164352,-0.18221225,-0.7930583,-0.12323575,-0.5039849,-0.10715656,0.31775227,-0.14322063,-0.34743372,0.31274736,0.2053153
528,-6.37074,-0.23181354,-1.9516516,-0.89751107,0.22038864,-0.24798168,-0.16576232,0.06253566,-0.1942774,0.558114,0.013535024
529,-6.41548,-0.13269936,-1.4204024,-0.51167446,0.3443132,0.112484805,-0.12366473,0.036815803,-0.34390172,0.14833531,0.25991368
530,-5.693414,-0.11610456,-0.8555757,-0.6908158,-0.20615058,-0.24912639,-0.02935071,-0.18135378,-0.053517126,0.35951197,0.2953164
531,-5.65028,-0.18349756,-0.8853552,-0.40816957,-0.1411676,0.023839196,-0.13130854,-0.34712857,-0.13241445,0.44059893,0.19154504
532,-5.7751317,-0.18160531,-0.96089923,-0.87930954,-0.011067949,-0.17260242,-0.013334322,0.07943877,0.03999219,0.3017192,0.22743
533,-5.8417454,-0.3829796,-1.0627769,-0.47144344,-0.105189085,-0.23512504,0.010255314,0.09555209,-0.2878755,0.7209936,0.19326058
534,-5.136065,-0.32233697,-1.0548899,-0.7609555,-0.27963594,0.30612153,-0.0033421135,-0.0656849,0.4309876,0.8653868,0.34337023
535,-6.6416173,-0.2980587,-1.2375746,-0.86777055,-0.022671415,0.6298808,-0.2380356,-0.2396069,0.18197598,0.6545473,0.15448645
536,-4.786376,-0.038508862,-1.09676,-0.50406027,-0.038722962,0.002141811,0.13590682,-0.046736546,-0.16248992,0.3913677,0.26662257
537,-5.207998,-0.4105398,-0.97393405,-0.6261594,-0.3724165,-0.16723193,0.03201646,0.2248971,0.09078618,0.6557424,0.3615441
538,-4.380144,-0.18657318,-0.85397786,-0.59026915,-0.23911823,-0.2700914,0.042798102,0.1421556,-0.07059831,0.5458015,0.055534307
539,-6.132118,0.03144681,-1.1968602,-0.6451433,0.17718415,-0.081159346,-0.13649338,-0.3059792,0.13044244,0.33427572,0.2540068
540,-6.422183,-0.111152284,-0.88361,-0.54319715,-0.4723004,-0.04261562,-0.23898372,-0.05146946,-0.023240564,0.32183376,0.42998806
541,-6.212291,-0.06471733,-0.9446197,-0.64330775,0.26732117,0.32007754,-0.101068616,-0.063604265,0.08468122,0.3123908,0.22670576
542,-6.7348723,-0.22538467,-1.2556411,-0.31517452,-0.32864565,0.1903858,-0.13911787,0.012481054,-0.33061224,0.34676072,0.37261727
543,-6.388387,0.10003218,-1.0019294,-0.21007775,-0.117876485,-0.25034416,-0.082882494,-0.16793883,-0.34367207,0.6537544,0.018624606
544,-4.988626,-0.16448832,-1.1168228,-0.81337005,0.03169727,-0.1450007,-0.19365281,-0.39831427,0.5922387,0.64942724,0.46389833
545,-6.834134,0.086104624,-0.85958177,-0.46151763,-0.029595481,-0.05449655,-0.030713607,-0.5785943,-0.034986295,0.3714206,0.5562363
546,-5.2209697,-0.27110243,-0.8686428,-0.33349517,-0.13744614,-0.23122004,-0.24475606,-0.031493433,-0.3432698,0.22024167,-0.098357245
547,-6.643558,0.085530534,-1.2775702,-1.0447901,0.3684072,-0.07520138,-0.27154905,-0.22521532,0.27333242,0.8785733,0.19225593
548,-5.5437193,-0.18188338,-1.3084077,-0.66632926,-0.14064392,-0.23583499,-0.03754891,0.015107204,-0.094504096,0.61120963,0.51809597
549,-5.4983764,-0.12763119,-1.0186825,-0.3845371,-0.1603986,-0.24537005,-0.17888917,-0.06547637,-0.07145004,0.24824037,0.58509725
550,-5.233391,-0.46779975,-1.0188546,-0.70813,-0.03015204,-0.20426317,-0.012747011,-0.26355508,0.041791506,0.5530285,0.3606151
551,-5.953404,-0.18252945,-1.416197,-0.13268143,0.23158553,0.5242657,-0.00062984973,0.33654284,0.08408564,0.58600867,0.063230455
552,-4.164892,-0.07171271,-0.66756195,-0.7028326,-0.12127141,0.17807245,-0.054390937,-0.23999183,0.30281672,0.77036536,0.44023183
553,-5.9598517,-0.026681866,-1.1929803,-0.88917255,-0.26007327,-0.03197767,-0.20723435,-0.5953392,-0.21928954,0.79704225,-0.11762827
554,-6.567196,0.10889687,-1.110614,-0.4363766,-0.13220222,-0.5529075,-0.241262,0.03233646,-0.13190639,0.51166826,0.2983112
555,-6.729059,-0.18933465,-1.19896,-0.7750993,-0.46253705,-0.38356024,0.30343166,0.17182425,-0.544336,0.5599219,0.26570013
556,-7.3874397,0.124612674,-1.6237792,-0.80004984,-0.030786993,-0.31405646,0.10515591,-0.5385336,-0.27118078,0.29156512,0.3636008
557,-5.9160576,-0.48196402,-1.0083241,-0.70173615,0.094257794,-0.03458437,-0.12771717,-0.03329496,0.16837151,0.47298226,0.38422197
558,-4.975277,-0.31726462,-0.89452314,-0.49059248,-0.03224871,-0.101434804,-0.027534578,-0.23867615,0.25987437,0.5921938,0.24139458
559,-5.4527025,0.14057234,-0.9068145,-0.4232202,-0.04349622,0.19483872,-0.010936425,-0.26901203,-0.07112003,0.37961498,0.18407415
560,-4.844197,-0.018180933,-0.97912395,-0.57439065,0.2329892,0.19933778,0.053835027,-0.27051285,0.033122122,0.37505463,0.24507576
561,-6.4356937,0.07172492,-1.4072448,-0.95577353,-0.52517784,-0.30080652,-0.42148042,-0.03305193,0.05742257,0.5954051,0.41661292
562,-6.3590508,-0.17231645,-1.2083912,-0.8235106,0.12379032,-0.16453241,-0.04283877,-0.5602848,0.21770558,0.5340091,0.298622
563,-5.3962884,-0.39598697,-1.0637007,-0.6798118,0.011148153,0.28104097,0.13930082,-0.10678646,0.23911843,0.53009605,0.30257353
564,-5.5006723,-0.09008567,-0.5653815,-0.7411033,-0.3965096,-0.09974354,0.12257246,-0.20033275,0.0057505267,0.49722323,0.36209425
565,-6.931817,-0.27755368,-1.3672175,-0.6707815,0.06042901,-0.11450851,-0.004772871,0.046042033,0.29201776,0.85074514,0.27082786
566,-5.2799883,0.0012282031,-0.9683981,-0.25035402,-0.07817476,-0.24734734,0.056832787,0.09602745,-0.25545144,0.27777752,0.13119416
567,-7.1044364,-0.1377726,-1.2533143,-0.8347335,-0.050706,-0.12287672,-0.037114993,-0.026827352,-0.19579549,0.90271664,0.6460533
568,-6.0070777,-0.3647277,-1.2513821,-0.5387384,-0.21206078,0.41979384,0.16974798,-0.1734134,0.17922573,0.8441437,0.32774806
569,-6.691292,0.08497248,-1.4035695,-0.5908369,0.6409962,0.01175271,-0.2510297,0.3445883,0.14549723,0.1353731,0.007074802
570,-5.43636,-0.049710516,-0.7996694,-0.6325448,0.04455458,-0.1272437,0.023149578,-0.10122041,0.14937139,0.44964916,0.34952906
571,-6.1055865,0.08477458,-1.3147768,-0.64329696,0.14338574,-0.0166749,-0.03218797,-0.29052812,-0.017004075,0.1754574,0.16971605
572,-5.8675947,-0.10892568,-0.9570961,-0.40392914,0.25223085,-0.012825465,0.1869013,0.5050657,-0.055722326,0.11038043,0.34508243
573,-4.609992,0.08357016,-0.7584219,-0.19950315,-0.12437024,0.06642594,-0.14415498,-0.20429292,-0.22802953,0.41910666,-0.04338338
574,-4.2768474,-0.30507016,-0.8727248,-0.6737658,-0.36914015,0.32238364,-0.18844213,-0.11865685,0.10301139,0.76737934,0.45441252
575,-4.107857,0.0077584423,-0.8585435,-0.28829068,-0.042780884,-0.054956235,-0.1698325,-0.11297247,-0.028761944,0.24252817,0.11510859
576,-6.2624903,-0.32288918,-1.4878186,-0.7382119,0.27712625,0.26490152,0.04396978,-0.45559382,0.30743805,0.3384297,0.12874594
577,-7.3172364,0.03947929,-1.2169794,-0.6624879,0.17889169,-0.14062636,-0.067442,-0.07351474,-0.13675538,0.7128449,0.41392004
578,-4.538889,-0.3389307,-0.5919643,-0.46670175,-0.1822994,-0.101345174,0.0821383,-0.027400883,-0.11777492,0.28814346,0.5595839
579,-5.9655557,-0.1848778,-1.1621476,-0.952786,-0.8627841,0.06275754,0.27194548,-0.24304467,0.15809073,0.49502334,0.7172742
580,-6.7820606,0.023240948,-1.414009,-0.80052406,-0.4000217,-0.41738987,0.027566113,-0.11955156,-0.33979654,0.752351,0.4142536
581,-6.545537,0.041708544,-1.2328192,-0.35523942,0.3270933,-0.18568066,-0.27574566,0.08225599,-0.14033487,0.46492964,0.0817116
582,-6.2275276,-0.32431,-0.88295144,-0.5513802,0.28338662,0.2663067,0.18672803,0.283461,-0.3342209,0.4916475,0.63032126
583,-5.186214,-0.3071828,-1.0257636,-0.4055299,-0.3250364,-0.31741625,0.15524653,0.007073316,-0.27052182,0.20549242,0.23913985
584,-7.4019465,-0.44472864,-1.9460876,-0.46811494,0.27523658,0.5191736,-0.30583277,-0.4192026,-0.18864952,0.28558752,-0.10508021
585,-6.5565467,-0.21570878,-1.36823,-0.43683162,0.42185447,-0.10459364,-0.21916665,0.17303692,-0.11731638,0.16628125,0.19873129
586,-5.631875,-0.18612802,-1.3656763,-0.48952094,0.16084497,0.22866262,0.038166925,0.018463558,-0.117730066,0.7285803,0.08330784
587,-6.4429727,-0.07140024,-1.339389,-0.86962765,0.3678758,0.13165164,-0.19580846,-0.315743,0.10663078,0.3254116,0.25471342
588,-5.286977,-0.45369273,-1.0943086,-0.53680253,-0.08360757,0.06860607,0.067218356,0.35627776,-0.17214105,0.47517377,0.3070734
589,-7.479413,-0.12312493,-1.6443886,-0.5413733,-0.20345771,-0.36294347,0.091869704,0.30964446,-0.01629817,0.82451755,0.07854947
590,-5.4774046,-0.4183488,-1.2880507,-0.17386305,0.07463163,0.05354304,-0.318239,-0.083471075,-0.2829869,0.26471716,0.3790844
591,-4.2207913,0.094109215,-0.8578203,-0.60440797,0.04600647,-0.09803853,0.06428224,-0.043665066,0.06643661,0.3569591,0.22126392
592,-6.52737,-0.20603794,-1.0094573,-0.546991,-0.28346065,0.20360638,0.076633595,0.18722041,-0.26800084,0.2550712,0.4788399
593,-5.721454,0.17992534,-1.3096902,-0.45309728,-0.02433963,-0.13917902,-0.2526671,0.27379364,-0.1983043,0.26328006,0.30258462
594,-7.074085,-0.32788363,-1.447486,-0.38647774,-0.5479061,0.2253525,-0.0062391413,-0.18919893,-0.47337216,0.59381473,0.60533315
595,-5.2222514,-0.060539383,-1.2629963,-0.48525566,-0.50451463,-0.41971362,0.090492636,0.018203808,-0.036995612,0.4184184,0.2989089
596,-6.1277566,-0.26440424,-1.3129297,-0.95179474,-0.64390737,0.22629762,0.041266244,-0.31599835,0.14736935,0.72976506,0.47761032
597,-6.07341,-0.101111144,-0.96518236,-0.6574529,-0.14517482,-0.13665052,-0.05510267,-0.012941876,-0.31229162,0.6159423,0.4200415
598,-6.732434,-0.24261533,-1.5282851,-0.9344772,0.04829857,-0.09253656,-0.21443178,-0.29610646,0.42738384,0.6282411,0.4251535
599,-5.5651755,0.017465103,-0.97450835,-0.552053,-0.082208164,0.110038936,-0.0690503,0.31053233,-0.16142906,0.19536918,0.41785863
600,-3.7044008,-0.2036597,-0.9223602,-0.2675078,0.08875706,0.07676611,0.23281318,-0.06968158,-0.017822893,0.19492494,0.48840117
601,-6.3780847,-0.39975628,-1.1418656,-0.873156,0.03378636,0.4590019,0.08146606,-0.3414283,0.087039575,0.52911663,0.5974334
602,-6.339945,-0.0929562,-1.0962033,-0.37010565,-0.18399926,0.018916193,0.37088013,0.15122049,-0.42461082,0.47230473,0.38003412
603,-6.5920916,-0.42260128,-1.262734,-0.6658941,-0.31569478,0.032211583,-0.16661476,-0.029383594,0.27591082,0.74215037,0.63392764
604,-7.356732,-0.23519921,-1.098597,-0.78744465,-0.3140778,0.06312056,0.5953438,-0.12381955,-0.33790073,0.30498955,0.2451956
605,-6.353153,-0.317495,-1.6319172,-1.0253508,0.20261358,-0.13203476,-0.53998,-0.5748223,0.3928314,0.43248463,0.6014636
606,-6.611953,-0.39372662,-0.97556746,-0.9994633,-0.5694559,-0.17849687,-0.23923054,-0.13302296,0.18191473,0.54212016,0.022539742
607,-3.475568,-0.093773864,-0.6121014,-0.21457018,0.112562284,-0.15169434,0.024683354,-0.07492719,-0.06927609,0.12938648,0.07404732
608,-5.8253593,-0.0693154,-0.86482334,-0.25937343,-0.005182725,0.32475197,-0.08074104,-0.35583207,-0.44640315,0.5189323,-0.096701026
609,-6.4850893,-0.31770575,-0.8959982,-0.424981,-0.09343538,-0.3668831,0.111150384,-0.26439553,0.014690167,0.6600715,0.50411713
610,-5.935646,-0.24128287,-1.4592404,-0.7262802,0.04290516,0.2287911,-0.23896681,0.13905112,0.1600111,0.90955895,0.19917078
611,-5.5557423,-0.15511578,-1.4716028,-0.9562239,0.45805424,-0.06447457,-0.28278768,-0.27179146,0.01645797,0.16345061,-0.09923648
612,-7.978354,-0.0917149,-1.5660074,-0.8406167,0.513934,0.012536559,-0.5045918,-0.42054662,0.3204108,1.028934,-0.107004285
613,-6.3667593,-0.22125322,-0.96832424,-0.2015683,-0.43962708,-0.6131383,0.17039685,0.57277757,-0.5300295,0.5192517,0.3759394
614,-5.4683967,-0.09324996,-1.2982786,-1.0225039,-0.19689909,-0.13791597,-0.038657233,-0.092134185,0.020236157,0.84062666,0.60165447
615,-3.8566253,0.10347537,-0.69380206,-0.3212396,0.11828205,-0.14430937,-0.09413478,-0.16808455,-0.3025469,0.028447317,0.09145987
616,-4.347119,-0.25778362,-0.54166496,-0.66728693,-0.2523524,-0.064294375,0.19601642,-0.29547152,-0.046123363,0.40669405,0.53703475
617,-4.581131,-0.27013493,-1.0792962,-0.5756719,-0.19623677,-0.10344249,0.119828194,0.06917935,0.0950471,0.56198967,0.28057915
618,-6.2906847,0.13220593,-1.0945104,-0.5395464,-0.55163,0.4501894,0.1958823,-0.48036155,-0.06135936,0.47148195,0.6027073
619,-6.6082196,-0.24040414,-1.1848608,-1.2163057,-0.28492483,0.32849717,0.43291223,-0.045193866,0.27847895,0.7312196,0.5686709
620,-4.468847,-0.05919138,-0.7945832,-0.45759422,0.1073978,0.21626893,-0.00013247039,-0.19289255,-0.03189692,0.3273747,0.35555494
621,-5.4467144,-0.035098247,-1.1435543,-0.4289536,0.19580752,0.05793689,-0.12083473,-0.028226255,-0.13767728,0.25466657,0.18338183
622,-5.2984247,-0.10513684,-1.3723775,-0.59364897,-0.32587823,-0.19679813,0.11903828,-0.026789652,0.025613643,0.27683273,0.56045884
623,-3.7145922,-0.13681708,-0.8721999,-0.5576338,-0.049938913,0.13083616,-0.17151812,-0.35295194,0.089393735,0.3011943,0.056431286
624,-6.3697777,-0.33811015,-0.834438,-0.72563654,-0.23723713,-0.026445914,0.19016786,-0.33476493,-0.053507216,0.54756916,0.5487403
625,-5.3384275,-0.110504545,-1.4094529,-0.2754567,0.36356673,0.16218543,-0.28574696,0.014133964,0.03894912,0.40844366,0.31420943
626,-4.970551,0.17067498,-0.87073255,-0.3936518,0.060496762,-0.12838766,-0.2629849,-0.31815907,0.058906533,0.3710311,0.01814617
627,-5.293125,-0.084543675,-0.98226094,-0.35053512,-0.27320805,0.12418773,0.5029743,0.1265399,-0.19356728,0.46626553,0.22256143
628,-5.8663354,-0.23312673,-1.3324631,-0.47654334,0.1148382,0.43103552,-0.032185815,-0.2852014,-0.1621919,-0.016063187,0.2491132
629,-4.247392,0.04937567,-0.7904291,-0.5540512,-0.1740569,-0.1561642,-0.043584414,-0.19388413,-0.1350047,0.39155257,-0.107334115
630,-5.646998,-0.23152582,-1.204543,-0.7082362,0.21029292,0.2720139,-0.071282506,-0.44670185,0.019247565,-0.106813274,0.018975096
631,-5.7712164,-0.06170289,-1.1834525,-0.570668,0.033424817,0.51599437,-0.04720004,-0.23714772,0.0047412794,0.5728615,0.4350125
632,-6.3343744,-0.010455663,-1.2276056,-0.9483576,-0.20340604,-0.11365782,-0.1756306,-0.11663813,-0.23148653,0.25887007,0.16747685
633,-6.383261,-0.20041046,-0.9513269,-0.5302905,-0.53790957,-0.48117554,-0.047949236,-0.38311273,-0.34749168,0.63570416,0.114447966
634,-6.0928965,-0.38746455,-1.3663214,-0.949585,-0.28290796,-0.043389115,-0.2274083,-0.22190885,-0.2037535,0.6458506,0.66965055
635,-5.1435385,-0.21213222,-1.2818446,-0.49220538,0.0034742472,-0.043929107,-0.08274856,-0.20757578,-0.075914934,0.3361123,0.3757757
636,-4.886686,-0.21093237,-0.9806117,-0.5543933,-0.28843212,-0.011514137,-0.09413392,-0.0490589,-0.14626585,0.32687667,0.48871544
637,-4.517735,-0.15504672,-0.9885437,-0.57131505,-0.1346628,-0.06239044,0.07975305,-0.2312028,-0.0285018,0.19407648,0.35424376
638,-4.864245,-0.4271778,-0.8190138,-0.2380207,-0.2754989,0.13474575,0.037752755,-0.04890626,-0.12246387,0.4293407,0.26053414
639,-4.489714,0.008772181,-0.88909054,-0.47238946,-0.13752912,0.09554636,-0.13865443,-0.31274712,-0.06737945,0.11152568,0.20828784
640,-4.8316092,-0.01964844,-0.74394304,-0.5745497,-0.3439707,-0.10997363,0.47831303,-0.067729056,-0.1545006,0.4889764,0.46364325
641,-7.357321,-0.13024813,-1.3898916,-0.91195416,-0.39580548,0.17023033,0.3591035,-0.120257355,-0.2673055,0.26255774,0.4695518
642,-4.224276,-0.048869032,-0.8044472,-0.6673807,-0.07603953,-0.07883815,0.006777888,-0.08964519,-0.14582613,0.37623852,0.08059237
643,-4.027687,-0.20690466,-0.52671266,-0.19073291,0.1211599,0.008478774,-0.013554615,-0.14642866,0.062201805,0.20247439,0.09786968
644,-7.083032,-0.44062898,-1.3061782,-0.52511954,-0.17915052,0.18013446,0.078269206,-0.6686149,-0.087191425,0.37781292,0.5236983
645,-5.903066,-0.08995021,-1.5551383,-1.163972,-0.4503625,0.017500695,0.017853241,-0.80242467,0.17512748,0.48611036,0.69362706
646,-5.5070086,-0.29628715,-1.0564,-0.8579991,-0.052534625,-0.411088,-0.048394814,0.008766088,0.22010933,0.51811326,0.18816423
647,-5.781003,-0.021636505,-1.137494,-0.61235243,0.1325496,0.33373004,-0.2687354,-0.28128755,0.0012135319,0.34135085,0.056497015
648,-5.39071,0.0062946784,-1.205842,-0.57416725,-0.41736054,-0.289069,0.003832424,-0.4016103,0.12312744,0.15189454,0.46457848
649,-3.9842718,-0.010380299,-0.53783274,-0.52936536,0.030492539,0.101026185,-0.07194738,-0.5083294,0.056396097,0.33272937,0.1887265
650,-5.4728527,-0.24551494,-0.79921573,-0.543904,-0.11591276,0.10744284,0.14155628,-0.5478079,-0.04843857,0.35144365,0.2758875
651,-5.490298,-0.25078368,-0.726732,-0.44407094,-0.7229123,0.011949967,0.33193886,-0.33065203,-0.099563,0.25627694,0.6401535
652,-4.0170183,-0.20939086,-0.7439859,-0.31935453,-0.22227766,-0.028058253,-0.16982944,-0.15393215,0.03778922,0.3179246,-0.07730632
653,-4.4109917,-0.051565334,-1.1105354,-0.3178036,0.117442295,0.13293675,0.013549883,-0.1611751,-0.028642854,0.056970753,0.26798013
654,-4.877111,-0.109719954,-1.3104197,-0.6247623,0.12959243,-0.04322959,-0.44137672,-0.16894789,0.13217695,0.32761434,-0.0027982267
655,-3.6014116,-0.24565999,-0.7792858,-0.45827317,-0.07782726,0.3076921,-0.116535895,-0.3016954,0.22603254,0.3227137,0.3315955
656,-6.5084887,-0.09330095,-1.4437449,-0.5343679,-0.23460086,0.6870193,0.3629104,-0.38382515,-0.13213211,0.62240046,0.29829508
657,-5.8856955,-0.3623483,-1.5316362,-1.0436434,0.12583452,0.049173567,-0.16892493,-0.3516892,0.30331907,0.6243187,0.081984565
658,-6.372702,-0.16874863,-1.7620225,-0.94575655,-0.27856216,-0.14644545,-0.014688118,-0.009950262,0.21101794,0.65546435,0.5435815
659,-5.0542607,0.11948301,-0.8422357,-0.22957923,-0.2995893,0.07487099,0.14078245,-0.1994995,-0.15448986,0.3563713,0.16891609
660,-5.9587784,-0.14379103,-0.71562,-0.7215402,-0.2886372,0.06198032,-0.0850575,-0.16080602,-0.015876846,0.978913,0.5042388
661,-5.60505,-0.34990808,-1.1033282,-0.3545332,-0.18808402,0.050260354,-0.16657752,-0.33249336,-0.09689425,0.23490947,0.5216095
662,-6.196941,-0.5410928,-1.4912287,-0.99960935,0.11475125,-0.11492491,-0.14893465,-0.20193392,0.19002467,0.7021548,-0.1807717
663,-7.162137,-0.0632165,-1.2382442,-0.60666406,0.17662494,0.11566931,0.2308658,-0.13673131,-0.21925223,0.040485516,0.71500075
664,-4.5632377,-0.38723722,-0.9534005,-0.4022473,0.1452929,-0.028727677,-0.012324122,-0.05043792,0.11213585,0.3707719,0.1705561
665,-6.3998203,-0.034087393,-1.0077487,-0.8949264,-0.5705896,0.11691337,0.1948251,-0.35239834,-0.07108267,0.6329821,0.7248698
666,-6.3165226,-0.17624025,-1.2543741,-0.2532153,0.13364448,0.036323108,-0.3314927,-0.12793532,-0.3852828,0.30271047,0.025123829
667,-5.131488,-0.080455355,-1.1410924,-0.6863044,-0.26519206,0.28787577,-0.49821916,-0.47057426,0.17556624,0.1652224,0.07606156
668,-5.791437,-0.117673606,-1.1364483,-0.70503664,-0.2825844,0.17039101,-0.08278881,0.031906962,-0.02100919,0.7021061,0.532482
669,-5.954049,-0.2335318,-0.94936216,-0.3606712,0.52685463,-0.08767515,-0.43325418,-0.0629872,-0.043779507,0.47384217,0.09028125
670,-6.029264,-0.2495083,-1.2602688,-0.58938146,-0.0033517783,-0.052248508,0.060654745,-0.25872838,0.07786083,0.29603717,0.48612508
671,-4.5968175,-0.09812807,-0.7749417,-0.6033243,0.17975278,-0.13081473,-0.24658437,-0.30698827,0.012684617,0.5397856,-0.11855612
672,-5.000729,-0.002752035,-1.001126,-0.44099468,-0.12420342,0.0427644,-0.22284797,-0.1105792,-0.075700946,0.32056257,0.08014392
673,-7.413236,-0.07378955,-1.2316781,-0.7708086,-0.555762,0.39822775,0.12771066,-0.38818067,-0.48265266,0.4342626,0.5480752
674,-5.271997,-0.17543675,-1.1088234,-0.75880706,-0.12344035,-0.07483724,-0.07712905,-0.34079733,0.028112017,0.5859165,0.10960856
675,-5.2058206,-0.4175516,-0.85364205,-0.73696107,-0.4889002,-0.40389788,0.055148136,-0.18636309,-0.022004949,0.4749337,0.31970504
676,-7.002933,-0.16659671,-1.2733241,-1.0585976,-0.1991248,0.16915381,-0.06548472,-0.011236096,0.17196354,0.9201556,0.29653683
677,-5.818267,0.08491587,-1.1059344,-0.6663349,0.124160305,0.0030379682,-0.24843593,-0.24231514,0.24098045,0.53449625,0.0014917376
678,-4.736809,-0.16241196,-0.8567544,-0.639356,-0.28670382,0.121988714,0.3783071,-0.33212718,0.028137974,0.61091727,0.11025685
679,-7.36187,-0.17946641,-1.1952226,-0.7213787,0.123545006,-0.18670934,-0.1142241,-0.12618078,-0.12834933,0.13695815,0.03459891
680,-7.160063,-0.55615246,-1.5508627,-1.16218,0.16918625,0.2537024,0.1783373,-0.33073324,0.34767875,0.7361464,0.47729364
681,-6.062594,-0.19896585,-1.5490763,-0.8258543,0.26108983,-0.15183641,-0.3450278,-0.10045427,-0.023175305,0.1748592,-0.09989476
682,-6.495301,-0.32167986,-1.0918908,-0.81633216,-0.12434634,0.28335392,-0.36143473,-0.6520243,-0.004727995,0.36641973,0.3418999
683,-5.324343,-0.16981597,-1.2070687,-0.52184737,0.3413241,0.23626697,-0.3581229,-0.021692494,0.0057487097,0.7655675,0.0572947
684,-5.691048,-0.019852415,-0.7343938,-0.52215624,-0.24165353,-0.25863844,0.26254553,-0.2499752,-0.42599156,0.18911654,0.3530435
685,-7.9592805,-0.20836785,-1.71509,-0.8746382,0.37144846,-0.392106,-0.37450644,0.20507199,-0.3696713,0.64781374,0.31508538
686,-4.912794,-0.13548076,-1.3022064,-0.57836354,0.124090195,0.071428515,0.14623363,0.077258185,-0.22789979,0.7164372,0.10763614
687,-7.9978585,0.114164904,-1.9026554,-0.769263,-0.69194967,0.12695312,-0.31558317,-0.5262773,-0.11890182,0.32224452,0.41680247
688,-5.845881,-0.211363,-1.2980087,-0.8738022,-0.22755232,0.28206176,0.2562214,-0.0027595805,0.2267863,0.55113304,0.6810454
689,-6.3017917,-0.16081917,-1.523629,-0.53447205,-0.030651765,0.028220857,-0.10747412,0.016953887,0.055020563,0.37017956,0.2876119
690,-4.7668977,-0.078496404,-1.1546408,-0.4124118,0.17657255,-0.012184635,-0.06764264,-0.3507126,-0.25492576,0.4959768,0.34563535
691,-6.048535,-0.119488746,-1.3594185,-0.4432711,0.38765404,-0.1531722,-0.33044246,0.11794548,-0.25946823,0.59008574,-0.078517966
692,-5.1434646,-0.23774463,-0.8615404,-0.30815965,0.07292112,0.12118991,-0.09081921,-0.04020284,-0.08221045,0.013780426,0.2796297
693,-4.869669,-0.004724756,-0.65886056,-0.6261868,-0.36809796,-0.14780995,-0.046983022,-0.41567883,-0.04150323,0.5084826,0.26345614
694,-4.9573336,-0.17137387,-0.6380187,-0.5134372,-0.005827487,0.25621763,-0.18024711,-0.4777371,0.05876364,0.41615555,0.48188153
695,-6.346609,-0.19582133,-1.3646837,-0.79237384,0.3843671,0.02352266,-0.31297493,0.22281528,0.10907775,0.43621185,-0.091957435
696,-6.893146,-0.2175006,-1.4159795,-0.93467134,0.21251409,0.0704804,-0.2945221,-0.40867594,0.27662343,0.6567462,0.025904119
697,-5.071043,-0.061595473,-0.65571916,-0.55158913,0.041129656,-0.020159306,0.06599919,-0.20720133,-0.14141893,0.28866333,0.2416773
698,-5.179956,0.15150414,-0.89156383,-0.44181105,0.054773845,-0.16823733,0.41265804,-0.2422058,0.12034723,0.33130565,0.20787254
699,-5.0376635,0.0036387835,-1.0315349,-0.5356759,0.08248438,-0.026575793,0.20720665,0.0038343742,0.084722325,0.24216029,0.25992337
700,-7.634582,-0.21639049,-1.7181865,-1.170844,-0.05546304,0.2790767,0.07144516,-0.63245934,0.034857035,0.74442816,0.61361563
701,-5.7332315,-0.3475477,-1.2589415,-0.67601377,-0.33661866,-0.060067788,-0.114043035,-0.1278239,-0.10456321,0.61518973,0.3770135
702,-5.2826433,-0.055883992,-1.5222548,-0.5590332,-0.18140347,-0.05272517,0.15300837,0.07194267,-0.17271556,0.56592274,0.45823884
703,-5.9158516,-0.41006014,-1.4481285,-0.6335003,0.23180869,0.20987436,-0.08587121,-0.42485848,0.09324349,0.5650621,0.4051191
704,-5.7408633,0.105856255,-0.5846175,-0.49240017,-0.028776804,-0.21524239,0.17360644,0.093774214,-0.15242703,0.5356528,0.15009011
705,-7.1025276,-0.1267316,-0.9997209,-0.6805725,-0.30132833,0.17988865,-0.4941639,-0.32519943,-0.32939008,0.41613874,0.2047231
706,-4.746009,-0.23616797,-0.9095677,-0.68327785,0.089780346,0.40326703,-0.15386263,-0.5038835,0.18722562,0.44847223,0.24073865
707,-6.377625,-0.36847916,-1.2564479,-0.8895781,-0.96946514,-0.17688106,0.17535302,-0.10840346,0.12024281,0.6591626,0.75143594
708,-4.703596,-0.04227067,-1.0054162,-0.39740822,-0.35795146,-0.010433709,0.34038222,-0.1710901,-0.101665355,0.5088035,0.31640717
709,-6.6053834,-0.4435817,-2.0005207,-0.54203695,0.59082186,0.2169632,-0.13151346,-0.026397722,0.4648005,0.5886775,0.2891295
710,-5.5833735,0.006744341,-1.3131423,-0.51473,0.3752018,-0.1719221,-0.24897717,-0.03612987,-0.062137432,0.26690033,0.14151657
711,-4.7585225,0.07780985,-1.0141473,-0.50769985,-0.2183337,0.28718102,-0.027392775,-0.44234747,0.032460567,0.10278797,0.23604372
712,-6.8225546,-0.22540939,-0.9697208,-0.3646673,-0.36662847,0.547935,0.05571316,-0.440383,-0.189093,0.25961167,0.3978359
713,-5.8029127,0.23144378,-1.320612,-0.43176728,-0.18509501,-0.27808076,0.09585206,-0.12893312,-0.05109039,0.30999824,0.31778333
714,-5.6149206,-0.022760931,-1.402378,-0.41829073,-0.47862476,0.14401923,0.10542513,-0.53189844,-0.27368385,0.3825696,0.5026256
715,-5.5174494,-0.33001536,-1.08406,-0.6815406,-0.4228611,0.07406693,0.21354692,0.084401056,0.02536324,0.5675232,0.49565515
716,-6.1251984,-0.14324163,-1.0077814,-0.8417835,0.20073582,0.03348043,-0.046701528,-0.47388074,0.07817333,0.5356436,0.32630667
717,-5.7135367,-0.43993032,-1.2425044,-0.9299244,-0.28988674,0.15727182,-0.0057613,-0.15409082,0.29624933,0.6893195,0.38173014
718,-6.6365666,0.09498766,-1.1043296,-0.7004885,-0.1033426,0.19016753,-0.65915525,-0.34698555,-0.15428415,0.37097338,-0.19192536
719,-6.7854166,-0.25215492,-1.2581129,-0.88314337,0.07917903,-0.06270824,-0.21854852,-0.67928255,0.51624274,0.59710884,0.3871463
720,-5.209122,-0.052082513,-0.9996806,-0.39883277,0.2534218,0.05372024,-0.03564069,-0.14566323,0.049177386,0.6258489,0.33557513
721,-5.790786,-0.18551213,-0.9360827,-0.5015689,-0.072244905,0.554466,0.16690817,-0.45446882,-0.09971115,0.5394325,0.6585584
722,-6.6827164,-0.14165966,-1.4692562,-0.4963556,-0.18944323,0.12194027,0.16134185,-0.36819226,0.081302024,0.5288311,0.545604
723,-4.704835,0.094221056,-0.9206083,-0.35841978,0.11373922,-0.07474708,0.08337154,0.03977615,-0.095573924,0.36170557,0.088978104
724,-4.8358326,0.054099057,-1.0481178,-0.2649381,-0.2744907,0.09715303,-0.0323202,-0.31746456,-0.30580154,0.5294144,0.19949669
725,-5.9380317,-0.21613917,-1.2418946,-0.4646697,-0.048589583,0.12363507,-0.07504163,-0.21212938,-0.107177384,0.3375477,0.62176174
726,-5.7912226,0.023179786,-0.7897665,-0.35813993,-0.49872983,-0.2962185,-0.040073633,0.14002866,-0.114669055,0.6596162,0.40295205
727,-5.1600323,0.02517121,-1.0726311,-0.57446826,-0.2024197,0.2409375,-0.10382663,-0.37810382,-0.032802463,0.46205196,0.16332991
728,-4.3031144,-0.050840273,-0.87426436,-0.458037,-0.042112943,0.41363835,-0.006176754,-0.59544796,0.06239628,0.119210735,0.44801
729,-6.246485,0.10752463,-1.491074,-0.5385278,-0.29675257,0.22462818,0.0020886958,-0.5611514,-0.26332656,0.52591646,0.3603855
730,-4.407157,-0.28709692,-0.96402323,-0.40417898,-0.40253434,-0.3302552,0.07096975,0.3425385,-0.20258066,0.38264072,0.2708128
731,-5.9434166,0.0073330197,-1.1844435,-0.17162804,0.3910185,-0.063548855,-0.5378426,0.06049671,-0.3167469,1.005826,-0.0004987223
732,-6.7446113,-0.5652697,-1.4808542,-0.88558674,-0.06810832,0.3701679,0.31155482,0.09253716,0.49739283,0.6744211,0.41254547
733,-5.536657,-0.14309315,-1.0174812,-0.5280851,-0.350096,-0.015062878,0.040255748,-0.4393014,-0.15317598,0.22824273,0.41437593
734,-6.8513613,-0.04780851,-1.4201981,-0.49696022,0.13083012,0.24120952,-0.09162181,-0.108252294,-0.06956593,0.42904818,0.054270566
735,-4.686378,-0.3524083,-0.87781554,-0.5944441,-0.2691908,0.13303919,-0.2555913,-0.27954444,-0.10029037,0.5289335,0.3775669
736,-7.327149,-0.39878482,-1.0518595,-1.1346138,-0.7106602,0.43783247,0.09219194,-0.1949595,0.26732033,0.81773585,0.27068284
737,-6.2595453,-0.36781022,-1.5304542,-0.45735303,-0.1304479,-0.11362255,-0.023619592,0.0019291695,-0.36895883,0.6892525,0.36631516
738,-5.44707,-0.16246268,-0.98336786,-0.4811631,0.016837839,0.23855872,0.4475152,-0.39149415,-0.17622983,0.10897817,0.2681721
739,-7.244617,-0.052535824,-1.0282301,-0.96449006,-0.8098675,-0.42922336,0.3980444,-0.14608389,-0.17809565,0.6239158,0.69824064
740,-6.041596,0.056917675,-0.67298347,-0.6372202,-0.4013798,-0.27122378,0.45869547,-0.2011459,0.0013395669,0.422158,0.69817483
741,-4.925871,-0.15525168,-0.78691167,-0.60488915,-0.14026253,0.18823075,-0.1648511,-0.25328422,0.20197861,0.82497966,0.2435138
742,-4.759064,-0.27713102,-0.47639632,-0.4962253,0.09350383,-0.2311894,-0.05438044,-0.017654562,0.0825185,0.23047037,0.36097255
743,-5.704057,-0.1324152,-1.6249747,-0.118405044,0.35110807,0.48434132,0.04977767,-0.124097236,-0.15591103,0.20110466,0.21469726
744,-5.9861226,-0.0882767,-1.2789681,-0.72873855,0.3074323,-0.23578484,-0.0811747,-0.09124327,0.09590706,0.8058804,0.08620287
745,-7.0073524,-0.23226392,-1.22873,-1.0215373,-0.4811793,-0.14128563,0.1691825,0.011243688,-0.08298141,0.740462,0.1658083
746,-4.895926,-0.15383384,-1.238975,-0.6745156,-0.07927085,0.22439338,-0.2739029,-0.28049883,0.087595865,0.549388,0.35569614
747,-5.417577,0.20273596,-0.8205253,-0.56095874,-0.2686725,-0.070010975,-0.24780752,-0.2453421,0.10339762,0.7492071,0.27509904
748,-5.474051,-0.17876704,-0.7756508,-0.49259347,-0.14042495,-0.011426162,0.115394905,-0.13737588,-0.038429238,0.51026434,0.24287836
749,-6.4227033,-0.16355953,-1.210897,-0.7543788,-0.33100975,0.3631534,-0.047801193,-0.29997367,-0.013081506,0.39069855,0.39908072
750,-5.615224,-0.17475642,-1.4308141,-0.2642002,0.46419388,0.11422142,-0.09436564,-0.08093943,0.11744354,0.20548545,0.23459427
751,-4.5528812,0.035565436,-1.2016693,-0.5147477,0.07182131,0.13789771,-0.178433,-0.603326,0.12109638,0.3539329,0.20051746
752,-5.4435782,-0.08607778,-1.0787622,-0.2615429,-0.13316631,0.10887114,0.05816148,-0.074484654,-0.12143895,0.6885275,0.3471183
753,-5.298208,-0.055109326,-0.9889595,-0.50922406,-0.16070032,0.3907584,0.057292305,-0.23454614,0.10137862,0.26975858,0.55261916
754,-6.522838,-0.17797852,-1.4757415,-0.56308883,0.47420567,0.10524847,-0.07846943,-0.446834,0.24520141,0.3310384,0.28667396
755,-3.94861,-0.19945857,-0.75529116,-0.5745167,-0.33811134,-0.10058234,-0.026187152,-0.2038936,-0.08271185,0.25479394,0.21366929
756,-5.9311285,-0.30069214,-1.413867,-1.2783962,-0.27217877,0.17742005,-0.024586435,-0.50132847,0.1678352,0.43019772,0.33711663
757,-6.543826,0.22375323,-1.1618935,-0.6769191,-0.01927949,0.031753514,-0.09177235,-0.050479777,-0.17134267,0.18000822,-0.086524405
758,-6.0106115,-0.1656017,-1.0221169,-1.0145559,-0.20308444,0.202654,0.22991593,-0.15305364,0.038039953,0.31376222,0.41234252
759,-5.12989,-0.04222707,-0.8045542,-0.56878734,-0.09321441,-0.015867218,-0.10166412,-0.4410905,-0.18153585,0.2896061,0.31281793
760,-4.9946575,0.18581425,-1.4402771,-0.35723633,0.20262471,0.24462208,-0.2666598,0.11312708,-0.104076296,0.06472117,-0.104617156
761,-6.101109,-0.13531965,-0.97863775,-0.3893918,-0.23967183,-0.17732832,0.17448243,-0.19848748,-0.3983183,0.4878428,0.41851664
762,-6.7363257,-0.04554363,-1.3402736,-0.3518284,-0.04360523,0.0005937321,-0.49720272,-0.16153966,-0.20147341,0.21979639,0.047503907
763,-7.3373647,0.098638885,-1.2366471,-0.64943874,-0.37355357,-0.23371834,-0.048845023,0.07893568,0.07868633,0.8248032,0.2722257
764,-3.6348672,-0.14034869,-0.68681014,-0.303843,-0.358841,0.0014502439,-0.001123175,0.03834737,-0.13460054,0.25089428,0.28858128
765,-7.053786,-0.11519247,-1.2818682,-0.59709215,-0.47555915,-0.044753067,-0.11555455,-0.04027337,-0.2183125,0.4075942,0.876208
766,-5.5888886,-0.12720701,-0.9590133,-0.7278405,-0.33231696,0.4012996,0.21669753,-0.45487475,-0.11061819,0.314463,0.31242192
767,-5.4818716,-0.26611203,-1.1973567,-0.6392634,-0.2584389,0.027520703,0.23493955,-0.08024072,-0.017057156,0.25690246,0.7845622
768,-7.956996,-0.41060874,-1.8499845,-0.26762527,0.25642127,0.4210329,0.08369164,-0.10788814,0.13856225,0.55554616,0.34584388
769,-5.475305,-0.09096118,-1.481898,-0.4422556,0.37276813,0.12591523,-0.3103554,0.21554838,-0.048642814,0.3153673,-0.08036559
770,-5.902223,-0.3435882,-1.390396,-0.58498836,0.42574364,0.25093317,-0.24484093,-0.21799026,0.01860171,0.18572159,0.023163542
771,-5.855497,-0.124592885,-1.5042477,-1.0299104,-0.40968743,0.041233048,0.07793034,-0.17177868,0.2762895,0.46157286,0.5864645
772,-4.3520985,-0.08155813,-0.86762506,-0.62281704,-0.16642347,0.067380816,0.19599202,-0.5700247,-0.034883417,0.1953771,0.37985584
773,-5.6849675,-0.031376015,-0.8895873,-0.48922867,-0.09220189,-0.06339235,0.043644387,-0.080730736,-0.07164894,0.19647747,-0.0043178247
774,-7.1408577,-0.030697234,-1.8052747,-0.58553857,0.34237108,0.25290656,-0.20427394,-0.44737265,-0.008258233,0.52158785,0.30459195
775,-6.171339,-0.10021074,-1.3811479,-0.7069397,-0.2610429,-0.27618474,0.08461315,0.40028164,-0.22261953,0.5211465,0.61360085
776,-5.4675965,-0.26608613,-0.8976086,-0.63939077,0.09890619,0.23016393,0.10891326,-0.11460915,0.02465498,0.5857267,0.41847056
777,-9.121955,-0.120287955,-1.7914231,-0.79270184,0.54521483,-0.46872997,-0.43958357,-0.24189422,-0.20477122,0.39430487,0.60112834
778,-5.762312,-0.13136116,-1.306606,-0.7746833,-0.036920726,-0.030651577,-0.35661793,-0.44447148,0.3193655,0.4495307,-0.013581102
779,-5.63267,-0.11118767,-1.007544,-0.8175547,-0.41827387,-0.22131522,0.097121805,-0.5318874,-0.14987494,0.3281729,0.628224
780,-5.334807,-0.065039225,-0.7478827,-0.40260017,-0.4818377,-0.054875687,0.17957976,-0.00086628273,-0.23873533,0.55968356,0.18874393
781,-5.735492,-0.1275987,-1.1739969,-0.29791436,0.20297186,-0.01613906,-0.28703523,0.092749044,-0.17396687,0.506018,-0.09221007
782,-5.436747,-0.35203573,-0.62927884,-0.7364926,-0.59723616,-0.23958696,0.09530935,-0.15431273,-0.25555754,0.52895105,0.43917945
783,-4.841808,0.09792028,-0.85468286,-0.6660884,-0.2793121,0.4045238,0.15935168,-0.07145381,0.10961458,0.68045545,0.5562993
784,-5.5455585,-0.40158316,-0.88040423,-0.32545084,-0.19701818,0.25772768,-0.25249878,-0.21540795,-0.16008157,0.5920159,0.25604582
785,-4.4621544,-0.1510522,-0.9238751,-0.7040131,0.0012606937,0.05295824,-0.16667719,-0.07207974,0.17648138,0.41078517,0.31310752
786,-5.0199842,0.10751239,-1.11091,-0.62277794,0.22030956,0.0300417,-0.24819617,-0.22507408,-0.08265311,0.31176862,0.10081542
787,-5.428129,-0.27643648,-1.0951754,-0.76034796,0.06449521,0.1264357,-0.037278224,-0.27228957,-0.00053885207,0.3018042,0.40222913
788,-6.9596252,-0.05187917,-0.8228759,-1.0263724,-0.31165603,-0.34564453,-0.2521272,-0.38695043,-0.3449849,0.20124358,0.5306084
789,-6.357603,-0.26018783,-1.1072514,-0.69259495,-0.15161785,0.3239854,-0.04466914,0.028024985,-0.12411912,0.52657616,0.29258788
790,-7.3076034,-0.26318863,-0.9619256,-0.4639284,-0.55411816,-0.06562905,0.07254247,-0.10677658,-0.33398613,0.1966351,0.5177719
791,-6.8284445,-0.17945187,-1.3589166,-1.1667686,0.04843987,-0.03383133,0.117679894,-0.4905304,0.115577444,0.15912767,0.66057765
792,-5.0197215,-0.062237915,-0.89101785,-0.6850254,-0.30208614,0.06097431,0.14000219,-0.13085432,0.1981417,0.4249207,0.45402107
793,-6.3531833,-0.17387953,-1.6971655,-0.66583693,0.22617199,0.08497107,-0.19697136,-0.10768694,-0.15669319,0.30169854,0.3380047
794,-5.463378,-0.08355455,-0.8995573,-0.69991046,-0.28899255,-0.028661378,-0.2105235,0.09917336,0.054801457,0.5399599,0.28116626
795,-5.5918765,-0.18562739,-1.160591,-0.7161377,0.111836866,-0.34722698,-0.3670657,-0.28559342,-0.0154712815,0.64339757,0.2276027
796,-4.1614337,-0.2194163,-1.0865756,-0.31709397,-0.21006154,0.12588611,-0.03929433,0.03837035,0.0054361457,0.44168773,0.3691722
797,-7.0993967,0.15652898,-1.3342661,-0.55370635,-0.098537646,-0.19918618,0.10810505,-0.0553789,-0.41924378,0.38391712,0.48678192
798,-5.447804,-0.20744708,-0.83768076,-0.3340824,0.031758416,-0.09134974,-0.14714228,-0.31574115,-0.13777699,0.17839001,0.20892069
799,-6.9985447,-0.19271415,-0.9855708,-0.26071268,0.10197072,-0.19022758,-0.20794567,-0.23859736,-0.42864373,0.34277868,0.35155544
800,-5.741979,-0.04746726,-1.050817,-0.66906625,-0.27491754,0.02757799,-0.033989064,-0.26233187,-0.07982534,0.40591943,0.28515893
801,-4.694017,-0.13565607,-0.8375942,-0.2372422,-0.006401287,0.08905131,-0.06764649,-0.1368872,-0.22029668,0.18890408,0.21290816
802,-5.7718034,-0.020496298,-1.2549082,-0.8032785,0.21261302,-0.06352221,-0.36693266,-0.5321938,0.14979762,0.44018954,0.14189039
803,-4.918326,0.086298615,-0.89554065,-0.45394093,-0.18399839,-0.028009888,0.023775758,-0.18882826,-0.2627108,0.20456102,0.65387714
804,-7.1911407,-0.15940107,-1.3721682,-0.8799104,-0.7090537,-0.1360709,0.38233036,0.07540762,-0.22274467,0.60500544,0.6286846
805,-6.518583,-0.12026878,-1.5782675,-0.80389285,-0.22500047,-0.29832917,0.025067873,-0.31029025,-0.1754995,0.48771426,0.34167573
806,-4.894719,-0.021202613,-1.2654715,-0.9305323,-0.26652664,0.17031074,0.024602924,-0.24274945,0.15723944,0.42461064,0.18667841
807,-5.782382,-0.2991358,-1.5628252,-0.53767157,0.16457112,0.050191246,-0.35563794,-0.4131642,0.1564136,0.27725774,0.55818236
808,-5.742979,-0.042484373,-0.9478993,-0.6085573,0.2188599,-0.08035226,-0.13139571,-0.29798087,-0.037134036,0.25901073,0.09182714
809,-5.6250553,-0.043060634,-1.1001732,-0.61088026,-0.18664642,0.012643013,-0.091864824,-0.4179732,-0.05644788,0.42238247,0.18211433
810,-3.9793205,-0.10624856,-0.81666595,-0.3642481,-0.30521208,0.23358189,0.12512442,-0.35403934,-0.17350113,0.27071613,0.18035968
811,-6.290149,0.20830077,-1.3830893,-0.806321,-0.07609267,-0.28648478,-0.10832526,-0.23576204,0.0808378,0.6998999,0.27725208
812,-4.783257,-0.13776304,-1.0343903,-0.5059034,-0.27769032,0.13716085,-0.23874412,-0.25791758,0.19491272,0.47599414,0.31451443
813,-5.239446,-0.24252026,-1.1193256,-0.37624952,-0.5883613,0.014420006,0.20681016,-0.21373287,-0.116199926,0.27598628,0.58634216
814,-5.696927,0.018232273,-1.1782944,-0.7185384,-0.15914822,-0.038004577,0.11048609,-0.5978048,-0.050757222,0.46611017,0.5416642
815,-6.7483096,-0.2751345,-1.1726967,-0.6567428,-0.45053366,-0.11497858,0.07320496,-0.23709513,-0.3021956,0.5962633,0.35187605
816,-5.6623216,-0.20182353,-1.0372697,-0.635323,-0.36666483,0.26121795,0.48573998,-0.20567276,-0.0782267,0.20996828,0.5279003
817,-4.792636,-0.29434252,-0.78322905,-0.7331798,-0.6487814,-0.041489612,0.11134623,-0.17290017,-0.03764637,0.47808373,0.46831998
818,-5.5057573,-0.13704896,-0.9510519,-0.6523617,0.24835666,-0.11416308,-0.12104239,-0.24823049,0.019746063,0.5592611,0.17864552
819,-5.077867,-0.16394585,-1.0177202,-0.51943564,0.09564776,0.116466634,0.25786278,-0.02487223,-0.060494803,0.43482935,0.5068842
820,-6.587826,-0.28037465,-1.3316666,-0.6968144,-0.2809901,0.09317012,-0.05548972,-0.24302483,-0.0805953,0.5674647,0.5792493
821,-6.4351206,-0.08208176,-1.2202619,-0.93035185,-0.32255143,0.35363013,0.03230131,-0.36638463,0.14974603,0.8191946,0.4541986
822,-5.2635074,0.05534501,-0.89098173,-0.47450906,0.15792547,-0.18531393,-0.34444213,0.26005837,-0.07190564,0.1282059,0.11158581
823,-5.1678367,0.010363647,-0.7287374,-0.40304244,-0.051148918,0.16749771,-0.24109776,-0.14459334,-0.122456625,0.41901502,0.107892156
824,-4.825807,-0.20617814,-0.92385495,-0.41888994,0.27440324,-0.025790043,-0.14271064,-0.06387096,-0.07152125,0.6961063,0.083261944
825,-3.4779813,-0.040373016,-0.47156993,-0.25642213,-0.49188,-0.116174966,0.16551167,-0.03443399,-0.055305354,0.36973846,0.33199978
826,-6.2076817,-0.3236121,-1.3961531,-0.8588192,0.19114475,-0.14139391,-0.095042065,-0.07536247,-0.14004262,0.54807997,-0.0825922
827,-6.2248635,0.03349393,-0.9778825,-0.49620527,0.031457532,0.06500148,-0.10958538,-0.6803376,-0.015474347,0.26075435,0.3888464
828,-3.8919435,-0.18768848,-0.7146854,-0.52438575,-0.1310529,0.027802834,0.10510638,-0.29205254,0.20162202,0.315203,0.3502556
829,-4.152357,-0.08227064,-1.0251942,-0.3646932,-0.33490065,0.3503614,-0.04299764,-0.30903774,-0.045972623,0.33476785,0.11323748
830,-3.8345046,-0.08378943,-0.6953065,-0.35627532,-0.14407083,-0.18379416,0.03103701,0.18309246,-0.13719231,0.37738365,0.27761683
831,-6.258886,-0.37081954,-1.21385,-0.8911045,0.35719737,-0.19128747,-0.39964923,0.042361237,-0.155266,0.77088004,0.10373503
832,-5.5005016,0.18128996,-0.9165773,-0.24583754,-0.2529712,-0.10704622,-0.08832548,-0.49467638,-0.6184752,0.39549804,0.050388757
833,-4.366125,-0.11488098,-0.5517502,-0.30030996,-0.3421928,0.12966508,0.22858176,-0.39881167,-0.14269143,0.41289854,0.45688275
834,-6.043699,-0.6508493,-1.3048754,-0.26744232,-0.3512642,-0.037881132,-0.120554574,-0.40246546,-0.4284711,0.5361523,0.64278567
835,-5.980859,-0.091522455,-0.9133184,-0.3584963,-0.31785578,0.009328673,-0.3315465,-0.14573741,-0.14298794,0.6167258,0.07577277
836,-5.4713573,-0.34489682,-0.7846274,-0.84305936,-0.10860291,0.048088945,-0.043243658,-0.027313938,-0.18809912,0.24119568,0.21699312
837,-3.5112774,-0.11966224,-0.45970768,-0.34993693,-0.04921134,-0.066193834,-0.1707162,0.030040592,-0.04956331,0.5243938,0.08003437
838,-7.7765512,-0.35892546,-1.4308234,-0.67409366,-0.31764042,0.27613807,-0.067508474,0.39749005,-0.20398383,0.8285806,0.7008781
839,-7.250679,-0.15376502,-1.6066643,-0.9196964,-0.64305156,0.24396572,-0.5829831,-0.60856915,-0.16314504,0.8662869,0.38061208
840,-5.6558347,-0.07946876,-1.0787842,-0.5343694,-0.22849987,0.3045256,-0.09941041,-0.058823727,-0.26466724,0.5735345,0.68970376
841,-5.660387,-0.16093011,-0.93408614,-0.84692,-0.10582377,0.12105242,0.12716715,-0.7594401,-0.17234297,0.58341706,0.40285122
842,-5.129217,-0.006729289,-1.0233281,-0.5487351,0.23055759,-0.19077721,-0.18417726,0.17037638,-0.13150328,0.560091,0.3766808
843,-5.419298,0.010100759,-0.85893786,-0.37013587,-0.13187419,0.010665036,0.0057770303,-0.100408845,-0.21306574,0.28956628,0.5656926
844,-6.909829,-0.25586984,-1.0680085,-0.6121055,-0.25828567,-0.28490674,0.2481269,0.10597706,-0.3117528,0.09221886,0.5299577
845,-4.322627,0.055961404,-0.85612327,-0.51645005,-0.052775715,-0.034669165,-0.06190803,-0.24706036,-0.13420695,0.2779868,0.258379
846,-5.7679105,-0.25802955,-0.9355405,-0.6682238,-0.20034099,0.07269814,0.022325432,-0.44197723,0.1623955,0.8597188,0.14144455
847,-6.6030045,0.4825414,-1.5941169,-0.5157192,0.20480171,-0.03587649,-0.25605696,-0.38105568,-0.17019674,0.12520435,0.08836023
848,-6.7084,-0.17927563,-1.1545857,-0.8252229,-0.7149669,-0.16352782,0.067097574,-0.3442128,0.030826397,0.31621197,0.7585523
849,-5.906782,-0.23047711,-0.96306443,-0.24312595,-0.16916841,-0.07224611,-0.017053068,-0.15326998,-0.29147434,0.3126761,0.53811157
850,-5.5392704,-0.34512073,-0.9797487,-0.9190334,-0.49402094,-0.0558886,0.24028343,-0.48353037,-0.1293434,0.28169394,0.73614633
851,-5.6776633,-0.40810317,-1.1061271,-0.43729138,0.061988994,0.3144105,0.11172882,-0.3143828,-0.38590097,0.48938438,0.42914042
852,-6.8652215,0.2412198,-1.1844697,-0.8455662,0.15760823,-0.24354799,-0.26123375,-0.44228086,0.0898412,0.45658338,0.051241916
853,-5.1669207,-0.2614582,-0.986888,-0.28835735,-0.31444627,-0.015546225,0.19433255,-0.06114968,-0.2055471,0.27505994,0.72530264
854,-7.0175896,-0.061671015,-1.5998607,-0.6303441,0.5128614,-0.058496572,-0.6403195,-0.35886735,-0.42389455,0.10017926,0.23004279
855,-4.07097,-0.32937598,-0.59230316,-0.44911316,-0.3134107,-0.0033954969,0.087903365,-0.09759602,-0.02598521,0.32670784,0.6170063
856,-5.208998,0.019107569,-1.3272281,-0.559206,0.37780157,0.15476255,0.16288634,0.019928232,0.08318917,0.16375835,0.16063973
857,-4.7626386,-0.041385382,-1.0200045,-0.7198539,-0.19434133,-0.19464406,0.1578988,-0.19122556,-0.09473606,0.46592057,0.2701161
858,-3.69742,-0.0918516,-0.69211674,-0.47140527,-0.23397213,-0.037998494,-0.12889406,-0.103247054,-0.02872062,0.45485443,-0.048426792
859,-4.4414544,-0.15775816,-0.83339083,-0.59365445,-0.15510482,-0.022471437,0.071839936,0.028889291,-0.15530747,0.36256593,0.3772452
860,-4.4548283,0.0023744362,-0.67268085,-0.39917922,-0.10081771,-0.0802963,0.12571183,0.2031775,-0.108769394,0.47188848,0.32071117
861,-5.3953457,-0.27693304,-0.64500993,-0.800067,-0.64006364,-0.12938078,0.17729025,-0.4520849,-0.05257219,0.44603047,0.71174824
862,-4.988453,0.005554892,-1.0515695,-0.47990468,-0.12492589,0.10196475,-0.03155892,-0.38633463,0.014647664,0.5711225,0.12465955
863,-4.506497,0.16539982,-0.81806403,-0.4710882,-0.06144929,-0.19849998,-0.14216746,-0.3768186,0.049582988,0.56736636,0.14390437
864,-7.15609,-0.37668157,-0.8729102,-1.024129,-0.8113769,0.6727488,-0.08489325,-0.55237454,0.21502751,0.9522894,0.60511345
865,-6.0781975,-0.050353035,-0.8582657,-0.7433868,-0.011457143,0.1458819,-0.095718294,-0.39964077,-0.00544475,0.6847785,0.2536773
866,-6.4366255,0.15536526,-1.3112129,-0.6081642,-0.24326508,0.09544495,-0.16255002,-0.18013701,0.13921832,0.39723682,0.2810363
867,-6.3138623,0.019593537,-1.0584737,-0.7980856,-0.056084726,-0.026542775,-0.106537424,-0.2881554,-0.24901672,0.15242408,0.48760945
868,-6.1204786,-0.039050087,-1.334258,-0.28048795,-0.26711237,0.4248135,-0.114528574,-0.1820697,0.11277049,0.5814217,0.14865555
869,-7.3281465,-0.21711992,-1.3014455,-0.41492194,-0.25784728,0.1360079,-0.08377979,-0.30661935,-0.16341592,0.34102535,0.44794098
870,-8.51035,-0.16054206,-1.4068688,-0.6568905,-1.1343739,-0.25498766,0.5734242,0.16408381,-0.6537941,0.5779062,0.80396086
871,-5.598837,0.015157463,-0.9114876,-0.62518036,-0.26765043,0.31390095,0.31119576,-0.080387704,-0.053452827,0.11086414,0.48219302
872,-5.0150013,-0.19549835,-0.8927447,-0.49326688,-0.056999736,0.016839523,0.16269252,0.24465458,-0.14913605,0.5248219,0.42747602
873,-7.1087193,-0.1294773,-1.3603145,-1.0101264,-0.24739555,0.3317871,-0.3521918,-0.5595891,0.15774868,0.13207178,0.35265845
874,-4.88802,-0.17907646,-0.74408436,-0.346113,-0.4565809,0.0081584705,0.099365786,-0.3493671,-0.32626078,0.61802655,0.3891601
875,-5.4730234,-0.2452495,-0.8639778,-0.83747995,-0.6343966,-0.26606202,0.13200125,-0.24914429,0.086449474,0.4491878,0.46220353
876,-6.959347,-0.34630024,-1.135711,-0.8385259,-0.54852647,0.15919045,0.10935846,-0.21362121,-0.35173652,0.33753666,0.29008833
877,-6.2244864,-0.27127582,-1.2050604,-0.7911774,-0.76770824,0.011824501,0.21488245,-0.049536154,-0.021638306,0.7297411,0.59096676
878,-5.1086116,-0.19691607,-1.1855961,-0.61756253,-0.14039455,0.3466968,-0.08493505,-0.25211796,0.08936361,0.4511243,0.4409242
879,-5.5126987,0.018000841,-0.835656,-0.6408184,-0.22577897,-0.13792515,0.34869322,0.1046965,-0.09602492,0.6259306,0.3082348
880,-5.4831114,-0.2746385,-1.1455553,-0.59969753,-0.5502997,0.05598394,0.17556618,0.11667426,0.026905667,0.45466766,0.57701266
881,-5.4549313,-0.3305847,-1.4959476,-1.0044328,-0.09426156,0.31971252,-0.1243776,-0.20822957,0.2873237,0.47193474,0.7957157
882,-6.270192,-0.2861351,-1.1229812,-0.44867837,0.0075122775,0.10467599,-0.255367,-0.13448866,0.077463955,0.36850888,0.15206431
883,-5.3851366,-0.21154405,-0.9879296,-0.5257568,-0.43361348,0.12724662,0.27384585,0.11791862,0.028025143,0.5663865,0.5743619
884,-5.7127085,-0.024221722,-1.3832697,-0.8302841,-0.42676896,-0.33909482,0.24881741,0.46264678,-0.051492058,0.32774556,0.57198
885,-6.4416537,-0.19973813,-1.0724126,-0.5951033,-0.0390055,0.23808774,0.079272635,0.2071576,-0.22237876,0.45106778,0.2959823
886,-3.4060736,-0.18619758,-0.777104,-0.041401926,0.09068829,0.14753504,-0.041749272,-0.04079429,-0.12127568,0.2744198,0.22547995
887,-4.961772,-0.3447054,-0.9131386,-0.6361239,-0.16440919,-0.31345356,0.19182453,-0.17616676,0.17232613,0.5178697,0.28752545
888,-4.7333345,-0.12140748,-1.1650027,-0.9077341,0.119998604,-0.13539389,-0.06027831,-0.0698086,0.11556952,0.12894578,0.3376576
889,-5.0401287,-0.113493465,-0.9737403,-0.2979868,0.058082994,0.0731933,-0.10539737,0.148817,-0.19436619,0.020707048,0.14211738
890,-6.0965533,-0.38764897,-1.1386813,-0.78744215,-0.6498641,0.5609128,0.20472218,-0.29021552,0.037239134,0.7006178,0.5739459
891,-7.8399563,-0.22676715,-1.8443081,-0.95148194,0.56464756,0.18224779,-0.28988475,-0.1786766,0.37501732,0.3764805,0.4446729
892,-7.20421,-0.13495551,-1.541002,-0.25760925,0.25816685,-0.01823718,-0.00619026,0.23423317,-0.12618585,0.23497114,0.68995786
893,-5.190925,-0.09138943,-1.2185181,-0.54949254,-0.09417654,0.2454751,0.028109148,-0.4403924,-0.04907331,0.7076072,0.33168975
894,-5.103879,-0.07743305,-0.8019669,-0.60257494,-0.19850582,-0.079883955,0.07881959,-0.33163607,-0.076796494,0.309913,0.3606138
895,-6.2205973,-0.21853796,-1.0373412,-0.62417537,-0.38199726,0.56771547,0.27092335,0.04641574,0.07710326,1.124891,0.4714582
896,-7.1601567,-0.5955718,-0.9831075,-1.1563475,-0.8270706,0.08139017,0.060653534,-0.35180882,0.08969763,0.8693789,0.5741941
897,-5.2647448,-0.12202978,-0.91963875,-0.13572232,0.16262843,-0.40089744,-0.23874447,-0.09063909,-0.2587176,0.2735798,0.29079786
898,-5.1954117,0.07855463,-0.8169791,-0.4871483,-0.19973598,-0.3347323,-0.006160808,-0.51400405,-0.080604985,0.0909778,0.42321888
899,-4.9057546,0.006962563,-0.85315466,-0.8543571,0.044778585,-0.08829569,-0.0039019957,-0.24945837,0.1481097,0.501954,0.4536736
900,-5.994307,-0.24318467,-1.5683964,-0.63717085,0.26005936,0.037606686,-0.1733481,0.045674838,0.47306478,0.6529179,0.14610541
901,-7.9642825,0.036307298,-1.935552,-0.9730399,0.29796088,0.18230438,-0.34084234,-0.65612113,0.12028496,-0.1705105,0.25744897
902,-5.3697705,-0.3731993,-0.85071117,-0.69876194,-0.07172642,-0.4009859,-0.2193069,-0.1615289,0.040939536,0.24324708,0.3424695
903,-4.969662,0.029470641,-1.1480474,-0.6584084,0.265576,-0.12931496,-0.32134083,-0.11673067,0.26347426,0.4604952,0.33469543
904,-4.019391,-0.26079327,-0.87989676,-0.3865528,0.13653311,0.13139367,0.04381428,-0.17046313,0.104334965,0.29960614,0.24007381
905,-6.4512157,-0.7899442,-1.1129085,-0.66065687,-0.14142683,-0.0100748725,-0.26753476,-0.09101264,0.03627171,0.6948852,0.07236971
906,-6.7430286,-0.18173838,-1.3058456,-0.81329113,0.06210777,0.17912014,-0.083450615,0.2508426,0.042419642,0.8346507,0.33426842
907,-4.391437,-0.19029787,-0.3512483,-0.44531497,-0.47906992,-0.062518045,-0.093156576,0.011036174,-0.075693406,0.44048855,0.29826733
908,-5.4835267,0.15705164,-1.1103371,-0.6986302,0.00536802,0.028550183,-0.007805324,-0.539016,0.00668062,0.21309407,0.30159658
909,-4.8617206,0.13991545,-0.84203744,-0.35364565,-0.28290907,0.26279378,0.12124984,-0.9684203,-0.08359533,0.31522316,0.28847277
910,-5.9165688,-0.27918884,-1.3571606,-0.87767774,0.36241585,-0.18887658,-0.0024685822,-0.024429763,0.30804944,0.20044117,0.16343038
911,-6.039676,-0.081530035,-0.96348166,-0.6381572,-0.021030722,-0.019711066,-0.20163256,-0.20153555,-0.13632509,0.30014393,0.26262707
912,-5.584959,-0.0926936,-1.0762506,-0.5462361,0.048456952,-0.1738832,-0.19847704,-0.20676222,-0.3117685,0.71069306,-0.08662245
913,-4.788691,-0.037247766,-0.8279858,-0.486226,-0.0017475509,0.083033875,-0.08667346,-0.01951391,-0.01558744,0.18345888,0.35426018
914,-5.9787016,-0.016465921,-1.3110738,-1.147601,-0.19954519,0.21122639,0.09110514,-0.29463866,0.37419975,0.6489572,0.5400002
915,-6.106825,0.048629,-1.4334044,-0.6838073,-0.071351126,-0.08077494,-0.0081726285,-0.37375975,0.17713884,0.2532287,0.08128711
916,-4.800104,-0.1735609,-0.847633,-0.2704731,-0.14432847,0.26942408,0.10505957,-0.21217181,-0.092873305,0.507536,0.3081498
917,-5.168468,-0.14552385,-1.1973517,-0.22515315,0.26233053,-0.08456283,-0.09377481,-0.016768271,-0.34877333,0.0084557915,-0.038210988
918,-6.048252,-0.037780415,-1.0554671,-0.5978969,-0.11255394,0.16124918,-0.115874685,-0.1225028,0.03993369,0.57192487,0.12144399
919,-6.5624795,0.07203649,-1.303788,-0.9315547,-0.26015753,0.31017846,0.14795631,-0.15894614,0.15485017,0.4670283,0.5188986
920,-5.7440476,0.10398095,-1.5548185,-0.8252137,-0.099561535,-0.105955206,-0.32565886,-0.41562265,0.11026852,0.2823648,0.23224998
921,-6.219567,-0.32443225,-1.6230704,-0.62405187,0.62178296,0.14191271,-0.29433554,-0.24600127,-0.023556644,0.4411785,0.12713556
922,-7.074835,0.25711617,-1.3593353,-0.9070519,0.3206407,-0.11104579,-0.45947555,-0.6408404,0.3580335,0.5469932,-0.06989547
923,-5.7834044,-0.0025283555,-0.97378194,-0.50346273,-0.2911318,-0.25544256,-0.22604848,-0.34513277,0.038061015,0.2716699,0.27755356
924,-5.832627,-0.085793175,-1.308065,-0.51601434,0.20039888,0.21290968,-0.077549376,-0.45976743,0.09086398,0.5241036,0.14186825
925,-5.2649975,-0.047567304,-0.80884206,-0.60053617,0.07986892,-0.35095537,-0.1379263,-0.049444877,-0.25550878,0.337683,0.16737217
926,-5.5036325,-0.0928819,-0.789228,-0.45500708,-0.21722262,-0.11192281,0.09307337,0.26154345,-0.20821367,0.4204856,0.06594846
927,-7.191998,0.075798355,-1.2891296,-0.648523,0.014399573,0.09792308,-0.22372183,-0.06846493,-0.07182819,0.32433307,0.16379324
928,-5.0359306,-0.03900387,-1.3029568,-0.7705219,-0.39646512,-0.043007154,0.35931543,-0.5436664,0.114449546,0.4429257,0.5206053
929,-3.9962513,-0.20908883,-0.82959706,-0.22042514,-0.15134364,0.25518036,0.13037378,-0.2165818,-0.2264528,0.57739174,0.4014211
930,-5.1624737,-0.21855989,-0.98397565,-0.4151393,0.17686419,0.06269531,-0.10252136,-0.11836452,-0.4005535,0.7332654,0.30052987
931,-6.742434,-0.36865395,-0.9249963,-0.59679997,-0.7302894,-0.23691413,0.23691729,0.059572168,-0.5610285,0.45467648,0.7051018
932,-4.868693,-0.44413176,-0.89517653,-0.3173302,-0.46416196,-0.18189271,0.2000377,-0.007971471,-0.1908979,0.20853625,0.34310815
933,-6.303674,0.05544698,-1.2154155,-0.8552543,-0.2734155,0.11090297,-0.099787116,-0.58440185,0.061188176,0.3241745,0.2603065
934,-5.434359,0.10591183,-1.0078561,-0.6235294,-0.27040592,-0.29636914,0.29137713,0.30679005,-0.25451317,0.36524895,0.39587632
935,-5.7879715,-0.104146175,-1.0940986,-0.39810726,-0.40758944,-0.10589785,0.3408323,-0.32561463,-0.27146655,0.18644184,0.37419623
936,-6.226922,-0.2116977,-1.1005037,-0.45571163,-0.3477053,-0.14629138,0.34999764,-0.24300715,-0.27096307,0.48252973,0.491191
937,-5.9121633,0.2087141,-1.0406162,-0.5190283,-0.031394858,-0.09315683,-0.244505,-0.3650253,-0.15953888,0.2201665,0.31529358
938,-4.645698,-0.09670247,-0.93424326,-0.7863517,0.062348083,0.09452115,-0.22698931,-0.12547845,0.23529628,0.4865286,0.5833804
939,-4.892826,-0.0136786075,-1.191597,-0.61429447,-0.09901277,-0.18491636,-0.17406408,-0.16222696,-0.048614442,0.4564596,-0.0056831753
940,-3.9746997,-0.10119421,-0.9954255,-0.5619522,-0.31526026,0.13848956,-0.07129501,-0.33959156,0.13229005,0.28352708,0.3090106
941,-6.595112,-0.13733146,-0.96997094,-0.7144757,-0.47718766,0.064554535,0.14629725,-0.13677529,0.18612243,0.4612918,0.29587963
942,-6.0776405,0.26781416,-1.0214193,-0.50608796,-0.3001986,0.22538984,0.015700277,-0.20709135,-0.10385246,0.3388712,0.5071792
943,-6.0687513,0.016609468,-0.9440579,-0.45729965,-0.193481,0.15956439,-0.16049947,-0.39804927,-0.1319796,0.1491683,0.098688334
944,-5.823169,-0.10772735,-0.8707579,-0.7587148,-0.09198412,0.13317065,-0.21055955,-0.62268794,-0.1177849,0.61849636,0.43628445
945,-6.0363884,-0.25366396,-0.9044453,-0.79732305,-0.46340203,-0.014749831,0.28890008,-0.38817674,-0.292537,0.4201772,0.3732222
946,-3.6884408,-0.29647213,-0.9601653,-0.651666,-0.21403955,0.01796179,-0.08676219,-0.35758913,0.28415877,0.40913212,0.42229384
947,-4.369642,-0.15804161,-1.0048995,-0.7057906,-0.10559663,-0.2249702,-0.16300158,-0.042890854,0.09849208,0.46264303,0.25192297
948,-4.954645,-0.08901209,-0.5761829,-0.45560524,-0.18178397,-0.07721516,0.12521459,-0.27402848,-0.07426014,0.0452802,0.17675333
949,-3.7444644,-0.04470959,-0.7133136,-0.46528104,-0.35792753,-0.0059338016,-0.035679016,-0.2637064,-0.10219904,0.21403126,0.19378339
950,-5.955771,0.29778993,-1.0857513,-0.7100478,0.110241376,0.18349811,-0.15325898,-0.48060262,0.2343272,0.4217757,0.14620657
951,-4.9309826,0.008586836,-0.88403654,-0.50002456,-0.12857318,0.16599773,0.289748,-0.15698405,0.03212344,0.080853134,0.46755022
952,-6.243432,-0.28009918,-1.2884582,-0.669671,0.13621534,-0.56316537,0.09881631,-0.12364658,-0.032474875,0.5905415,0.025778964
953,-6.8735905,-0.056776818,-1.5448574,-0.38480932,-0.35331357,0.16634002,0.15322116,0.092750095,-0.3382904,0.24737453,0.39321908
954,-5.1670322,-0.21745366,-1.4484863,-0.88279164,-0.07469702,0.03831266,-0.18319145,-0.23231697,0.095987156,0.48657203,0.38508192
955,-5.120797,-0.080647625,-1.299266,-0.73653233,-0.14465228,-0.07961042,-0.074277356,-0.10336212,-0.03622751,0.41339493,0.43620437
956,-5.1667843,-0.4112679,-1.1219101,-0.51133704,-0.15696573,-0.21365711,0.0026578894,-0.34212434,-0.16528861,0.18467294,0.4911266
957,-4.979038,-0.3081689,-1.3630043,-0.46730012,0.061178304,0.24712761,0.19881205,0.226365,0.018430216,0.3663037,0.16497909
958,-4.72412,-0.047967773,-1.0208524,-0.63991565,-0.08123845,-0.11610643,-0.19084375,-0.21159677,0.14345951,0.5860745,0.15262133
959,-5.4213047,-0.19560911,-1.2889841,-0.6833834,-0.25771555,-0.17836832,0.030924164,0.19991,0.016753329,0.52392244,0.5497402
960,-4.4432545,-0.19515552,-0.9984967,-0.52025497,-0.13098289,0.18287307,0.010383347,-0.34774023,0.14744076,0.47198096,0.17415942
961,-5.196838,-0.26561105,-0.70036453,-0.56371135,-0.16865104,-0.14842719,0.008686819,-0.45821905,-0.25223807,0.12666094,0.41841796
962,-5.3439584,-0.22643955,-1.1831881,-0.47041592,0.17214696,0.46379966,-0.3761446,0.2092827,0.029904865,0.14128786,0.0043409346
963,-5.7851033,-0.17388475,-0.83986473,-0.63624835,-0.15522948,0.14908691,-0.073750295,-0.2508476,-0.0028428845,0.5802872,0.5886758
964,-4.8000064,-0.07899019,-1.003315,-0.6227997,-0.1904504,-0.11388365,0.10391707,0.044663675,0.04524959,0.46628228,0.3242393
965,-4.813185,-0.30074352,-0.315439,-0.67690665,-0.2980468,-0.24824806,0.13149181,-0.08707692,-0.094113186,0.18154636,0.559541
966,-7.7820334,-0.18797633,-1.9649215,-0.8449407,0.0034512861,-0.37898338,-0.14115667,0.2655673,0.07668689,0.5734228,0.25454235
967,-4.4609523,0.050389074,-1.0707555,-0.6305127,0.2908306,0.09793658,-0.044651154,-0.26872998,0.030336812,0.3421232,0.19545607
968,-5.423422,0.003226006,-0.8767626,-0.7491811,-0.7482326,-0.18130971,0.13429779,-0.3998869,-0.04912675,0.24186125,0.7049276
969,-5.516627,-0.18030956,-1.13048,-0.92569715,-0.030560004,0.092635036,0.03252031,-0.2798278,0.28489548,0.9729026,0.24120237
970,-6.9496665,0.19454189,-1.165441,-0.337353,0.0023252182,-0.5161225,-0.33884004,-0.1276037,-0.11932847,-0.0023984285,0.17217273
971,-5.7377195,0.034954034,-1.468064,-0.73371786,-0.30016693,0.0831806,0.035460554,-0.2792013,-0.033894077,0.44507933,0.26921132
972,-6.8377566,-0.12873565,-1.2954248,-0.9040362,-0.27059254,-0.39378446,-0.072396986,-0.2713146,-0.16325755,0.92096335,0.41815662
973,-4.919783,-0.19073848,-1.337863,-0.5576936,0.17422119,0.095254794,-0.45466116,-0.27596468,0.16925068,0.43843326,0.2831598
974,-4.9940205,-0.15525664,-0.8650015,-0.5133272,-0.28965196,0.08942254,0.18398376,-0.22506782,-0.065053,0.24430484,0.3170823
975,-4.5341706,-0.20792961,-0.731573,-0.48168015,-0.25877115,0.26682067,0.103399985,-0.3654414,0.0036060065,0.24294959,0.25656933
976,-8.278371,0.020095456,-1.1389502,-0.8677843,-0.41111875,-0.038947646,-0.23812985,-0.7540248,-0.24858908,0.62865394,0.29742107
977,-5.611617,-0.15962793,-1.2659943,-0.81747794,-0.7049001,-0.01482445,0.08263791,-0.23673324,-0.12050626,0.28613687,0.7340973
978,-4.613749,-0.07290274,-1.0749351,-0.5984798,0.017315915,0.4438427,0.11983536,-0.49568447,0.24489394,0.21750462,0.24372938
979,-5.719952,-0.3363505,-1.4038041,-0.90014726,0.042961676,-0.23017138,-0.13977084,-0.023439752,0.0094528105,0.34969026,0.23197143
980,-5.4235826,-0.14853124,-0.86541736,-0.5913197,0.063028164,-0.37015522,-0.07517844,-0.22893669,-0.11100191,0.33048218,-0.19050366
981,-6.190962,0.05319997,-1.4927393,-0.4571669,-0.03018861,0.33476478,-0.38578415,-0.27343455,-0.07205848,0.35367087,0.024142835
982,-6.953976,-0.22230333,-1.6076797,-0.9724812,-0.13109507,0.24862221,0.0005651694,-0.4427882,0.23756027,0.55247134,0.05045284
983,-4.674772,0.12163566,-1.0073023,-0.37725052,0.11249789,0.29627037,-0.11684992,-0.3843661,-0.09945218,0.075908735,0.29561442
984,-4.4576945,0.10667977,-1.0738226,-0.58356375,0.1522953,-0.122320965,-0.20079419,-0.42409563,0.14909033,0.54816514,0.30891037
985,-5.54084,-0.04674867,-0.9623007,-0.5100534,0.060236756,-0.00659512,-0.037241478,-0.23802476,-0.14489977,0.25325897,0.51396334
986,-6.76332,-0.3081195,-1.6613561,-0.9669682,0.046230618,0.15837868,-0.06610344,-0.19610105,0.1521838,0.8597913,0.19403441
987,-7.5614543,-0.13609755,-1.3857372,-0.57996154,0.45477092,-0.120943636,-0.3113146,0.04179492,0.12977517,0.23072083,0.40580186
988,-4.6571093,0.04547957,-1.1251591,-0.80167884,-0.39251113,0.1876911,0.19525968,-0.17474136,-0.0053838305,0.42032242,0.5429065
989,-6.057863,-0.20133892,-1.3796562,-0.70477235,-0.30804813,0.037064042,-0.023518808,-0.19445907,-0.35584778,0.6457605,0.37241974
990,-5.7649274,-0.14510494,-1.2686428,-0.67838246,-0.4058884,-0.043287795,0.22213076,0.2545121,-0.070627026,0.54418206,0.39615425
991,-4.8131285,-0.012336568,-0.9711033,-0.49933445,-0.15018901,-0.04295053,-0.037810333,-0.42197236,-0.18444262,0.4313131,-0.0395471
992,-6.7598505,-0.1342006,-1.3585972,-0.6868849,-0.10333823,0.27456272,0.11733221,-0.731444,0.3576388,0.85013413,0.21795183
993,-6.525012,0.0061049517,-1.6526219,-1.0730444,-0.11450138,0.060012437,-0.14118479,-0.7489638,0.31010163,0.45055968,0.3508024
994,-6.9971004,-0.09476442,-1.2751656,-0.6259816,0.096629374,0.5565679,0.0053623193,-0.42160296,-0.033948854,0.33724472,0.23736729
995,-6.5090146,-0.23141704,-1.5192511,-1.0770388,-0.22397506,0.46984947,0.05892665,-0.37737352,0.32561275,0.68100804,0.37607244
996,-6.0368767,-0.15892453,-1.0272133,-0.82822406,-0.72883326,-0.03467409,-0.047051057,-0.356512,0.4233193,0.84237814,0.6184192
997,-5.30885,-0.3640596,-1.2726725,-0.89887786,-0.21667781,0.08946147,-0.066017725,-0.16097352,0.2544161,0.6160331,0.22398111
998,-6.35116,-0.22930664,-0.8256581,-0.5397128,0.13309152,-0.09977541,0.024122369,-0.16031635,0.12818046,0.27963576,0.21609357
999,-2.973661,-0.12482798,-0.5650916,-0.4709751,-0.27768707,0.017119389,0.018050833,-0.16200243,0.015597122,0.36576995,0.20453212
1000,-4.029896,-0.29363924,-0.80257916,-0.4775358,-0.14154582,-0.0025414731,0.112789355,-0.03610886,-0.052750833,0.53886265,0.32284066
1001,-5.9881253,-0.104284994,-0.967902,-0.48737487,-0.3594672,-0.18230426,-0.005350434,-0.1627932,-0.31838104,0.6712685,0.28043187
1002,-5.304306,-0.1476246,-0.93929964,-0.51383805,-0.25206086,0.29120153,0.12951633,-0.17351763,-0.122308776,0.84856784,0.35264412
1003,-5.561319,-0.008102703,-1.0634452,-0.8443414,-0.11946932,-0.02933846,0.098584235,-0.16041484,-0.07266567,0.36624655,0.34474584
1004,-4.940168,-0.024720851,-0.5322215,-0.4834064,-0.38566816,-0.6658278,0.5202133,-0.07351561,-0.31466243,0.40299913,0.2231306
1005,-5.0516706,-0.08840543,-0.93035233,-0.3348065,0.31513587,-0.1886408,-0.25207192,-0.059066713,-0.010242956,0.40494528,0.043428764
1006,-7.7998137,-0.011315853,-1.7550404,-0.92701685,0.23389158,-0.110867515,-0.276345,-0.121286474,-0.010955865,0.30601987,0.22314213
1007,-4.6955504,-0.14768386,-0.9242058,-0.7461481,-0.5531848,0.018273525,0.06982694,0.17318796,0.19926748,0.43195203,0.47689605
1008,-6.273991,-0.20818825,-1.2130688,-0.6033921,0.51353216,0.08505875,-0.28588575,-0.5861476,0.007954987,0.086935885,0.16174802
1009,-5.177367,-0.13501896,-0.8309209,-0.445416,-0.23446016,0.35825855,0.2420646,0.08849434,-0.09349313,0.16692193,0.24664795
1010,-5.2614837,-0.30782562,-0.6140487,-0.4962502,-0.3839773,-0.058329523,-0.12588127,-0.22458057,0.13270889,0.6100775,0.37457624
1011,-6.6921353,-0.39441997,-0.8444957,-0.47359648,-0.03428797,0.3299799,-0.30216432,-0.42552176,-0.35656282,0.21635056,0.3442742
1012,-5.325229,-0.17085803,-1.1677481,-0.19355029,-0.5832402,0.038561046,0.11239308,-0.2697087,-0.38374248,0.3919858,0.5582469
1013,-6.6743083,-0.0038815038,-1.6134462,-0.45137054,0.21697499,0.23991492,-0.13749638,-0.058899745,-0.08666978,0.44580936,-0.34539363
1014,-3.4496934,-0.37671167,-0.7114678,-0.33378637,0.06322619,-0.1774372,0.057170115,-0.12752244,-0.13939062,0.18103933,0.024161931
1015,-4.062802,-0.25903416,-0.8880472,-0.5133479,-0.15657517,0.18395215,-0.02224774,-0.15911162,-0.08792779,0.47601244,0.070302166
1016,-4.288039,0.010714161,-0.85664254,-0.7035491,-0.27015772,0.11117105,0.14267853,-0.49106148,0.019106662,0.27258697,0.56036776
1017,-5.008085,0.22724167,-0.94076914,-0.4491829,-0.17662287,-0.1400606,0.14321469,0.009899122,-0.14898664,0.22469047,0.10710632
1018,-4.8946576,-0.043310314,-0.86939186,-0.56208986,-0.33387196,0.08959426,0.030796845,-0.26876113,0.07715226,0.17760165,0.39278626
1019,-6.0429,0.15979019,-1.0811195,-0.15100744,-0.07444958,-0.0830917,0.13236935,-0.21923064,-0.48001552,0.3498474,0.16448872
1020,-6.502184,-0.35234913,-1.0035492,-1.0509773,0.19817331,-0.06364018,-0.2576231,-0.22647436,0.10656851,0.22374022,0.012418516
1021,-5.3895855,-0.015458445,-1.5606041,-0.62081903,-0.23571604,0.28653687,-0.20578231,-0.4322803,-0.06739087,0.4455778,0.3070628
1022,-5.322236,0.08407938,-1.2464212,-0.17043082,0.10803655,-0.24369864,0.10637593,0.12929936,-0.20382668,0.05581281,0.35135728
1023,-4.802374,0.034054413,-0.91814125,-0.569327,-0.47153988,-0.20297845,0.108353354,-0.0112219155,-0.19445613,0.3902627,0.33158374
1024,-6.4862843,-0.13785452,-0.81345487,-0.70421976,-0.12595849,0.24889979,-0.063005045,-0.47780362,-0.10986607,0.49266756,0.44606388
1025,-6.124327,-0.19486324,-1.2570969,-0.54228926,-1.171635,0.40430778,-0.0055126986,-0.21827856,0.189035,0.66387385,0.43663308
1026,-5.513206,0.042381063,-1.2221327,-0.39525196,-0.26233286,-0.27003187,0.18953551,-0.24674708,-0.14633603,0.5296904,-0.01262137
1027,-4.3373766,0.036683798,-0.99261916,-0.3708064,0.21045192,-0.1418944,-0.07358815,-0.017612742,-0.057962008,0.40136832,0.001678898
1028,-6.747491,-0.2476777,-1.2203392,-0.60852015,0.059744507,0.17568386,0.11829735,-0.099294126,-0.3149911,0.50372887,0.21417387
1029,-5.014483,-0.15472999,-0.94875187,-0.57309896,-0.17931636,-0.42163038,-0.046167232,0.028999353,-0.10586373,0.34617034,0.06579746
1030,-4.9151983,-0.21634138,-1.0846164,-0.68432224,0.10421648,-0.13138287,-0.23521566,-0.025515283,-0.15310305,0.51091844,-0.28714502
1031,-6.6533175,-0.05960541,-0.9738141,-0.20626338,-0.67725986,-0.008438388,0.11964569,-0.26586333,-0.013764406,0.48579788,0.23224637
1032,-4.1426296,-0.0426143,-0.6215999,-0.48349652,0.012707458,-0.07081252,-0.23476565,-0.105382554,-0.06618917,0.21910372,0.13543785
1033,-6.58376,-0.2130877,-1.5731325,-0.61368454,0.16815895,-0.2918046,-0.08779553,-0.050057173,0.14964,0.49577144,0.19655947
1034,-7.593816,-0.56092614,-1.2929702,-1.1229022,-0.85369027,-0.47912276,0.6149531,-0.07791828,-0.18962686,0.4155562,0.6958859
1035,-5.3421607,0.2455774,-1.0217224,-0.3437301,-0.119148366,0.32568902,0.24816081,-0.190345,-0.01887974,0.13271464,0.37702537
1036,-6.9034657,-0.14744955,-1.3560592,-0.67720056,0.014436401,0.037765965,-0.4885887,-0.10070308,0.0125545785,0.5244932,0.38091618
1037,-6.751804,-0.46830532,-1.4046162,-1.0721877,0.21151711,0.119325064,-0.27625504,-0.39869493,0.34387338,0.6754967,-0.034791537
1038,-4.6176534,-0.29181197,-0.9829423,-0.24635011,0.032846123,-0.21972707,0.2935916,-0.15449265,-0.061166823,0.2688998,0.25740042
1039,-5.762333,-0.19089979,-1.1501924,-0.9602476,0.09819919,-0.30627573,-0.012125627,-0.074481025,-0.1753346,0.190545,0.16304693
1040,-6.1672277,0.058386657,-1.3669064,-0.44607866,0.028774016,0.40076214,0.21713674,-0.0785071,0.1714884,0.3310626,0.49514517
1041,-5.317334,-0.04747017,-0.65438044,-0.31364432,-0.23462331,-0.058714584,0.002715597,0.09498548,-0.18364865,0.21370338,0.41357315
1042,-6.45103,-0.05011497,-1.7150426,-0.67323065,0.48599762,-0.12756841,-0.18953174,0.108765736,0.23852138,0.53430957,0.212695
1043,-4.8945856,-0.20473439,-1.0611535,-0.45438698,-0.37945503,-0.10651082,0.11406249,0.03667517,-0.22896424,0.10058542,0.19231607
1044,-4.979807,-0.15508574,-0.8348707,-0.6195461,-0.26815796,0.08669852,0.38687298,-0.23620787,-0.24747948,0.46616384,0.028803531
1045,-7.4462366,-0.29383957,-1.2049342,-0.88359237,0.08920523,-0.09654383,0.055705465,-0.08638189,-0.0827784,0.1998465,0.65815735
1046,-5.5362744,-0.23797867,-0.89163977,-0.81227154,-0.4724125,0.2839887,0.26529723,-0.16500679,-0.002296809,0.73433286,0.6461443
1047,-6.801302,-0.06276084,-1.198563,-0.44738367,0.053265274,0.21290915,-0.18979914,-0.25620762,-0.19689907,0.32762456,0.41063732
1048,-5.33165,-0.2587494,-0.984387,-0.5649158,-0.09776004,0.22369738,0.092489384,-0.47551614,-0.13700646,0.42502242,0.17759745
1049,-5.3743067,-0.04389868,-0.91526276,-0.51325125,-0.15594436,-0.12074962,0.05708336,-0.35777456,-0.3719021,0.32032776,0.32785293
1050,-4.3307524,-0.11773606,-0.91590977,-0.44269052,0.10758701,-0.33647758,-0.2921778,-0.19675843,-0.2321661,0.19578642,0.451436
1051,-5.2155423,-0.21535802,-1.056002,-1.0686333,0.009349281,0.038304217,-0.31411728,-0.16748798,0.25100482,0.59025866,0.070294164
1052,-5.5386434,0.016084919,-0.87616944,-0.5919303,-0.24987394,-0.27699018,0.3211304,-0.24235895,-0.41121516,0.5987331,0.0683621
1053,-5.567033,-0.14707841,-0.9890358,-0.61977065,-1.0596375,-0.05178367,0.40142855,-0.14981359,-0.22302417,0.5329941,0.45054966
1054,-4.820495,-0.1979527,-0.7596463,-0.4950152,-0.07549155,-0.2682584,-0.2611146,0.09358646,-0.3945626,0.47236815,0.055042237
1055,-4.7667966,-0.20050406,-0.85954326,-0.8318218,-0.2610699,-0.05867601,0.23131788,0.038471207,-0.072472885,0.24343243,0.56425506
1056,-6.2963305,-0.10118749,-1.3932147,-0.39472643,0.17754592,-0.21269311,0.095502555,0.55391574,0.11307877,0.23555195,0.23019202
1057,-5.563288,-0.09737127,-1.2754579,-0.64303946,0.051381905,-0.382846,-0.3404363,-0.2890824,0.059348494,0.24129269,0.50448966
1058,-6.155992,0.106682666,-1.3641444,-0.3315835,-0.023509942,0.12651612,-0.14140457,-0.20676674,-0.09631632,0.39113006,0.2365612
1059,-6.048176,-0.49243543,-1.634301,-0.6502593,0.010167215,0.29318082,-0.40409073,-0.41089877,0.023881603,0.3424493,0.35065982
1060,-5.669943,0.14020179,-0.799746,-0.45904925,0.06301594,-0.26842928,-0.09259516,-0.2744646,-0.14042912,0.33872202,0.013326092
1061,-6.416343,0.0008492116,-0.9393657,-0.6028329,0.20397675,0.42720944,-0.30787396,-0.5757394,0.04544712,0.2550486,0.39564195
1062,-4.8026514,-0.25536984,-1.3863908,-0.7336565,-0.47082192,0.06793453,-0.10448325,-0.35880896,-0.0018807463,0.6612665,0.45854446
1063,-5.6185117,0.0039165188,-1.3169695,-0.713716,-0.38285074,0.08670268,0.2808272,-0.3389265,-0.22057934,0.18033056,0.5711434
1064,-6.694663,-0.12451641,-1.0571727,-0.35031745,-0.15899025,0.0381001,0.13817559,-0.05627904,-0.463897,0.20330086,0.44067416
1065,-8.215141,-7.11903e-05,-1.1347762,-1.034853,-0.35188106,-0.15337585,-0.06123583,-0.5504021,-0.12819722,-0.07968007,0.26065654
1066,-6.2351184,-0.03090744,-1.1846422,-0.54877,-0.10179906,-0.045821406,-0.4238516,0.0872538,-0.28642878,0.32285458,0.009768452
1067,-6.329661,-0.23888953,-1.6782273,-0.8136471,-0.55009323,0.33071804,0.22744386,-0.26251203,-0.16407281,0.85604346,0.8252867
1068,-4.298212,-0.16396739,-0.81885487,-0.6625187,-0.24854583,-0.018210094,0.02645044,-0.241714,0.00088602677,0.06238584,0.2439393
1069,-4.539408,-0.01425326,-0.91515934,-0.8030747,-0.33483806,-0.00090514496,-0.010937297,-0.12277315,0.35558495,0.37440294,0.2567314
1070,-7.6624947,-0.071632005,-1.3566086,-0.9089894,-0.075744085,-0.081131294,-0.025507975,-0.6603746,0.17819357,0.5719846,0.21159922
1071,-6.1378355,-0.26418972,-1.1075404,-0.6960048,0.2835831,-0.08139803,0.38397717,-0.2953737,0.011315944,0.3032573,0.5351024
1072,-4.5055723,-0.3941,-0.8664583,-0.47085336,-0.29337147,0.055220474,0.18000083,-0.028620364,-0.0007051602,0.3305399,0.21147065
1073,-4.9362726,0.06568257,-1.1450032,-0.3749048,-0.18207341,-0.080716334,0.12745363,-0.13027246,-0.31841627,0.39185897,0.18597111
1074,-4.6735563,-0.040356383,-0.8424952,-0.5660838,-0.2413948,0.058029637,0.24771068,-0.13810116,-0.008885102,0.2838621,0.38668817
1075,-3.9551282,-0.2650148,-0.8098302,-0.55524063,0.10175271,0.060281444,-0.30876005,-0.06757662,-0.026958542,0.22679715,-0.043765742
1076,-7.828918,0.067449465,-1.2832552,-0.4278579,-0.045736462,0.4036392,0.0005921554,-0.7216338,-0.08105704,0.425454,0.19590016
1077,-6.975237,0.108209915,-1.296306,-0.9149139,0.087516695,-0.19999586,0.065226056,-0.33651066,0.07542253,0.60778993,0.0019439468
1078,-6.4175143,-0.2564442,-1.5297393,-0.38145018,0.002204082,-0.031738877,-0.0558123,-0.097567976,-0.040496618,0.8150615,0.22918384
1079,-5.7417026,-0.23445016,-1.2816786,-0.9201296,-0.25542173,-0.2368257,-0.049145617,-0.108020596,0.22021106,0.4747786,0.42783538
1080,-6.0234184,-0.119821414,-1.1228044,-0.8279411,-0.17598903,-0.19879343,-0.038340617,-0.30278653,-0.13426825,0.44805413,0.5019565
1081,-4.34095,-0.09600572,-0.9739081,-0.5956554,-0.057103418,0.062901326,-0.05231031,-0.19200745,0.23326619,0.6991319,0.15453272
1082,-6.248797,-0.2665599,-1.193997,-0.81349564,-0.21165055,0.163592,-0.0511472,0.25439134,0.18044102,0.8929918,0.3209178
1083,-6.5323834,-0.11800894,-1.3728437,-1.1032608,0.284177,0.19596618,-0.37403682,-0.8675573,0.07858983,0.35904783,0.294445
1084,-7.702832,-0.603698,-1.4111582,-1.4560914,0.3120767,0.2009217,-0.38105187,-0.37095895,0.19190186,0.64377916,0.21454851
1085,-6.3256297,-0.42207044,-1.1088538,-0.73506963,-0.3487682,0.22539818,-0.111866765,-0.2350463,-0.2055679,0.39456826,0.2515091
1086,-4.8318653,-0.061102208,-1.2663512,-0.7616627,-0.6672457,0.38664156,0.08684709,-0.3851544,0.08267094,0.34157524,0.32733116
1087,-5.7993717,-0.11696479,-1.1522071,-0.8882946,0.10838527,-0.30059832,-0.012833281,-0.16629912,-0.11781669,0.34360614,0.27240786
1088,-6.50359,-0.32656825,-1.0709177,-0.85909253,-0.28193974,0.030005176,0.03722405,0.02594179,-0.012381861,0.33580637,0.2520756
1089,-4.2037463,-0.016426992,-0.7652001,-0.25671986,0.14295188,-0.13029583,-0.07720519,-0.007006269,-0.27583858,0.3289356,0.07577423
1090,-8.305709,-0.15174466,-1.9407144,-0.9844118,-0.6128541,-0.019174406,-0.18049215,-0.32008815,-0.05618166,0.2494103,0.63410944
1091,-4.2660723,0.010970087,-0.81812745,-0.43578202,-0.060096085,-0.19364835,-0.31011716,-0.11806979,-0.15185145,0.2835664,-0.0032733278
1092,-7.4740176,-0.44934246,-1.5035342,-1.3481195,-0.06533931,0.42441267,-0.31927082,-0.5257065,0.27160448,0.64940023,0.4947693
1093,-7.841844,-0.318917,-1.7005893,-1.1806587,0.30389193,-0.046885956,-0.20183055,-0.21498075,0.1853535,0.2881285,0.34247807
1094,-6.649124,-0.12215541,-1.1890117,-0.9521405,0.20312704,-0.32745963,-0.22832385,-0.047302008,-0.12598129,0.6120098,0.30685318
1095,-6.2306833,-0.23638041,-1.0476515,-0.5595813,-0.027526202,-0.008692354,0.033526774,-0.30830684,0.0858649,0.3710667,0.541603
1096,-6.692708,-0.031589027,-1.3475367,-1.0817813,0.039007213,-0.07080272,-0.20176126,-0.45495462,0.28253007,0.3747284,0.233143
1097,-7.968603,-0.34933302,-1.504378,-0.8088871,-0.27608022,-0.041655585,0.07561226,-0.09942772,-0.032629192,1.1321079,0.30571672
1098,-5.6923594,-0.06863746,-1.2629505,-0.27787107,-6.92592e-05,0.012074785,-0.12207649,-0.045594327,-0.28654793,0.55556375,0.3444307
1099,-5.1348042,-0.21917212,-0.88974124,-0.5183433,-0.47692764,-0.07254852,0.17726041,0.034139775,-0.008249301,0.47729498,0.6699216
1100,-6.816436,-0.3121919,-1.1385326,-0.27611578,-0.11523389,-0.109004535,-0.05158293,0.36175188,-0.25583526,0.34572464,0.26766753
1101,-5.441935,0.07517535,-0.957113,-0.5810156,0.0070902347,-0.028603971,-0.010086556,-0.13150325,-0.11312105,0.09780096,0.33649388
1102,-6.036725,-0.075064346,-1.2385325,-0.9338559,0.051979404,0.36771107,-0.16631599,-0.30198482,0.4634192,0.8083335,0.103506476
1103,-5.252336,0.021348517,-0.9243837,-0.34187755,-0.17588145,-0.066997886,-0.26142284,-0.23549303,-0.12687063,0.17187914,0.42389828
1104,-6.0091124,-0.08845825,-0.80750585,-0.67894363,-0.48943806,-0.1280251,0.24064697,-0.11048298,-0.07506621,0.3429495,0.7393324
1105,-5.8792324,-0.0011270195,-1.5413421,-0.3945883,0.45799348,-0.12996669,-0.24863712,0.16552216,-0.2952793,0.19062784,0.026887748
1106,-5.1210017,-0.16562292,-1.2127911,-0.2773205,-0.0041705365,-0.08963256,-0.1130753,-0.105312034,-0.20384143,0.3576409,-0.0010369103
1107,-4.911202,-0.0036056032,-1.3769321,-0.44749132,0.24338919,-0.08949381,-0.18194526,-0.10933596,-0.23737554,0.4547789,0.039775766
1108,-5.613484,0.10626887,-1.135442,-0.5848858,0.05601427,0.04244465,-0.016436141,-0.30786774,-0.056666017,0.10620265,-0.06253076
1109,-5.728915,0.0037356187,-1.0583586,-0.24626994,-0.1803752,0.33061403,0.012139358,-0.444568,-0.33904657,0.7031143,0.26726693
1110,-7.4114637,-0.018277336,-1.3370483,-0.81975025,0.020959357,-0.0025162948,-0.035396155,-0.37255922,0.051219627,1.0087055,0.18187785
1111,-6.6860967,-0.12353173,-1.4523374,-0.6672484,-0.20749247,0.2370435,0.016967732,-0.170568,-0.2600883,1.2133892,0.5419252
1112,-5.6800075,0.09952296,-0.82212186,-0.48114544,-0.23420206,0.17664814,0.3124757,0.08517626,-0.11990711,0.3197448,0.48862502
1113,-6.401503,-0.21449958,-0.9831443,-0.88475317,-0.055393286,-0.23103188,-0.063064605,-0.19383699,-0.21467967,0.26318857,0.39221978
1114,-5.2880363,-0.20200181,-1.167759,-0.6959815,-0.03219014,0.013895009,0.020422457,-0.38701323,-0.18384896,0.48369047,0.14572237
1115,-5.333248,0.03464541,-1.1743162,-0.4402119,-0.19318148,0.11607342,0.15889995,0.18972051,0.14225838,0.46492308,0.37158054
1116,-3.8784873,-0.34304115,-0.8521532,-0.28220558,-0.38987204,-0.0021683564,-0.019113783,-0.24313563,0.06473446,0.59041566,0.39849725
1117,-5.372814,-0.18626487,-1.1295642,-0.34507546,0.15173675,-0.13010827,-0.37744984,-0.060781322,-0.023189625,0.39937153,-0.004694554
1118,-4.44973,-0.1612088,-0.705644,-0.52196825,0.07032301,0.18616576,-0.07148138,-0.36700162,-0.063420825,0.6580866,0.33883816
1119,-8.004076,-0.35444874,-1.4518099,-0.9737731,-0.2256281,-0.22507016,-0.15855348,-0.17101231,0.42319354,0.77582276,0.49162266
1120,-4.231919,0.060866967,-0.91664267,-0.58652645,-0.11279802,-0.060728393,-0.19312981,-0.14012043,0.0070371227,0.19262311,0.359587
1121,-7.1383057,0.114630684,-1.3606312,-1.1245784,0.10680529,-0.23141359,0.3544855,-0.68239224,0.15393429,0.4617349,0.27523702
1122,-4.817578,0.12763767,-1.0535163,-0.061325982,0.2772501,-0.08040683,-0.09246835,0.15809904,-0.31322005,0.44986978,0.11927424
1123,-6.1418943,-0.14454782,-1.3149589,-0.62117535,-0.22125983,-0.14110798,0.050793063,0.118757814,-0.10868388,0.8601955,0.43576974
1124,-5.7886214,-0.08657704,-1.3391196,-0.56790143,0.34198612,0.36132258,-0.35498384,-0.45810032,-0.2309912,-0.018653635,0.116393566
1125,-8.799254,-0.38675746,-1.6174582,-0.6544303,-0.0024071508,-0.27212363,0.11952277,0.35725218,-0.027608978,0.617228,0.8425768
1126,-5.679273,-0.079954036,-1.1505421,-0.6503868,0.3990707,0.36108816,0.13886362,0.099040635,0.28890496,0.5442107,0.11363459
1127,-6.4458876,-0.023328014,-1.2326044,-0.33938932,0.19931813,0.27299166,0.25771433,-0.3681173,-0.32185206,0.33452773,-0.041497905
1128,-4.8165336,-0.092597686,-0.64800084,-0.48376927,-0.19657657,0.14041683,0.23108715,-0.022905504,-0.09911134,0.5406032,0.505804
1129,-6.0064955,-0.15501149,-1.0665847,-0.39627218,-0.19378042,0.16698597,0.23122242,0.18442543,-0.09783766,0.44348967,0.51239765
1130,-5.328837,-0.35082304,-0.6603101,-0.58589756,-0.37150368,0.17213973,0.17345777,0.08563018,-0.0303587,0.3013147,0.47637856
1131,-6.345362,-0.20154797,-1.4417241,-0.9093273,0.084527664,0.087463886,0.04952851,-0.21455215,0.20272493,0.56492394,0.48713514
1132,-5.923913,-0.06829174,-0.77911246,-0.70083034,-0.2034441,-0.0076083085,-0.33937347,-0.51998603,-0.11583759,-0.05230579,0.089575
1133,-4.67025,0.19433253,-1.3141972,-0.32158485,-0.18314865,-0.06468585,0.26613015,-0.11282233,-0.22633456,0.3682385,0.34589934
1134,-4.719428,-0.18731861,-0.8629301,-0.6031272,-0.052532148,-0.1451647,0.2716613,-0.05198986,0.21792364,0.4904597,0.2970756
1135,-5.2890882,-0.18619537,-0.7858084,-0.444949,-0.3352105,-0.38619602,-0.14047414,0.11585802,-0.34110025,0.49707317,0.27209267
1136,-9.1559725,-0.13601111,-1.8160008,-1.2270284,-0.2979921,0.16878705,0.11506821,-0.2125768,-0.20742808,0.96582514,0.90693414
1137,-5.4648867,-0.1448867,-1.3137075,-0.68220687,-0.17663278,-0.08529858,0.06811488,0.13853757,0.12872393,0.56374985,0.50562763
1138,-6.7631907,0.11334991,-1.4323138,-0.96455866,-0.09538418,0.26690018,0.19437748,0.1229658,-0.07756753,0.6646413,0.24123776
1139,-6.6662164,-0.26541853,-1.3698397,-0.87717384,-0.35520282,-0.077168584,-0.23357107,-0.037142284,0.16856652,0.9777954,0.3796771
1140,-5.6318426,-0.2587681,-1.2186177,-0.6684636,0.24615368,0.39472622,-0.42147878,-0.4134247,0.16736026,0.33192134,-0.10228627
1141,-6.60125,-0.6667713,-1.3532044,-1.0038282,0.03670261,0.2734185,-0.15671442,-0.068549596,0.29429817,1.2192619,0.14080755
1142,-4.3624897,-0.08400558,-0.79038286,-0.5048023,-0.34516776,0.012167255,-0.042670786,-0.27660847,-0.13890213,0.13782841,0.256703
1143,-4.820319,-0.13955611,-0.7720984,-0.36250252,0.07568921,0.019108023,0.030620191,0.005607932,-0.09554667,0.09965243,0.33941537
1144,-5.319571,-0.19520229,-0.9049998,-1.0660439,-0.29436135,0.004539161,0.08318469,-0.30745623,0.23741113,0.5674493,0.28740448
1145,-5.317699,-0.03550843,-1.2708429,-0.23022108,0.18629643,0.26284653,-0.28287116,-0.25164554,-0.15191534,0.19601773,0.29737422
1146,-6.2174354,-0.2297753,-0.98122716,-0.51206803,-0.5185414,0.13227016,0.23588215,-0.30255195,-0.28528115,0.58717513,0.05798516
1147,-4.8694544,-0.2959896,-0.8040084,-0.71665114,-0.17125846,-0.41366893,-0.14925976,-0.06729099,-0.068619646,0.18625313,0.26745838
1148,-4.4185343,-0.027747143,-0.87319016,-0.519445,-0.15889475,0.015669376,0.021887416,-0.2464385,0.2346078,0.4549935,0.44465104
1149,-4.615322,-0.12204647,-1.0328594,-0.27290478,0.38283694,0.0023239567,-0.19140813,-0.15363508,0.008095711,0.36747947,0.1795461
1150,-6.6376824,-0.12791285,-1.2063575,-0.38442734,0.27339193,-0.0960358,-0.05994522,0.13424791,-0.049427517,0.5022612,0.34815165
1151,-6.2932997,-0.2627262,-0.8468654,-0.5987655,-0.46563044,-0.29648006,0.11146902,-0.4311974,0.096585594,0.54622686,0.59169704
1152,-3.994404,0.006874303,-0.7954376,-0.23827788,-0.0061461204,-0.19317749,-0.061367877,-0.08637545,-0.35373086,0.07117662,0.25141552
1153,-5.6609855,-0.10542925,-0.8342472,-0.41241854,-0.2531911,-0.52022266,0.16434105,0.34845683,-0.37701115,0.29290548,0.30099222
1154,-6.238226,-0.18401626,-1.2939658,-0.69400704,0.059727218,0.27373022,0.3198273,-0.18984446,0.07141463,0.28782332,0.5799303
1155,-4.587692,-0.06610067,-0.8394139,-0.59682596,0.15090841,0.053865597,-0.050568335,-0.5848021,0.22235923,0.27714962,0.09055196
1156,-5.2046523,-0.2745457,-0.8825901,-0.63669896,0.0068564136,-0.21165733,-0.0393923,-0.19826396,0.036470897,0.4345064,0.321821
1157,-4.100528,-0.32094258,-1.086451,-0.54265094,0.20014673,-0.098836415,-0.1289368,-0.31986412,-0.026297292,0.2867032,0.4353315
1158,-3.718904,-0.32697853,-0.6113135,-0.36900818,-0.26797774,0.19717799,-0.07569305,-0.024037344,-0.1032765,0.2750418,0.24470446
1159,-5.6041384,-0.31929436,-1.2380966,-0.81101227,-0.04876336,0.023603229,-0.13282123,-0.21882445,0.27468744,0.605003,0.5362424
1160,-4.942077,-0.086183414,-0.8065132,-0.51345134,-0.0028205882,-0.1401402,-0.0005793758,0.11607928,-0.037007317,0.20537488,0.08293884
1161,-4.007424,0.10228926,-0.9242143,-0.06852224,0.27382562,-0.059826456,-0.22255962,-0.15168273,-0.22283237,0.010600371,0.09428298
1162,-5.9721084,-0.11725341,-1.1132255,-0.49150777,-0.43890384,0.10897931,-0.29790607,-0.22325502,-0.14386064,0.053288985,0.29277292
1163,-5.3587976,-0.011989954,-1.2798147,-0.3125531,0.16926837,0.3221119,-0.0048009492,-0.18473868,0.099632494,0.3578067,0.08145999
1164,-4.5696335,-0.18516323,-0.7916467,-0.528479,0.06331999,-0.20167798,0.043725114,-0.13324435,0.17767647,0.3071482,0.23473866
1165,-6.2250323,-0.22843304,-1.0159255,-0.97493833,0.00404757,0.13873987,-0.060576163,-0.073393926,0.17997609,0.61472565,0.47659707
1166,-5.2986436,0.051367097,-1.2393439,-0.42832163,0.007706227,-0.05793392,-0.44075307,-0.24361944,-0.15274242,0.5626345,0.12927686
1167,-5.7750216,-0.25899377,-0.84648305,-0.68138736,-0.12783174,0.1574038,0.36525723,-0.1178719,-0.2172098,0.48414153,0.54072815
1168,-4.5377836,0.10441171,-0.9029753,-0.1461613,0.006988222,0.12796667,-0.11243853,0.06552169,-0.17064819,0.17737027,0.15254691
1169,-4.929021,-0.026745372,-0.801289,-0.59968555,-0.24638188,0.37298977,-0.053371347,-0.64630497,0.16087952,0.7414034,0.28725323
1170,-6.60718,-0.15336862,-1.2501122,-0.92352504,0.29865903,0.6721117,0.16352838,-0.43994117,0.31448096,0.46996737,0.3575572
1171,-4.8702464,-0.24402119,-0.8735599,-0.60231453,0.0026634533,0.2594698,0.0039669084,-0.5801542,0.22272718,0.24983455,0.4194867
1172,-7.342317,-0.09661233,-1.291491,-0.5805181,0.16579968,0.08311165,-0.05909995,-0.5559819,0.018089635,-0.09385376,0.2869655
1173,-6.4135003,0.09870929,-1.2076472,-0.6838036,-0.22023903,-0.047128726,-0.38713032,-0.13948973,-0.10626949,0.28721917,0.20225619
1174,-6.2483826,0.023782473,-0.8316361,-0.532585,-0.34226203,-0.14086547,-0.06353229,-0.29306942,-0.109597936,0.52718973,0.22935621
1175,-5.9208994,0.03308983,-1.1370193,-0.4293523,-0.11695336,0.15742867,0.4529169,0.09665021,-0.19623978,0.32153207,0.33025748
1176,-5.1883984,-0.041884873,-0.7524334,-0.5249778,0.09880665,0.08863221,-0.23386134,-0.5792048,-0.29079568,0.10474595,0.24038528
1177,-6.0636287,0.15010178,-1.2780553,-0.31075415,-0.113906056,0.10262671,-0.01911414,-0.4509682,-0.20306113,0.24180724,0.26497537
1178,-6.129335,-0.34765235,-1.3849021,-0.48414117,0.19212735,0.12109317,0.0015727552,-0.14296395,0.18661742,0.2454616,0.2027573
1179,-4.7576723,-0.26563126,-0.8582004,-0.51039827,0.13742451,0.023706762,-0.113252625,0.06500775,-0.07728362,0.626353,0.36306167
1180,-6.0189667,-0.06861979,-1.1347961,-1.0285926,0.11469523,-0.2315185,-0.032156274,-0.16469768,0.113812335,0.5899423,0.14689407
1181,-4.7036095,-0.26710293,-0.9178228,-0.6788496,-0.07066437,-0.18747067,0.0659541,0.10351847,0.11743526,0.5802516,0.14953113
1182,-4.27905,-0.21475607,-0.7321451,-0.46651655,-0.1440035,-0.027462717,-0.24087505,0.025782706,-0.011763014,0.41804105,0.20972215
1183,-8.022139,0.18630087,-1.4434974,-0.6335062,-0.15197873,-0.5443097,-0.1392256,-0.38623434,-0.3128548,0.3215439,0.34226215
1184,-4.847889,0.036311474,-1.0924419,-0.654125,-0.06876418,0.3281719,0.020420011,-0.09697678,0.09273216,0.534348,0.40469542
1185,-7.0445275,-0.19231562,-1.2335186,-1.0144835,-0.23880087,-0.5662282,-0.10942497,0.0130799115,-0.2845254,0.4964096,0.5393697
1186,-4.7855897,-0.2549938,-1.0552067,-0.45270908,-0.21727887,0.0053301426,0.19640562,-0.23891397,-0.04817933,0.38691738,0.5187823
1187,-7.5944486,-0.043466184,-1.1634184,-0.66600305,-0.6148597,0.35545385,0.11080279,-0.65466166,-0.045368448,0.7977997,0.3058884
1188,-7.0753226,-0.08064456,-1.0487249,-0.3648223,-0.11080739,0.09697444,-0.39177844,-0.625534,-0.1464436,0.06504978,0.31143743
1189,-4.918906,-0.012563146,-1.0266707,-0.123018995,0.11617139,-0.11913951,-0.12157997,-0.071278036,-0.22495876,0.13942888,0.21818857
1190,-5.13455,-0.14180678,-1.2989355,-0.012629629,0.13791263,-0.13128965,0.11707539,0.21427411,-0.10233166,0.17318898,0.40324226
1191,-5.635907,-0.20742114,-1.1475683,-0.88547945,-0.009966688,0.5288365,-0.17061676,-0.3243044,0.43207562,0.6466229,0.1647366
1192,-7.8591065,-0.035434026,-1.3778352,-0.50733685,0.31882098,0.26253122,-0.17893285,-0.139195,-0.27156994,0.04674452,0.2807345
1193,-4.7743764,0.068251885,-0.91596127,-0.43387303,-0.5526187,-0.07937981,0.07890546,-0.15141395,-0.05018872,0.3505865,0.3950033
1194,-5.189854,-0.33891323,-1.010287,-0.1918751,0.14244036,-0.027648013,-0.2918164,-0.25427392,-0.23946498,0.37014428,0.07766529
1195,-6.999028,-0.24108501,-1.4969407,-1.1958325,-0.2636996,0.13556528,0.10789754,-0.55529875,0.12587339,0.42455643,0.35738933
1196,-6.4952903,-0.052157573,-1.6149949,-0.75320756,0.048586886,0.046096846,-0.031546835,-0.08396924,0.028620338,0.53942823,0.34986702
1197,-5.713501,0.02582306,-0.7778389,-0.3983422,-0.09196745,-0.3903308,0.11888007,0.061320677,0.05632302,0.44769037,0.4138415
1198,-7.0675607,-0.44022006,-0.9863996,-1.0682176,-0.22625087,-0.012196725,0.26142105,-0.36796626,-0.168876,0.50008667,0.5720178
1199,-7.5549183,-0.0120859565,-1.3566496,-0.89016813,-0.6014736,-0.3287831,0.1505909,0.27143535,-0.13983628,0.58948797,0.6871142
1200,-6.3147926,-0.30974224,-1.1964644,-0.74129725,-1.0955489,-0.046215955,0.32762226,-0.15106583,-0.33188522,0.46501538,0.74502224
1201,-6.1726713,0.0939445,-0.92562807,-0.6596851,-0.3081217,-0.24252476,0.07008852,-0.36001334,0.1501512,0.67984205,0.1990255
1202,-6.7026134,-0.11251585,-0.9157728,-0.7174731,-0.14950834,-0.27497387,-0.40523142,-0.18231791,-0.1716073,0.13060962,0.21507397
1203,-5.4192133,-0.24134596,-0.8474198,-0.45645544,0.1056281,-0.28587228,-0.11170667,0.21523044,-0.35974133,0.256571,0.3352777
1204,-6.3851395,-0.21883607,-1.4170445,-1.1868405,0.056015987,0.13193798,0.046420425,-0.8452605,0.40458962,0.29549688,0.4149641
1205,-6.143045,-0.18898815,-1.0762424,-0.7388365,0.062226173,0.15453751,0.24952435,-0.1253878,0.29492626,0.9029724,0.15073352
1206,-4.7739534,-0.20047775,-1.1455101,-0.17289653,0.087327234,0.21022925,-0.15662773,-0.07891756,-0.05649461,0.46718416,0.19450553
1207,-4.3320303,-0.111517884,-0.8434783,-0.56151366,0.18731953,0.30320567,0.13273786,-0.09421964,0.36317116,0.5906186,0.29256743
1208,-5.3669696,-0.04948603,-0.690484,-0.48363718,-0.28533307,-0.17065218,0.034776762,-0.30400744,0.03040455,0.3106475,0.44473502
1209,-3.515552,-0.016382731,-0.92055565,-0.52366936,0.04274168,-0.0049925726,0.09600957,-0.03480584,0.02109253,0.61774844,0.081345946
1210,-6.02385,-0.44801772,-1.3590105,-0.7267741,0.35166237,0.062311888,-0.11331363,-0.09426119,-0.106155336,0.18394445,0.21552783
1211,-4.7623954,-0.12286964,-0.6926926,-0.52183354,-0.23516044,0.11064638,0.004204486,-0.3123119,-0.13175316,0.027902849,0.35160223
1212,-4.742751,-0.06329986,-0.7715459,-0.34150636,-0.3209257,-0.0109398365,0.2828408,-0.39333287,-0.255648,0.223786,0.2994751
1213,-7.6781883,-0.07755523,-1.4343724,-1.0233433,-0.20368998,0.28116256,-0.31697658,-0.15458798,-0.090614304,0.85280025,0.55642056
1214,-3.984892,0.08468994,-0.88731664,-0.5902536,-0.09425976,0.10552151,-0.1664895,-0.4510946,0.12056165,0.090830594,0.2501799
1215,-6.115567,-0.28607687,-1.1702387,-0.90312624,-0.49162477,-0.42558837,0.33590126,-0.17893355,-0.21135496,0.40441647,0.40453404
1216,-5.7856293,-0.48380414,-1.1480545,-0.4953177,-0.19593592,0.023410505,-0.1634499,0.4966605,-0.28709465,0.7479277,0.1537105
1217,-4.357185,0.036262244,-0.8228563,-0.6034753,-0.13323908,-0.12230694,-0.008721513,0.039769888,-0.17259546,0.2848454,0.27558634
1218,-6.038907,0.30369163,-1.2663407,-0.40533507,0.031594474,-0.073701106,-0.07768424,-0.32955438,-0.008083973,0.4173484,0.1976513
1219,-7.7720323,-0.08502738,-1.5006862,-0.83791596,0.31061277,0.3194322,-0.43358058,-0.71484864,0.06944357,0.42460346,0.12948294
1220,-6.7455425,-0.15740351,-1.0328109,-0.8467115,-0.19413655,-0.16264342,0.04000538,-0.5974381,-0.13132797,0.18863712,0.36890557
1221,-6.7299542,-0.13739195,-1.2641559,-0.6363813,0.03855672,0.3420009,-0.26168153,-0.3305016,-0.1728359,0.27094215,0.29167685
1222,-3.8267117,-0.18961056,-0.7635858,-0.39749467,-0.03289488,0.22767109,0.16781352,-0.19240919,-0.057440914,0.3537037,0.31343177
1223,-5.3902063,-0.11456037,-0.96381104,-0.6410212,-0.1832147,0.007225393,0.19908819,-0.28342196,-0.11617787,0.18693404,0.3261832
1224,-4.403205,0.11090818,-0.80729854,-0.36158517,-0.034926027,-0.18868318,-0.057400756,-0.4689412,-0.03822788,0.32979193,0.31187308
1225,-7.2281647,0.09219915,-1.0474546,-0.8617851,-0.19305977,-0.119509876,0.2068839,0.12463452,-0.037700906,0.63745975,0.4169935
1226,-5.8817344,-0.16001071,-1.366559,-0.56734294,-0.23979822,0.586032,-0.24864368,-0.83079743,0.22440085,0.3576032,0.17674413
1227,-6.2722945,-0.32168487,-1.0738353,-0.5369785,0.045698464,0.017876385,-0.41108412,-0.2024488,-0.28111148,0.180559,0.2166277
1228,-7.048301,0.19619772,-1.5450155,-0.65344065,0.17586125,0.32400793,-0.24963509,-0.15714148,-0.0010352507,0.20652805,-0.06998898
1229,-4.4325147,-0.26281643,-1.0449413,-0.63008165,-0.38290355,-0.28250736,0.058587752,0.042566612,0.010605717,0.56949157,0.14819597
1230,-4.5609107,-0.36008132,-1.0318149,-0.5700841,0.07503954,0.26769406,0.026673838,-0.22539116,-0.010213153,0.47485244,0.42135605
1231,-5.645925,-0.18764605,-1.2446698,-0.4179423,-0.095072836,0.30882955,0.083607405,-0.11361418,0.08451666,0.38802528,0.16205196
1232,-4.662956,-0.10850953,-1.1597202,-0.67079824,-0.009831423,-0.100269735,-0.31257656,0.2119092,0.28654715,0.64876056,0.050625574
1233,-5.3959246,-0.06918828,-1.1402824,-0.35670254,-0.3493917,0.14745441,0.054119345,-0.1835969,-0.35022742,0.3067267,0.375483
1234,-5.1836705,-0.20063983,-1.1764534,-0.6913735,0.14768742,0.19875515,-0.1012225,-0.029983705,0.249457,0.64321345,0.2997325
1235,-5.1333966,0.15023123,-1.2401311,-0.51412326,0.08062943,0.026116371,-0.20985575,-0.3449821,0.15902032,0.41749722,-0.097907886
1236,-5.8398,-0.62483865,-0.9190445,-0.5839475,-0.38477835,0.08361097,-0.01416872,-0.09183827,-0.017760275,0.28272137,0.25852123
1237,-5.353652,-0.07590654,-1.0521296,-0.74363476,-0.01157058,0.073152654,-0.20495422,-0.39525184,0.059176758,0.40440756,0.016526012
1238,-6.783526,-0.1151325,-1.2131954,-0.99264884,-0.44711614,0.34691918,-0.061736412,-0.69575596,-0.28829095,0.34535247,0.35200098
1239,-5.3735023,-0.1720815,-0.9703812,-0.662428,-0.4512714,-0.12935802,0.07485667,-0.17397377,-0.145806,0.41060492,0.44073594
1240,-7.56908,0.15748322,-1.3294468,-0.76911473,0.57730937,-0.44374937,-0.13646929,-0.22140174,0.27029055,0.16331108,0.1130468
1241,-5.4755454,-0.209808,-1.1432202,-1.0605929,0.12490373,0.08827526,-0.38408402,-0.62142897,0.46840394,0.5430805,0.15053591
1242,-7.329152,-0.08800012,-1.4362205,-0.8350188,-0.57087576,-0.03453618,0.27171943,-0.1562762,0.03320963,0.40099347,0.7171231
1243,-4.7743545,-0.061181996,-0.7711701,-0.48848844,-0.3487321,0.020431563,0.26412237,-0.20806572,0.09753001,0.3678579,0.2983891
1244,-5.6445193,-0.25876987,-0.70322126,-0.5730953,-0.07409658,-0.20268151,0.045982566,-0.3183461,0.10990125,0.508041,0.60896426
1245,-5.124554,-0.04072248,-1.3053794,-0.5186274,-0.023608238,-0.16734038,0.00313295,-0.27574638,-0.27681032,0.3926851,0.11284183
1246,-3.5749407,-0.10971843,-0.73179823,-0.40028077,-0.19197927,0.16940881,0.22983031,0.114471436,-0.18966,0.37333712,0.33536407
1247,-4.882233,-0.07448607,-1.0639054,-0.24283767,-0.0021646102,-0.14888251,0.102742456,0.09563076,-0.013384802,0.34342176,0.3779405
1248,-5.970746,-0.16247967,-0.32164055,-0.8220625,-0.7343125,-0.4505607,-0.04085619,-0.2297792,-0.30174497,0.49284327,0.5654261
1249,-8.356305,-0.26285622,-1.5970902,-0.9300735,-0.46980798,0.2871272,-0.53900814,0.1178119,-0.13762312,0.5736201,0.4801031
1250,-5.649773,-0.26876217,-1.1022283,-0.8544789,-0.013985034,-0.110594034,-0.24084286,-0.3487461,0.37030384,0.32349646,0.44242963
1251,-6.209137,-0.19580866,-1.2635049,-0.7917812,-0.44975024,0.04290634,0.095114864,-0.5094691,0.10458396,0.16455378,0.16896744
1252,-5.8267274,0.10530213,-1.441068,-0.41698936,-0.15080751,-0.23124823,-0.094340555,-0.019542413,-0.23907338,0.40102214,0.19365759
1253,-5.7195997,-0.37248275,-1.3884059,-0.9325725,0.18767157,0.093611196,-0.08968546,-0.24523613,0.33837122,0.6452399,0.07064385
1254,-4.4562855,0.081675656,-1.1456996,-0.43829316,0.082740836,-0.28072792,-0.10470566,-0.26596713,0.007934715,0.05800312,0.4996512
1255,-4.003459,-0.021854047,-0.87245345,-0.48331267,-0.21799561,0.19472037,0.121851094,-0.14181823,0.029202804,0.27947557,0.32805362
1256,-6.4908686,0.011439103,-1.4377681,-0.78380567,0.36573908,-0.37843376,-0.11765375,-0.21203165,-0.18702729,0.5746805,-0.11674272
1257,-6.65953,-0.4594074,-1.1451373,-1.2173506,-0.11916643,0.40233052,0.0066785538,-0.3760033,-0.00039969198,0.5361121,0.562236
1258,-5.1645846,0.031805765,-0.9912685,-0.7107149,0.24339102,-0.112531856,-0.15985821,-0.1992259,0.17898718,0.3279539,0.3378517
1259,-5.806276,-0.14674501,-1.1078483,-0.41848364,0.31963658,0.1682986,-0.28285494,-0.20582187,0.31025547,0.610371,0.0048599653
1260,-5.483558,-0.4067164,-1.1158272,-0.7275485,-0.39407572,-0.22817269,0.12736501,-0.23689169,0.0941708,0.48477638,0.51117754
1261,-5.8904266,0.00078016333,-1.2730879,-0.75487417,-0.26582155,0.3186955,-0.25452092,-0.30572137,-0.009376032,0.5413369,0.4247932
1262,-4.3578906,0.16032594,-1.0306815,-0.602348,0.121090464,0.039872993,-0.2366269,-0.46249786,0.010577243,0.010732668,0.061091587
1263,-5.3791947,-0.21412297,-0.9027825,-0.5681618,-0.18655509,0.32795894,0.21257235,-0.11677454,0.20068769,0.5248679,0.5255895
1264,-5.084304,-0.08633531,-1.218114,-0.47600853,0.23028427,-0.19226371,-0.018637385,0.05153235,0.046146438,0.271053,0.20232072
1265,-3.1210847,-0.112703845,-0.9139157,-0.3664116,-0.17618868,0.085401334,-0.0067030927,-0.05730041,-0.11529726,0.28287503,0.33519137
1266,-6.207205,-0.22522882,-1.1832098,-0.2133171,-0.1518761,-0.23868683,-0.34970683,-0.16805516,-0.30546308,0.33633128,0.32619035
1267,-5.187794,-0.18570474,-0.96934,-0.5667519,0.115668885,0.44804126,-0.0751993,0.025722492,-0.09234367,0.19998291,0.44490477
1268,-8.61314,-0.020620883,-1.6717687,-1.1902387,-0.3699347,-0.5792145,-0.13576843,-0.016023042,-0.29867524,0.4791415,0.82618153
1269,-5.2734966,-0.030098375,-1.012431,-0.32054928,0.11057623,-0.22630845,-0.07805526,0.19272694,-0.18719172,0.19309331,0.040488273
1270,-6.1462655,-0.074351035,-1.0897857,-0.50051713,-0.1585656,-0.112036735,0.23089679,0.040979363,-0.2347456,0.50854486,0.30197027
1271,-5.5324664,-0.14516824,-1.3339922,-0.715977,0.31341904,-0.007191469,-0.17559548,-0.207162,0.047167074,0.02960905,0.36745867
1272,-6.5510817,-0.27338842,-1.3882625,-0.382745,0.4732441,-0.13628332,-0.45755386,-0.1932098,-0.34142628,0.033102997,0.1962225
1273,-5.3122406,-0.071163766,-1.0846893,-0.7402999,-0.33732542,-0.19972348,0.046742126,-0.17198768,-0.053451285,0.23336433,0.381797
1274,-5.2179856,-0.26891133,-0.82039255,-0.76453006,-0.32243806,0.06523298,-0.0714638,-0.25693065,0.2590683,0.6770983,0.17078325
1275,-4.42935,-0.19277701,-0.8695655,-0.6717176,-0.26069176,-0.03745937,0.08124784,0.0143051725,-0.10255578,0.32224503,0.37398097
1276,-5.3969765,-0.33382964,-0.9310167,-0.69010293,-0.2849212,-0.04170905,0.101110585,-0.35279936,-0.1262731,0.6799695,0.5575914
1277,-8.007345,-0.42396563,-1.4203944,-0.5363316,0.14367506,0.5137313,-0.13441373,-0.121592455,-0.12712279,-0.008763987,0.033485934
1278,-5.72117,-0.21861579,-1.0109645,-0.3561703,-0.2782924,0.16546811,0.19301532,-0.2539948,-0.34775972,0.54510087,0.13140555
1279,-4.794051,-0.23924582,-0.7049283,-0.53335065,-0.20219667,-0.091740154,0.044079933,-0.5306501,0.052138776,0.03723428,0.4527889
1280,-6.1613526,-0.061584305,-1.1648726,-0.50431705,-0.11489131,0.13775113,0.16597597,-0.3141151,-0.039471544,0.4036029,0.21410698
1281,-3.47268,-0.15552166,-0.6448568,-0.50542486,-0.11452821,0.38118273,0.15211536,-0.26968893,0.107148476,0.3303646,0.29510114
1282,-4.406975,-0.122314155,-0.9447338,-0.35345492,0.17548257,-0.1881599,-0.053454988,-0.10334519,-0.12325759,0.44770506,0.38314903
1283,-6.332775,-0.0031495607,-1.2695719,-0.50823814,0.024628835,0.07713078,-0.075690866,-0.12211751,0.03614814,0.021910474,0.24439064
1284,-4.7637076,-0.11121717,-0.9538032,-0.54406476,0.2525934,0.15357506,-0.31014967,-0.06089884,0.038305253,0.42212275,0.22830339
1285,-6.5427074,0.08627932,-1.3408216,-0.6315273,0.2005245,-0.059837267,-0.031066332,-0.4227657,-0.16971906,0.33415565,0.26801756
1286,-5.738383,-0.20829041,-1.0585117,-0.44854474,-0.057477303,0.6711539,0.09873654,0.14243916,-0.008510198,0.13010013,0.4247099
1287,-4.46975,-0.11078739,-0.61659545,-0.30730078,-0.36472067,-0.31699693,0.11431087,-0.14388119,-0.103690326,0.42627555,0.24440764
1288,-5.107543,-0.030142471,-1.2145399,-0.5351586,-0.21598722,0.26395774,-0.11680593,-0.37320027,-0.013255736,0.4882183,0.359716
1289,-4.793205,-0.009278062,-1.2643552,-0.22291493,0.008856752,0.0097704055,0.045688096,-0.122242786,-0.19226357,0.51685476,0.16191499
1290,-7.520934,-0.13992894,-1.4554188,-0.23089398,0.13800275,0.18954131,-0.33307877,-0.060999088,-0.26959193,0.582879,0.22086664
1291,-6.216804,0.01718494,-0.6766486,-0.7082319,-0.44925705,-0.19049233,0.20463291,0.18075894,-0.5419293,0.30274668,0.21988873
1292,-5.6946096,-0.23991859,-1.834726,-0.29775342,0.14836532,0.3326869,-0.047609966,0.00054320786,-0.19029701,0.34174234,0.016091064
1293,-8.368916,-0.26571023,-1.0060693,-0.65178716,-0.71808994,-0.20525368,0.27418888,-0.19129786,-0.62056637,0.42785093,0.70963806
1294,-4.362156,-0.16842361,-0.865638,-0.8252376,-0.19986121,0.3033182,-0.09385943,-0.34422112,0.33261532,0.43636012,0.5425567
1295,-5.7079196,-0.1833788,-1.2251872,-0.61076254,-0.014582451,-0.04722578,-0.07273291,-0.10835881,0.20357893,0.3511987,0.5419326
1296,-3.970438,-0.015325,-0.5168799,-0.55333793,-0.5544827,0.022869028,0.1402,-0.2219823,0.12992561,0.27268657,0.3779496
1297,-4.6792536,0.05076127,-0.7362413,-0.24933758,-0.027872471,-0.0688223,-0.25944155,-0.3854199,-0.22006953,0.31970856,-0.15796037
1298,-6.5119762,-0.20959371,-1.0912522,-0.42545772,0.16284797,-0.1668116,-0.30527136,-0.3652393,-0.22990206,0.0040180683,0.61671776
1299,-6.159294,-0.081428744,-1.8149608,-0.7399025,-0.2646404,-0.25801337,0.4547439,0.1954931,-0.15961538,0.5300618,0.29962423
1300,-4.789314,-0.043012965,-0.8199672,-0.549902,-0.57782555,0.08876786,0.31283316,-0.32028922,-0.13340804,0.4862293,0.23639664
1301,-5.1781507,-0.36499065,-1.0653317,-0.4753632,-0.2565384,0.36167985,0.263068,-0.024182653,-0.035648458,0.47231707,0.6704637
1302,-4.597756,-0.27802122,-1.098474,-0.44529167,0.084360026,0.07740211,-0.27527148,-0.18738706,0.00672595,0.20069236,0.15538087
1303,-4.26329,-0.32317874,-0.9804164,-0.60271144,0.09350641,0.00043586176,0.03914544,-0.18805508,0.0052101808,-0.045129687,0.13576366
1304,-5.2008367,-0.2241839,-1.1929182,-0.65027404,-0.26183534,-0.01495247,0.03577435,-0.42009565,-0.039347492,0.51999533,0.3704304
1305,-6.3880343,0.059009712,-1.1352845,-0.5991012,-0.18142685,-0.09459881,0.030045755,0.03429313,-0.32788518,0.58212894,0.042020604
1306,-5.396349,-0.23169702,-1.0431788,-0.61992264,-0.6512022,0.07545599,0.27521053,-0.3839673,-0.02592135,0.29506344,0.59322983
1307,-5.5111036,0.010711815,-1.1206573,-0.7090743,-0.3287064,0.09223264,0.026052471,-0.3149003,-0.17874771,0.39467606,0.39693868
1308,-7.2352724,0.04307969,-1.9075938,-0.83121264,0.26814926,0.11833337,-0.42607254,-0.37269208,0.015158834,0.73639244,0.114075
1309,-5.5346737,-0.32755074,-1.4783041,-0.22898751,0.020297859,-0.1919114,-0.19253814,0.16216408,-0.32021883,0.15968359,-0.044799317
1310,-6.67755,-0.06277948,-1.6335152,-0.42992783,-0.28598484,-0.29997152,-0.05339311,-0.035528474,-0.30440637,0.92162895,0.2622899
1311,-6.243493,0.23243551,-1.2546889,-0.60660464,0.0058347816,0.5112446,0.10227942,-0.33924714,-0.14375794,0.42229226,0.03387599
1312,-4.8158116,0.0015926282,-0.9110275,-0.4054993,-0.30787805,-0.13046634,0.17497826,-0.4732259,0.052385077,0.12983279,0.48082155
1313,-4.6781316,-0.16953398,-0.87919444,-0.65334487,-0.057469457,0.26557165,0.18204907,-0.18335475,0.24182516,0.54073805,0.38115692
1314,-4.0355973,-0.14348018,-0.81748974,-0.5423194,-0.28979823,-0.04413055,0.15832563,0.034964267,0.0062318416,0.39546275,0.3459491
1315,-5.6498966,-0.4904597,-1.5966665,-0.9072284,-0.49262187,0.07308694,0.23851036,0.02975004,0.08229708,0.78936094,0.41450834
1316,-6.0545216,-0.11739282,-1.3511546,-0.8016322,-0.56359285,0.22260605,0.24650182,-0.36794537,-0.042249747,0.8805296,0.9217331
1317,-5.6039944,-0.12133969,-1.0161027,-0.6802489,0.08179724,-0.17078528,0.17777866,-0.07597588,-0.09327468,0.52020633,0.32213464
1318,-6.824206,-0.26463535,-1.2072653,-0.7896069,-0.35809076,-0.076381624,-0.051034585,-0.30752558,0.041103996,0.65832967,0.7467665
1319,-4.186199,-0.10401052,-0.88799006,-0.5480933,0.04489434,-0.26242876,-0.12145526,-0.0887011,0.2653123,0.35968062,0.24448645
1320,-4.68516,-0.12075856,-0.7249252,-0.5757928,-0.25793266,-0.2024911,0.043947726,-0.16858149,0.043903492,0.45417345,0.14535885
1321,-5.6414437,-0.15433879,-1.4299304,-0.61094004,0.45444566,-0.17496072,-0.430199,0.018192805,-0.1813083,0.029469345,-0.042366132
1322,-3.9583044,-0.2477075,-0.8420105,-0.15854053,-0.2792874,0.05695226,0.3405742,-0.15776753,-0.04597345,0.37067094,0.29477495
1323,-5.5043993,-0.14903715,-1.1466885,-0.36107165,-0.26723424,-0.09231147,-0.2397239,-0.041436344,-0.1943937,0.43268862,0.041741893
1324,-5.375708,-0.13931632,-0.76600105,-0.7589609,-0.024408074,0.113334954,-0.24461375,-0.28473625,0.23446266,0.59455025,0.29511487
1325,-4.6010513,-0.088788964,-0.94711834,-0.49421406,0.02944571,0.025788773,0.11601561,0.17699677,-0.1635735,0.5410594,0.45564523
1326,-5.174216,-0.4115617,-0.95793456,-0.65561754,-0.67024326,0.14988698,0.35201687,-0.47957718,-0.15309028,0.29561982,0.6103189
1327,-5.8425364,-0.28847075,-1.3769175,-0.8912427,-0.12136682,-0.1844946,-0.1400669,-0.0767414,0.06344192,0.595142,0.16910374
1328,-6.142647,-0.35458636,-1.5767735,-0.7102667,0.013809942,0.09891032,-0.20304699,-0.25512782,0.3045346,0.6155171,0.4863292
1329,-6.8311267,-0.14429805,-1.0913287,-0.7456473,0.08276876,0.11760494,0.2661462,-0.3555493,-0.21218726,0.24142668,0.3106166
1330,-6.3895507,-0.20544562,-1.3631445,-0.86358994,0.0009873072,0.24745415,-0.13235633,-0.3769007,-0.15178473,0.4817038,0.2687017
1331,-5.999324,-0.45168224,-1.0881773,-0.80529,-0.26789242,0.015443951,0.36199728,-0.027544288,0.15070187,0.60542357,0.6443962
1332,-3.9365752,0.013613331,-0.70168656,-0.475963,-0.057122134,-0.28274965,0.2234784,0.07925006,-0.06783218,0.17155348,0.15388021
1333,-5.845249,-0.32409975,-1.5185916,-0.89741933,-0.034376156,0.09056961,0.09419049,-0.25177258,0.101676114,0.56626016,0.13146389
1334,-5.407619,0.11891557,-1.0316906,-0.63597196,0.07815463,-0.3640688,0.063903324,0.041326873,0.22110966,0.4902977,0.06510893
1335,-6.733871,-0.14860214,-0.92203623,-0.7513587,-0.32048056,0.07389944,0.08391292,-0.028251732,0.037233077,0.47397828,0.3294948
1336,-4.31273,0.03848562,-1.042413,-0.5894328,0.026273387,0.031429008,-0.27799544,-0.46709028,0.12061168,0.41213346,0.43785232
1337,-6.9754677,-0.18541025,-1.4260153,-0.29590282,-0.13195777,0.18806879,0.019254837,-0.4385139,-0.2290898,0.069127806,0.31682736
1338,-6.082644,-0.14215231,-1.119386,-0.80057275,0.12914456,0.08292911,0.15907787,-0.38991565,-0.12609659,0.56246877,0.29074034
1339,-5.1176376,-0.18030965,-0.82755864,-0.47591862,-0.27995467,-0.07817026,0.022754598,0.11438059,0.031792086,0.55030805,0.35606858
1340,-7.569061,0.104605615,-1.3736383,-0.8413371,0.04037703,-0.39136255,-0.47739285,-0.36024356,-0.3602436,0.18479285,0.2541638
1341,-5.782043,-0.34388876,-1.1182561,-1.0430858,-0.2157582,0.18148342,-0.1614105,-0.19473752,0.37748232,0.7098934,0.25918025
1342,-6.8664246,0.11327931,-1.4142345,-0.5085115,0.2318964,0.26495034,-0.1675071,-0.25052512,0.09429741,0.87904024,0.33806172
1343,-5.2749887,-0.26471373,-1.1264371,-0.56179214,0.15796143,-0.08245861,-0.07634735,0.04294844,0.050320543,0.39405215,0.25692743
1344,-5.455967,0.027863503,-0.9057343,-0.5272051,0.14754514,0.074170165,-0.19579735,-0.14923057,-0.052608907,0.5512261,0.102030315
1345,-6.5340133,0.005100322,-1.0819873,-0.6908752,-0.4665307,0.023375314,0.10838523,-0.067858875,0.117826335,0.84411657,0.34697974
1346,-4.0525393,0.009738437,-0.8246119,-0.3414747,-0.031703033,0.16302557,0.059070256,-0.3522381,-0.2261025,0.17763644,0.23757146
1347,-4.247952,-0.18515484,-0.5628769,-0.38843322,-0.3921993,-0.17137972,0.0046123234,-0.14687751,-0.18501167,0.19095609,0.1642568
1348,-4.653075,-0.11254032,-0.68596655,-0.46542937,-0.5107971,-0.09853424,0.41067353,-0.011773344,-0.27212712,0.33698168,0.37412918
1349,-6.7350817,0.07456046,-1.7504314,-1.2556365,0.06828692,-0.33745456,-0.15954973,-0.46897966,0.15516338,0.6463787,0.044373065
1350,-6.525643,-0.2885437,-1.4995884,-1.0061952,-0.43045866,0.07731179,0.16429004,-0.22894531,0.42099887,0.75715846,0.34015504
1351,-4.13374,0.17895944,-0.9185269,-0.44294727,-0.02131898,0.038304422,-0.010983522,-0.076900475,-0.21922094,-0.06615933,0.14084333
1352,-7.269859,-0.44090477,-1.2322447,-1.1443982,-0.11200055,0.086133026,-0.08922963,-0.017643139,0.22548234,0.8025348,0.204269
1353,-5.293763,-0.16338159,-1.1462871,-0.7255503,-0.11499009,0.10100492,-0.1359935,-0.28548625,0.22304551,0.61266744,0.07910786
1354,-6.2761693,-0.34594998,-1.4186689,-0.711068,-0.3130408,-0.15597151,-0.33081648,-0.3391742,-0.050910443,0.44287127,0.36057803
1355,-6.1185102,-0.26759136,-0.86573607,-0.7152183,-0.34084797,-0.21676822,0.1260126,-0.29787526,0.07430966,0.39808398,0.36392236
1356,-5.8042793,-0.07834379,-0.8625103,-0.4286669,0.16400689,-0.21868704,-0.22699025,-0.20267487,-0.14043562,0.16343188,0.16037488
1357,-6.3800316,-0.32586288,-1.0924757,-1.0159872,0.10344327,0.010365401,0.07808486,-0.1436893,0.4069022,0.7069246,0.6338651
1358,-7.27572,0.0056743785,-1.4379956,-0.8071845,-0.29068056,-0.18101846,-0.1283486,0.025726607,-0.16971952,0.3916681,0.8072841
1359,-6.837304,-0.121985,-1.489487,-0.20522626,0.16714595,-0.2403782,-0.23038636,0.11008012,-0.31966686,0.023723576,0.45316228
1360,-5.2303467,-0.08249404,-0.8860788,-0.61252606,-0.5730136,0.15603757,0.13734592,-0.25815734,-0.26256654,0.4240885,0.55674887
1361,-4.962716,-0.18496147,-1.1283652,-0.509688,-0.086332574,0.3895809,-0.23393779,-0.42793065,-0.042668633,0.13067031,0.15638031
1362,-6.502288,0.23521551,-1.11793,-0.24921408,0.036063164,-0.13443416,-0.21565048,-0.26237956,-0.30683064,0.5176235,0.027082482
1363,-6.5796366,-0.36229414,-1.1392223,-0.7062029,0.25967044,-0.27389354,-0.018892031,0.29683492,-0.069735065,0.39375195,0.37273836
1364,-5.394718,0.06094781,-1.0934975,-0.66175425,-0.12217393,-0.2507819,0.10604173,-0.3400419,-0.12595552,0.2899497,0.4973756
1365,-5.7476916,-0.5060337,-0.8709838,-0.40611193,-0.48031598,-0.025422033,0.13996091,-0.13462202,0.0056585316,0.5699024,0.41949844
1366,-4.5835195,-0.36409703,-0.6107861,-0.7216196,-0.33391824,-0.11233349,-0.49425253,-0.16309646,0.02113582,0.58021635,0.32726952
1367,-6.578528,-0.19654447,-0.8168018,-0.5615158,0.085702345,-0.0008229278,0.17399237,-0.21445017,-0.055507384,0.23242898,0.15129675
1368,-5.3515916,-0.24270661,-1.2675598,-0.74046683,0.088363595,0.21434824,-0.30149963,-0.2769582,0.28463584,0.5215402,-0.027864713
1369,-7.705008,-0.2963984,-1.1231802,-0.45407015,-0.10512874,-0.49143887,-0.07311819,-0.11270006,-0.3321151,0.29108962,0.74150413
1370,-5.6105156,-0.2106429,-1.1094456,-0.8905079,-0.45133066,-0.01745399,-0.16021389,-0.50406235,0.4081933,0.52765554,0.83186376
1371,-5.1319976,-0.007899155,-1.1124307,-0.42551073,-0.3213135,0.071103424,-0.0100788055,0.061982244,0.029574635,0.52185565,0.2891161
1372,-5.4179654,0.27643937,-0.9037661,-0.3504715,0.07482789,-0.104522385,-0.07198201,0.060290754,-0.23008151,0.3943449,0.18902224
1373,-6.2272086,-0.21056437,-1.5604583,-0.85478824,0.15942334,-0.12921877,0.005877789,-0.2877869,-0.07600179,0.06908791,0.21682835
1374,-7.287493,-0.23879103,-1.5744336,-0.8562284,0.18163155,-0.3324412,-0.1723754,0.21498509,0.38116795,0.99290395,0.07912816
1375,-4.3764944,-0.26330012,-0.9434844,-0.41983685,0.1813692,0.22570641,-0.13498357,-0.5459013,0.13962556,0.40437135,0.19939373
1376,-4.6899195,-0.2522348,-1.1267977,-0.8850954,-0.0022891234,-0.33672905,-0.30603608,-0.031562738,0.23220521,0.5089065,0.17674261
1377,-4.8327994,-0.24394007,-0.8793047,-0.39216498,-0.13716817,0.15604024,0.20631093,-0.002012604,-0.10435254,0.3181323,0.6067928
1378,-5.3888154,-0.27956414,-0.94667923,-0.35140195,0.16721365,0.05189428,-0.105559416,-0.22453313,-0.040169448,0.14939469,0.25551847
1379,-4.8408513,-0.045034587,-0.96392787,-0.62150705,-0.06082812,-0.1813078,-0.22547565,0.07184796,0.084866375,0.61920506,0.046413373
1380,-6.2552876,0.20096906,-1.3869072,-0.6741434,-0.14648421,0.4249555,-0.22093964,-0.2729688,-0.06256358,0.54557663,0.016608015
1381,-5.336311,-0.06971391,-1.1535357,-0.44131264,0.23362438,-0.0035054618,-0.17225173,-0.25083855,-0.053005666,0.12855233,0.36147752
1382,-5.992216,-0.21315105,-1.6390522,-0.46302238,-0.10416788,0.40739864,-0.24114706,0.265936,-0.009827543,0.76117104,0.69468194
1383,-4.326154,-0.16467161,-0.85997146,-0.4838021,-0.18126625,0.055360604,-0.032942764,-0.016584186,-0.13037317,0.55353445,0.3984115
1384,-6.010611,0.12790169,-1.2201989,-0.6414138,0.10968169,0.049778625,0.012059705,-0.110412896,0.017225124,0.65272856,0.26658714
1385,-5.447133,-0.35651276,-0.8572722,-0.6901513,-0.34045815,0.26923686,0.0506484,-0.6709059,0.117093645,0.707409,0.47585738
1386,-3.516255,-0.0062548006,-0.77394986,-0.51698184,-0.35313618,0.13871431,-0.09819454,-0.487799,-0.009155795,0.31663704,0.42582628
1387,-5.2136884,-0.22586899,-0.76834863,-0.495624,0.14783561,0.08922886,-0.219006,-0.2722547,-0.021438653,0.52973336,0.040399533
1388,-4.622605,-0.0015591942,-0.97580403,-0.54330283,-0.121787734,-0.092950314,-0.04670493,-0.19812843,0.03830505,0.3318384,0.3176663
1389,-6.5583625,-0.15532777,-1.4453053,-1.1785873,0.110593215,0.06349017,-0.22261839,-0.069394864,0.35335836,0.7333319,0.5145018
1390,-5.0277147,-0.020351246,-0.7810987,-0.5642999,-0.42574802,-0.014146496,0.012399738,-0.40356886,-0.029561376,0.3472341,0.34172642
1391,-5.2403464,-0.1889216,-0.9992649,-0.3655659,-0.29630986,-0.050963942,-0.027083911,-0.020022815,0.013047897,0.8616389,0.2562336
1392,-4.428438,-0.11880623,-1.3188778,-0.6903699,-0.2650745,0.14579786,-0.064684354,-0.3675639,-0.033573955,0.5391191,0.62862384
1393,-6.0595765,-0.21126446,-1.4193084,-0.8860393,-0.15140964,0.03349177,0.038698044,-0.42013386,0.088931255,0.5651353,0.36986706
1394,-5.162249,-0.07530152,-1.0030731,-0.72832805,-0.5706852,-0.27159697,0.34097204,-0.2659276,-0.28808698,0.13495797,0.7588072
1395,-5.639522,-0.2471001,-1.0413237,-0.537052,0.01999886,-0.17143758,0.0001285281,-0.30239123,-0.14385007,0.23952588,0.10405854
1396,-5.726052,-0.11650741,-0.78123516,-0.5933039,-0.044178225,0.061774965,0.15387464,-0.11883917,-0.23162495,0.145064,0.71335185
1397,-8.258855,-0.72493047,-1.7970402,-0.58302647,-0.49678123,0.54399496,0.17551333,0.018034521,-0.42857322,0.4129908,0.49334082
1398,-4.446606,-0.102414936,-0.84050596,-0.3563649,-0.40228108,0.37540132,-0.01876185,-0.5066187,-0.016190546,0.15992163,0.15740679
1399,-5.0073705,-0.10706133,-1.1271238,-0.3488202,0.363361,-0.13725351,0.020565663,0.060941167,-0.053864494,0.16321848,0.19286308
1400,-6.576613,-0.5036559,-1.3573124,-1.2793958,-0.09035861,0.16975495,-0.0011308901,-0.6737012,0.26229632,0.7337777,0.52367073
1401,-7.182138,-0.0051970165,-1.3222017,-1.0253323,-0.02438553,-0.21097115,-0.107821934,-0.46563935,0.04875832,0.30465043,0.4904518
1402,-7.0372934,-0.25971746,-1.2875007,-0.62041545,-0.010767756,-0.19864836,-0.17274609,-0.4810925,-0.051239334,0.4472944,0.4030446
1403,-7.8972087,-0.186752,-1.827591,-0.8748201,-0.17538773,-0.061714523,-0.1268044,-0.48584333,0.030345004,0.6055707,0.60284364
1404,-3.9774594,-0.15825863,-1.0519881,-0.6536264,-0.31284848,0.10777612,-0.034346044,0.074102975,0.041123092,0.32042918,0.42315364
1405,-5.6289353,0.01971611,-0.9446364,-0.46292055,0.0318892,-0.13147967,0.021772593,-0.00996615,-0.20298558,0.5066225,0.18439685
1406,-5.1466312,-0.23033291,-0.93918437,-0.54233813,-0.021795964,0.07919779,0.05630975,-0.13953057,0.11617083,0.6305151,0.23273028
1407,-6.288104,-0.31953973,-1.1688147,-0.69874847,-0.40556195,-0.16869676,0.29601794,-0.3469152,0.025084034,0.7071912,0.52277434
1408,-6.051372,-0.12303357,-1.4947051,-0.79100984,0.41197717,0.15379272,-0.46453556,-0.35966924,0.15837379,0.48635486,0.21872641
1409,-6.2216635,-0.09767803,-1.2183735,-0.47003192,0.09935573,0.26523805,0.12258276,-0.186815,0.28908896,0.7225202,0.2851179
1410,-7.7294974,-0.22794071,-1.7741026,-1.2799615,-0.022070302,-0.17657682,0.14469147,-0.78858083,0.19356479,0.88125384,0.8786185
1411,-6.102344,-0.060652394,-1.1945429,-0.75437313,0.13509594,0.17249775,-0.22122736,-0.17352465,-0.07033033,0.1876291,-0.02614909
1412,-4.4242415,-0.14036371,-0.934919,-0.5281778,0.1536319,0.09221032,-0.17821659,-0.018319972,0.06554531,0.19454767,0.01700429
1413,-6.345782,-0.04172673,-1.3536824,-0.53863513,0.008973835,-0.0141384285,-0.16024363,0.41268334,-0.08911539,0.4723696,0.29597726
1414,-4.966622,-0.048006117,-1.05124,-0.48961866,0.05970864,0.35283542,-0.21017963,-0.44085512,0.07761535,0.39770016,0.058455754
1415,-4.254626,-0.13234259,-0.9775295,-0.48125663,0.009517907,-0.25843775,0.004594224,-0.07650146,-0.035140716,0.51543283,0.13088195
1416,-5.136027,-0.33504012,-1.0076702,-0.5550196,-0.5257441,0.16433512,-0.06299179,-0.19745752,0.17094861,0.5386537,0.41510603
1417,-3.9897509,-0.030103348,-1.0537251,-0.51906776,-0.05464398,0.14548433,-0.27836558,-0.25043088,0.093854874,0.33176172,0.0069818986
1418,-5.4267106,-0.15654346,-1.0455819,-0.8278681,-0.57445484,0.35499787,-0.24769543,-0.280171,0.18647563,0.44039387,0.2754838
1419,-5.118955,-0.21376204,-1.0561497,-0.54778343,-0.057438634,0.2121456,0.117070995,-0.17414115,0.05934959,0.096295655,0.14098978
1420,-5.4533463,-0.2089936,-1.4455457,-0.94949996,0.28076285,-0.001993904,-0.41891187,-0.09950701,0.31067082,0.699014,0.07804268
1421,-6.7354884,0.0064081457,-1.0174227,-0.6134216,-0.4977802,-0.018978968,0.14418238,-0.12614882,0.18567516,0.4261854,0.35006317
1422,-4.016885,-0.07228936,-0.9522644,-0.36963746,-0.061670683,-0.027731664,-0.19137548,-0.3624992,-0.11115225,0.23042588,0.13284425
1423,-5.0271473,-0.14253187,-1.1988405,-0.6818415,-0.44078922,0.26309186,0.054905865,-0.39639285,0.20965666,0.5965857,0.56727576
1424,-4.8293986,-0.053957153,-1.0773847,-0.46421283,0.36854422,-0.04516443,-0.017424233,-0.09761982,0.0015997067,0.17761451,0.5041675
1425,-6.04875,0.18878932,-1.5368377,-0.90979207,0.014826398,0.06257752,-0.21808898,-0.5542348,0.46803346,0.51742923,0.30394843
1426,-4.7537704,0.1291076,-1.1505513,-0.5592963,0.11312439,-0.063278265,-0.0897241,-0.2504352,-0.059524186,0.14416118,0.3382668
1427,-7.282721,-0.2119322,-1.195711,-1.0031552,-0.3810297,0.010322769,-0.027911074,-0.06979005,-0.062271833,0.26308212,0.7299554
1428,-4.8063173,-0.29345796,-1.1066614,-0.6305992,-0.3078641,-0.07633489,-0.13476613,-0.084999084,0.044321224,0.55865663,0.5714079
1429,-6.1772666,-0.3454924,-1.1020583,-0.53243357,-0.0813466,-0.009420188,0.15136622,-0.102858886,-0.40118656,0.33739197,0.22983783
1430,-6.992325,-0.19413577,-1.2237979,-0.5631134,-0.46484065,0.09913215,-0.13577273,-0.16585305,-0.33038735,0.4921406,0.54008275
1431,-3.8206751,-0.16433579,-0.92859966,-0.6793495,0.015082266,-0.022078712,0.1390191,-0.1313842,-0.114169955,0.2187124,0.40546426
1432,-5.747827,0.13068408,-1.3196648,-0.45195353,-0.012974026,0.23077737,-0.0076312153,-0.21355413,-0.03370037,0.2391599,0.4114198
1433,-6.1692157,0.060981635,-0.967503,-0.5899454,0.06224059,-0.10392702,-0.21284871,-0.5296275,-0.011073925,0.35722935,0.034943987
1434,-5.8727903,-0.22780134,-0.8970171,-0.7237118,-0.5483128,0.12022574,0.14912653,0.009133155,-0.17247823,0.52618945,0.5458634
1435,-5.1572933,-0.12960468,-1.1244868,-0.49539334,0.22768594,-0.29188997,-0.059102982,0.033409446,-0.056177013,0.38442543,-0.032475173
1436,-4.235532,0.10658278,-1.052981,-0.31628305,0.1471975,0.12671365,-0.047030985,0.014571676,0.09750936,0.50351924,0.17306757
1437,-5.845398,0.0676695,-1.4376726,-0.5895677,-0.11344346,0.042465623,-0.17982404,-0.012293549,0.10370683,0.4800467,0.4567138
1438,-7.02445,-0.21982375,-1.1208915,-0.65617293,-0.92693883,-0.3554948,0.16276562,-0.29929438,-0.27633575,0.53679895,0.6441318
1439,-5.952575,-0.33139637,-1.3451185,-0.9773591,-0.17553116,0.064415306,-0.113799155,-0.33180693,0.3054651,0.63330126,0.50135726
1440,-5.7366705,-0.29906383,-1.0496509,-0.63031125,-0.17822784,0.2527485,0.12986402,-0.28064904,-0.185191,0.8088398,0.51505244
1441,-5.3565946,0.06184068,-1.2780699,-0.8118,-0.04757778,0.026356263,-0.002641379,0.20292576,-0.09542498,0.57525784,0.56882286
1442,-4.576376,0.022464108,-0.746764,-0.57929873,0.018047106,-0.21384835,-0.0753127,-0.37418443,0.028407373,0.38355166,0.27868566
1443,-5.415354,-0.3464654,-0.8320331,-0.6785183,-0.4714761,-0.15257417,-0.00062146597,-0.035758592,-0.0017212909,0.42576426,0.3782859
1444,-6.161081,-0.17025816,-1.0013878,-0.98508906,-0.27075556,0.30613327,0.20135233,-0.10686323,-0.022345362,0.37465492,0.5620963
1445,-6.9422417,0.05779394,-1.5401189,-0.50740707,0.08624076,-0.13185434,0.11499005,-0.058498025,-0.40343797,0.6824263,0.58681154
1446,-4.5595865,0.08592188,-1.0415767,-0.5415662,-0.21461992,-0.071786195,-0.22961834,-0.16186477,-0.011815829,0.18420781,0.6307745
1447,-5.8186584,-0.30067995,-1.2309959,-0.61001164,-0.54837066,-0.2044734,0.2149692,-0.02842352,-0.121041566,0.36141047,0.47469562
1448,-5.2380285,-0.21225674,-1.1700758,-0.8144584,-0.17650203,-0.124549255,0.3031699,0.21178058,0.11025461,0.6158754,0.5079613
1449,-6.484179,-0.066264436,-1.2224709,-0.6953835,0.34411252,0.16729283,-0.32438713,-0.1597858,0.020062812,0.36053225,-0.19679922
1450,-5.886903,-0.24064279,-1.2461619,-0.69027406,0.210511,0.12691197,-0.2534266,-0.0007103896,-0.01186301,0.4068903,0.21419393
1451,-7.063986,-0.47205034,-1.4181441,-0.66004115,-0.038492013,0.27960336,-0.16847484,-0.2284438,-0.044173896,0.527305,0.16963238
1452,-3.758562,-0.007158843,-0.66925967,-0.30828217,-0.0025398727,0.04883275,-0.07116568,-0.02762984,-0.047471985,0.3148699,-0.036798242
1453,-4.6626363,0.038469482,-1.0385537,-0.6365259,0.3354974,-0.13811927,-0.25416872,-0.07200801,0.15338513,0.6595526,-0.011438536
1454,-4.092556,0.040338952,-0.4961102,-0.22766899,0.17097026,-0.26802427,-0.11315146,-0.10634096,-0.16827404,0.32913,0.09073338
1455,-5.614712,-0.16921102,-1.4190807,-0.9435108,0.046447586,-0.01865077,-0.14828111,-0.23359092,0.36030528,0.7054736,0.31336004
1456,-6.935827,0.08980866,-1.2092779,-0.46335468,-0.23186368,-0.14542675,0.06578744,-0.06964789,-0.443297,0.5144719,0.32711017
1457,-4.247769,-0.007472069,-0.9695897,-0.55320066,-0.020506632,0.03923167,-0.2356512,-0.31810123,-0.06270566,0.6500048,0.14953975
1458,-5.3411093,-0.1968306,-1.2047758,-0.4261208,0.2524467,-0.057842165,-0.27998734,-0.04290299,-0.0711684,0.2633638,-0.07105638
1459,-6.3721375,-0.04717544,-1.491621,-0.6420313,0.44385323,0.17078078,-0.043619283,-0.117591895,0.030006725,0.57384187,0.50799185
1460,-5.5504503,-0.4672003,-1.2891704,-0.4826629,0.4250759,-0.021817217,-0.36498734,-0.23699987,0.315731,0.3438412,0.24765666
1461,-7.1049805,0.015755087,-1.7515073,-0.88233024,-0.20364489,-0.17878374,-0.17596926,-0.06302491,-0.08330465,0.47717667,0.7046141
1462,-6.394192,-0.3542213,-1.4538417,-0.63927233,-0.4959252,0.12526721,0.1964881,-0.4249554,-0.089860775,0.38320458,0.72854674
1463,-5.3688617,-0.12124705,-0.9137441,-0.6296175,-0.1451205,-0.30763477,0.24764718,-0.16027352,-0.1995132,0.6235629,0.12629154
1464,-6.7310033,0.23614916,-0.9985668,-0.70568675,-0.24166349,-0.5758303,-0.35973024,-0.07355514,-0.44281963,0.4394552,0.2990867
1465,-5.6276994,-0.14769028,-1.2416878,-0.67162186,-0.25328588,0.2485387,-0.27046737,-0.35861602,-0.15635638,0.7848546,-0.19833145
1466,-5.2966056,-0.0021803332,-0.9843273,-0.5921248,-0.24102463,-0.3945387,-0.006909405,0.06962161,-0.055133417,0.46210432,0.5481279
1467,-5.555358,-0.41084042,-1.1747873,-0.74475175,-0.009863691,-0.22086765,-0.15477751,-0.045040354,-0.16849756,0.31057677,-0.1429969
1468,-5.6342506,-0.35607502,-1.2252407,-0.8841323,-0.31042615,-0.3746376,0.17406426,-0.22348242,-0.073217146,0.4981186,0.43191254
1469,-5.6867385,0.076649815,-1.1360389,-0.25590813,0.2137738,-0.015347799,-0.28129703,-0.2630273,-0.1442894,0.021069221,0.24912211
1470,-5.7985864,-0.27628458,-0.9860103,-1.0014099,-0.3150888,0.19421715,-0.013406296,-0.35500434,0.3723246,0.7623972,0.64342684
1471,-5.08427,-0.19370012,-1.229328,-0.38995662,0.1856903,-0.0570136,-0.22156437,0.19402052,-0.09716173,0.48255268,0.16602726
1472,-5.1271544,-0.13317883,-1.2227489,-0.53886616,-0.26098374,0.09909407,0.10312907,0.27242625,0.05693145,0.7957605,0.34872842
1473,-7.222316,-0.08407767,-0.95589954,-0.23209289,-0.32225695,-0.24818756,0.26693988,-0.10324686,-0.52101356,0.3135281,0.44197136
1474,-5.5018945,-0.08632537,-0.8745319,-0.627825,-0.28350344,-0.18822712,-0.25638926,-0.71974045,-0.09693107,0.23944063,0.08875405
1475,-4.913645,-0.17202389,-1.1576071,-0.23098154,0.15892002,0.4752599,-0.056591682,-0.1947723,0.0024395995,0.51388705,0.20435973
1476,-5.8740387,0.005694472,-1.0956466,-0.38978136,-0.39944622,0.047967643,0.12602846,-0.19931853,-0.3299919,0.23110394,0.47680065
1477,-6.8019757,-0.17241876,-1.2260287,-0.8665015,-0.36716247,-0.085677,0.13666685,-0.21749786,-0.24208392,0.2129891,0.5744827
1478,-6.775153,-0.039921053,-1.3656828,-0.916372,-0.10370084,0.10077253,0.09809815,-0.11175306,-0.17102116,0.6474536,0.3880434
1479,-5.4443436,0.049808417,-1.1906772,-0.5059908,-0.13114785,0.014596374,0.03718532,-0.17294192,-0.20591821,0.53632665,0.23004726
1480,-3.53844,-0.1905218,-0.5410387,-0.3299854,-0.16372286,0.034571886,-0.056330904,-0.17157462,0.03681905,0.31237748,-0.030028552
1481,-5.168597,-0.20183817,-0.86417484,-0.31174663,-0.29198474,0.055514354,0.3348072,-0.48331922,-0.000580905,0.69734395,0.17588896
1482,-4.298571,-0.17849277,-1.0009062,-0.7768885,-0.24159063,-0.031807523,0.090081744,0.041477278,-0.06438935,0.43690595,0.24753086
1483,-5.2514267,-0.03880048,-1.6668354,-0.62716347,0.09291711,0.19451499,-0.029863331,-0.2885914,0.14025666,0.38183463,0.23739015
1484,-6.1737547,-0.28761527,-0.89937466,-0.8432372,-0.14844593,0.016464911,-0.07520057,-0.06475384,0.06041625,0.5585349,0.065833695
1485,-5.3432193,-0.08078826,-1.1233966,-0.40441498,0.2748718,-0.27510285,-0.19319546,-0.053876042,-0.32081476,0.24778943,0.004944808
1486,-5.936803,-0.27654272,-1.2189678,-0.78770745,0.2040514,0.23323898,-0.1977815,-0.52479154,0.12772152,0.15731692,0.23755342
1487,-6.3322725,-0.075121954,-0.97505575,-0.44345355,0.0035251486,0.24609323,-0.07260442,-0.3884361,-0.047082298,0.30432552,0.2540345
1488,-4.5700083,-0.022024568,-1.0665205,-0.79171747,-0.093469866,0.1894766,-0.17059049,-0.21185476,0.1018841,0.29379332,0.16672812
1489,-5.6180778,-0.34619954,-0.76183283,-0.5500493,-0.18476519,-0.15726754,0.035320163,-0.22844976,-0.37900758,0.18713968,0.5862331
1490,-6.5180507,-0.36357966,-1.4168919,-1.0046806,-0.22437194,-0.004542172,0.31338394,-0.10983044,-0.089178704,0.71593,0.43833527
1491,-5.8006835,-0.005645021,-1.2501271,-0.5411057,0.16689627,0.35167164,-0.45780095,-0.25424653,-0.017546197,0.3212782,-0.11172129
1492,-6.2078314,0.08189288,-1.5502322,-0.46853969,-0.27170315,-0.13632345,-0.0017391276,-0.15275861,-0.08193567,0.33527923,0.42377275
1493,-6.1159005,0.12060933,-1.5192575,-0.4268498,0.084878884,-0.15913779,-0.10747319,-0.24910203,-0.41116124,0.26960513,0.122673
1494,-5.4924765,-0.290935,-1.2429543,-0.7392881,-0.536698,-0.047582537,0.047719408,-0.06635278,-0.2680563,0.66320115,0.49891746
1495,-4.110332,0.06335426,-1.0146384,-0.42264,-0.057991266,-0.22342996,0.0010563098,-0.11356168,0.031031728,0.41634908,0.080580264
1496,-7.0186615,-0.27235544,-0.97110575,-1.0242275,-0.2389399,-0.08352271,0.09126043,-0.09644684,-0.14362498,0.3258423,0.63765335
1497,-8.162789,-0.54518694,-1.3079672,-0.86062837,-0.44819757,-0.053246334,0.18389814,0.19505708,0.14177105,0.67085177,0.5273085
1498,-6.4551635,0.079852834,-1.6305242,-1.1126009,-0.04026132,-0.05947932,-0.08569497,0.30410993,-0.013277739,0.9593021,0.40912265
1499,-6.575379,0.030412417,-1.1653633,-0.2243539,0.31849605,-0.21526144,-0.33233717,-0.2064556,-0.5000949,0.3242314,-0.0695235
1500,-5.6438303,-0.055343945,-1.2090787,-0.1539884,0.17835732,-0.12098503,-0.025154289,0.17515495,-0.3321629,0.15789327,0.102036774
1501,-4.109947,-0.36273643,-0.8805241,-0.37381917,0.056982905,-0.09480808,-0.2049042,0.008143261,-0.22286947,0.4192968,0.04174694
1502,-5.192924,-0.011079035,-1.21835,-0.9235476,-0.32007042,0.17621246,0.092111975,-0.22056097,0.16458824,0.71125877,0.34866896
1503,-7.296737,-0.22102538,-1.1294757,-0.8465065,-0.6179129,-0.18476239,0.3400122,0.036434844,-0.093215086,0.3876234,0.7135539
1504,-6.187068,0.17466347,-1.126123,-0.5267155,-0.19813181,-0.10987388,0.0051118485,0.09371466,-0.16595155,0.23592629,0.07590437
1505,-5.6895485,-0.095741436,-1.2330679,-0.7700636,-0.18833485,0.17926027,-0.37118056,-0.23782495,0.1938718,0.738839,0.15315217
1506,-4.9923573,-0.014266205,-0.8949976,-0.66852534,-0.2142252,-0.08610957,0.07722794,-0.03544058,-0.085661694,0.5492545,0.4463959
1507,-6.5362277,-0.35498688,-1.883006,-0.7373708,-0.022668071,0.051650126,-0.09273927,-0.077323645,-0.030962603,0.43688983,0.3516438
1508,-6.866662,0.044301353,-1.5789856,-0.46783933,0.07955064,0.01706317,-0.014210864,0.08398427,-0.047604457,0.4715333,0.14299993
1509,-7.400086,-0.26464897,-1.380135,-0.74038017,-0.53703904,0.12737043,-0.15609738,-0.34158862,-0.14636111,0.488335,0.56946105
1510,-5.9732323,-0.20957215,-1.0908931,-0.4087237,-0.5284076,-0.36552036,0.012257924,-0.35144815,-0.48918933,0.55595034,0.5019504
1511,-5.3762,-0.18011397,-1.062108,-0.4311549,-0.6534222,0.12347361,0.13274007,-0.7091439,-0.29877922,0.45095792,0.29941615
1512,-3.8215094,-0.15860006,-0.85234386,-0.49945867,-0.23905122,-0.11225483,0.19496085,-0.06592894,-0.19515967,0.49064007,0.25743318
1513,-7.1057453,0.030806072,-1.1314187,-0.7971283,0.23801634,0.53020185,0.044099525,0.0401101,0.12345865,0.89860094,0.5749514
1514,-6.0818505,-0.014382609,-1.1023825,-0.376112,-0.18072744,-0.133859,0.18048581,-0.10908697,-0.51910347,0.20049925,0.44954142
1515,-4.8610954,-0.07642097,-1.1330711,-0.62212217,-0.36924508,0.12752974,-0.11109372,-0.31343913,-0.2044394,0.50590307,0.36789852
1516,-6.7104263,0.28503734,-1.2999841,-0.65269893,0.08512773,0.100629,-0.10797784,-0.08838392,-0.25331533,0.13901623,0.6422163
1517,-6.0883956,-0.028601669,-1.2545655,-0.50570065,0.14987424,0.20030633,0.19160663,-0.28999853,-0.13331449,0.6173154,0.19070145
1518,-6.158775,0.15441142,-0.993913,-0.2823039,0.16341345,-0.25479156,0.0070291925,0.064910345,-0.20066315,0.57846206,0.16964725
1519,-6.8357015,0.035457905,-0.88588256,-0.5383996,-0.41257516,0.07433187,-0.14266649,-0.15584917,-0.2525808,0.72609234,0.1552026
1520,-5.2490125,-0.16755508,-1.0930706,-0.33378258,0.29208866,0.024993414,-0.45161253,-0.41931564,-0.04683341,0.04157538,0.05723588
1521,-5.0286903,-0.123372704,-1.1083755,-0.6209915,-0.07745496,0.5787891,0.2945295,-0.1395463,0.09877335,0.91977185,0.53001696
1522,-4.836131,-0.23396994,-0.9248235,-0.5586772,-0.15507069,-0.22078396,0.08967538,-0.1602222,-0.396422,0.32193863,0.34997112
1523,-4.917619,-0.22655356,-0.9686957,-0.9348663,-0.5131473,0.18499026,0.033375513,0.019195635,0.13150585,0.6274376,0.20563488
1524,-5.444558,-0.40294927,-1.0450991,-0.49912667,-0.22938387,0.5308867,-0.2401955,-0.3503452,0.040354535,0.2570208,0.4455795
1525,-5.5387735,-0.1881954,-0.8095623,-0.449464,-0.063352644,-0.010782113,-0.07029897,-0.28157842,-0.04415386,0.13062787,0.30826893
1526,-4.510067,-0.18829553,-0.75960195,-0.33623424,0.11789058,-0.0068227826,-0.013739328,-0.23446134,0.04999076,0.15519188,0.43412852
1527,-5.2480793,-0.053832565,-1.0369432,-0.2851662,0.039830677,-0.39182413,-0.10779664,0.47160062,-0.29679927,0.3239766,0.25032777
1528,-5.610903,0.18746583,-1.1548203,-0.41641292,-0.30219314,0.23578745,0.20683978,-0.063387915,-0.21822372,0.5413323,0.420297
1529,-5.230319,0.0560213,-0.89700216,-0.4489756,-0.0632973,-0.030797057,0.03194929,-0.2735731,-0.16391052,0.17582577,0.47374377
1530,-6.4823937,-0.0028027603,-0.9799286,-0.119557574,0.08951856,0.10433521,0.10865761,-0.2855826,-0.45587033,0.21586098,0.36297023
1531,-5.867326,-0.16536775,-1.1058143,-0.67309237,-0.03652325,0.113758735,-0.5453371,-0.007835567,-0.023555947,0.60552996,0.031104848
1532,-5.126164,-0.099330984,-0.77764624,-0.46214908,-0.32906234,0.016219413,0.30190516,-0.1589653,-0.22700383,0.14977804,0.1933058
1533,-6.574952,-0.081048556,-1.0683339,-0.36330324,-0.19224659,-0.08262596,0.09761171,-0.49078277,-0.23856382,0.34956464,0.46499932
1534,-4.126862,-0.05929942,-0.84347296,-0.42840657,-0.008803686,-0.29430896,-0.17333135,-0.08366079,-0.03849402,0.28303173,0.014331147
1535,-7.383437,-0.113507055,-1.4382057,-0.48849928,-0.06375084,0.09007823,-0.3022102,-0.046175174,0.1777562,0.54616976,0.22009003
1536,-6.0253296,-0.099423334,-1.308301,-0.4995376,0.31986734,-0.0012674658,-0.34769621,-0.090777524,-0.1688043,0.19522494,0.15921901
1537,-7.0826283,-0.19892727,-1.4535742,-0.7183861,-0.5496459,0.13123748,0.3864109,-0.090358086,-0.08353656,0.8178689,0.6464676
1538,-6.7074275,-0.18248074,-1.4272411,-0.95220435,0.21149556,-0.1418948,-0.4307946,-0.2609921,0.2973115,0.5559946,0.20347334
1539,-5.073634,0.27037358,-0.9009615,-0.33190963,-0.025266504,-0.1042626,0.08851164,0.094663955,-0.14434819,0.29357728,0.3674371
1540,-6.562566,-0.14246881,-1.3059306,-0.65205145,-0.15802562,-0.43602324,-0.27457592,-0.04851734,0.005902307,0.858871,0.41593456
1541,-6.438941,0.04981839,-1.2744664,-0.8898523,-0.18281166,0.35500735,-0.3208957,0.032270275,0.18941896,0.6133722,0.4645623
1542,-5.780855,0.2189211,-1.0621799,-0.24455592,-0.10518066,-0.32678878,0.052815694,-0.21115619,-0.30714497,0.23328334,0.15598594
1543,-5.138449,-0.021366134,-0.9816039,-0.14225699,0.09450606,0.3821903,0.2101775,-0.20540102,-0.30824247,0.2440497,0.24688502
1544,-5.2719703,-0.076350346,-1.2992433,-0.756012,-0.19872911,0.20375198,0.18959452,-0.27246433,-0.25212306,0.44744954,0.5140571
1545,-5.5421286,-0.3269115,-1.285074,-0.57773477,0.18299857,-0.0197626,-0.2560932,-0.34252834,0.10393812,0.29057834,0.31691685
1546,-5.115174,-0.15990731,-0.9688356,-0.21460477,-0.17454173,0.13773,0.08964574,-0.44692448,-0.06668395,0.40346017,0.2619772
1547,-6.7732115,-0.42671734,-1.6441919,-1.0525316,-0.13580003,-0.1974362,-0.4243993,-0.28238016,0.46202695,0.88905656,0.4111739
1548,-5.9406643,-0.27662915,-1.2287642,-0.44971392,-0.37410614,0.09450385,0.11848738,-0.31257033,-0.24352808,0.23922062,0.41204312
1549,-4.8303623,-0.31257766,-0.72695255,-0.9006533,-0.074633144,0.06608982,0.2273453,-0.20569515,0.027462963,0.5212741,0.3915569
1550,-5.945451,-0.10138801,-1.146429,-0.2151319,0.15922831,0.4525693,-0.3069733,-0.23653956,-0.059538692,0.38732338,0.14288479
1551,-5.7433143,-0.06453961,-1.3312938,-1.0636895,-0.27342314,0.28482288,0.06705304,0.0057725124,0.08757406,0.38164186,0.33429286
1552,-6.42859,-0.18952718,-1.1737652,-0.3837529,-0.5154367,-0.11159763,-0.07145061,-0.2419197,-0.062395997,0.5329473,0.35327286
1553,-5.2078032,-0.24343537,-0.90579045,-0.6074527,-0.057641216,0.02438091,-0.19135185,-0.28775877,-0.14064473,0.26219746,0.37682647
1554,-4.792921,-0.1509117,-0.7370721,-0.68183607,-0.2872205,-0.1456649,0.14217736,-0.26825756,-0.07282784,0.073587455,0.5139127
1555,-5.86398,-0.16732939,-1.0045946,-0.91415346,-0.16947402,0.023872038,-0.07313122,-0.02778803,0.047271803,0.50859386,0.6020197
1556,-4.168644,0.012731705,-0.78793156,-0.5411234,-0.25765464,0.057627797,0.044258077,-0.13687414,0.034977008,0.2510707,0.27980673
1557,-5.5898623,-0.23718102,-1.2007633,-0.94247496,0.057941176,-0.13860336,0.019912113,0.017119922,0.19481327,0.91879195,0.09911412
1558,-3.860884,-0.010605072,-0.7456134,-0.46283782,0.20238625,0.034504414,0.00925771,-0.12630075,-0.028503777,0.0787034,0.061457556
1559,-4.5959687,-0.48277932,-0.95906633,-0.8970661,-0.087131165,-0.3685856,-0.15345322,-0.29640532,0.0149554685,0.30599266,0.26706102
1560,-5.664754,-0.3456646,-1.3203466,-0.49526036,0.5182081,-0.2413212,-0.05287637,-0.273517,0.14662403,0.1634409,0.3148502
1561,-5.058603,-0.08934866,-1.1964146,-1.0214608,0.08013273,0.09617626,0.017036708,-0.46450332,0.1561255,0.26558688,0.19475445
1562,-5.222616,0.105422474,-0.82200086,-0.31394848,0.32323307,0.16254656,0.065214686,-0.025731152,-0.21499456,0.19886078,0.027548801
1563,-4.93175,-0.08493252,-0.7398351,-0.32967466,0.111623555,-0.050956275,-0.1537067,-0.3607656,-0.29579726,0.31701332,0.16177674
1564,-7.404858,0.05671764,-1.5191258,-0.8152336,-0.3849496,-0.42445886,-0.07959642,-0.107725196,0.34999314,0.42535603,0.4409902
1565,-7.322788,-0.26033694,-1.064613,-1.3174964,-0.3901462,-0.45004934,-0.073180705,-0.42492726,0.16109158,0.581745,0.48334765
1566,-3.968274,-0.19759567,-0.92567974,-0.67794687,-0.1741488,0.056812346,0.0126358075,-0.04514519,0.18977498,0.5174847,0.1987814
1567,-4.497896,-0.090626255,-0.65378475,-0.1517991,-0.17880465,-0.04899972,-0.050591003,-0.165579,-0.20742318,0.5911197,0.058698893
1568,-5.7023125,0.06836981,-0.91631365,-0.65349454,-0.43979657,-0.449026,-0.18145047,-0.072368145,0.008557806,0.7297564,0.19237976
1569,-6.745811,-0.38572755,-1.3359337,-0.57272637,0.017359179,0.17918317,-0.2752549,-0.48570883,-0.124839246,0.42056307,0.08393618
1570,-6.9747167,0.083185345,-1.0441537,-0.7445949,-0.00039225537,-0.080619104,-0.20591274,-0.46089184,-0.31053784,0.38917074,-0.089043684
1571,-5.100167,-0.044417482,-1.282653,-0.16743004,0.14523463,0.117945395,-0.17645858,-0.045871973,-0.23522736,0.18500954,0.2508865
1572,-5.6881747,0.066330135,-1.1842988,-0.7147152,-0.272195,-0.11518758,-0.101577364,-0.44575018,-0.010007007,0.5005875,0.14506868
1573,-6.975667,-0.28894696,-1.0099566,-0.5922017,-0.17619169,0.2519404,-0.14902787,-0.41357857,-0.12315661,0.36484054,0.45296964
1574,-5.7271676,-0.2054017,-1.3608592,-0.81850296,0.40118116,0.23619045,-0.029619753,-0.060826316,0.10925205,0.2472145,0.2782901
1575,-5.816921,-0.3093139,-0.981118,-0.4863613,0.090194516,0.16417582,-0.40429625,-0.50355095,-0.1272179,0.5944915,0.055459633
1576,-4.8272114,-0.093886085,-1.1687238,-0.29150838,-0.031560395,0.12319823,0.11270722,-0.16479968,-0.0046298224,0.58425707,0.1535605
1577,-6.0852785,-0.12803093,-1.1227574,-0.73989123,0.17455019,-0.37828118,-0.283204,-0.2288314,0.11790726,0.4446622,-0.014603979
1578,-8.090913,-0.06129856,-1.2956358,-0.64626855,-0.37772223,-0.28673995,0.47652572,-0.22485687,-0.6686956,0.51455826,0.599098
1579,-7.744994,-0.36328313,-1.3648013,-1.1074592,0.08413947,-0.34289658,0.19530553,-0.50575554,0.027541906,0.8660839,0.5546393
1580,-4.9685187,-0.023038864,-0.8114079,-0.75604224,-0.24574128,0.18347427,-0.029604893,-0.39951912,0.040584005,0.47169286,0.3768849
1581,-7.613311,-0.49373528,-1.3913572,-0.50720084,-0.44786254,0.23634253,0.15496732,-0.35769895,-0.0754799,0.5530124,0.5324579
1582,-6.141459,-0.27227268,-1.2146833,-0.51075363,0.29253325,-0.005173455,-0.0687433,-0.20998348,0.052432552,0.4688365,-0.016386904
1583,-6.55026,-0.23757622,-1.091936,-0.65780246,-0.37510958,0.12575589,-0.0052284645,-0.2853964,0.049524553,0.5648232,0.5474342
1584,-6.0330873,-0.2688991,-0.9224369,-0.76140946,-0.24083252,-0.18164971,-0.32305428,0.05494778,0.031522,0.6854553,0.16514626
1585,-4.2670364,-0.05872697,-0.73270917,-0.36576065,0.08527563,-0.049711533,-0.05919417,0.023585944,-0.1225736,0.19290332,0.034988172
1586,-4.839956,-0.31284368,-0.6164195,-0.3641654,-0.32953864,-0.36108512,0.15003534,-0.18958397,-0.34446535,0.3641892,0.31979585
1587,-5.3010535,-0.14988579,-1.2517176,-0.84972686,-0.3472759,0.14031623,-0.03568723,-0.33106056,0.3665378,0.5208466,0.6370717
1588,-4.3072276,-0.24291916,-0.9198355,-0.1673616,0.05455091,0.09066315,-0.19101278,-0.039782636,-0.13393152,0.28161913,0.2627586
1589,-5.35051,-0.14862677,-1.0478306,-0.5073771,0.1280396,-0.28105384,-0.23345971,-0.28320166,0.04499667,0.34269884,0.29956424
1590,-6.129184,-0.14029011,-0.7812557,-0.5448759,-0.5707887,-0.38989997,0.054626495,-0.2241896,-0.060652785,0.402858,0.56572735
1591,-6.6494575,-0.18985921,-1.4280119,-0.4454385,0.16832894,0.6328237,-0.24294879,-0.474704,0.17995554,0.19874689,0.13956644
1592,-4.888008,-0.044004615,-1.1640286,-0.58427185,0.22232826,-0.13386546,-0.3698325,-0.13291398,0.24239145,0.50413966,0.17747265
1593,-6.1059465,-0.0783011,-1.4762418,-0.9810696,-0.2222721,0.03381542,0.18764907,-0.24891582,0.018600684,0.467885,0.6776931
1594,-4.8367753,0.016840119,-0.7765664,-0.37043917,0.026849603,-0.19807781,-0.03576267,0.00086754095,-0.105222836,0.39540404,0.4223245
1595,-6.1419024,-0.16854572,-1.4247434,-0.7325565,0.35659894,0.08740599,-0.29749697,-0.13025407,0.21468519,0.20227085,0.1677775
1596,-8.133007,-0.22678111,-1.7404876,-0.42746857,-0.0777107,0.37280798,-0.13801879,0.023785295,-0.0375498,0.29826245,0.07546352
1597,-5.317185,0.08494557,-0.78869885,-0.32255557,-0.39116114,-0.16029516,0.11690021,-0.12622418,0.046007093,0.48960376,0.22064865
1598,-6.6168327,-0.36181206,-1.5796919,-0.98086894,0.05921699,0.5064314,-0.25093538,-0.2815421,0.44408038,1.013704,0.21407884
1599,-5.727014,-0.21713783,-0.71917427,-0.3134049,0.0065199686,-0.13303685,-0.15922122,-0.18529001,0.01700962,0.5199232,0.13839252
1600,-7.014398,-0.30467916,-1.382752,-0.96645993,0.4145334,0.23844282,-0.2262209,-0.5141362,0.16564748,0.48634034,0.41858214
1601,-5.978943,0.05949435,-1.3333923,-0.7533685,-0.06981659,-0.14796151,-0.0035618227,-0.64549166,0.05321078,0.59286,0.3901536
1602,-6.6423745,-0.17405447,-1.6002873,-1.1586463,0.18131305,-0.089619465,-0.10861544,-0.15669666,0.42803413,0.49383783,0.26559702
1603,-5.679209,-0.19211015,-1.2734857,-0.6045801,-0.055677418,0.5397036,-0.022800129,-0.22651084,0.50873476,0.93750167,0.3428038
1604,-5.928928,-0.0768417,-0.9840009,-0.6748083,-0.2150567,0.4448313,0.37919173,-0.57174754,0.07416271,0.89142156,0.5458279
1605,-5.317249,-0.023385178,-1.1473362,-0.26367745,0.29887828,0.17117138,-0.2814556,0.033545144,0.03577602,0.5499548,0.08811388
1606,-4.7942386,-0.058711823,-1.0390006,-0.38420084,-0.40623295,-0.24544995,0.122537054,-0.14123271,-0.41651592,0.14286678,0.20222281
1607,-4.8069224,0.11492935,-1.0857793,-0.21263793,0.12465395,-0.12581511,-0.07178207,-0.061496273,-0.13846108,0.18486388,0.15696615
1608,-6.307225,-0.35398242,-1.1240954,-0.69316065,-0.51183784,-0.07124875,-0.060909957,-0.29206848,-0.0015682317,0.57372797,0.7406467
1609,-6.2041025,-0.10164509,-1.4606068,-0.3773497,-0.01783658,0.026256291,-0.1494514,-0.20677827,-0.09930799,0.6392155,0.118710026
1610,-5.7715955,-0.118903324,-1.6155318,-0.9202229,-0.036432292,0.21343212,-0.09633237,-0.29988572,-0.106970675,0.76352406,0.48294201
1611,-5.4125943,-0.35727513,-0.90579927,-0.7567832,0.12627862,0.35673803,-0.21473484,-0.12271587,0.103049956,0.4114558,0.5953754
1612,-5.7130136,-0.34677348,-1.1041939,-0.54676527,-0.024827858,-0.35396582,-0.157434,0.05725608,-0.20459582,0.6451087,0.004880585
1613,-5.4545994,-0.314444,-0.934379,-0.44272316,0.29464722,-0.17534846,-0.3068382,-0.26535395,-0.17865421,0.31175748,0.18863806
1614,-5.1329494,0.11768039,-1.2094585,-0.4546361,0.07229082,0.07546783,-0.016186219,-0.042523704,-0.103430815,0.28520516,0.39850622
1615,-4.5478177,-0.12308718,-0.7382672,-0.52045655,-0.1580381,-0.016955625,0.28159872,0.016627189,-0.017254451,0.299935,0.33202395
1616,-5.417828,-0.1588749,-1.2452312,-0.51028866,0.27218062,-0.05056737,-0.25877467,0.130847,-0.119072184,0.8376352,0.37534055
1617,-8.230004,-0.6294888,-1.4126724,-1.0015,-0.40204075,0.48945063,-0.09577385,-0.89663774,0.15185085,0.33303955,0.92771405
1618,-6.6410813,-0.16367774,-1.4882979,-0.61120135,-0.17563106,0.39050645,0.25726306,-0.36147916,-0.3077203,0.5770535,0.5174129
1619,-5.868314,-0.25653872,-1.0500913,-0.54800075,-0.06820347,0.0052237273,0.014421554,0.23128888,-0.34101197,0.5820986,0.48800984
1620,-4.3440027,-0.21843143,-1.171735,-0.38709146,-0.06318248,0.3948155,0.027977627,-0.10474748,-0.02650367,0.3978292,0.22208007
1621,-5.6775236,-0.07012741,-0.9683046,-0.82251817,-0.005961806,-0.45713508,0.10566381,-0.25142464,0.007971956,0.4847074,0.24141686
1622,-6.016112,-0.046399035,-1.0096682,-0.763975,-0.14880607,-0.21248911,-0.06659153,-0.18256943,-0.27343535,0.46645603,0.09392495
1623,-7.6845255,-0.14027683,-1.4016947,-0.8078635,0.4964459,-0.024580292,-0.3978571,-0.24228883,-0.11976053,0.43417558,0.1927752
1624,-4.676632,-0.26202878,-0.70481014,-0.39514795,0.0136389285,-0.27839333,0.095217295,-0.075903505,-0.04606252,0.16254047,0.52301115
1625,-8.211111,0.028520841,-1.4883679,-0.85885376,-0.0035517314,-0.13850759,-0.1811126,-0.30892175,0.23891014,0.64962375,0.26473793
1626,-5.9238973,-0.33381793,-1.255474,-0.75383997,0.22221695,-0.20299824,-0.27118972,-0.33464184,-0.16016331,0.4317893,0.36027768
1627,-5.4556026,-0.071698785,-1.3699299,-0.62665474,0.17760588,-0.059537932,-0.14265196,-0.2711284,-0.3090564,0.55689484,0.2714774
1628,-6.1667023,-0.15475546,-1.5190554,-0.49314344,0.09650987,0.20828922,-0.31516415,0.00071213115,-0.07131342,0.22546259,0.08398787
1629,-6.0218787,-0.21157005,-0.8813912,-0.5518191,0.15822521,0.44596517,0.087545015,-0.3408176,0.057775058,0.43092108,0.22916256
1630,-5.6212273,-0.04280569,-1.0267167,-0.56860197,-0.22871248,-0.1829172,0.052115418,-0.09178928,-0.06876982,-0.090441085,0.4251516
1631,-5.6142807,-0.2648965,-0.9773985,-0.5116276,0.20487186,-0.08651731,0.062683426,-0.17360023,-0.12591863,0.19624566,0.08854582
1632,-6.400341,-0.25519383,-0.7811357,-0.5011738,-0.56094635,-0.14954129,0.0980405,-0.26067266,-0.13029192,0.12959467,0.6508392
1633,-3.837697,-0.23556451,-0.96882826,-0.53104013,0.071923375,0.0064467704,0.13589202,0.035173856,0.22750892,0.41811883,0.41136795
1634,-5.7530627,-0.21828622,-0.92925334,-0.76989996,0.077552,-0.26981145,-0.11921143,-0.013361901,-0.021660091,0.56002665,0.18176633
1635,-4.5696163,-0.19350581,-0.60682535,-0.18656246,-0.1578364,0.06922905,0.102139555,-0.2315234,-0.15350077,0.2883282,0.28751183
1636,-5.503204,-0.014122293,-1.3536431,-0.79366165,0.093393065,-0.2957155,-0.10504875,-0.054601744,-0.16133802,0.5536059,0.11191882
1637,-5.986551,0.007046572,-1.237173,-0.5541459,0.042522293,0.0048231483,-0.12430265,0.068892345,-0.10145092,0.12350369,0.18712147
1638,-5.956744,-0.0315751,-1.0015292,-0.59554106,0.017784769,-0.1754463,0.03919485,-0.15434906,-0.3441573,0.053547148,0.2864646
1639,-4.249066,-0.1280749,-0.98466235,-0.410031,0.06528713,-0.018761436,-0.20747495,-0.15993068,-0.17322868,0.5395849,0.11893903
1640,-6.417126,-0.06426433,-1.18745,-0.78958154,0.31730136,0.45253187,-0.20611328,-0.47033888,0.071525715,0.8750441,0.19184369
1641,-5.651056,-0.3461966,-1.0853223,-0.6690824,-0.3421521,0.43900394,0.32492292,-0.07492526,-0.025278589,0.33237022,0.61800414
1642,-6.4981766,-0.25078356,-0.92470664,-0.83839786,-0.31834447,-0.04565713,0.040370174,-0.5899232,-0.15092832,0.31299376,0.17598492
1643,-5.814767,-0.16760923,-1.0535644,-0.3749599,-0.0061469856,0.4253884,0.16546403,-0.0035709525,-0.31425554,1.0190667,0.4990042
1644,-6.8175864,0.10672118,-1.4493283,-0.6790669,-0.26155862,-0.33289468,0.09966362,-0.35150892,-0.054807313,0.5814505,0.23001137
1645,-6.637459,0.25664875,-1.1053728,-0.54110235,-0.02728544,-0.24465059,-0.28190207,-0.010805845,-0.14331019,0.06126052,0.1269213
1646,-5.956395,-0.0306606,-1.0946413,-0.8559884,-0.3537019,0.10730409,0.03934753,0.047569536,-0.16114964,0.5765242,0.51142657
1647,-6.70532,-0.33971408,-1.0351974,-0.6305662,-0.31186202,0.15250349,-0.007904642,-0.37213483,-0.016097454,0.39857286,0.5924398
1648,-5.51008,-0.02498674,-1.086675,-0.65201575,0.22978066,0.14611907,0.03401548,0.01071488,0.12840326,0.5683415,0.026488261
1649,-6.9219785,-0.03169858,-1.2610195,-0.7039889,-0.16066779,0.29095381,-0.10210626,-0.0689756,-0.0056286603,0.51908135,0.33459055
1650,-5.5007973,-0.21142492,-1.0640895,-0.55161214,-0.17716238,-0.08355677,0.3038108,-0.067645,0.09587322,0.21714652,0.53925955
1651,-4.476227,-0.01845378,-0.96273464,-0.53324395,-0.14465572,0.32716358,0.2323073,-0.03435859,0.17207864,0.60173863,0.2006141
1652,-4.770787,-0.19371302,-1.0248348,-0.40791088,-0.45587334,0.009779489,0.23386209,-0.021332117,-0.2518183,0.3814815,0.4844894
1653,-6.127496,-0.19122875,-1.1472391,-0.9266443,-0.19022341,0.03376308,0.07623292,0.014528663,0.2239117,0.3732581,0.7720131
1654,-4.6374564,-0.16167918,-1.094072,-0.40798545,-0.3400375,0.14998883,0.38600665,-0.30394554,0.03605134,0.47299927,0.35295597
1655,-6.670505,-0.04141498,-1.9190801,-0.94609356,0.23816825,0.21830574,-0.18808402,-0.23606956,0.30053046,0.45227125,0.1909346
1656,-5.4829817,-0.020806044,-0.7318795,-0.5808686,-0.23377381,0.008784289,-0.061759405,-0.32936418,0.006010649,0.034780547,0.3831761
1657,-3.701342,-0.16523668,-0.6922421,-0.28233674,0.1625848,0.1684729,-0.12535866,-0.21773347,0.016380858,0.39866054,0.30205736
1658,-7.2464633,-0.033633333,-1.4198258,-0.7000249,0.28058255,-0.25544745,-0.4406672,-0.40263397,-0.250704,0.46148765,0.09655752
1659,-7.88356,-0.46640873,-1.6064614,-1.5322808,-0.6013161,0.084355086,-0.048932664,-0.04950028,0.33749238,1.1318804,0.53380287
1660,-6.756727,0.12322485,-1.5792217,-0.33294904,-0.34780616,-0.13679639,-0.05506359,0.10503892,-0.08425896,0.6659315,0.26741874
1661,-6.357805,0.03530216,-1.1664954,-0.60402334,-0.043274827,-0.24013355,-0.017245434,-0.17795016,-0.009243399,0.44667444,0.47326258
1662,-5.4452143,-0.016754542,-1.279911,-0.496989,-0.085406356,0.041971724,0.0317025,0.098971725,-0.095771566,0.51819026,0.31034002
1663,-6.2244716,-0.027114425,-1.151211,-0.6370995,-0.30354384,-0.3967874,0.16715297,0.073122606,-0.18977389,0.34413812,0.18336259
1664,-4.590353,-0.122042194,-1.079382,-0.7191381,0.19826585,-0.027853344,-0.05326859,-0.2224456,-0.038197912,0.44214496,0.19189118
1665,-4.678775,-0.04851827,-1.0195991,-0.5082423,0.088739075,0.30927962,0.112841345,0.087979846,-0.09066043,0.31903186,0.36078715
1666,-6.1781645,-0.023419391,-0.9765108,-0.31339434,-0.10475844,-0.049053743,0.019112892,-0.47709596,-0.023656515,0.29578057,0.15986271
1667,-5.8147645,-0.094496064,-0.99080396,-0.4532441,-0.53118753,0.16090359,-0.003911159,-0.64431477,-0.047921427,0.3599888,0.6214862
1668,-7.057814,-0.2891129,-1.7304083,-0.7751838,0.48284933,0.26366144,-0.23053552,-0.013565138,0.20225443,0.43430308,0.27541068
1669,-5.819011,0.037435107,-1.6148852,-0.2880795,-0.1142852,-0.0144577585,-0.11895754,-0.22783718,-0.25493377,0.40925586,0.47827762
1670,-4.338195,-0.04242094,-0.96717316,-0.3635785,0.3923705,-0.03352312,-0.106689855,0.1604205,-0.13520434,0.2832141,0.06734697
1671,-6.870151,-0.11163597,-1.8949063,-0.83905315,0.5475446,0.49399447,-0.45210397,-0.34230208,0.1905052,0.3835447,0.026656352
1672,-4.277132,0.0007258365,-0.8658974,-0.49407017,-0.09620313,-0.24513997,0.049902767,-0.31731293,-0.06497262,0.30472422,0.11910329
1673,-5.9323573,-0.0859499,-1.2078682,-1.0255399,0.006077037,-0.026901856,0.01671268,-0.7267965,0.2751024,0.64347565,-0.114427246
1674,-5.647701,-0.09003965,-1.0917194,-0.52651834,-0.24785769,0.12736553,-0.13727559,-0.17648809,0.13058566,0.6608242,0.18402675
1675,-4.4293337,-0.23942262,-0.701086,-0.55887204,-0.03899512,-0.31475204,0.033214573,-0.017906895,-0.3488922,0.25329483,0.34985235
1676,-5.5957093,-0.32018313,-0.9087976,-0.98583895,-0.420557,0.14166434,0.30430347,-0.08944596,-0.058537662,0.60971963,0.344834
1677,-5.074483,-0.44058016,-1.0215001,-0.48690778,-0.16832034,0.07111292,0.054865737,-0.10461223,-0.30243218,0.47028378,0.11813507
1678,-6.569699,0.07184747,-1.4296423,-0.46462715,-0.37723416,-0.15688692,-0.12706831,0.17191845,-0.1259937,0.6507148,0.30951512
1679,-5.746404,-0.19935395,-1.0762705,-0.8188171,-0.24841565,0.13557005,-0.052022584,-0.28659883,0.12489457,0.63441944,0.39118066
1680,-6.5529766,-0.3208622,-1.4099935,-0.6535816,-0.650266,0.22915407,0.23577361,0.32476476,0.000612475,0.8874713,0.9026376
1681,-4.783073,-0.043875933,-1.1651554,-0.64172834,-0.33549228,0.06396179,0.44529417,-0.3231773,-0.004675092,0.48646155,0.27309176
1682,-5.301979,-0.15761407,-0.9051558,-0.3377743,-0.006878706,0.09900728,0.09992901,0.16272254,-0.06714122,0.4832294,0.20642522
1683,-4.7619834,-0.14519426,-1.0826267,-0.4308001,0.33558393,-0.33602697,-0.17162897,-0.056726687,0.02421667,0.23339812,0.020909227
1684,-6.3786306,-0.29724967,-1.4292015,-1.1043725,0.16285537,0.008812612,-0.17349839,-0.57681525,0.47108337,0.5167484,0.03527463
1685,-6.7272363,0.08455586,-1.1285108,-0.7307421,-0.5954948,-0.26861238,0.6275745,-0.12311686,-0.49254918,0.09461284,0.622584
1686,-4.8907857,-0.053094987,-0.9264023,-0.43066895,0.03353525,-0.090350166,0.24591908,0.2260305,-0.1752167,0.51994455,0.5182038
1687,-5.405807,-0.2686735,-1.2413154,-0.48697332,-0.025084196,0.3956328,0.33181348,-0.08751226,0.15087937,0.56286377,0.6650221
1688,-5.6593018,-0.018363059,-0.99740404,-0.58664083,-0.6833053,-0.09713773,0.19813223,-0.21473852,-0.3136376,0.3179975,0.2861597
1689,-5.3459053,-0.09711893,-1.0271978,-0.4023621,-0.1855567,-0.20449339,0.16595496,-0.1447044,-0.12366718,0.24331316,0.4659241
1690,-7.321372,0.020443957,-1.795655,-0.76337826,-0.43826875,0.12512116,-0.27667978,-0.7369968,0.11172945,0.4022091,0.4685185
1691,-8.523666,-0.050174154,-1.3887405,-0.62497556,-0.027241843,0.32806444,-0.11385053,-0.44012418,-0.3469759,0.19371207,0.42014349
1692,-4.717172,-0.18264556,-1.3670903,0.013565755,0.136853,0.18382032,0.027821302,0.063258186,-0.32598692,0.31624955,0.09362904
1693,-5.473915,0.03627027,-1.2375741,-0.39537433,0.48077804,0.21402313,-0.10825572,0.0195892,-0.16015868,0.021067098,0.052793585
1694,-4.6020355,-0.030658614,-1.0935042,-0.56247437,0.15710106,0.2207449,0.010357498,0.34182343,0.17907977,0.4166733,0.10588511
1695,-5.544195,-0.16651937,-0.9245159,-0.51086456,0.12665589,0.22894871,-0.20173787,-0.3186118,0.12524533,0.5995611,0.06439048
1696,-4.61561,-0.123218834,-0.77976066,-0.39317647,0.20781948,-0.14636251,-0.11870297,-0.13040867,-0.0533389,0.19876915,0.33625802
1697,-6.595183,-0.2596519,-0.8421444,-0.6123243,-0.4007979,-0.08622716,0.16238245,0.0656313,-0.24064465,0.14636691,0.97875065
1698,-5.898514,-0.06391506,-1.2389294,-0.8267493,0.12604047,-0.21165067,0.004840846,-0.4903358,0.09649887,0.20892999,0.28578776
1699,-5.574411,-0.29147625,-1.0871465,-0.74086165,-0.33593616,-0.045979533,0.11016022,-0.44497457,0.010452004,0.3336909,0.3550072
1700,-5.9792414,-0.3566483,-0.5199495,-0.6975677,-0.3756583,0.035876397,0.67127764,-0.1427233,-0.3462732,0.0947372,0.49262822
1701,-5.8354664,-0.040135786,-0.9778224,-0.9681872,-0.25892144,0.18874097,-0.34415454,-0.13808908,0.14863268,0.40223718,0.55665034
1702,-5.414645,-0.007037456,-1.1981044,-0.83583593,-0.5645459,0.11656835,0.10144917,-0.2157258,-0.030897079,0.52731854,0.7377609
1703,-4.076104,-0.31814915,-0.8490335,-0.46870643,-0.47757772,-0.34324485,0.24177764,0.13368164,-0.22899593,0.2986802,0.32303622
1704,-6.1562405,-0.12850842,-1.144105,-0.44759715,-0.49270743,-0.41049135,0.29722333,-0.104095146,-0.21340962,0.3257531,0.44852513
1705,-7.0343986,0.06505621,-1.102969,-0.7477674,-0.46445167,-0.26208872,0.005238516,-0.42789486,0.1756675,0.3158539,0.65204316
1706,-4.5426946,-0.03422719,-1.1046582,-0.34269592,0.036508713,0.07503322,-0.09615711,-0.3780745,-0.023107344,0.39385352,0.1370535
1707,-5.0471616,-0.017068375,-1.1524847,-0.33865845,0.39489377,-0.1347146,-0.13103092,0.08586289,-0.08739633,0.3774185,0.09855511
1708,-2.7178285,-0.034771487,-0.6380672,-0.38304898,-0.026712848,-0.073973686,-0.1132871,-0.11757625,-0.1195834,0.34739196,0.12434331
1709,-4.071627,-0.10366665,-0.75013083,-0.17967664,-0.31950194,-0.105985925,0.19942158,0.060369007,-0.21991313,0.13277152,0.24082753
1710,-5.1354856,0.22866786,-0.7383116,-0.25059494,-0.1707655,-0.05082481,0.03244031,-0.17776807,-0.19226903,0.40467548,0.33388448
1711,-8.144039,0.031475246,-2.2294734,-1.0003403,0.40443876,0.015949618,-0.08911485,-0.19846621,0.26697123,0.6848232,0.59870166
1712,-6.7284093,-0.21760263,-1.1635082,-1.1239079,-0.5251816,0.09280346,0.5019471,-0.23236763,0.18716379,0.6825399,0.28384537
1713,-5.1817355,0.12887841,-1.3832064,-0.5356697,0.21021211,-0.12884182,-0.024295159,-0.012695981,0.0039792033,0.5817419,0.24108142
1714,-4.447097,-0.038223166,-1.1331364,-0.6935277,-0.23684736,-0.09106035,-0.07624995,0.111912325,-0.06617454,0.4109986,0.21423224
1715,-6.9258776,0.06801821,-1.0724183,-0.51950574,-0.030817492,0.027656069,0.21560684,0.13302894,-0.41372293,0.8146018,0.42482954
1716,-5.127489,-0.27987587,-1.0112044,-0.56736994,-0.10808907,-0.07333176,-0.09784804,-0.19624053,-0.119746014,0.36459756,0.5157092
1717,-5.702702,-0.29174846,-1.2219802,-0.88405913,-0.11918815,0.165574,-0.014484777,-0.033380874,0.1482687,0.7588058,0.33550397
1718,-4.995582,-0.05833743,-0.8761578,-0.38962144,-0.36806726,0.4387269,-0.23056984,-0.23509118,-0.000746686,0.36370358,0.32480904
1719,-7.349891,-0.30728072,-1.1072481,-0.6589241,-0.25594652,0.061105475,0.0937904,0.03988459,-0.6142595,0.2879424,0.575176
1720,-6.098793,-0.097074725,-0.971177,-0.5821626,-0.4306977,0.04488156,0.07331939,-0.47914094,-0.24674247,0.05818173,0.635678
1721,-5.0613427,-0.03332258,-0.91203135,-0.27789336,-0.033036146,0.24867332,-0.30493543,-0.25884646,-0.22597502,0.07970739,-0.14645606
1722,-4.8008766,-0.17577393,-1.1191657,-0.14239739,0.15882075,0.123858504,-0.0755866,-0.22934878,-0.05578243,0.19326538,0.47628993
1723,-6.434637,-0.13663997,-1.4692324,-0.6146231,-0.49040556,-0.31804234,0.5506765,-0.40491456,-0.36572203,0.16393827,0.6525991
1724,-9.813805,-0.19136424,-1.6308999,-0.771467,-0.32168436,0.09563057,-0.0099321855,-0.44298238,-0.65483594,0.92989796,0.64223045
1725,-5.5192723,0.16725247,-1.1119647,-0.6312362,-0.30748397,-0.04914907,0.105701886,0.14596707,-0.18884958,0.34509426,0.45916906
1726,-3.7615497,-0.0034411661,-0.90758145,-0.50226325,-0.1358858,0.119760625,0.04042823,-0.18057236,-0.015968,-0.033326343,-0.035309415
1727,-5.96618,-0.271301,-0.8956651,-0.33638665,0.09438263,-0.17987598,-0.27140248,-0.21726047,-0.09636484,0.42272204,-0.04335639
1728,-5.747985,-0.26279187,-0.734456,-0.5427116,-0.21597186,-0.05979144,-0.40944445,-0.5008743,-0.111812204,0.19193125,0.24142988
1729,-5.02178,-0.19280784,-0.92687106,-0.63310266,-0.36138496,0.24130641,0.51935023,-0.1434759,-0.13016465,0.2052101,0.41273585
1730,-5.87568,-0.4737908,-0.85475147,-0.5447448,-0.17762262,-0.177134,-0.07359825,-0.07088346,-0.4627836,0.49725708,0.47455946
1731,-5.6181116,-0.05673993,-0.80555373,-0.5004932,-0.3326401,-0.15548816,-0.093286425,-0.3347018,-0.44084543,0.21877173,0.45025983
1732,-5.280521,0.025479931,-0.6990819,-0.68482614,-0.2651193,0.022026218,0.3431771,0.22375152,-0.063143,0.20969449,0.42682803
1733,-5.4948306,0.1954908,-1.039521,-0.5541377,-0.11595419,-0.30337358,0.14352311,-0.34166166,0.05175913,0.14213581,0.32619652
1734,-4.1363997,-0.22857966,-1.0970399,-0.5141037,-0.09375089,0.16111508,0.21196836,-0.29402316,0.043677807,0.30203825,0.061110917
1735,-5.023938,0.07968518,-0.9721308,-0.75091,-0.3671659,-0.3502608,0.30391255,-0.20182379,-0.30473027,0.48037583,0.51982427
1736,-6.052819,-0.18186878,-1.1179094,-0.7857345,-0.21647704,-0.035756998,-0.0033623744,-0.2605961,-0.05617162,0.56595236,0.3762083
1737,-4.34378,-0.14451347,-0.86550385,-0.65158373,-0.34620693,-0.13981014,-0.09055496,-0.19821158,-0.175414,0.33701771,0.27874497
1738,-4.987199,0.03163999,-1.0961368,-0.4766696,-0.2717386,-0.044880774,0.0005176896,0.01817955,-0.06138158,0.42420918,0.0042290827
1739,-4.4585257,-0.14523657,-0.91038513,-0.68330806,0.056595374,0.2092215,0.019338582,-0.34260586,0.064585514,0.40850076,0.07372395
1740,-6.5371165,-0.18241164,-1.1753075,-0.878819,0.4042617,-0.27169007,-0.6703259,-0.24522734,0.0789377,0.64139086,-0.30311906
1741,-5.7137127,0.20605032,-0.9327133,-0.73277605,-0.19793555,-0.42474192,-0.080581345,0.031043015,-0.09243336,0.31575888,0.3205718
1742,-5.025796,-0.20778926,-1.1642356,-0.7707115,-0.076736145,0.011100002,0.1729429,0.16610108,0.22290756,0.52539283,0.34067076
1743,-5.4490724,-0.27739426,-1.1503893,-0.5371327,0.18314332,-0.089501835,-0.06575741,0.012585299,-0.085237145,0.019039072,0.18293965
1744,-4.991892,0.098297186,-0.95695734,-0.32189986,-0.009797597,-0.07544322,-0.08279044,-0.050479226,-0.17901018,0.7111651,0.21512109
1745,-6.909686,0.13610822,-1.239604,-0.70429415,-0.16617332,-0.22436516,0.089041434,-0.64439416,0.13655443,0.17493078,0.36097455
1746,-4.7067876,-0.0923042,-1.1478411,-0.6088611,-0.258639,0.05835954,0.098619804,-0.08031913,0.058406428,0.5065543,0.46460658
1747,-3.7377048,-0.020153794,-0.6168581,-0.18986143,-0.009915844,-0.038676303,-0.2288427,-0.11533029,-0.27465928,0.26316473,-0.12026303
1748,-3.9383461,-0.18541557,-0.5930383,-0.50045913,-0.16525811,0.005650425,0.11235219,0.0054991343,-0.14910312,0.3149722,0.096658185
1749,-5.4217315,-0.43805537,-1.2849071,-0.510492,0.36826754,0.13772473,-0.121769644,-0.11334546,0.23582172,0.29778662,0.35320088
1750,-5.7596335,-0.038197957,-1.3404542,-0.1040164,0.4179664,-0.026710209,-0.20434736,-0.20591064,-0.10284307,0.274475,0.3138493
1751,-4.5277033,-0.029159367,-0.76867133,-0.48730242,0.19690156,-0.03665833,-0.36833474,-0.16629553,-0.060815804,0.3345839,-0.14871563
1752,-5.060993,-0.020603519,-0.97715646,-0.30057985,-0.0037787207,0.08902037,-0.13837038,-0.24481523,-0.17639875,0.48290044,-0.02495778
1753,-7.613465,-0.04849393,-1.6858063,-0.953322,0.062998675,0.27591306,0.11436175,-0.3451352,0.009080939,0.5873699,0.33957574
1754,-6.32306,-0.22399235,-1.2770654,-0.5065535,-0.51594496,0.1663611,0.29098243,0.03358488,-0.19562481,0.33272913,0.6294203
1755,-5.4580626,-0.25506434,-0.84759486,-0.7579466,-0.25938284,-0.08101372,-0.15234202,-0.054805994,-0.08283743,0.44220278,0.48239058
1756,-5.5578175,-0.47595516,-0.64265984,-0.9267906,-0.2682636,-0.42779976,0.2125496,-0.17325826,-0.09056271,0.57046187,0.4556547
1757,-8.512614,-0.17185168,-1.2176023,-1.1170925,-0.02415969,0.16334751,-0.23307687,-0.65695155,-0.12315394,0.100450695,0.6003958
1758,-3.7487001,0.029078562,-0.83638984,-0.27818102,0.028160524,-0.05303434,-0.008015939,0.1113067,-0.22557436,0.093905695,0.17380007
1759,-4.9713616,-0.0146709,-1.0170124,-0.73186016,-0.33168793,0.16457812,0.1576022,-0.42632547,0.16059408,0.89428365,0.6385555
1760,-4.965271,0.052545156,-0.9943069,-0.7651912,-0.36559904,-0.21687858,-0.097240984,-0.5189246,-0.07375767,0.53392476,0.2197657
1761,-6.8480687,-0.07416215,-1.2729424,-0.85909796,0.5223735,-0.45390916,-0.18012406,-0.14893222,0.06939007,0.09416339,0.21335979
1762,-6.111929,0.014020406,-1.0243554,-0.7079563,-0.26037788,-0.29241264,-0.06447466,-0.29121855,-0.33664405,0.04780046,0.41050085
1763,-5.6510825,0.017657613,-1.2715268,-0.43251625,0.12860264,0.15837857,-0.20155041,-0.16945247,-0.08236231,0.10437145,0.20833944
1764,-4.1180224,0.14733459,-0.70166284,-0.28079596,-0.08868868,-0.27951217,-0.035849344,0.047533847,-0.17617579,0.14161699,0.17133048
1765,-4.5234466,0.09837475,-0.7291406,-0.6410047,-0.066169694,-0.12556605,0.07850967,-0.07281633,0.0033105789,0.39971784,0.03336329
1766,-4.841962,-0.15840082,-0.9667671,-0.27403805,-0.25754505,0.10663645,0.03563154,-0.12125944,-0.09945425,0.3793865,0.42099446
1767,-5.7005267,-0.04170898,-1.361528,-0.33986446,0.0022773324,0.10756505,-0.17927304,0.08056626,-0.17514575,0.23914671,0.2083813
1768,-5.342028,0.038426585,-1.0948291,-0.5937451,-0.19797169,0.09327765,-0.23242106,-0.33997554,0.24516867,0.21332228,0.37873814
1769,-6.044128,-0.0724145,-1.1007394,-0.6715903,-0.60344833,0.08688376,-0.10678536,-0.06801395,0.12024733,0.48912606,0.46548682
1770,-6.630766,0.08295987,-1.636072,-0.88902086,0.17908378,-0.11224449,-0.1824764,-0.49417207,0.28856456,0.14872643,0.417476
1771,-5.175973,-0.19336393,-1.1510046,-0.71676457,0.083752215,-0.09637975,-0.26673746,-0.18294194,0.15703183,0.38830274,0.24377826
1772,-6.910979,-0.12313017,-1.7597059,-0.63054454,0.13435464,0.17067412,-0.28351194,-0.5903066,-0.17273904,0.44589657,0.2080229
1773,-6.7825294,0.122907035,-1.199888,-0.5922254,-0.010628017,-0.085403875,-0.250112,-0.163656,-0.24915092,0.49839568,0.19701022
1774,-5.069783,0.05325397,-1.2453011,-0.95710206,-0.06702152,0.43910617,0.12691389,-0.41398284,0.077001825,0.2881017,0.36570722
1775,-4.549529,-0.10375892,-0.6352366,-0.43627954,-0.062011383,-0.08546714,-0.13934842,-0.26047114,-0.21824501,0.14953779,0.34799358
1776,-6.7828035,-0.08737895,-1.448709,-0.8985955,0.16416354,-0.052662678,-0.46659496,-0.52937543,-0.31228516,0.13872907,-0.06795651
1777,-5.2248483,0.04617405,-0.7041339,-0.24586964,-0.33285296,-0.25422603,0.11505466,-0.3373203,-0.27769166,0.21052562,0.3306486
1778,-4.743929,0.1083081,-0.53973216,-0.46768886,0.023615198,-0.23038375,-0.14028566,-0.15374048,-0.068870075,0.4104092,0.25366387
1779,-4.9076605,0.024880186,-0.8467371,-0.52402383,-0.36448616,0.10353008,0.06362195,-0.076474406,0.085535124,0.46471837,0.1268648
1780,-4.7866526,-0.26761258,-0.7347886,-0.3899548,-0.21747537,0.010543073,0.082423806,-0.32501706,-0.066218406,0.37416542,0.41702628
1781,-6.1481924,0.028353114,-0.9879971,-0.48591018,-0.118737675,0.0025750925,0.324811,-0.12483419,-0.024196653,0.25263438,0.2648843
1782,-4.660218,-0.049423456,-0.8723279,-0.566164,-0.14068593,-0.06819637,0.4017335,-0.10032337,-0.11389616,0.22588767,0.5313782
1783,-4.7694902,-0.12035291,-0.84879905,-0.3256869,-0.2659935,0.24066995,0.017770724,-0.45528865,-0.07916041,0.5060554,0.24185725
1784,-6.7559557,-0.22278593,-1.5424149,-0.65836895,-0.108097546,0.0019265632,-0.12851751,-0.15668316,-0.17455088,0.5036033,0.26609448
1785,-5.4039073,-0.08618184,-1.0703667,-0.40851578,0.045127064,0.13352956,-0.33233306,-0.12914522,-0.07364591,0.45383263,0.18874997
1786,-6.2888775,0.019124009,-1.592706,-0.9479962,-0.36587182,0.15764093,-0.25550565,-0.46744257,0.2530462,0.40149003,0.5292023
1787,-5.9728136,-0.019085042,-1.0314063,-0.5976601,0.31561446,-0.28470278,-0.32344034,-0.44774917,-0.06430698,0.6756523,0.049996123
1788,-4.894824,-0.10808053,-0.9589741,-0.3942997,0.18825017,-0.03217894,-0.040286392,-0.28801224,0.31277037,0.57515544,0.028594818
1789,-5.2297873,-0.05300337,-1.3196973,-0.80561066,-0.4709224,-0.0056357346,-0.11306811,-0.02056392,-0.005482238,0.55646664,0.2314414
1790,-4.470034,-0.07129547,-0.96442777,-0.3185675,-0.03199534,0.2728364,-0.07853725,-0.26550153,-0.07668513,0.4517743,0.33575776
1791,-5.34688,0.08543756,-1.1986946,-0.37339196,-0.04162152,-0.35912168,-0.31296337,0.0154077485,-0.17151798,0.55876696,0.07269568
1792,-5.0555663,0.015117986,-1.1807652,-0.6858213,0.15266831,0.07820167,-0.32672846,-0.26734915,0.19486314,0.70442724,0.2533329
1793,-6.3046517,-0.17848858,-1.4683698,-0.7453351,0.5188859,-0.13502494,-0.6097788,-0.34974402,-0.013636572,-0.03984928,0.116645455
1794,-5.6642685,-0.024852127,-1.1299028,-0.88471836,-0.11391675,-0.14693327,-0.062348686,-0.38694638,0.046694368,0.39627177,0.39514762
1795,-5.712543,-0.25951463,-0.9551972,-0.547053,0.3696218,0.0859357,-0.5195293,-0.1743634,-0.071892776,0.2787226,0.07290522
1796,-5.629552,-0.10188892,-1.1751122,-0.8065428,0.10455338,0.36940902,-0.18009052,-0.39886057,0.04122557,0.43694896,0.29213294
1797,-5.148369,0.03024751,-0.6691857,-0.23823322,-0.261762,-0.1733728,0.022952318,-0.2704346,-0.1568937,0.05090375,0.454954
1798,-5.554508,-0.42646557,-0.7834155,-0.695719,-0.20155896,-0.10171397,0.40560386,0.114378154,-0.045723245,0.37231857,0.35592848
1799,-5.2963333,-0.3835435,-1.3327565,-0.75529015,-0.604107,0.32530832,-0.008231587,-0.3382576,0.3147167,0.6712546,0.5907191
1800,-3.996865,-0.08385867,-0.7260422,-0.6205753,0.024971018,-0.047484078,-0.20720379,-0.39695933,0.04520887,0.23512542,-0.007698999
1801,-5.3695154,-0.27615136,-1.5507417,-0.76122487,-0.18011157,-0.10792865,-0.2956341,-0.29977053,-0.13539161,0.5617289,0.5965932
1802,-4.0427194,-0.025878951,-1.1214235,-0.5878776,-0.09046033,-0.026383057,-0.10188805,-0.34678316,-0.022581277,0.34949026,0.10164315
1803,-5.6672597,-0.24646382,-1.0789832,-1.0251865,-0.5943791,-0.1679521,-0.19713344,-0.06292219,0.13021758,0.5897597,0.71526086
1804,-5.1090384,0.028772205,-0.7376873,-0.5519762,-0.37300062,-0.015149379,-0.23926978,-0.34493798,-0.22627637,0.42652753,0.22547404
1805,-5.707585,0.11303801,-1.0178385,-0.7237475,-0.29540196,0.28581333,-0.15619409,-0.26383272,-0.11562851,0.05083203,0.14862429
1806,-6.200693,-0.34690925,-1.3899604,-0.7472129,-0.66222745,-0.11642648,0.14430326,-0.2256809,-0.09396847,0.41489193,0.62593263
1807,-6.2271705,-0.16209254,-1.0928303,-0.48323512,-0.10971308,-0.67109615,-0.11267173,0.15453844,-0.22874746,0.18314868,0.1467241
1808,-4.93616,-0.21615903,-1.1803977,-0.61635995,-0.24853012,-0.14775513,0.12096068,-0.3380975,-0.074884586,0.24646729,0.49914047
1809,-7.098618,-0.5173459,-1.0475571,-0.86727804,-0.3688338,-0.29651588,-0.100313514,-0.06897662,-0.19933946,0.6802803,0.1954927
1810,-5.0853076,-0.11274289,-0.6443562,-0.7095321,-0.22636509,-0.17244855,-0.14009076,-0.17243768,-0.11179672,0.34739795,0.22724113
1811,-6.4768896,-0.5471971,-1.4607326,-0.40701798,-0.12729068,0.4579962,0.076210365,-0.11509787,-0.10032893,0.41652215,0.7837924
1812,-5.85538,-0.32254076,-1.2478039,-0.7559053,0.3240801,-0.026724,-0.46377787,-0.15194039,0.136264,0.6277332,-0.27810436
1813,-7.5725937,-0.03989779,-1.2740248,-0.583426,-0.65617925,0.17066814,0.2088318,-0.40963212,0.13491164,0.650202,0.91194737
1814,-5.9885945,-0.25424096,-1.2321829,-0.8607265,0.37314475,0.10248243,-0.24220474,-0.6004266,0.13951746,0.956888,0.13453382
1815,-5.0746074,-0.217889,-1.0395516,-0.39247265,0.0014360724,-0.2101011,-0.10196433,0.2459643,-0.178613,0.547004,0.23141702
1816,-4.8862524,-0.14609027,-0.7990733,-0.62111837,-0.20689653,-0.09733905,0.088033095,-0.20884505,0.024762211,0.4165783,0.3508152
1817,-5.8103075,0.024709791,-1.0247321,-0.28800187,-0.37298456,0.08739472,0.3215697,-0.41197067,-0.10470158,0.2586748,0.45443964
1818,-4.902387,-0.3262192,-1.1017699,-0.6106041,-0.010601688,0.20118727,-0.20131963,-0.29449642,0.12870198,0.5188991,0.17484055
1819,-6.1253633,-0.30812323,-0.9809767,-0.5920503,-0.34918422,0.2577325,0.17449062,-0.13899912,-0.09286115,0.36935854,0.5790834
1820,-4.5157847,-0.07261516,-1.1318263,-0.61113334,-0.27711707,0.13144681,-0.12969217,-0.4578751,0.1207931,0.61205906,0.4726949
1821,-6.5735755,-0.2633133,-1.4165117,-0.5638377,0.39714742,0.12708063,-0.032532893,-0.21394604,0.3141519,0.8970568,0.19376741
1822,-5.3164754,-0.053512584,-1.2284235,-0.81716275,-0.41791403,0.065610975,0.30780095,-0.084805444,0.07687674,0.6437388,0.48097482
1823,-5.1112747,-0.057695184,-0.8924915,-0.745576,-0.22246018,0.2701398,0.2779927,-0.41718608,0.051944695,0.5013952,0.40584835
1824,-4.1085434,-0.13003926,-0.9812205,-0.39242813,0.013378884,-0.19217597,-0.2959966,0.2032524,0.041843355,0.59451586,0.20709272
1825,-5.3455,-0.13314076,-1.1657555,-0.6076172,-0.68999106,0.39284807,-0.12527408,-0.49038705,-0.12169716,0.37702525,0.34618145
1826,-6.53952,-0.037699014,-2.0058675,-1.3733978,-0.26005873,0.25303262,0.08319513,-0.15401977,0.2335232,0.5870764,0.8627764
1827,-5.122868,-0.13002197,-1.1914895,-0.8853033,-0.20152816,0.30254823,-0.13664281,-0.42669365,0.25572562,0.58710307,0.33053178
1828,-7.131079,-0.5185968,-1.1527487,-1.0503111,-0.2834956,-0.11625398,-0.4034592,-0.10418439,0.026324678,0.9185451,0.26636228
1829,-5.9692383,-0.27172595,-1.0607778,-0.9322905,-0.328634,0.1877718,0.34491122,0.20066398,-0.03270629,0.56098807,0.1846523
1830,-6.9287395,-0.3351393,-1.128129,-0.679295,-0.503557,0.057328846,0.30855313,-0.22633877,-0.15340982,0.65078187,0.54819673
1831,-4.383128,-0.16589722,-0.8539738,-0.78759474,-0.35159472,0.022845276,0.30776203,-0.15630235,0.12775381,0.51747096,0.5069128
1832,-4.823689,-0.10606124,-1.1372212,-0.5560427,0.004797495,-0.12463683,0.3044196,0.0359013,-0.033358686,0.33377346,0.30845076
1833,-5.6689143,-0.06527543,-0.9570193,-0.5899058,-0.27507606,0.15018265,0.16267572,-0.21438971,0.18123545,0.5884062,0.4247826
1834,-5.845849,0.0027086022,-1.3691138,-0.9584838,0.36731327,-0.12933008,-0.36314273,-0.2171148,0.26159927,0.605757,0.10153712
1835,-5.516656,-0.32565898,-1.3551123,-0.44873512,0.20038559,0.13640153,-0.12550049,-0.10896633,0.22730057,0.4989211,0.3506039
1836,-4.87648,-0.113561325,-0.9261798,-0.40598154,0.09846095,0.012409583,0.00946384,-0.13478461,-0.08206545,0.5890687,0.23702694
1837,-5.1349335,-0.16221602,-0.96955657,-0.6286184,-0.4253864,-0.14671817,-0.058602475,-0.18832971,-0.073274486,0.5715554,0.19065486
1838,-8.772133,0.25489762,-1.7274929,-0.38902137,0.5508457,0.018108996,-0.43483704,-0.10452137,-0.22256684,0.045876764,0.03924362
1839,-5.5355897,0.043878376,-1.1847155,-0.36799973,-0.5169945,-0.09873264,0.29122517,0.13694671,-0.2871756,0.20986219,0.444954
1840,-5.3131094,0.062738575,-0.9113493,-0.7873277,-0.37619036,-0.03807345,0.1299944,-0.3344758,0.0801022,0.5590528,0.404134
1841,-6.7553077,-0.05289492,-1.0684938,-0.6964295,0.0009878436,0.057046555,-0.00243254,0.05106069,-0.09883677,0.18868975,0.41376093
1842,-4.9734764,-0.1044695,-0.9420769,-0.5779678,-0.10769222,-0.014759665,-0.031321082,-0.31690404,-0.045508415,0.2936306,0.3111524
1843,-6.1798606,-0.097313605,-0.8979812,-0.42087436,-0.24423775,-0.4268576,0.021024242,0.13867855,-0.4965245,0.5967673,0.47083473
1844,-5.3975554,0.15243521,-0.95209855,-0.28437555,-0.06621177,-0.047877453,-0.02847578,0.06546715,-0.13209623,0.1858776,0.18914732
1845,-7.3042617,0.04513584,-1.6705127,-1.1200893,0.24446402,-0.33377814,-0.21935889,-0.3980817,-0.084884845,0.37931046,0.39502224
1846,-3.7687001,-0.2211502,-0.6349818,-0.34983635,-0.07901937,0.18435095,-0.11070756,-0.27851614,-0.2520805,0.3204818,0.07631062
1847,-6.2118025,-0.18746631,-1.1824393,-0.7824405,-0.25298202,-0.12852311,0.0907499,0.08667975,0.028171018,0.42811707,0.43891948
1848,-4.082071,-0.082501374,-0.91224426,-0.50873655,-0.027661705,0.07587119,0.099809594,0.058777235,0.0022564568,0.3137236,0.3535819
1849,-5.2121096,0.14063244,-0.9839965,-0.31787416,-0.15418117,-0.13793992,-0.104501374,-0.37572816,-0.4034002,0.5557479,0.3044913
1850,-4.4774127,-0.18438677,-0.82236314,-0.57300854,-0.4226879,-0.11225887,0.15363288,-0.08404741,-0.083194554,0.47607017,0.4115773
1851,-6.080618,-0.15492159,-1.0813988,-0.869217,-0.49532688,0.53215283,0.21644542,-0.70754385,0.36915934,0.603259,0.5290554
1852,-7.258459,-0.13694832,-1.2992889,-0.7230248,-0.38907933,0.45609957,-0.26295555,-1.0760856,-0.0894489,0.4511349,0.27138764
1853,-6.9747977,-0.112205364,-1.2811998,-0.19338445,0.16729432,0.23748145,-0.16237186,-0.17599842,-0.07998353,0.086706914,0.30450726
1854,-5.4971943,-0.07197558,-1.0442383,-0.8153172,0.005093136,-0.42204,-0.097859144,-0.22849953,-0.2024426,0.3464626,0.3278104
1855,-5.202714,-0.12392919,-1.0652218,-0.3219559,-0.009521468,-0.04979239,-0.3800043,-0.03784226,-0.04537745,0.41591495,0.32030967
1856,-4.582717,-0.185457,-0.9765534,-0.4088784,-0.093617015,-0.25333357,-0.18961568,-0.09255307,-0.23932482,0.07193488,-0.06091483
1857,-5.591237,-0.22012159,-1.3642734,-0.8384935,-0.08164028,0.24379587,0.0065610684,-0.21977842,0.36806446,0.3570705,0.35481453
1858,-6.928124,-0.19342946,-1.4691533,-0.23638809,-0.746967,-0.11796163,0.20959003,-0.25561386,0.035330735,0.61063164,0.5699574
1859,-6.9166255,-0.20577505,-1.1310065,-0.8575399,-0.06290458,-0.21979794,-0.12578273,-0.48746443,-0.15400931,0.8263611,0.33351293
1860,-4.9228177,-0.15366581,-0.6593672,-0.59908354,-0.03325209,-0.19620945,-0.03182696,-0.16420744,-0.025130836,0.40842322,0.43262312
1861,-4.936844,0.09372226,-1.2587367,-0.75362813,0.09644915,0.20190382,0.08024091,-0.23372777,-0.040824324,0.4097889,0.14406238
1862,-5.997139,-0.03618545,-1.2000737,-0.41353604,-0.32091838,-0.37635034,0.08721425,0.03869675,-0.46809182,0.22195731,0.19715628
1863,-5.238524,0.19013698,-0.9627439,-0.43783897,0.10904572,-0.4061044,-0.14638332,-0.106818035,-0.152606,0.24167915,0.15733147
1864,-6.780399,-0.42303342,-1.0528867,-0.43954533,-0.008619469,0.16021203,0.017200775,-0.09966865,-0.29760668,0.27121004,0.69274807
1865,-6.6697674,-0.09554955,-1.3311503,-0.7093376,-0.43330246,0.120201714,0.21751954,0.030782497,-0.10986416,0.33734307,0.8405101
1866,-4.841844,-0.08014686,-0.9076555,-0.5112583,-0.45133305,-0.15533131,0.06599723,-0.32139796,-0.1500635,0.58728033,0.3664685
1867,-5.311423,0.010278253,-1.3576707,-0.6302517,-0.20824513,-0.19999553,0.13038924,-0.20647644,-0.28094548,0.27069876,0.27636567
1868,-6.8450603,0.07396088,-1.534949,-0.256252,0.56155264,-0.17030838,-0.14469214,0.016574806,0.1428681,0.048862122,0.015213655
1869,-5.329171,-0.2441061,-1.1043845,-0.84201247,-0.048245735,-0.077682145,0.23420155,-0.34636772,0.05736322,0.3503332,0.35251564
1870,-5.3294725,-0.22630315,-1.0630349,-0.88301826,-0.34676883,-0.17591135,0.06907911,-0.3269039,0.059722155,0.92270166,0.21318996
1871,-5.3766503,-0.25213468,-1.1802194,-0.9326546,0.1937085,-0.29924333,-0.24167152,-0.32349253,0.30408484,0.24587089,0.17682035
1872,-5.7891273,-0.21616478,-1.2315902,-0.791585,0.14353071,-0.31574607,-0.07667466,0.12236551,0.07510241,0.578672,0.11804999
1873,-4.378958,-0.10659954,-0.6878744,-0.52174544,-0.27096364,0.6109489,0.06425292,-0.13696292,0.2075564,0.81276345,0.5227208
1874,-4.648542,-0.037002996,-0.83057207,-0.7459059,-0.20398223,-0.11766319,-0.062614866,-0.36301243,-0.10516999,0.4949274,0.20079689
1875,-6.0440855,0.035706688,-0.91992354,-0.74447614,0.15194881,-0.3693815,-0.15419717,-0.27173436,-0.47709394,0.15215893,0.31100923
1876,-5.9463573,-0.1255404,-1.3608595,-0.8655005,-0.42529264,0.13645035,0.18139073,0.10259828,-0.018441824,0.66729116,0.35643637
1877,-3.8929713,-0.06654569,-0.68042785,-0.4772695,-0.49739712,0.13675956,0.21938746,-0.24534294,-0.19112323,0.17115542,0.17428125
1878,-5.0292635,-0.17752354,-0.94713455,-0.52444875,-0.20369777,0.02563267,0.4801806,0.07647835,0.042413514,0.53761715,0.43931767
1879,-4.1309247,0.060557246,-0.63765883,-0.45430472,0.062733315,-0.035645124,0.19440894,0.074443646,-0.21297406,0.055117212,0.24824932
1880,-6.1793027,-0.10571455,-1.4883631,-0.6833782,-0.074198276,-0.100235134,-0.097921684,-0.24118724,0.04637522,0.32236683,0.3355761
1881,-5.653186,0.05368088,-1.7530471,-0.7072216,0.17466201,0.08679356,-0.016858973,-0.12843147,0.03879489,0.37664604,0.5025014
1882,-6.4734554,0.12693776,-1.3034259,-0.736417,-0.25505075,0.46430415,0.0895444,-0.16751496,0.26402324,0.684524,0.31347954
1883,-6.961902,-0.30618677,-1.217925,-0.65863323,-0.80848205,-0.485344,0.0035136328,-0.24777126,-0.07552067,0.43380827,1.0214583
1884,-5.3163743,-0.09150642,-1.039236,-0.50219285,-0.24938765,0.15598227,0.06406065,-0.66933644,-0.21165375,0.41457754,0.36378255
1885,-5.714113,-0.07195296,-1.3765799,-0.74651456,0.4745145,-0.14935844,-0.5459082,-0.20430614,0.10815165,0.22413367,0.15663588
1886,-4.9697967,0.060282882,-0.84823567,-0.6348131,-0.13315848,-0.23634663,-0.070140816,-0.3609295,0.014169559,0.38201573,0.2623814
1887,-6.4711785,-0.2753993,-1.069377,-0.77580166,-0.2771152,-0.36446857,-0.1323165,0.19612975,-0.15875976,0.5660982,0.6195696
1888,-3.3032913,-0.093794845,-0.7611642,-0.48702538,-0.06846063,0.07908411,0.03774315,-0.23127191,-0.0029686596,0.18210727,0.20680135
1889,-4.912381,0.051173758,-1.2946149,-0.62364835,0.2304688,-0.12552392,0.03926642,0.12038803,-0.2389916,0.13481407,0.37364385
1890,-3.8542202,-0.2286879,-1.073042,-0.37530354,-0.13377559,0.13293265,0.12628408,-0.0693585,-0.31887743,0.40908024,0.20575914
1891,-5.687386,0.02883564,-1.3614289,-0.47660297,0.045582328,0.23508401,0.12766469,-0.0564704,-0.052059762,0.48032758,0.5344733
1892,-5.730391,-0.009239792,-0.9237305,-0.61281455,-0.074391015,0.107450105,0.11026816,-0.6648041,-0.13371524,0.39500508,0.2848675
1893,-6.303137,0.13787231,-1.734458,-0.6959473,-0.4553876,0.32115108,7.4011274e-05,-0.29387,0.25303483,0.81788486,0.50678617
1894,-5.261196,-0.040522225,-1.1061149,-0.19502951,-0.17800424,-0.27233756,-0.17418717,-0.5041858,-0.51101846,0.35657686,0.50346637
1895,-5.799319,-0.21380806,-0.82493055,-0.6311881,0.057699267,-0.10552688,0.1131226,-0.40097666,-0.041060902,0.5528575,0.37541482
1896,-6.3656325,-0.119073555,-1.397106,-0.9856423,-0.43195146,-0.045466095,-0.040867988,-0.2801453,0.2723632,1.0930156,0.5802968
1897,-7.011978,-0.16499001,-1.0693704,-0.32830802,0.08777823,0.17615749,-0.040486153,-0.5898002,-0.2637591,0.2767434,0.22274062
1898,-6.600537,-0.06268226,-0.94820136,-0.2871847,-0.15138996,-0.43773687,-0.08730823,-0.3209257,-0.43671796,-0.056732874,0.5924127
1899,-7.5511737,0.0151137095,-1.3099554,-0.8677008,0.41136444,0.50849116,-0.2659606,-1.0489129,0.13271368,0.19820902,0.40824598
1900,-5.887989,0.23149434,-1.081379,-0.18968923,-0.19473368,-0.354698,0.2971678,0.05540187,-0.32700422,0.04603444,0.45134285
1901,-4.7569036,-0.101990014,-0.7847019,-0.43976942,-0.06920293,0.13243528,-0.17580347,-0.017134517,-0.16629358,0.57524526,0.12788825
1902,-6.4579883,0.3357467,-1.1923207,-0.63984984,-0.15842238,-0.09305909,0.073137395,-0.05154612,-0.22414954,0.27179572,0.13817449
1903,-5.9093094,-0.21729569,-1.3790731,-0.55742896,-0.30641854,-0.048649542,-0.021866743,0.18063626,-0.38379124,0.33473954,0.29413617
1904,-5.5422573,-0.01959353,-1.1331788,-0.81659883,-0.2846728,-0.23402627,-0.21735407,-0.29725182,-0.067495696,0.4330674,0.34934974
1905,-4.651041,-0.1108694,-1.1823734,-0.5642724,-0.08924453,0.0046564415,-0.011382458,-0.6241314,0.09064645,0.7800562,0.25262943
1906,-6.769807,-0.2611081,-1.6930524,-0.7660582,0.36907625,-0.0024096286,-0.23133653,-0.20422673,0.10446709,0.122462876,0.25499755
1907,-5.405664,0.031462934,-0.9203586,-0.418766,0.15429735,-0.08996192,-0.2803485,-0.21183692,-0.08880321,0.0045280475,0.1529028
1908,-5.3654137,-0.23096001,-1.1910723,-0.62447536,0.05644116,-0.021888396,-0.1626658,0.03249565,0.0466984,0.51933694,0.21441907
1909,-4.774651,0.05728571,-0.8913815,-0.92139715,-0.3970826,0.25107825,0.26731586,-0.48559436,0.037800945,0.33236855,0.48526534
1910,-5.3679967,0.07229056,-1.2551106,-0.5881782,0.2529296,0.009118773,-0.21086034,-0.15001307,0.004344155,0.26188633,0.1186094
1911,-4.4084125,-0.08475508,-0.7925791,-0.60276914,-0.08532752,0.015190126,0.06836918,-0.458155,0.19279571,0.36745515,0.44287938
1912,-5.995174,-0.27530518,-1.4809185,-0.82198805,-0.010449318,0.04363419,-0.40073797,-0.18561463,-0.036303155,0.59949315,0.45538858
1913,-4.6189284,-0.19519207,-0.95473564,-0.25162223,0.084028184,0.12722307,-0.15292871,0.07730254,0.04057162,0.46023652,-0.07490749
1914,-4.549968,0.019427039,-0.96231127,-0.84503096,0.3271277,0.0070960056,-0.2195591,-0.19740558,0.24679223,0.32299256,0.23746878
1915,-4.143431,-0.15248567,-0.9075361,-0.3209898,0.16566142,0.3345127,-0.082294665,-0.29281837,0.16092925,0.31749356,0.0997954
1916,-3.9517906,-0.04801191,-0.68358207,-0.49331427,-0.00854617,-0.093918815,0.01110748,-0.05258853,-0.10266,0.5364169,0.29910797
1917,-7.1584573,-0.34493592,-1.0989631,-0.9106976,-0.19124088,0.01564863,-0.060065463,-0.091242924,-0.15277308,0.31529486,0.68470734
1918,-7.2614264,-0.26369068,-1.3389107,-0.5616267,0.3337307,0.07765709,-0.28666562,-0.38430953,0.2642664,0.53967535,-0.23275448
1919,-5.383207,-0.29520044,-1.1778497,-0.959842,-0.548632,0.06738469,0.4477868,-0.031491973,-0.1273018,0.29400846,0.55421406
1920,-7.7594204,-0.15919128,-1.7975893,-0.67074203,-0.79440415,0.68746233,0.34778544,-0.4915754,0.12487755,0.71972185,0.33550218
1921,-6.575322,-0.096867785,-1.2936002,-0.4314803,0.26401013,-0.059131905,-0.38217875,-0.22565018,0.06812277,0.7519575,-0.11669224
1922,-6.8934965,0.014734612,-1.4620593,-0.3489049,0.20604871,0.20809774,-0.1802947,-0.62208706,-0.005226409,0.23178804,0.2792221
1923,-6.560953,-0.014918546,-1.050111,-0.96490145,-0.1035434,-0.3877893,0.12250922,-0.52631706,0.008024362,0.32792985,0.4834719
1924,-4.988064,-0.015093843,-0.97826874,-0.58733237,-0.4587734,0.22986321,0.22193481,-0.054097988,-0.034941845,0.34462547,0.640956
1925,-8.255491,-0.44945005,-1.2066956,-1.1646835,-0.22176406,-0.07985835,-0.05395648,-0.17426504,0.16401988,0.26009482,0.98264587
1926,-4.653366,-0.02783227,-1.0376985,-0.20807447,0.17204513,0.16039404,-0.20472904,-0.09901906,-0.15487267,0.06438429,0.11044433
1927,-5.061686,0.22738196,-1.389863,-0.5303687,0.08487706,0.36415726,-0.23714793,-0.17307413,0.21453458,0.4037742,0.25927544
1928,-6.996999,-0.13105218,-1.3170362,-0.7733537,-0.24333605,-0.32925224,-0.022544239,-0.052812293,0.04207675,0.7189024,0.3575011
1929,-6.187049,-0.14064106,-1.4315429,-0.18309768,0.06232286,0.01395081,0.036483612,0.08934872,-0.16927509,0.33505875,0.32155508
1930,-3.8744526,-0.10088615,-0.7242753,-0.51366806,0.016424062,0.05873187,-0.13429527,-0.07609082,0.060534827,0.28737056,0.13928473
1931,-6.5920825,0.016109116,-1.2466154,-0.52406836,0.21227576,0.027064553,-0.019150421,-0.053980336,-0.045518912,0.2519613,0.027133632
1932,-4.6002326,0.11248388,-1.0492506,-0.4527402,-0.2784984,0.08095894,-0.20443039,-0.3730013,-0.2484517,0.52102786,0.2052587
1933,-4.994761,-0.091840394,-0.85038126,-0.8579186,-0.61785555,-0.13873258,-0.2457193,-0.44222823,0.14210735,0.42651615,0.3949488
1934,-6.3115635,-0.3290786,-0.99258906,-0.8557835,-0.24679479,0.08692789,0.16212854,-0.37771335,-0.3255069,0.38509196,0.32133746
1935,-5.459168,-0.025164187,-1.1412239,-0.70063955,-0.226985,0.042503953,-0.13181399,-0.4264033,0.12177124,0.40344283,0.4278212
1936,-7.297186,0.1888472,-1.3974446,-1.0564529,0.075367436,-0.2064834,-0.33054847,-0.4883517,0.28005132,0.28392982,0.6447415
1937,-6.9948816,-0.16789152,-1.408276,-0.9382213,0.17902215,-0.06618983,-0.10514544,0.10817062,0.09580107,0.6869154,0.20561604
1938,-5.712488,-0.28141987,-0.98471755,-0.71191615,-0.59562314,0.23047534,0.00016412139,-0.30954292,-0.1411769,0.35710293,0.5237951
1939,-7.9080567,-0.20991902,-1.5046573,-0.6011907,0.27240357,-0.24229404,-0.41879693,0.007800963,-0.24379624,0.34644902,0.25843444
1940,-6.9530525,-0.28703633,-1.2757212,-0.44343963,-0.24111558,-0.13652653,-0.04632793,0.043582425,-0.23047616,0.6729462,0.6457507
1941,-7.110964,-0.16405696,-1.0323873,-1.1315671,-0.52404934,-0.50496465,-0.1777444,-0.23637962,-0.085258394,0.74078715,0.07997807
1942,-6.3056245,-0.3534019,-1.3685344,-0.86732525,0.12552659,-0.0075484496,-0.15208225,-0.14448129,-0.037386313,0.42620906,0.58340746
1943,-8.639828,0.21420999,-1.3081698,-0.4935009,-0.14149277,-0.29012972,-0.05620899,0.007696273,-0.114604995,1.0876948,0.1604325
1944,-5.641284,-0.19129457,-0.9438922,-0.75966376,-0.26827252,-0.13047403,-0.24954422,-0.38348165,-0.19989114,0.06668152,0.43636617
1945,-7.9806175,-0.350942,-1.3305703,-0.7917847,-0.29796326,-0.0076130275,-0.07710449,-0.36887887,-0.21868381,0.16969885,0.32332122
1946,-5.5724897,-0.14655365,-0.96664107,-0.3814755,-0.626408,0.26009125,0.43589014,0.119702734,0.26372263,0.5210553,0.6866338
1947,-5.3930283,-0.032847375,-0.94124675,-0.811981,-0.24497828,-0.19766667,0.26281348,-0.13874747,-0.07320095,0.30583942,0.3593691
1948,-5.132627,0.0065436047,-0.83590835,-0.5805583,-0.21710543,0.09828181,0.072842486,-0.4116208,-0.13204539,0.12892897,0.37811536
1949,-4.887905,-0.17939222,-1.0589331,-0.8019156,-0.20040253,-0.19910884,-0.088204056,0.09919146,-0.08408923,0.53877604,0.45366302
1950,-5.085282,-0.07652775,-0.87615514,-0.36669362,-0.3775976,-0.35354477,0.014239873,0.27088636,-0.14157723,0.42530477,0.448782
1951,-5.7238736,-0.047954015,-0.74441993,-0.32790923,0.15113649,-0.19411772,-0.15228157,-0.03793823,-0.2729221,0.2763334,0.25192058
1952,-4.162958,-0.084984496,-1.0574876,-0.2651425,0.07172305,-0.044101447,-0.05297444,0.23220998,-0.24653806,0.14607202,0.1294613
1953,-4.9642596,-0.14415011,-0.85834026,-0.4763144,-0.41620874,0.28400272,0.08427153,-0.06727156,-0.24271543,0.1545373,0.21877506
1954,-4.212045,-0.23236693,-0.9039809,-0.2582966,-0.09730876,0.40255988,0.07873828,-0.23268884,-0.101516776,0.28596833,0.34484938
1955,-4.779116,0.17424753,-1.0006278,-0.38509637,-0.09558276,0.20529093,0.027344141,-0.5139561,-0.052898802,0.18384393,0.3883369
1956,-4.2568045,-0.25980273,-0.5926842,-0.59382546,-0.2310415,0.0947084,-0.07641974,-0.024432002,-0.07081561,0.28241012,0.14872965
1957,-5.1076317,-0.13706082,-1.0661988,-0.32397148,-0.22511718,0.25235656,-0.31130716,-0.3857917,-0.1511697,0.3018908,0.31932423
1958,-7.4008,-0.25077757,-1.9031756,-0.56649214,-0.4575276,-0.2307261,0.12912638,0.16149521,-0.24341448,0.5292338,0.81951153
1959,-4.1510363,0.10045884,-0.73040634,-0.4556348,-0.46067226,-0.09017509,-0.029689558,-0.08418922,-0.13203324,0.6941054,0.29069448
1960,-5.2816777,-0.15738922,-0.87899226,-0.72819084,0.03584742,0.14846404,-0.19027153,-0.6402507,-0.08321715,0.69920534,0.29869062
1961,-5.2457204,-0.07307557,-0.90006465,-0.6845257,0.22374032,-0.083994105,-0.09537587,-0.36971036,-0.0057879277,0.76480657,0.3356746
1962,-4.5891356,-0.109408714,-1.0634292,-0.34905994,0.033822704,0.5012017,0.024718951,-0.1505546,-0.121059135,0.3231542,0.2298499
1963,-5.0860963,-0.22260089,-0.72340894,-0.57073456,-0.23342963,0.31945705,-0.18837218,-0.01496307,-0.021494096,0.31377074,0.53618807
1964,-5.3462176,-0.35482553,-1.1056935,-0.5443193,0.09664736,0.056518238,-0.4784551,-0.39567894,0.06929588,0.34023076,0.11800267
1965,-4.5941844,-0.057483364,-1.0126652,-0.8298022,-0.21897103,0.06920798,-0.031216938,-0.5038018,0.15665619,0.36287418,0.50538874
1966,-5.6097665,0.12047946,-0.83821,-0.5953103,-0.010097224,-0.05763287,0.26348084,0.21938264,0.00911094,0.6585312,0.21949625
1967,-5.43451,0.047508795,-1.2748985,-0.3919574,-0.028143032,-0.19969717,0.2308377,-0.07270084,-0.20826042,0.30178684,0.3908737
1968,-3.4026241,-0.25455683,-0.89478403,-0.47001222,-0.114340425,0.0063208314,0.013651084,-0.17066325,-0.07344846,0.46662343,0.33282453
1969,-5.0370727,-0.26688913,-0.9287016,-0.50224537,0.030567558,-0.14565969,-0.16284986,-0.15313448,-0.27463287,0.35402435,0.49840435
1970,-4.7407317,0.07228408,-0.7636999,-0.4737868,-0.0049392083,0.24897519,-0.12509699,-0.2146415,-0.13884734,0.3531789,0.07435962
1971,-4.345555,-0.37965587,-0.86893505,-0.39499938,-0.087793164,-0.19250873,-0.17787759,0.23719127,0.12213811,0.42224166,0.1109977
1972,-6.108819,0.009783366,-1.1427647,-0.49627274,0.07444591,0.268107,-0.08377337,-0.10929574,-0.16786893,0.34852412,0.46565795
1973,-6.9079022,-0.11183435,-1.31381,-0.83052546,-0.7007312,0.038032755,0.31417015,-0.014562771,-0.32115015,0.21484381,0.56009066
1974,-7.0120587,-0.0034296764,-1.7645674,-0.82504994,0.36320066,-0.15591335,-0.24104546,-0.19879249,0.19585557,-0.03917655,0.4174303
1975,-4.4337654,-0.014149462,-0.9997552,-0.6322676,-0.17854743,0.1904832,-0.037909202,-0.18123676,0.1462968,0.37588477,0.17732792
1976,-5.4800787,-0.07024412,-0.8894419,-0.51340216,0.0891396,0.19827922,-0.2305972,0.06575196,0.04396593,0.7492339,0.20500195
1977,-6.0164886,-0.36105284,-1.2900511,-0.74184835,0.13227177,-0.3668564,-0.19434813,-0.26792687,-0.09735761,0.6098849,0.13440943
1978,-5.220664,-0.05639932,-0.8511488,-0.74330866,-0.3698725,0.025596216,0.008405699,-0.27511436,0.11772407,0.4494303,0.67226714
1979,-5.4698954,0.019570712,-1.4359826,-0.9568991,-0.84725875,0.06584479,-0.105492644,-0.2051777,0.22659273,0.6594832,0.93360716
1980,-5.070597,0.08813085,-0.6271031,-0.3978506,-0.44802344,-0.17865622,0.17294869,-0.043347917,-0.19217408,0.17320834,0.3813364
1981,-6.5578237,-0.23138647,-1.0998471,-0.9480408,-0.71065533,-0.14349748,0.34857067,-0.21825647,-0.07553641,0.42342517,1.0479383
1982,-5.419989,-0.20309182,-1.2032524,-0.02224787,-0.009638311,0.12809038,-0.20701393,0.12687637,-0.115802154,0.43812793,0.086312294
1983,-4.744447,-0.36817747,-0.82453847,-0.5384808,0.14328884,-0.2156107,-0.12297077,-0.22234984,-0.30760068,0.5153922,-0.14002046
1984,-5.7686367,0.31864467,-1.0971651,-0.5899065,-0.032074545,0.36104304,-0.12122383,-0.13724902,0.06724188,0.64689034,0.33885255
1985,-5.99887,0.043567996,-1.5625539,-0.68352336,0.29821673,-0.08090679,-0.07951275,0.21925932,-0.2678549,-0.15033305,0.06866156
1986,-6.344157,-0.12966193,-1.2390864,-0.8641846,-0.6244903,-0.14510515,0.16009434,0.36180148,0.071052544,0.69823927,0.9283481
1987,-6.2637396,-0.28834176,-0.89216554,-0.72428846,-0.50851583,-0.48188853,0.24914198,-0.031330056,-0.5399533,0.4165557,0.5083854
1988,-5.11839,-0.15262665,-1.3988943,-0.6087624,0.30281064,0.03566186,-0.15492065,-0.07537059,-0.06698546,0.6952623,-0.06838479
1989,-6.8375044,-0.21711229,-1.1111121,-0.786976,-0.64633304,-0.39706254,0.2697677,0.10243767,-0.36746943,0.5164786,0.3097949
1990,-4.657805,-0.091812685,-0.83786494,-0.7142644,0.002829952,-0.12902643,-0.29517734,-0.2316948,0.32452023,0.3738508,0.15486132
1991,-5.319642,-0.018166184,-1.1935295,-0.41322362,-0.057745323,0.0821272,-0.16745546,-0.20324597,-0.048120745,0.22712685,0.1683447
1992,-6.0929856,-0.0782079,-1.369511,-0.54989797,-0.32480556,0.14997424,0.1646122,-0.4756182,-0.07612998,0.38287276,0.62052256
1993,-7.201936,-0.09045166,-1.3324203,-0.8704614,-0.27379373,-0.034522578,-0.0616396,-0.08457882,0.30001515,0.7417707,0.3756403
1994,-6.115533,-0.19601065,-0.7345978,-0.49888986,-0.04745132,-0.35806304,0.26181692,-0.0073160157,-0.31925744,0.14635782,0.1847946
1995,-5.34392,0.08026318,-0.7791718,-0.4904272,-0.3544644,-0.39298487,0.11391953,0.060481645,-0.21288641,0.0761809,0.58628386
1996,-4.42773,-0.030296925,-0.9404387,-0.5482318,-0.25451493,0.41201514,-0.1954141,-0.6097478,0.12535496,0.2678094,0.17830582
1997,-4.3258166,-0.08921366,-1.2445832,-0.30340183,0.24394836,0.08573851,0.056163024,0.049648054,-0.099901676,0.22102182,0.016786827
1998,-5.4560146,-0.08019547,-1.0772408,-0.66596836,-0.08027148,-0.14656858,0.30876634,-0.0008555595,-0.3410098,0.58225965,0.09730357
1999,-5.4883766,-0.20414169,-0.9206611,-0.7012578,-0.3128282,0.21705565,-0.12726088,-0.41167104,0.18117136,0.4189951,0.42276666
2000,-7.0532994,-0.22611362,-1.6670403,-0.48845044,-0.43878728,0.34857124,0.29778293,-0.24082369,-0.037623987,0.42563754,0.5122082
2001,-4.6827083,-0.078230724,-0.9467385,-0.5441983,-0.41845855,0.069794424,-0.06817337,-0.1470456,0.07124771,0.60821193,0.2857117
2002,-4.2027583,-0.13130207,-0.8552643,-0.3609997,-0.22583944,-0.04025803,0.0021970645,-0.10071538,-0.06126941,0.13089375,0.3443408
2003,-4.560475,-0.12593527,-0.91605294,-0.5647267,-0.26487496,0.0021560863,0.21787214,-0.12955482,-0.43535283,0.1720999,0.13237502
2004,-6.835046,-0.2743593,-1.1910975,-0.65203303,0.14720196,-0.4265346,-0.13493866,-0.00031438936,-0.30904463,0.12942053,0.24880536
2005,-5.7466154,-0.18185635,-1.1267167,-0.6682049,-0.13195103,0.22004451,-0.1932951,0.022391152,0.12225546,0.53860486,0.23528334
2006,-4.812711,-0.031544052,-0.9126453,-0.13561988,-0.3027308,-0.16942067,0.10129774,0.0021332381,-0.089600496,0.21775815,0.1389124
2007,-4.870743,-0.24418564,-0.7448208,-0.36769286,-0.5194847,-0.021033678,0.2690256,-0.46810037,0.09192807,0.3901099,0.57338226
2008,-5.431103,-0.09143869,-1.3525275,-0.8835164,0.15187818,-0.13866952,-0.02901281,-0.12899682,0.24763493,0.39467415,0.26656324
2009,-6.6057525,-0.42564276,-1.196433,-0.62543875,-0.58511233,-0.32975817,0.1378646,-0.12113417,-0.20097326,0.73884934,0.47676775
2010,-7.220734,-0.0234892,-1.0964015,-0.736495,0.08679546,-0.22169964,0.018407442,0.017999817,0.14400911,0.21962999,0.4010452
2011,-5.047331,-0.27420005,-0.88867944,-0.23784587,0.02922787,-0.084757514,-0.24797602,-0.16285996,-0.086096294,0.6487414,0.034803405
2012,-5.4132156,0.08550779,-0.9434789,-0.6904464,-0.070309386,-0.24802892,0.11060494,0.13969009,-0.07863254,0.36815134,0.4884061
2013,-5.488863,-0.13800661,-1.2757722,-0.80539256,-0.13078499,-0.014528753,0.10126146,0.022656357,0.055339925,0.43142906,0.7961251
2014,-4.7128577,-0.043519143,-0.6740443,-0.21827689,0.33548725,-0.17927592,-0.12035092,-0.0968761,-0.28685537,0.28744844,0.16554645
2015,-5.6257997,-0.21263218,-1.5059692,-0.5413945,-0.4449855,0.14635833,0.024409834,-0.1660181,0.09546012,0.47456264,0.1659173
2016,-4.908708,-0.1574619,-1.0940293,-0.6220834,0.057409655,0.010512282,0.28141856,0.14510536,-0.14341904,0.18736912,0.25511375
2017,-4.1660533,-0.25546718,-1.0161136,-0.42832145,-0.3593587,0.16736509,-0.029474486,-0.14298579,0.20929559,0.50808746,0.15491773
2018,-6.090023,-0.14152355,-0.49584168,-0.7811956,-0.44242257,0.06707391,0.021363584,-0.39187044,-0.1975972,0.26707953,0.3256448
2019,-5.7641377,-0.25434968,-1.0129594,-0.7199354,-0.23282705,-0.10397461,0.038250864,-0.25912872,-0.1303752,0.49603552,0.30745104
2020,-5.6155686,-0.04629,-0.78407335,-0.6590482,-0.31250712,-0.101116024,0.30083853,-0.08090362,-0.283078,0.23823956,0.18552236
2021,-7.029419,0.11752242,-1.4722369,-0.5930546,0.37815508,0.0029782914,-0.39010212,-0.122668125,-0.11750579,0.25501075,0.020464096
2022,-4.2533617,-0.055093277,-1.2699361,-0.49459845,0.31666228,-0.064462736,-0.25003064,0.04023385,0.15180658,0.22614983,0.1899303
2023,-4.0755863,-0.13552934,-0.80764216,-0.20564292,-0.10065898,-0.123723105,0.17088784,0.0198249,-0.29613572,0.5676897,0.34164238
2024,-6.330359,0.054336615,-1.331475,-1.0215781,-0.4635951,0.49511403,-0.12814765,-0.38499,0.28140873,0.6012716,0.46849203
2025,-6.1121583,-0.12259306,-0.9683637,-0.84257764,-0.5354462,-0.018269084,-0.06715771,-0.1877141,0.025267094,0.33514234,0.8292551
2026,-4.6427894,-0.22754604,-0.9931242,-0.5698953,-0.35035118,0.24925415,-0.20851402,-0.35015023,0.266427,0.65768236,0.27207038
2027,-3.8130858,-0.028440032,-0.9071785,-0.42208996,-0.22253324,-0.122558445,0.114798374,-0.0075029675,-0.1289739,0.34777358,0.40865636
2028,-6.5222673,0.09656265,-1.1391488,-0.71237206,-0.3307549,-0.09318488,0.36372638,-0.38047257,-0.24535446,0.85878694,0.25571284
2029,-5.4139333,-0.097824484,-0.7099197,-0.5675939,-0.1472933,0.2501757,-0.012153492,-0.3959658,0.06643119,0.6302212,0.022103582
2030,-5.7159457,-0.08053257,-0.9667304,-0.46094388,-0.012076719,0.11739169,-0.10434374,-0.24253953,-0.008160524,0.27689722,0.22441563
2031,-6.561311,-0.21474934,-1.3479673,-0.6187347,0.07110521,0.29256725,-0.43228143,-0.4238031,0.07603581,0.47570804,0.0029087197
2032,-5.008271,-0.06520763,-1.1852273,-0.4741216,0.263243,0.111688435,-0.26892045,-0.5564471,0.10880957,0.214455,0.20532936
2033,-4.5703907,-0.10697771,-0.78475755,-0.59663147,-0.11382385,-0.033515863,0.025293365,-0.09149075,-0.22535868,0.33017245,0.2944767
2034,-5.4263434,0.14485808,-1.1550877,-0.36196488,0.14046091,0.14574116,-0.14458609,-0.37499022,-0.29023206,0.2521673,0.14088048
2035,-6.307993,-0.18415591,-0.8054139,-0.70021933,-0.43170398,0.2726577,-0.30303824,-0.7814397,-0.17356113,0.42983633,0.34008655
2036,-5.652034,0.07834383,-1.2182453,-0.65988475,0.020367196,0.33848292,-0.42141947,-0.46209925,0.016505359,0.853144,0.050538283
2037,-7.547335,-0.22136153,-1.1498625,-0.88090736,-0.252155,0.06622767,-0.027846035,-0.22997324,-0.28769517,0.33057308,0.7615863
2038,-5.2986393,-0.11380923,-0.93729264,-0.5478568,0.05122286,0.26612335,0.45792267,-0.2884607,0.045828402,0.46639475,0.27019227
2039,-7.6842704,-0.3068425,-1.8693693,-1.1578959,0.15159309,-0.23267809,-0.34727943,-0.47150406,0.666651,0.68229634,0.7368117
2040,-5.1667576,-0.048560727,-0.9579568,-0.67070156,0.058784053,0.43411005,0.0008538086,-0.518583,0.0031747539,0.23868443,0.06449673
2041,-4.2953553,-0.028919026,-1.182624,-0.54062945,-0.48103386,0.084180795,0.20006905,-0.30519515,-0.24050818,0.5895633,0.2573553
2042,-5.6442394,-0.07147458,-1.0617355,-0.50917333,-0.09280154,0.2493923,0.20727941,-0.22136357,0.246862,0.52137953,0.36123165
2043,-6.479067,0.13560474,-1.2226064,-0.65003026,-0.24872133,0.32589066,-0.14453076,-0.4351399,-0.023471197,0.36658457,0.6048431
2044,-5.2244153,-0.13728397,-1.3710717,-0.49033058,-0.026207378,0.0809922,-0.13420282,0.03649091,0.10935097,0.48628905,0.39738104
2045,-6.013947,-0.06273476,-1.214641,-0.6301207,-0.36430013,0.36091548,0.060423955,-0.06564418,0.046270195,0.81377196,0.4958575
2046,-4.779517,-0.041049205,-1.1057087,-0.3915149,-0.02104549,0.26022547,-0.07074379,-0.3929062,-0.03473638,0.23123263,0.0039187185
2047,-4.3708754,-0.08037536,-0.74360603,-0.22092873,-0.08371926,-0.08209391,0.09621747,-0.03602215,-0.1968306,0.20386021,0.20230342
2048,-5.6223087,-0.16722426,-1.1218328,-0.6868696,-0.32067877,-0.2344794,0.14028722,0.20004822,-0.011998288,0.4581694,0.75656575
2049,-4.959074,-0.20658845,-1.0972134,-0.7897239,-0.02987518,0.16956468,0.070815966,-0.304737,0.09080902,0.5162388,-0.17413813
2050,-4.9670615,-0.110409945,-1.2242216,-0.41912338,0.066860154,0.23384574,-0.09949115,-0.12302814,0.12669973,0.83098584,0.17495695
2051,-3.8867443,-0.043084584,-0.68078405,-0.37651592,-0.619525,0.028104348,0.18781659,-0.04481695,-0.0651707,0.26196015,0.29741475
2052,-6.4308853,-0.07698797,-1.1157372,-1.0186576,-0.2943172,0.42729062,0.10981412,-0.37476227,0.07350399,0.5435566,0.8620973
2053,-4.7995753,-0.06926602,-1.278061,-0.6487171,0.024543667,0.28816742,0.15912005,-0.7123883,0.08240202,0.14180593,0.1995106
2054,-7.425156,-0.25198153,-1.619981,-0.610274,0.25197995,0.19922023,0.021546429,-0.20813124,0.018597571,0.2929616,0.4594545
2055,-5.418949,-0.38498944,-0.86549306,-0.52002347,-0.41786516,-0.11240651,0.14498284,-0.08864023,-0.23434983,0.32950193,0.47309166
2056,-6.187181,-0.22596957,-1.0314461,-0.6462751,0.07664888,-0.14832789,-0.08781899,-0.18158418,0.15048428,0.2535091,0.1933951
2057,-4.6830764,0.0021909014,-0.63183236,-0.6541923,-0.28307563,0.09535437,-0.11332496,-0.51516503,-0.10929738,0.17184967,0.35613722
2058,-4.5600533,-0.14393756,-0.68417233,-0.45521504,-0.31681043,0.059694618,0.022430288,-0.3877382,-0.11213115,0.122366644,0.3061466
2059,-5.618848,-0.082759604,-1.1789147,-0.5824684,-0.22946465,0.032545455,-0.16078041,-0.2645594,0.35188198,0.59653825,0.38372153
2060,-4.6691427,0.07096965,-0.9896666,-0.19330746,-0.2746569,-0.02360013,0.4336901,-0.11546729,-0.23315619,0.15470025,0.22493891
2061,-4.3595386,-0.31151047,-0.7517296,-0.44118434,-0.10511027,0.25399512,-0.10387136,-0.15767467,-0.1621028,0.24445553,0.32754004
2062,-7.5664907,-0.0038509555,-1.0381007,-0.65722245,-0.30115414,0.25536525,0.49448964,-0.10498823,-0.19769798,0.5918627,0.48666236
2063,-6.085914,-0.40658242,-1.3061246,-0.9681376,-0.7593386,0.14479855,-0.17463943,0.18232135,0.26507077,0.68098414,0.70472455
2064,-6.2162404,-0.010594386,-1.2412583,-0.48910764,-0.24032526,-0.27933502,-0.14911313,-0.0033035064,0.026368955,0.30873543,0.55442166
2065,-6.920928,-0.17868772,-1.6144865,-0.9057464,0.17179741,-0.118162766,-0.3111572,-0.27716228,0.5746428,0.8651964,0.10749806
2066,-4.481152,-0.18993658,-1.0613811,-0.5493847,0.05862137,-0.082490474,-0.017518636,0.063637316,0.038974285,0.39192748,0.28986788
2067,-5.911649,-0.29242206,-1.4493158,-0.6592459,-0.18827535,-0.0019637793,0.12997209,-0.23110522,-0.055910133,0.8071934,0.35829142
2068,-5.3990912,-0.27125284,-1.4128191,-1.0784369,-0.20212562,0.045721207,-0.11324926,0.1709603,0.2593402,0.5993465,0.44543797
2069,-4.220661,0.065269694,-0.7051702,-0.33078155,0.052653883,0.10563075,0.120338574,0.14889856,-0.08031787,0.49492404,0.17821495
2070,-7.3295836,-0.21372986,-1.3569521,-1.0257556,0.14904985,-0.12871934,-0.19329987,-0.28642917,0.09647015,0.5426202,0.08634551
2071,-5.2260146,0.039943196,-1.608412,-0.3081353,0.13160788,0.2181143,-0.016105458,0.1636814,-0.2710174,0.5678615,0.4279502
2072,-4.747215,0.095566355,-0.6782972,-0.2457146,0.12568882,-0.074745685,-0.20752455,-0.15661445,-0.22482964,0.31788948,0.13036332
2073,-7.487361,-0.40677023,-1.2394989,-1.1302171,-0.33465037,-0.07551772,-0.04857361,-0.6788391,-0.05413363,0.5951282,0.4667157
2074,-5.999692,-0.37680662,-0.9416587,-0.70910376,-0.2868171,0.016297802,-0.15430668,-0.5018015,0.16278623,0.5131534,0.8068349
2075,-6.98471,-0.39582667,-1.3194981,-0.9089456,-0.23598167,0.048907887,0.025515594,-0.119163774,-0.073853426,0.42206755,0.68695873
2076,-4.4359384,-0.18273629,-0.82412857,-0.21647552,-0.26216462,-0.045446873,-0.010050765,-0.23458943,0.045323387,0.16433257,0.3211912
2077,-6.267303,-0.15868914,-1.4544522,-0.5992359,0.60824585,0.069767594,-0.049010724,0.030328892,0.16037188,0.30798414,0.15284224
2078,-5.8887105,-0.009560495,-0.7126907,-0.3369393,0.07516066,-0.051690917,-0.17620456,0.27226475,-0.29283252,0.30028713,0.13843444
2079,-7.3623366,0.06146213,-1.6964759,-0.6388651,0.29033548,0.0077617196,-0.40535358,0.26240262,-0.30574787,0.2843277,0.09186977
2080,-5.557198,0.05142697,-1.186108,-0.5664574,-0.14753492,0.022434607,0.17790423,0.12880042,0.07720343,0.45534787,0.408022
2081,-6.6554985,-0.0032353876,-1.3005799,-0.4724595,0.5667631,0.38474518,-0.26097846,0.13583218,0.100386,0.26074016,0.10019149
2082,-5.917911,-0.26977572,-1.1791338,-0.93903023,-0.2657691,0.15927543,0.10552262,-0.18692997,0.18098202,0.8576813,0.23426716
2083,-4.840779,-0.14353947,-0.9600265,-0.62667304,0.35533997,-0.06954926,-0.05180089,-0.21067852,0.296802,0.521093,0.12757072
2084,-5.300245,-0.30929393,-0.94054204,-0.89576256,-0.29122192,-0.156847,-0.14114447,-0.34746203,0.35841668,0.7114325,0.3756512
2085,-6.7791843,-0.18089294,-1.7633791,-1.1979145,0.16728911,-0.33427638,-0.28471878,-0.13639003,0.2673846,0.6225531,0.25129807
2086,-4.9059396,-0.10960567,-0.9365632,-0.69847494,0.24747336,-0.2352178,-0.06260303,-0.28712717,0.13968739,0.22998782,0.17776804
2087,-4.922252,-0.14272058,-1.1101265,-0.664934,0.15369508,0.3296047,-0.031131785,-0.6182386,0.5127993,0.38897914,0.25847176
2088,-4.766966,-0.5684025,-0.6001427,-0.36422923,-0.061934836,-0.06738565,-0.04485716,-0.06100788,-0.0428095,0.30700362,0.15275134
2089,-6.9336243,-0.45704475,-1.2120048,-0.8268239,0.3154283,0.25204545,-0.080667116,-0.51536417,0.0009970488,0.18355313,0.1782131
2090,-5.8286285,0.112749964,-1.0454757,-0.44607434,-0.10984364,-0.29049635,-0.23284207,0.24228244,-0.25490847,0.112985805,0.12432371
2091,-6.496916,0.0020797988,-1.0538023,-0.24993122,0.011967655,-0.1902405,-0.09406384,0.10157968,-0.064758375,0.55058384,0.38586515
2092,-5.6340084,-0.105695836,-1.0227747,-0.532065,-0.007834023,-0.49051577,0.04667527,-0.11637191,-0.1661774,0.59693885,0.053846378
2093,-5.0137763,-0.23930195,-0.9929861,-0.6385897,-0.13145795,-0.018133175,0.05212679,-0.0932422,-0.36567545,0.56331885,0.4743242
2094,-6.047652,-0.3292785,-1.2178797,-0.29596758,0.55403274,0.08088063,-0.23503597,0.06252335,-0.0071887337,0.23189858,0.16456763
2095,-5.8873596,-0.1384947,-1.4350455,-0.53345215,0.16967319,0.5961697,-0.20372288,-0.17543331,0.20293136,0.60115606,-0.034080684
2096,-5.927738,-0.35673222,-1.0927156,-0.8913585,-0.16774614,0.5385547,-0.11908052,-0.30362937,0.07609382,0.4529315,0.46410626
2097,-7.3242536,-0.13955973,-1.3372416,-0.64794105,0.081518345,-0.20326823,-0.06507499,-0.04693547,-0.11621991,0.6323556,0.59488636
2098,-8.244959,0.06059382,-1.5843656,-1.3170712,0.23890917,0.1926636,-0.5398404,-0.61516446,0.54378736,0.9270362,0.16741388
2099,-7.08235,0.038448587,-1.3365849,-0.94474155,-0.44960162,-0.48429924,0.43054688,-0.17866822,-0.044583827,1.0295306,0.23456387
2100,-5.5332747,0.022753567,-1.1766379,-0.1675133,-0.017921532,0.3491264,0.14688069,-0.34282956,-0.11003254,0.24365158,0.13183601
2101,-4.5040784,-0.25276303,-0.9264694,-0.43590477,0.11024645,-0.0075557996,-0.22727656,-0.4212409,-0.015710445,0.23743287,-0.021876376
2102,-5.673026,-0.18676892,-0.87477416,-0.56098187,-0.11595808,-0.36446166,-0.29743963,-0.3186122,0.16933869,0.78046143,0.03804585
2103,-6.6862183,-0.48400092,-1.3161073,-0.69157404,-0.7030633,0.097233064,-0.0031494433,-0.9038323,-0.23048615,0.5060066,0.44279477
2104,-6.4627833,0.015385325,-1.9169431,-0.63769037,-0.35621127,0.14870656,0.035566714,-0.022278203,-0.2683428,0.89760816,0.6104598
2105,-5.3434415,-0.16978577,-1.4027314,-1.0481323,-0.16657186,0.027220486,0.0069495547,-0.49405077,-0.042660825,0.35086617,0.6013925
2106,-5.219888,-0.10802935,-1.080258,-0.73415834,0.41975597,-0.29626274,-0.18009244,-0.06274345,0.026311908,0.313301,0.11924637
2107,-5.8403378,-0.54542524,-0.9131499,-0.38370493,-0.18704073,-0.0016843732,-0.17614335,-0.0230863,-0.2593,0.7212207,0.4102853
2108,-4.4142423,-0.032251198,-0.93529683,-0.75146383,-0.29865846,0.023788452,0.32941505,-0.17637292,0.02379145,0.504533,0.34062934
2109,-6.756254,-0.34026152,-1.2130103,-0.9269673,-0.38213846,-0.34387434,0.45526364,-0.5223694,-0.05102969,0.33447197,0.59675443
2110,-5.603726,-0.10445656,-1.1182169,-0.46067065,-0.057871222,0.33666432,-0.33134204,0.044063047,0.028143331,0.51071304,0.23133019
2111,-8.184776,-0.59294474,-1.3717988,-1.3419013,-0.4425429,0.55524737,0.17592879,-0.13803744,0.32248762,1.2616847,0.82034767
2112,-6.713518,-0.09861676,-1.7408339,-1.103045,-0.26661518,0.11039193,-0.038849425,-0.65214515,0.008718686,0.63011205,0.8322604
2113,-5.0507603,-0.2322335,-1.3189186,-0.7730768,0.07062515,-0.0619966,-0.2910282,-0.054837093,-0.05122979,0.27059725,0.008708566
2114,-4.5138974,-0.15575506,-1.0467193,-0.9156849,-0.37091383,0.0072184424,0.00873228,-0.14798668,0.29863486,0.39099488,0.5186131
2115,-5.911439,-0.0033030538,-1.4234186,-0.7010697,-0.08574614,-0.1867795,0.14434926,0.16551164,-0.11123292,0.6391354,0.5639713
2116,-6.597411,-0.03755911,-1.4429513,-0.6296573,-0.5194312,0.13178442,0.41152743,0.09760696,-0.19561796,0.57160056,0.36210844
2117,-5.5931063,-0.13737741,-1.0707356,-0.63541085,0.24742076,0.082350105,-0.20126772,-0.15634404,0.1309732,0.61607444,0.1693029
2118,-5.916736,-0.4604021,-0.8399681,-0.7119843,-0.62990254,-0.16920418,0.12291586,-0.18892214,-0.07465413,0.45993194,0.6084035
2119,-5.2715726,-0.09965424,-1.0590239,-0.60320175,-0.24247323,-0.40630627,-0.07487763,-0.0771287,0.1026044,0.49190587,0.16117316
2120,-6.3307166,-0.42048478,-1.2441114,-0.7899463,-0.40459466,-0.14456284,0.16706511,0.21017163,0.18195099,0.62960607,0.5536482
2121,-7.62322,-0.20439193,-1.4833931,-0.5332355,0.13718328,-0.28907597,0.003759439,0.046102814,-0.03191001,0.46254453,0.51629466
2122,-5.981498,-0.21088374,-1.1148609,-0.63136953,-0.028826745,-0.2124315,-0.057176977,0.10838335,-0.038959563,0.80521566,0.22315452
2123,-6.680932,-0.23500954,-1.3380892,-0.81550837,-0.47154388,0.6227075,-0.01815372,-0.26716092,0.071309045,0.87751365,0.4958485
2124,-5.902951,-0.10187831,-1.5725423,-0.96621287,-0.0041626333,-0.07737773,0.16622555,-0.036153875,0.3687831,0.76215774,0.1266776
2125,-6.3964896,-0.07879918,-1.0699528,-0.7992894,0.103053115,0.5059878,-0.1560834,-0.9033195,0.13939206,0.6615666,0.2781351
2126,-7.7024646,0.0032234746,-1.6349113,-0.4706316,-0.16312009,0.03698977,0.093240775,0.3318788,-0.12731716,0.54184955,-0.07782027
2127,-6.3711715,0.04359706,-1.5217187,-0.32210374,-0.063359804,0.39599496,0.074618645,-0.21545698,-0.13099463,0.4061053,0.25407714
2128,-5.820181,-0.037467357,-1.1745197,-0.7402611,-0.32201183,0.15670042,-0.081562735,-0.21553525,0.15079674,0.41897044,0.09017177
2129,-5.603536,-0.14748278,-1.2122718,-0.5718547,-0.33939338,0.20018263,0.28217396,0.20293826,0.04300788,0.5941709,0.6018113
2130,-5.7220635,-0.2773973,-0.7940156,-0.64331293,-0.38274813,-0.05309616,0.1391868,-0.11930411,-0.15770213,0.3617038,0.53135467
2131,-5.458723,0.049368396,-0.9830254,-0.182259,-0.36508906,-0.15259194,0.2553964,-0.09641321,-0.30927655,0.21258299,0.39787364
2132,-6.9298882,-0.37834844,-1.4089468,-0.89661896,-0.14399044,0.084996775,0.031933293,-0.16939385,-0.0846567,0.65850157,0.33080587
2133,-5.1241584,-0.05633415,-1.0105624,-0.6418181,-0.2808558,-0.17242509,-0.072271325,-0.1928297,-0.035448305,0.54514754,0.29823118
2134,-6.0273743,-0.3832532,-1.032852,-0.44017422,0.09221957,-0.028136272,-0.13666514,0.06907767,-0.16369607,0.437158,0.28478616
2135,-6.9412875,-0.1809528,-1.4095802,-0.5821902,-0.25115877,-0.1284296,0.025968084,-0.53227353,-0.13217361,0.26424482,0.20656435
2136,-5.3657026,-0.11366118,-1.1205539,-0.25559467,-0.2683912,0.28911334,0.041144695,-0.068965115,-0.10998438,0.18906598,0.20170236
2137,-6.096475,-0.34126115,-1.3444084,-0.518638,-0.49895304,-0.22439663,0.22646567,0.109565966,-0.28338462,0.6117487,0.46899506
2138,-4.6586604,-0.17043918,-1.0775396,-0.5478153,-0.07171607,0.047985114,-0.09142894,-0.34037435,0.030759457,0.440484,0.05290051
2139,-6.7747264,-0.14963475,-1.594019,-0.26912272,-0.308622,-0.03588458,0.15324345,-0.2601644,-0.25964212,0.065853305,0.6640813
2140,-6.5771055,-0.17171213,-1.2383518,-0.94715345,-0.10861672,0.013557993,-0.009765216,-0.014920097,0.025807012,0.3612212,0.6567564
2141,-5.2923255,-0.109670915,-1.2573667,-0.85268193,-0.3914854,-0.0982147,0.34493637,-0.14298987,0.05602932,0.52065474,0.6097777
2142,-5.881457,0.04384472,-1.6316576,-0.52238846,-0.46388033,0.11401158,-0.09673604,0.12111057,0.04285428,0.40223247,0.47755823
2143,-5.255436,0.26177454,-0.9983434,-0.3662451,0.40178633,0.42595112,-0.19068657,-0.1330694,0.0063311234,0.4946223,-0.058096
2144,-4.360468,0.03473931,-0.8430642,-0.71277165,-0.5744329,0.06219566,-0.08273871,-0.05640147,0.1425515,0.42682046,0.022630677
2145,-7.081581,-0.2855813,-1.4431958,-0.9348071,-0.14513233,-0.2677008,0.034011688,-0.22639899,-0.016853543,0.37470254,0.6701864
2146,-5.2580457,-0.27238837,-0.71569556,-0.34687114,-0.27616477,0.14061943,0.04316545,-0.28414178,-0.16820782,0.51713675,0.3441985
2147,-5.373522,0.017402269,-1.2047894,-0.88592243,-0.07885545,0.09645211,0.094745286,-0.56995726,0.17262305,0.47316456,0.28958088
2148,-5.896354,0.054708496,-1.2242763,-0.43971792,-0.0029890402,0.14541933,-0.0051720263,-0.27687317,-0.1654843,0.46312365,0.0764947
2149,-4.962352,0.052176144,-1.2617526,-0.59907603,-0.09061744,-0.25220913,0.30555782,0.116019085,-0.2532418,0.40041792,0.31640324
2150,-5.3770347,0.026453312,-0.7405516,-0.41130298,0.09385809,-0.07080601,0.16293827,-0.43604884,0.051175706,0.33287972,0.117032565
2151,-4.8011947,-0.15080005,-0.8929021,-0.51920235,-0.37412158,0.055644017,0.027736656,-0.5099015,-0.23900108,0.21040808,0.40497246
2152,-5.6721826,-0.27494168,-0.9723209,-0.80608624,-0.39428318,0.14431332,0.3554043,0.049268916,0.287285,0.6863098,0.696547
2153,-5.455826,-0.0057165753,-0.9553881,-0.5109523,-0.5514847,-0.1460197,0.53029263,-0.13601868,-0.29256508,0.27634138,0.5257307
2154,-4.8740816,-0.01299776,-1.1543484,-0.7757727,-0.14265968,-0.061728984,-0.19165143,-0.18041141,0.010817338,0.48330262,0.3146132
2155,-7.230208,-0.07281325,-1.7291028,-0.42110768,0.3624904,-0.041973006,-0.19353749,0.068322584,-0.27811003,0.19993326,0.28326267
2156,-4.490153,-0.0817845,-0.5791885,-0.3377411,0.15679355,-0.11271592,-0.06854228,-0.014844688,-0.023858925,0.36289442,0.2761252
2157,-5.0820966,-0.12995434,-1.2773494,-0.8359835,-0.03895761,-0.030592185,-0.011541891,-0.08359782,0.10692893,0.37309867,0.0944418
2158,-6.118824,-0.4646294,-1.5686451,-0.49882716,0.19136956,0.2117672,0.028696094,-0.10220827,-0.1406004,0.33057848,0.5339961
2159,-4.4832363,-0.033324793,-1.0986716,-0.48667464,-0.11024301,0.16052465,-0.19923393,-0.25221753,0.23171958,0.23623991,0.6197161
2160,-6.3451104,-0.1635838,-1.2567725,-1.0014523,-0.43441468,-0.1452372,0.15046316,-0.37812543,0.02775796,0.35345125,0.720156
2161,-5.5954714,-0.110727794,-0.81490237,-0.35657224,-0.014508197,-0.04320758,-0.42494577,-0.19640629,-0.21700868,1.0809238,0.025847059
2162,-6.283621,-0.18628135,-1.2283545,-0.83763313,-0.44831142,-0.12890013,-0.07729459,-0.114640094,0.31669626,0.7829347,0.21305244
2163,-4.8893347,-0.35665548,-0.95330906,-0.61625355,-0.12951082,0.040016457,-0.14180802,-0.2645055,0.04623787,0.303781,0.0008254163
2164,-5.2396526,-0.3859877,-0.88596755,-0.96647257,-0.17842442,-0.19609366,-0.14098531,-0.41175902,0.20459412,0.6101762,0.203587
2165,-7.0393133,-0.04628975,-1.1806061,-0.85116214,0.3351777,0.26868206,-0.41250035,-0.27771586,-0.04128918,0.12916887,0.32635394
2166,-5.2342443,0.06352005,-0.92894536,-0.2716314,-0.5897785,-0.2517339,0.40132672,-0.15355009,-0.23537825,0.40568408,0.32340533
2167,-6.0891786,0.07373515,-1.2761161,-0.7176624,-0.24192221,0.17190929,0.2427681,-0.19896084,0.0030606547,0.87337494,0.25487965
2168,-6.636438,-0.096909165,-1.3526199,-0.5989186,-0.13851784,0.33703405,-0.05715041,-0.19233426,0.23204282,0.51338184,0.21551087
2169,-5.4350266,-0.04254399,-1.1697667,-0.9302593,-0.078843236,0.19445123,-0.00778737,-0.22547174,0.24540783,0.4318867,0.29490677
2170,-4.64154,0.01353335,-0.9787143,-0.6277928,-0.034669477,0.054439977,-0.09089847,-0.26882663,-0.105079435,0.26026955,0.2788894
2171,-5.5255237,-0.2258371,-1.0718244,-0.65987086,0.33127576,-0.001918057,0.059456676,-0.13418582,0.12507667,0.33438152,0.4481779
2172,-5.576136,-0.13642333,-0.94514334,-0.5359479,-0.19002336,-0.055382006,-0.13905118,-0.21405973,0.023252092,0.47804752,0.31773517
2173,-4.4212494,-0.13334039,-1.2599423,-0.19579124,-0.2235643,-0.24969147,0.0431815,0.13523209,-0.44433385,0.36141285,0.012331872
2174,-6.7067657,-0.20011882,-1.1547474,-0.71634173,-0.04206977,0.14151345,-0.32128865,-0.15292913,-0.13967057,0.31090873,0.2697995
2175,-6.5278344,-0.33078355,-1.2060149,-0.98920786,0.112567656,-0.16650437,-0.11177813,0.0899663,0.29783028,0.7701683,0.51622045
2176,-5.2334123,-0.0048671337,-1.0470927,-0.42183927,0.22976814,0.06383803,-0.30103615,0.015612957,-0.16938403,0.104766935,0.21432385
2177,-7.2720666,-0.37241718,-1.1807135,-0.7605561,0.14581199,0.5456122,-0.13924772,-0.52010554,-0.20248303,0.26997355,0.61808765
2178,-4.9428487,-0.017556567,-1.2469547,-0.84509087,-0.060707316,0.20691846,-0.0741804,-0.34450653,0.29377344,0.5394597,0.30905586
2179,-4.7270875,-0.2691798,-0.92833996,-0.7847114,-0.4082368,-0.16521485,0.05746062,-0.29768276,0.048554033,0.5224854,0.35230502
2180,-7.6269107,0.06826932,-1.9032743,-0.7409966,0.5571833,0.5455918,-0.06675562,-0.2451002,0.031215908,0.20602754,0.49057746
2181,-5.6501355,-0.02644648,-0.7756948,-0.26929805,-0.10707195,-0.40676582,-0.2523116,0.023208065,-0.4363357,0.47260508,-0.047368325
2182,-4.4322457,-0.0494218,-0.80150986,-0.47892106,-0.07092213,-0.02815498,-0.21752787,0.047877617,-0.11775516,0.14145176,0.26182845
2183,-4.8914757,0.076164246,-0.96837974,-0.8326164,-0.09825003,-0.10993255,0.09628986,-0.45942464,0.05624582,0.6220564,0.24032885
2184,-4.8370657,-0.1680123,-0.85421157,-0.7692616,-0.24393621,-0.25574547,-0.07988238,-0.28815597,-0.02574476,0.3277419,0.4353641
2185,-4.128266,-0.09121604,-1.0137396,-0.19856714,-0.3356178,0.07043754,0.15435961,-0.061084248,-0.2392457,0.44272435,0.109588355
2186,-9.725324,0.08226408,-1.7945968,-1.0412846,0.15686299,0.35383344,-1.0382893,-0.89181846,0.20799705,0.24505197,0.071170665
2187,-5.321664,0.046999376,-1.1245894,-0.71067995,-0.48664773,-0.054564536,-0.112476066,-0.38649052,-0.0092517175,0.44689742,0.73440105
2188,-6.3563685,-0.027982943,-1.4640096,-0.5269007,-0.06974038,0.72200537,0.0106416885,-0.50927764,0.12320631,0.38873228,0.30439594
2189,-5.144589,-0.16397697,-1.0655003,-0.7594529,0.16602436,0.06672938,-0.63786775,-0.018970259,0.2937296,0.33363548,0.20669112
2190,-7.0574265,0.22794238,-1.592808,-0.7509738,-0.013454601,-0.40748447,-0.2793977,-0.5204506,-0.10227537,-0.018973067,0.54189175
2191,-6.1219153,-0.4198928,-0.9443656,-0.9432392,0.39152297,0.024364797,-0.23375487,-0.6755226,0.13322756,0.38131395,-0.08604501
2192,-5.9734917,0.10081306,-1.2555431,-0.2766778,0.32100847,0.016276957,-0.14018719,0.18709412,-0.08618816,0.4112641,0.04790131
2193,-6.426457,-0.31745648,-1.453123,-0.5438889,0.0012660348,-0.1271394,-0.025728155,-0.1390472,-0.21310538,0.23992933,0.48269686
2194,-7.416123,-0.07682017,-1.0589085,-0.7573573,-0.9208486,-0.47631037,0.28308877,-0.04794947,-0.44288975,0.31521147,1.006309
2195,-5.198489,-0.08526156,-0.9094418,-0.49262625,0.018750958,0.24517027,0.19305597,-0.16234744,-0.078031845,0.13697962,0.24779734
2196,-6.0905304,0.18330646,-0.98446953,-0.29317653,-0.4119454,-0.10349129,0.33786693,-0.047508843,-0.55469775,0.57288975,0.051102575
2197,-5.6461926,0.036097188,-1.4539452,-0.5698899,0.05544015,-0.03763498,0.21307598,-0.30059868,0.065642074,0.28652304,0.34644482
2198,-5.410724,-0.2927093,-1.307566,-0.5740076,-0.100483544,0.017063608,0.06641713,0.08798339,0.13096027,0.21980488,0.20674369
2199,-5.2728753,-0.012019037,-0.8416841,-0.038027745,-0.06672681,-0.15126975,0.21084152,-0.25715885,-0.301993,0.020228075,0.12644859
2200,-5.5480027,-0.190825,-1.435166,-0.19088271,0.20598394,-0.14627174,-0.2738323,-0.061822705,-0.21799257,0.072796375,0.2445102
2201,-7.4948955,0.011282761,-1.2949302,-0.5015127,-0.5822733,0.43041986,0.31926483,-0.47467458,-0.49957865,0.76058114,0.35117278
2202,-5.780817,-0.18097945,-1.3713875,-0.8528145,-0.45552534,0.14757325,0.2429393,0.039466232,0.05993013,0.51992375,0.4202238
2203,-7.103403,0.20514219,-1.7096845,-0.8960779,-0.0905591,0.44575846,-0.33436194,-0.7924525,0.38155797,0.43614632,0.09387926
2204,-6.500542,-0.43352962,-1.3242484,-0.91866356,-0.55374366,0.019280527,0.47886768,-0.06468155,-0.17832999,0.49427354,0.54933006
2205,-4.977038,-0.30536512,-1.0017719,-0.64106715,0.088925146,0.043507937,-0.39967856,-0.029910272,-0.034197472,0.47725487,0.08913695
2206,-7.350586,0.15131845,-1.2933005,-0.6574504,0.2296413,0.38346642,0.0033184132,-0.06461596,-0.024790691,0.6821084,0.55989814
2207,-5.639124,-0.1774466,-1.0449188,-0.9074314,0.0708793,-0.026842248,-0.20411853,-0.71595955,0.2612763,0.2567927,0.39653274
2208,-5.6737447,-0.19040404,-1.0360388,-0.563948,-0.04658805,0.044780113,-0.064665936,-0.3329548,0.26077452,0.55212724,0.45187
2209,-6.861518,-0.14921589,-1.1360441,-0.66557276,-0.2925534,0.11858876,0.23875734,-0.02373006,-0.24327277,0.1645722,0.43396536
2210,-6.207551,-0.39386964,-1.1197009,-0.53586775,-0.19152164,0.0022785855,-0.25575384,-0.22484103,-0.023784867,0.84664524,0.15165497
2211,-5.9974813,-0.22307831,-1.1219364,-0.2531656,-0.018248638,-0.106089495,0.04659799,0.14862847,-0.24322079,0.36358243,0.30750698
2212,-4.950791,-0.059224736,-1.1858758,-0.8457114,-0.035570588,0.099129945,-0.13488309,-0.34687465,0.2181032,0.53234404,0.29948205
2213,-5.559678,-0.047579836,-0.91431665,-0.6255509,0.105278954,-0.36494577,-0.053810433,-0.13017167,0.09896586,0.22855197,0.28445962
2214,-4.673747,0.04714912,-0.87549645,-0.51172805,-0.096534885,-0.18701588,-0.06138184,-0.16693318,-0.23045297,0.64148486,0.20921333
2215,-8.287962,-0.14631009,-1.7280035,-0.83218,-0.88491493,0.26086563,0.17125991,-0.4380275,-0.208249,0.6440394,0.71137977
2216,-6.2786508,0.15314126,-1.2593448,-0.4930871,0.22288385,0.26734978,-0.14064263,0.039413445,-0.1348303,0.35044798,0.01940661
2217,-5.556303,-0.3932577,-1.2312231,-0.81591713,-0.7240749,-0.33106047,0.18008243,-0.14564073,-0.036483638,0.6082198,0.7800269
2218,-6.0926642,-0.0014588693,-1.0219076,-0.4692213,0.21417508,-0.22138152,-0.32935402,0.050401025,-0.26226053,0.1953031,-0.014326383
2219,-7.4185514,-0.17060879,-1.640066,-0.6376452,0.30509213,0.32422817,-0.17214367,-0.062218554,-0.25320235,0.5659508,0.08174498
2220,-5.0320926,-0.16572899,-0.91065073,-0.9155566,-0.045918148,0.14726941,0.112083055,-0.079365455,-0.007388018,0.50414336,0.520076
2221,-6.1882224,-0.14734577,-1.2901888,-0.8342166,-0.40389886,-0.18113944,-0.13407849,-0.5901664,-0.12886281,0.08611643,0.5214682
2222,-5.382732,0.032962654,-1.2255936,-0.70254874,0.0004955116,0.13714355,-0.16454382,-0.31909078,0.101595394,0.7225058,0.12446039
2223,-4.207967,-0.31383154,-0.9643397,-0.28877997,-0.3288393,-0.26378226,0.071791254,-0.068534374,-0.19742697,0.46155903,0.26699072
2224,-7.0045056,-0.027344882,-1.6479645,-0.7274064,0.4681416,-0.16644831,-0.3009635,-0.32311565,0.18321435,0.4249733,-0.018407855
2225,-7.3277316,-0.039777566,-1.708935,-1.0578173,-0.013485208,0.011972954,-0.20074123,-0.51876605,-0.02118042,0.6918679,0.3437042
2226,-5.8797617,-0.15434113,-1.0656643,-0.16212814,0.17192116,0.052739885,-0.10124786,-0.259372,-0.18168361,0.07630902,0.16581556
2227,-5.673692,-0.0076496014,-1.0905577,-0.66997683,0.080598,0.09386766,0.2961092,-0.19999143,0.12554914,0.341889,0.37111363
2228,-4.476165,-0.03400282,-1.0662473,-0.6009501,-0.32160282,0.26304924,-0.012983366,-0.47124323,0.12525666,0.46766266,0.26645768
2229,-5.029739,-0.039954863,-1.0059786,-0.40529338,-0.11323932,0.07502978,-0.09075117,-0.22580345,-0.16429888,0.2258808,0.12513544
2230,-6.320849,-0.07374929,-1.002197,-0.7807926,-0.25153366,0.052233417,0.110066906,-0.25114113,-0.12140404,0.37656778,0.1160485
2231,-6.0149984,-0.13206336,-1.0291245,-0.39404005,0.075498536,-0.25443923,0.108060874,0.13310064,0.096603155,0.33551082,0.13036479
2232,-4.898366,-0.20057292,-0.72202337,-0.7428815,-0.14742354,-0.15334405,0.0043319026,-0.15871374,0.095992714,0.72177845,0.44114077
2233,-4.4340544,-0.15466835,-0.65450525,-0.48716605,-0.4218276,-0.08480338,-0.31351215,-0.113410525,-0.16595906,0.47533685,0.04460408
2234,-5.540516,-0.1847301,-0.8994184,-0.73938584,-0.15863281,0.022812337,0.284544,0.32459033,-0.18452382,0.53790754,0.62078494
2235,-5.8956556,-0.38887122,-1.0368806,-0.62461406,-0.02666269,0.2621286,-0.29168648,-0.10315504,0.0028941026,0.42882627,0.4198896
2236,-4.6862316,-0.46314383,-1.1982172,-0.51445585,0.07156029,-0.10760594,-0.06878694,-0.16093375,-0.21438786,0.56948656,0.21821761
2237,-4.779089,-0.038967542,-0.80208284,-0.7295901,0.11407818,-0.18804023,-0.098488495,-0.28337246,0.10533361,0.39586973,0.38744414
2238,-6.186929,-0.1564544,-1.1474336,-0.7282974,0.059900284,-0.22322124,-0.19697578,-0.24971807,-0.19848171,0.38729933,0.17219177
2239,-4.415847,-0.25782767,-0.7704548,-0.39100957,-0.19582675,0.085668124,-0.07393692,-0.14918783,-0.27802208,0.40808558,0.15111144
2240,-5.406952,-0.22456664,-0.816734,-0.8366771,-0.5066151,-0.025580417,0.21448433,-0.33429977,-0.15758656,0.31499735,0.6793895
2241,-5.991505,0.20121862,-0.91782695,-0.47073838,0.11596317,0.28222615,-0.09768527,-0.49316248,-0.25239477,0.5493607,0.14137253
2242,-5.468808,0.1522357,-0.8924256,-0.28235573,0.028694239,-0.1921339,-0.006693934,0.13337526,-0.25045562,0.14554137,0.20745476
2243,-4.6772184,-0.021037959,-0.51271933,-0.41167474,-0.17648269,0.11142806,0.009441274,-0.26426417,-0.19583867,0.17885071,0.17060544
2244,-5.4661274,-0.4015515,-0.8720429,-0.73319334,-0.5309242,-0.0055731796,-0.31954026,-0.195608,-0.104775354,0.4766161,0.60442203
2245,-5.9948344,0.07049855,-1.4083999,-0.46022803,-0.32066095,0.15757897,0.32284877,-0.4259915,-0.3527216,0.31050548,0.3538939
2246,-4.9499927,0.054702107,-0.8374643,-0.420297,-0.13531442,0.13771927,-0.0066931164,-0.11322162,0.07287995,0.46069854,0.23653623
2247,-6.7254753,0.044907972,-1.2271677,-0.76329976,-0.3917034,0.004165886,-0.40597573,-0.2625679,-0.027608702,0.61074,0.65230894
2248,-5.327744,-0.029462922,-1.2573873,-0.8941262,-0.023819413,0.24145955,-0.01871752,-0.3570574,0.2009355,0.6733386,0.46714222
2249,-5.952157,-0.12847275,-1.1560345,-0.34296882,0.32224688,-0.05162414,-0.11956292,-0.27383175,-0.18318607,0.6072819,0.16193311
2250,-5.6658034,-0.18494509,-0.9445961,-0.32384026,-0.365241,-0.27396715,-0.20996778,-0.26307583,-0.5023192,0.44968045,0.054057393
2251,-7.4176693,0.05801954,-1.324487,-0.4543931,-0.1742817,0.050963815,-0.57981,-0.18970956,-0.069920205,0.4854684,-0.014896051
2252,-6.4384627,-0.36644447,-1.2945725,-0.5925367,-0.20070249,0.050554633,-0.10653076,-0.20094754,0.021721995,0.9340074,0.71468586
2253,-5.261007,-0.10045567,-1.1851257,-0.59875923,-0.20600839,0.06399122,0.13080655,-0.16400951,0.013553961,0.062257417,0.3283082
2254,-5.7571707,-0.14347461,-0.9911762,-0.82599044,-0.53975046,-0.22934517,0.05383386,0.076538235,-0.14778103,0.76756126,0.42914128
2255,-4.3764462,-0.37861422,-1.0766226,-0.59951895,-0.19174916,0.29806328,-0.049036942,-0.35806543,0.20189904,0.5689015,0.5801023
2256,-4.748503,-0.1789543,-0.9056766,-0.5277237,-0.46856967,0.16453534,0.07880307,-0.24618894,0.05076254,0.3063384,0.40901083
2257,-5.9355636,0.008443591,-0.93035257,-0.53016317,0.34054878,0.0043391157,-0.24986537,-0.066529885,-0.0698325,0.04966167,-0.053465612
2258,-6.4394813,-0.030605882,-1.2571393,-0.97975415,-0.14230849,-0.3494963,0.04195875,-0.246602,-0.02693096,0.54692286,0.20337267
2259,-4.471674,-0.056288924,-0.86592853,-0.32423112,-0.20932364,-0.385431,0.17615734,0.04116144,-0.25946733,0.15208681,0.48923728
2260,-5.505363,-0.32710418,-1.1691868,-0.619939,0.02658245,0.04463109,-0.09541498,-0.35782546,-0.03495171,0.41134706,0.039870217
2261,-4.624766,0.04154296,-0.66622275,-0.40571097,-0.28547233,-0.07295351,0.037497606,-0.14179844,-0.19649898,0.21551846,0.29482013
2262,-4.6235642,-0.26875493,-0.6769573,-0.34515208,-0.20781346,-0.14592674,-0.2097917,-0.039554954,-0.14173718,0.23751742,0.037133172
2263,-4.853646,-0.37309524,-0.8380638,-0.65989035,-0.46425673,-0.013734624,-0.006473285,0.022076476,0.05619073,0.5582509,0.58759856
2264,-5.454824,-0.27647084,-0.6786903,-0.51108104,-0.40283525,-0.12488864,-0.09649257,-0.4698207,-0.40128994,0.56332445,0.30810848
2265,-6.11918,-0.4912276,-1.2629914,-0.5619112,0.24856417,0.17816328,-0.49554393,-0.322802,-0.16736338,0.2724904,-0.26225328
2266,-4.9314427,-0.21133916,-1.0244404,-0.93271494,-0.02840686,-0.24953334,-0.3546668,-0.1869555,0.22695088,0.5278535,0.24511835
2267,-5.8022766,-0.16768433,-1.2238469,-0.89372945,-0.01805608,0.21773414,-0.37222636,-0.5382701,0.3913175,0.53765225,0.2657383
2268,-6.31931,-0.12921385,-1.0878313,-0.44391754,0.11477131,0.040986072,-0.03879054,-0.38476852,-0.11003019,0.3063013,0.32484972
2269,-4.288967,-0.12070127,-0.6843437,-0.5173772,-0.4622022,0.08896488,0.09053391,-0.31495473,0.1121197,0.4988666,0.46559805
2270,-5.483319,-0.17198001,-1.0428625,-0.7387151,-0.24954244,-0.22593963,-0.102842,-0.08311891,-0.12823051,0.58850294,0.62122744
2271,-4.281247,0.12831575,-0.62902546,-0.44149727,-0.018730395,-0.1041931,-0.065017685,0.07909769,0.017699627,0.5749098,0.28578976
2272,-5.8879466,-0.2293879,-1.3121653,-0.79694086,-0.04488146,-0.109037206,0.37821046,-0.4358007,-0.19751672,0.0393686,0.45729566
2273,-6.2055364,-0.02907291,-1.2864095,-0.7068878,-0.022423357,-0.39625847,-0.033065908,-0.07964691,-0.29965794,0.5439476,0.14014916
2274,-6.418734,0.07005316,-1.0899683,-0.6812918,0.1661656,-0.17935973,-0.036606606,-0.1909435,-0.05835566,0.51889193,0.351028
2275,-7.1005626,-0.10316738,-1.667265,-0.6040752,0.1947285,0.15334465,-0.042175535,-0.44557154,0.019293439,0.62089103,0.274632
2276,-5.753331,-0.37984294,-0.5860924,-0.2726502,-0.22304104,-0.25310826,0.039877106,-0.07493111,-0.2330204,0.14148313,0.49154535
2277,-5.870533,-0.16894947,-0.9355322,-0.6441391,-0.23349316,0.09882832,-0.39557755,0.17270173,-0.03659475,0.623166,0.19554849
2278,-5.8463035,-0.29220167,-1.0245062,-0.2804909,-0.23937683,-0.21567552,-0.2706905,-0.25488105,-0.2508042,0.29911268,0.113531426
2279,-5.1555166,-0.23246074,-0.8605955,-0.52935964,-0.3309416,0.017640557,0.12069617,0.029845037,-0.36614543,0.44033533,0.60215163
2280,-6.092184,-0.12936288,-1.1703993,-0.52362037,-0.52059305,0.058685083,-0.20693882,-0.4716487,0.12100695,0.5448233,0.45020396
2281,-5.334378,-0.046789404,-1.3145025,-0.5134361,-0.1324248,0.022976004,0.061321337,-0.17396241,0.07834489,0.6785744,0.30332166
2282,-6.654131,-0.41919872,-1.5298144,-0.9139031,0.116649985,0.13727854,-0.15989843,0.20847201,0.3527971,0.82734835,0.22310275
2283,-4.674868,-0.057620484,-1.0110004,-0.4289999,-0.1265332,0.32363904,0.3008477,-0.35043228,0.101166755,0.43213657,0.17894875
2284,-6.428497,0.17965065,-1.5470747,-0.07826337,0.22488025,0.24095742,0.07451739,0.19717422,-0.31078932,0.24822375,0.39625904
2285,-4.3477206,-0.210302,-0.64604574,-0.5438461,-0.25090885,-0.10982255,0.072702445,0.13528639,-0.014069483,0.6154041,0.20283602
2286,-5.1311617,-0.112242326,-1.0061584,-0.24318111,-0.34880418,0.025466233,0.053448886,-0.21446013,-0.32905757,0.46377057,0.15439826
2287,-7.2878137,0.09069105,-1.1977763,-0.47772068,-1.0564201,0.00011380436,0.15590592,-0.14024928,-0.07834006,0.7375068,0.71250707
2288,-5.448182,-0.0039213765,-0.943116,-0.65961623,0.12333568,0.15245673,0.13002437,-0.06508812,-0.1331642,0.32330698,0.32647735
2289,-5.1822333,0.02015441,-1.1154495,-0.4443983,0.22474946,0.18523808,0.08076492,0.14016801,0.224916,0.1931151,0.20977949
2290,-4.291257,0.102255926,-0.91642576,-0.38828927,0.07435562,-0.23797473,0.03170708,0.033879302,-0.14560518,0.042672098,0.19968174
2291,-5.2209663,-0.11846182,-1.4763663,-0.6083967,-0.29271793,0.06331879,-0.06588568,-0.40006745,-0.053122997,0.19218805,0.31400964
2292,-5.5842333,-0.060815897,-1.4287031,-0.68415636,-0.15246473,-0.024491295,0.053363707,0.04007841,0.24648827,0.53604907,0.2848338
2293,-4.787701,0.14946115,-1.1724207,-0.49000365,0.13151714,-0.18737805,-0.17200379,-0.13074586,-0.20413306,0.19790573,0.14767233
2294,-5.8397436,0.15030882,-1.2870744,-0.5776812,0.15772559,-0.22913867,-0.26288614,-0.14286096,0.088462114,0.49362713,0.20169999
2295,-6.6612735,-0.13671544,-0.92796916,-0.81850725,-0.25361824,0.08578137,-0.052152105,-0.19727176,0.08219484,0.38555527,0.13355641
2296,-5.8973546,0.034179166,-0.9320594,-0.43264732,-0.32076868,0.06629822,0.14037101,0.0057648467,-0.041102752,0.8514511,0.35288316
2297,-5.515999,-0.24069199,-1.0004904,-0.68478984,-0.3316273,0.07248882,-0.18376803,-0.12129154,0.19293481,0.52472776,0.41632077
2298,-5.1692395,-0.23255004,-1.423479,-0.40697137,-0.05250718,0.02846316,-0.039543137,0.20647468,-0.15875992,0.49357918,0.5088788
2299,-6.442877,-0.19474912,-0.92011875,-0.7976089,-0.5684524,0.3878066,0.5847073,-0.17763872,-0.09911678,0.19867538,0.79761785
2300,-4.782328,-0.10951748,-0.9795645,-0.74174255,0.1717421,0.012067648,-0.01432138,-0.28536135,0.10438547,0.33724925,0.09426155
2301,-4.864516,0.0657746,-0.73602754,-0.5201653,-0.20569797,-0.3074116,0.070162795,-0.18299532,-0.10869369,0.045836765,0.45323485
2302,-5.302556,-0.044639856,-0.882151,-0.32091716,-0.2196728,-0.5766898,-0.25695747,-0.13008578,-0.29168987,0.27248698,0.498279
2303,-4.925266,-0.018027209,-1.1680984,-0.2180475,0.2729294,-0.2960428,-0.044206887,0.2863146,-0.06133107,0.25903425,0.2196555
2304,-4.5524316,-0.06828837,-0.74713415,-0.6534842,-0.6878729,0.13536686,-0.21025756,-0.12471964,0.26172882,0.504463,0.4184894
2305,-5.538543,-0.24303322,-1.118314,-0.6357734,-0.37620497,-0.18446615,0.09343206,0.008792354,0.024290174,0.68505704,0.6526111
2306,-5.998222,-0.22991574,-0.87877333,-0.82253456,-0.09849867,0.09372878,0.17677437,-0.55340564,0.044488214,0.3098233,0.45467532
2307,-3.6550002,-0.14289524,-0.65083873,-0.2628286,-0.08789565,0.026856994,0.13884747,0.017920217,-0.21945551,0.3722748,0.35184824
2308,-4.7262354,0.07267981,-1.2532847,-0.37067598,0.20354797,0.07632938,-0.060542874,-0.25664002,0.095814556,0.0021524597,0.21068056
2309,-7.108123,0.29384556,-1.3680831,-1.026337,-0.36770335,0.13782047,-0.142823,0.06594236,0.065563634,0.5650254,0.9265299
2310,-7.429773,-0.1579433,-1.5800959,-0.47744113,-0.09759649,-0.021756029,0.03576293,-0.03398291,-0.38243148,-0.10351341,0.018716663
2311,-7.314828,-0.09367449,-1.4150704,-0.7940209,-0.3534287,0.4820044,0.11274876,-0.54779345,0.06526461,0.8916239,0.12794966
2312,-4.8598166,-0.02274501,-1.1079906,-0.6115294,-0.26538682,0.2099701,0.07952815,-0.5611412,-0.06026575,0.5215464,0.18182582
2313,-6.356837,-0.0017631119,-1.1881524,-0.5051431,-0.008733498,0.14661506,-0.088756345,-0.27002552,-0.1017273,0.38512427,0.342367
2314,-6.199007,-0.37481594,-0.88305926,-0.78395605,-0.14962254,0.16761205,0.2180271,-0.21141364,0.09768901,1.1078318,0.4140061
2315,-5.275533,-0.31680652,-0.87367326,-0.618277,0.0070782583,-0.013268026,-0.27192593,0.027508538,-0.06054812,0.3247077,0.10392474
2316,-5.493599,0.20923087,-0.891163,-0.4452969,-0.0089986175,-0.16895176,0.014259024,-0.14346406,-0.105001554,0.28781384,0.20744659
2317,-3.991846,-0.020535339,-0.555189,-0.40438303,-0.19734637,-0.19554257,-0.0694866,-0.05240356,-0.09584876,0.23418467,0.09579806
2318,-5.595405,-0.08579992,-1.0520425,-0.52561545,-0.4306031,0.15641959,-0.049622677,-0.33571923,-0.10032553,0.46490902,0.38201272
2319,-5.5523467,0.17536451,-1.0110439,-0.44577834,-0.111747295,-0.030271634,0.20940116,0.11785206,-0.051775485,0.56274885,0.33699578
2320,-6.5587764,-0.5325088,-1.1737914,-0.7774801,-0.007265761,-0.360434,-0.4115436,-0.38211077,-0.10743157,0.55687195,0.30597568
2321,-6.7458706,-0.23511885,-0.85301566,-0.70466906,-0.9963408,-0.10543768,0.052284338,-0.023359591,-0.09172,0.44634783,0.9185944
2322,-4.504217,-0.25683406,-1.1241623,-0.6645541,-0.016896402,0.02917405,0.041523706,-0.03028,0.13415343,0.38312143,0.4579169
2323,-4.2435746,-0.107987985,-1.2391416,-0.32981795,-0.23828834,0.030144034,-0.030433316,-0.08603645,-0.09676272,0.52553165,0.21301126
2324,-6.91045,0.11315434,-1.3057855,-0.8704092,0.22024846,-0.41535437,-0.26099423,-0.55098623,-0.029885055,0.27423766,0.4373039
2325,-5.0023456,-0.11912429,-0.8284078,-0.49800336,-0.06702465,0.25501034,-0.1486509,-0.0650756,0.009141377,0.16753964,0.31978878
2326,-5.2509317,-0.034023732,-0.8840301,-0.5119452,-0.23520567,0.009739182,0.18475471,-0.1447913,-0.2561233,0.27069065,0.35100126
2327,-5.5969677,-0.12079601,-1.2107373,-0.8616324,-0.15947622,-0.19844022,0.14843935,-0.08859679,0.08507314,0.21037595,0.5585686
2328,-4.141269,-0.15322988,-0.68112344,-0.5438059,-0.028771495,-0.1070008,-0.012028371,-0.22417215,-0.19694689,0.041822575,0.14465582
2329,-4.6682897,-0.041351095,-0.84773403,-0.6436736,-0.22391635,-0.1131432,0.17552955,0.025255172,0.09423417,0.31729826,0.4316679
2330,-6.58623,0.09609272,-1.2628562,-0.3960441,-0.6057955,-0.15639143,0.17687637,-0.09059749,-0.49678338,0.3692624,0.56986034
2331,-6.4990625,0.107339,-1.2081938,-0.65898246,-0.2461851,-0.34475482,-0.0496348,-0.21821544,0.084038995,0.5976594,0.5300868
2332,-5.1343184,0.034912243,-1.2764401,-0.44389907,-0.47456372,0.14306685,0.25445473,-0.035008416,-0.17275605,0.31530496,0.52690035
2333,-6.2986665,-0.28154367,-1.2279391,-0.6752996,0.10174094,-0.059220687,-0.1915233,-0.10877536,0.0134357875,0.3190829,0.27321845
2334,-5.5720615,0.14291869,-1.0917412,-0.26851574,-0.23733735,-0.16735196,0.14972003,0.0182429,-0.19289741,0.21024469,0.5562141
2335,-6.469651,0.06410081,-1.3499053,-0.42345944,0.14224535,0.4196756,0.280247,-0.09697252,-0.25859678,0.37621328,0.4076608
2336,-4.4991665,-0.13720576,-1.1004167,-0.7137181,-0.47420347,0.22132365,0.21552914,-0.017923627,0.10985321,0.46142653,0.5133219
2337,-6.6376376,-0.00052214134,-1.1287646,-0.42932773,-0.46648753,-0.14657252,0.21631667,-0.1142412,-0.4503342,-0.07742784,0.5524582
2338,-5.761893,-0.27434742,-0.9001952,-0.5348829,0.4640005,0.119117856,-0.048557337,-0.48431006,-0.055515297,0.3939262,0.07944442
2339,-5.8458753,-0.21376762,-1.2787967,-0.28616226,0.22370341,0.121553786,-0.39731053,-0.2965233,0.1665283,0.40789887,0.113740794
2340,-5.4826164,-0.16909558,-0.88517094,-0.5058469,-0.016778193,-0.046430588,0.035740413,-0.19056652,0.016760264,0.09273679,0.34268916
2341,-7.3551083,-0.22450542,-1.2971164,-0.7879723,-0.051117856,-0.30824977,0.20366853,-0.15243696,-0.20965351,0.35796306,0.41871065
2342,-5.2757106,0.029007811,-0.8464211,-0.31860378,0.12054713,-0.13126004,0.104896605,0.18474424,-0.24237837,0.56772065,0.2497939
2343,-8.529986,0.012233374,-1.3032562,-0.45314875,-0.1438262,-0.046805277,0.0031829556,-0.34646624,-0.5753307,-0.021785382,0.5317381
2344,-7.2459617,-0.22161531,-1.8750902,-1.2746344,0.000144016,0.290357,-0.26945138,-0.2590459,0.4137846,0.70821786,0.67224556
2345,-5.682999,-0.19132115,-1.0767962,-0.8156467,-0.36704123,0.4343766,0.15933953,-0.15640393,0.026533578,0.5935189,0.39450687
2346,-7.172748,0.09497123,-1.261624,-0.92919225,-0.3016317,-0.35084444,-0.1405946,-0.46379954,-0.19934963,1.1289444,0.43717995
2347,-4.476957,-0.19707033,-0.6505292,-0.5055651,-0.13794856,-0.088975415,0.009344317,-0.23899361,-0.22476718,0.3057873,0.07130003
2348,-6.204861,-0.3142303,-1.1986383,-0.46088362,0.18077517,0.22661906,-0.37157613,-0.5507944,-0.045401067,0.18668348,0.15928039
2349,-4.848597,-0.20597146,-0.90556085,-0.68493843,-0.19511512,0.020133238,-0.21346782,-0.18787983,-0.07106496,0.37157735,0.48664874
2350,-4.8027697,-0.20679516,-1.1624302,-0.7185644,-0.15548202,-0.14829049,0.09978258,0.08987152,0.093400575,0.30086398,0.43936604
2351,-5.2764864,-0.091825016,-1.379191,-0.36286125,-0.17624195,-0.088473275,0.1027824,-0.118227504,-0.18301709,0.4305667,0.4096884
2352,-6.9379773,0.19621731,-1.1549902,-0.8616479,0.06410096,0.23828375,-0.30152875,0.09956171,0.0995587,0.3081487,0.50691766
2353,-4.908196,-0.3204441,-1.5344594,-0.7954446,0.19500779,-0.12519616,-0.34673402,0.0343204,-0.03469129,0.38524425,-0.037156276
2354,-5.70228,-0.076994196,-1.2655808,-1.1088986,-0.22146058,0.4207214,0.18979849,-0.18803388,0.110989675,0.6600789,0.533633
2355,-5.7207875,-0.2214084,-1.0572836,-0.68982077,-0.16087829,0.020361854,0.014836644,0.5716516,-0.06366446,0.50838804,0.6385059
2356,-5.6958337,-0.45264274,-0.90110767,-0.8962896,-0.016941091,-0.008450396,-0.2502606,-0.53799623,0.17520285,0.33159724,-0.014380337
2357,-3.3022776,-0.23904036,-0.7229159,-0.3356846,-0.062207244,0.10861257,0.11402041,0.077648126,0.11860132,0.32693216,0.38832185
2358,-5.9389668,-0.21064542,-1.0367863,-0.49785894,-0.42572293,-0.27588475,0.07445241,-0.09476716,-0.20228739,0.22977397,0.35980573
2359,-6.277439,-0.11705804,-1.2627965,-1.2093908,-0.5752388,0.12979332,0.055592023,-0.15089867,-0.036108263,0.20696762,0.6640035
2360,-5.3018274,-0.3315765,-1.07808,-0.25488257,0.2896093,-0.16748157,-0.28255844,0.07339938,-0.08425454,0.08810941,0.2330336
2361,-4.914888,-0.21702237,-0.8956911,-0.24462047,0.20039321,-0.02857893,0.16050562,0.23435697,-0.10324829,0.3232233,0.24776465
2362,-6.7837453,-0.16740756,-0.8632488,-1.0373002,-0.55099875,-0.06431687,0.25081193,-0.051689908,-0.24435411,0.4068432,0.48651162
2363,-8.104117,0.14393178,-1.7114633,-0.72355807,0.2528513,0.21826024,-0.43438536,-0.07782214,-0.17494859,0.7413445,0.2046997
2364,-6.008159,-0.5929358,-1.0077596,-0.7540186,-0.2830962,0.32934827,0.41429168,-0.0728096,-0.18063255,0.49465296,0.6028246
2365,-4.9905806,-0.1131218,-0.8603631,-0.5255934,-0.26178628,0.0058691814,0.28228274,-0.5063971,-0.18134533,0.20364885,0.30530638
2366,-5.607849,0.15744872,-0.861819,-0.3528217,0.0024918972,-0.25396216,-0.14912799,-0.030584002,-0.13565052,0.24205533,0.28372192
2367,-5.406477,-0.096191995,-1.1265891,-0.5173666,-0.21973333,-0.23088709,0.04980698,-0.16937974,-0.14037678,0.38646472,0.53801024
2368,-4.959146,0.10112293,-0.93494886,-0.5316827,-0.18056947,0.10375289,0.11798804,0.11178154,-0.13429007,0.35772973,0.3194815
2369,-5.768063,0.21254233,-0.92115134,-0.62193245,-0.09570513,-0.32797468,0.25326186,0.1959864,-0.19624762,0.3634145,0.30808538
2370,-5.0194707,-0.1730206,-0.8488011,-0.39178225,0.10892247,0.2280071,0.013670009,-0.20379777,-0.28231212,0.2646208,0.50297356
2371,-5.3073525,-0.27181715,-0.99298507,-0.5306154,-0.35285693,-0.115761705,-0.3917431,0.14704625,-0.1336782,0.56435233,0.045411937
2372,-7.6590853,-0.4783966,-1.4462934,-1.0110663,-0.11592136,-0.20400284,-0.22320595,0.045546718,0.18849014,0.74927706,0.792618
2373,-4.1697035,-0.3958203,-1.0163332,-0.3173021,0.02183915,-0.07835462,-0.22337747,-0.028779836,-0.1426568,0.61482805,0.22477572
2374,-4.859655,-0.2339854,-1.383242,-0.70630723,0.031976506,-0.11944839,-0.008447166,-0.19620135,-0.15325323,0.6437781,0.17590304
2375,-3.7131524,-0.066811636,-0.6377787,-0.18861765,-0.344824,-0.31494105,-0.099588655,-0.01238754,-0.3541394,0.11902525,0.41513306
2376,-6.6311455,0.10514455,-1.2839093,-0.81841016,-0.1390039,-0.09768943,0.0935776,-0.22476868,-0.09780248,0.65798855,0.28109136
2377,-5.440205,0.3172258,-1.1646254,-0.5023589,0.077944405,-0.03412556,-0.46519554,-0.13606064,-0.2683666,0.3824697,0.30440676
2378,-4.4443903,0.025497194,-1.0199178,-0.8361834,-0.14813787,0.22358859,-0.02236668,-0.2403116,0.16845688,0.34412104,0.34919754
2379,-4.8775783,-0.24290009,-0.88194054,-0.44985992,-0.6240487,0.13934502,0.021232933,-0.31837964,-0.24442337,0.32613143,0.29912925
2380,-5.3455296,0.2203997,-1.030681,-0.46769607,0.39862537,-0.3285877,-0.18347801,0.011907312,-0.057516,0.01838075,-0.08382144
2381,-6.1726604,-0.11375897,-1.0467227,-0.4519886,-0.13882077,-0.00028907135,-0.040631738,-0.20704146,-0.11388144,0.3661314,0.67369395
2382,-4.745771,-0.34805304,-0.96100473,-0.29632446,-0.35731006,0.05003167,-0.029825352,-0.16814579,-0.21706496,0.10231935,0.43266183
2383,-7.4659595,-0.33001077,-1.8556701,-0.74158204,0.23148966,0.44447947,-0.37205422,-0.22655919,0.08137946,0.82519424,0.18192878
2384,-5.3786306,-0.107931055,-1.0769814,-0.2216022,-0.34930286,0.12684256,0.051473703,0.0069867484,-0.20041458,0.5904593,0.3802457
2385,-5.698716,-0.15228778,-1.0530432,-0.31322306,-0.56924933,0.072795644,0.13426183,-0.41905236,-0.37842473,0.57422096,0.36215076
2386,-6.3932137,-0.20798817,-1.1559863,-0.91917586,-0.7599643,0.106702276,-0.004750342,0.30635354,0.23516433,0.5865145,0.71871454
2387,-5.164241,-0.37987056,-1.318427,-0.4881514,0.096085176,-0.040345162,-0.20006749,-0.27547768,0.0109146265,0.36378792,0.018363545
2388,-5.4246283,-0.10761497,-1.1266624,-0.89374727,-0.35223818,0.044575986,0.43214476,-0.4352806,-0.013834955,0.46396568,0.19809729
2389,-7.4389567,-0.07086722,-1.668236,-0.4753721,0.23917086,0.3780191,-0.22458117,-0.05140304,-0.12932613,0.50531477,-0.013565875
2390,-6.28683,-0.22450452,-1.5592273,-0.79533225,0.094372995,0.13623248,-0.15728554,-0.45795485,0.30562997,0.34634882,0.36017707
2391,-6.2500854,-0.033399727,-1.1663735,-0.12780432,0.42259088,-0.26744485,-0.2980835,0.035220645,-0.33268636,0.17568083,0.0586263
2392,-4.135283,-0.08230373,-0.8239475,-0.6262884,-0.12786525,0.1396421,-0.10222552,-0.3606403,-0.02914893,0.46649307,0.07482033
2393,-4.9127817,-0.15265362,-1.0903994,-0.34917602,0.1021861,0.23108685,-0.031330723,-0.032491647,-0.124042526,-0.07035306,0.10021947
2394,-4.861977,0.06357962,-0.88375956,-0.43896186,0.24379377,-0.081094846,-0.14553422,0.09644832,-0.026692731,0.49150568,0.26379287
2395,-5.5659385,-0.20750637,-1.601456,-0.65583676,-0.2934504,0.2736252,0.20994425,-0.37404004,0.049711414,0.58088803,0.35514677
2396,-6.3247433,-0.3927119,-1.3057122,-0.78642964,0.32480335,0.20333089,-0.4739606,-0.19057347,0.39637867,0.5679514,0.21287362
2397,-4.5937004,-0.2581556,-0.9472567,-0.61513615,-0.09228088,0.07303422,-0.07316071,-0.260123,0.18953659,0.46801338,0.0625884
2398,-4.8555984,-0.015370932,-0.84536684,-0.597808,0.07005281,-0.21921425,-0.37232122,-0.32199097,-0.016818536,0.19651587,0.29421073
2399,-6.299889,-0.55460256,-1.3142322,-0.56480265,-0.59499925,-0.28769743,0.20649473,-0.048515417,-0.12860665,0.4262345,0.8033503
2400,-9.362039,-0.065883614,-1.7028491,-0.9692313,-0.014014879,0.3963505,0.12507512,0.38162166,0.14010677,0.974096,0.7647398
2401,-5.840482,-0.23210391,-1.213421,-0.59616065,0.21091568,-0.29691428,-0.17927442,-0.052330814,-0.11188586,0.10982139,0.09509933
2402,-5.4643564,-0.011153945,-1.2284133,-0.19555123,0.2311613,-0.15900616,0.021057531,0.1297323,-0.25443378,-0.13216214,0.2133035
2403,-6.0426764,-0.12183264,-1.2871516,-0.6079712,-0.10635075,0.27608073,0.22635357,-0.251476,0.059322037,0.3520417,0.42042246
2404,-5.949874,0.0171704,-1.0736753,-0.49043155,0.015276926,-0.06981499,0.06588433,-0.15586857,-0.13473243,0.73301494,-0.01605041
2405,-5.9133487,-0.073438875,-1.1384765,-0.7124637,0.0057348125,0.07516798,0.077844955,-0.07757994,0.22629245,0.52817506,0.5837991
2406,-4.200539,0.08342576,-0.7564624,-0.41236204,-0.028616725,-0.0025398955,0.252075,-0.1201855,0.15694141,0.22864304,0.22278643
2407,-4.4521914,0.12338426,-0.89209783,-0.52253,-0.07767473,-0.22509815,-0.1575901,-0.30489206,-0.087884605,0.29594168,0.3061696
2408,-6.069773,-0.069876574,-1.1817238,-0.54409045,-0.029089367,0.12113987,-0.08024013,-0.50266516,-0.12571141,0.6012295,0.30633494
2409,-6.655005,-0.022719823,-1.3495796,-0.8384735,-0.6031115,0.45174158,0.32735324,-0.3982962,0.09945797,0.5869881,0.37932384
2410,-6.196843,-0.12412891,-1.1041731,-0.82331526,-0.19397303,0.13140568,-0.04892678,-0.34922722,0.036097664,0.49459395,0.24390765
2411,-6.1326823,-0.25429806,-1.2737494,-0.7476195,-0.39868253,0.11126823,0.4292627,0.09583205,-0.06344094,0.30887595,0.5240318
2412,-6.6394463,-0.18745807,-1.1431333,-1.1343311,-0.23158172,-0.07627945,-0.13701689,-0.50807387,-0.052911848,0.19413234,0.3926343
2413,-7.2245364,-0.44460315,-1.4731345,-0.8676243,-0.15324846,0.3787129,0.014261532,-0.130962,-0.028519152,0.6587832,0.9021414
2414,-6.345334,-0.20384601,-1.2753568,-0.7110078,-0.09889127,-0.14240666,0.26628473,0.04861123,-0.0258776,0.46137756,0.38475236
2415,-5.2370915,-0.22469603,-1.0021863,-0.33253586,-0.45526594,0.35153836,0.22235729,-0.0035245903,-0.13574766,0.47011423,0.49813583
2416,-4.9330907,-0.12486069,-1.2226065,-0.6473851,-0.2605541,0.1414927,0.19498657,-0.040841848,-0.17117321,0.34659582,0.47719875
2417,-4.8969274,-0.25921965,-0.5551113,-0.36457998,-0.52777123,0.10668977,-0.07139907,-0.3682814,-0.062139533,0.4672427,0.1800149
2418,-5.1361995,-0.046916153,-0.94810355,-0.4589579,-0.115302704,0.31064206,0.025362207,-0.2793523,-0.016231945,0.324153,0.35212085
2419,-4.7986197,-0.008800288,-1.0623238,-0.45311588,-0.054301538,0.22403362,0.13115099,-0.41484702,-0.03223612,-0.042008705,0.2684186
2420,-5.0141525,-0.16828595,-1.0910289,-0.5833154,-0.15349962,0.028410565,0.15990143,0.015511332,-0.27021426,0.320603,0.10431815
2421,-5.8153434,-0.051663082,-1.1447033,-0.5680684,0.059473284,0.5551868,-0.18316007,-0.3652994,0.07564271,-0.038927726,0.19108206
2422,-4.258689,-0.24255486,-0.7625384,-0.56319314,-0.105103396,-0.0046641584,0.20241238,-0.1299803,-0.10066998,0.05874145,0.21045376
2423,-5.176772,-0.095233455,-0.97014886,-1.0576534,-0.25121742,-0.2662719,0.04741354,-0.398901,0.0807724,0.6312854,0.30997837
2424,-5.290736,-0.39449453,-0.9154325,-0.3432769,-0.5647096,0.5425161,-0.025574755,-0.40165663,-0.06791248,0.47709343,0.56892484
2425,-8.103178,-0.022569578,-1.6260362,-0.5351933,0.3283273,-0.27196866,-0.45042682,0.01730482,-0.44914883,0.2272921,0.067489915
2426,-5.2131076,-0.08267703,-1.0693154,-0.18343306,0.004382556,-0.22877115,-0.18485537,-0.066415794,-0.2840196,0.21436429,0.016644944
2427,-6.5522428,-0.10109632,-1.3320965,-0.76423776,0.08249394,0.21061584,-0.12042471,-0.15452364,0.11291836,0.13351358,0.108908415
2428,-3.8958938,-0.06100719,-0.5944209,-0.48169708,-0.20122029,-0.13984548,0.29288352,0.13778493,0.124046184,0.4251554,0.4029556
2429,-5.5425944,0.13678083,-1.1203595,-0.64428073,-0.34628615,0.05383975,0.13268338,-0.32328278,-0.19053215,0.31365544,0.506612
2430,-6.791726,-0.3120568,-1.3274044,-0.7254899,-0.32371175,0.05416746,0.08168152,-0.53374034,0.010680687,0.35985312,0.37429893
2431,-6.6413794,-0.30636615,-1.4848225,-0.7552544,-0.15493982,0.35779023,-0.38905936,-0.4231557,0.25820804,0.64765066,0.5023422
2432,-7.112107,-0.25556025,-1.2980274,-0.82042855,0.2707412,0.18814558,-0.47234026,-0.46319738,0.0073803477,0.45066258,-0.12827604
2433,-5.848102,0.24844795,-1.6383575,-0.46087578,0.054393597,0.20029628,-0.28394887,-0.20985138,-0.117015705,0.21461612,0.40169576
2434,-5.523905,-0.17037246,-1.1464216,-0.6150553,0.115837105,0.3898803,-0.3416993,-0.43672633,0.114422485,0.6014461,0.011707398
2435,-4.411881,-0.111820176,-0.56755567,-0.60215783,-0.017147616,-0.15324774,0.07965271,-0.15709798,0.20088907,0.53234196,0.4884651
2436,-5.8940415,0.03601188,-0.9852811,-0.67498904,-0.285568,0.16398689,0.18711846,-0.25266632,-0.22717047,0.40842488,0.52889746
2437,-5.647718,-0.19889328,-1.0605494,-0.8956379,-0.1655287,0.18761949,-0.1007989,-0.34486434,0.3321913,0.79643655,0.07144586
2438,-6.091793,-0.2700758,-1.4894668,-1.0342188,-0.24328592,0.20273319,0.069192395,-0.4913704,0.24100402,1.0227351,0.7295156
2439,-3.7924411,-0.25897458,-0.7713984,-0.42726895,-0.18380679,-0.14410363,-0.06765567,-0.011475388,-0.2053898,0.24897838,0.09054582
2440,-5.0395355,0.24204369,-1.0625446,-0.65056205,-0.19741799,0.18554717,0.04525621,-0.2774046,0.159367,0.18840732,0.10423835
2441,-8.068116,-0.053520296,-1.2681503,-0.534312,0.008187314,-0.16401388,-0.021914955,0.22805941,-0.15387806,0.4272382,0.06270493
2442,-5.3283415,-0.23311144,-1.7557267,-0.5779815,-0.08408567,-0.105904974,-0.064666554,-0.021144843,-0.11379723,0.58928525,0.18708074
2443,-5.257882,-0.31111673,-1.0340991,-0.60908437,0.04964512,0.09780034,0.040084206,-0.1354525,0.15366149,0.42518905,0.18866888
2444,-4.9310923,-0.05113809,-0.921422,-0.68600553,-0.22590268,-0.14319357,-0.09497198,-0.1552004,0.29272974,0.4950324,0.48210302
2445,-5.8365197,-0.28715527,-1.0398394,-0.57215154,-0.29107398,-0.28015614,-0.245221,-0.027098646,-0.004232524,0.5097179,0.8129773
2446,-5.059123,-0.31836444,-0.864964,-0.62335116,0.13105507,0.11642625,-0.123107366,-0.13033843,-0.11229336,0.034900438,0.1188559
2447,-5.5648093,-0.40535426,-0.8729639,-0.4154852,-0.46783015,-0.08781249,0.3387228,-0.07451699,-0.30936655,0.65518814,0.40202674
2448,-7.1919646,-0.16822925,-1.5500365,-0.71376944,-0.26087898,-0.1353688,-0.2894748,-0.05826821,0.45653197,0.84632033,0.37216577
2449,-7.172555,0.083738804,-2.0795214,-1.0392181,0.054624233,0.16489913,-0.104351565,-0.022403399,0.2573028,0.45964074,0.4662416
2450,-5.0084863,-0.44485188,-1.1760674,-0.43756413,0.23208931,0.26767033,-0.23289225,0.0075163385,-0.083780125,0.28157586,0.23764522
2451,-5.3939495,-0.03290115,-1.2584915,-0.9635485,0.032544512,-0.23410437,0.09864314,0.030080564,0.30483776,0.56269854,0.31163824
2452,-4.5747724,0.017234791,-0.7804787,-0.38160184,0.118781105,0.16857797,0.31174356,-0.07707641,-0.22465321,0.265469,0.36383462
2453,-4.06759,-0.07228713,-0.8071533,-0.5878065,-0.152313,0.22736368,0.109824225,-0.13605058,0.014609942,0.21303967,0.37713265
2454,-6.364443,-0.1129089,-1.1216645,-0.44074878,-0.4364628,0.080711775,0.27010182,-0.36543077,-0.08186676,0.5946625,0.16640212
2455,-5.492279,-0.27593488,-1.0737671,-0.47729138,-0.072462596,0.07490332,0.011096419,-0.13306247,0.11439104,0.5081288,0.19798109
2456,-7.3090467,-0.2933701,-1.8244736,-1.0711854,0.48864043,0.14785978,-0.0672102,-0.305694,0.045004554,0.002816556,0.33150283
2457,-7.308931,-0.40659702,-1.3891215,-0.75692916,-0.53683233,-0.097053714,0.0431249,-0.21696623,0.1062845,0.7683257,0.85168743
2458,-5.8672566,-0.150509,-0.8999869,-0.41628465,-0.055811178,0.012163113,0.2256231,-0.0029017804,-0.3150876,0.32227907,0.30133653
2459,-5.584856,0.05050282,-0.85604125,-0.5168027,0.18735638,-0.01607802,-0.43661654,-0.2313232,-0.21620257,0.51200897,0.098057486
2460,-5.9882927,0.27600396,-1.3289603,-0.600267,0.18324958,0.33970892,-0.2618172,-0.5381958,0.110361524,0.50391054,0.08240153
2461,-9.014308,-0.11056999,-1.881726,-0.48997653,-0.08744908,0.15695868,-0.50949466,-0.23733155,-0.16324542,-0.014750139,0.58915246
2462,-4.732348,0.08486894,-0.840069,-0.4376074,0.1422717,-0.19829825,-0.19283023,0.1480961,-0.055194378,0.35286158,0.017989855
2463,-5.515196,-0.56542987,-1.4273801,-0.3745807,0.103146434,0.018504582,-0.07528076,-0.16866873,0.019509913,0.504543,-0.10739284
2464,-4.79865,0.07830105,-0.92393655,-0.23780277,-0.10095293,0.19952369,-0.057622105,-0.24776515,-0.25542557,0.3580604,0.13968389
2465,-5.4867754,-0.14486659,-0.91071725,-0.65791947,-0.5675847,-0.024230432,0.11197688,-0.10106098,0.048694395,0.45941225,0.4424114
2466,-5.6284604,-0.10016949,-1.3532227,-0.6998732,-0.046104502,0.027169833,-0.30131033,0.01997111,0.20899141,0.8555345,0.4933189
2467,-4.526089,-0.11477584,-0.74631846,-0.41794878,-0.0614613,0.032676883,-0.053886153,-0.045039065,-0.37392807,0.42587486,0.29557586
2468,-3.9291136,0.048809834,-0.92942476,-0.37690055,-0.04375671,0.06421563,-0.050076894,-0.19799912,-0.026623106,0.23783576,0.14519653
2469,-5.3330617,-0.11454498,-1.1111321,-0.6315117,-0.7605228,0.3922915,0.03881973,-0.35863554,0.34968206,0.44536573,0.51863897
2470,-5.2293735,-0.45789662,-1.3172253,-0.547368,0.3126284,-0.15070297,-0.17899108,0.14733845,0.056204118,0.52401394,0.19108136
2471,-5.9370947,-0.12355222,-1.5479549,-0.53765345,0.41531214,-0.36546803,-0.2423986,0.13470261,-0.027253544,0.2535586,0.3801494
2472,-5.103736,0.015030831,-1.0324541,-0.56802833,0.06848801,-0.02424049,-0.051805817,0.022541448,-0.04216201,0.5337973,0.22388
2473,-5.265225,-0.020497154,-1.17597,-0.67643183,0.083984055,-0.3635038,-0.30785674,-0.17762187,0.15478918,0.300215,0.29175663
2474,-5.27153,0.08761901,-1.1590278,-0.23549981,0.10787904,0.06572868,-0.17918137,0.21081758,-0.16711032,0.29882666,0.21727347
2475,-4.963321,-0.008758198,-0.6414031,-0.5075496,-0.32345206,-0.18916039,0.092546456,-0.2066423,-0.032195196,0.44681737,0.3870861
2476,-6.681425,-0.13519737,-1.4310127,-1.0163088,0.18235506,-0.25887823,-0.08319704,0.06941582,0.10965887,0.79499054,0.22716942
2477,-4.8677077,-0.21411593,-0.7152988,-0.6916234,0.25326502,0.15062287,-0.21243154,-0.0853029,0.10775586,0.613501,-0.008712289
2478,-5.8271294,-0.28454518,-0.8644274,-0.81248415,-0.17335261,0.056094915,0.44637555,-0.27680075,-0.35633674,0.1631337,0.3695502
2479,-4.506095,-0.050531767,-0.80388427,-0.514486,-0.24361815,0.04121929,0.294286,-0.15837096,-0.006317202,0.4898564,0.06377717
2480,-7.1703525,-0.22110295,-1.6032927,-0.31407505,0.47258693,0.5674208,-0.30783647,-0.011815762,-0.15004677,0.719716,0.14376451
2481,-5.849155,-0.05167434,-1.0482012,-0.8194246,0.07256134,-0.08792092,-0.36716244,-0.010169128,-0.06590939,0.391744,-0.30100355
2482,-6.801003,0.01795134,-1.83556,-0.5064558,0.18419631,0.017297413,-0.3044824,-0.17103489,-0.15426941,0.15859151,-0.11025733
2483,-5.6585855,0.052984335,-1.1667541,-0.6480823,0.12211981,0.335303,0.07223469,-0.1854531,0.3191983,0.6873842,0.42162505
2484,-4.569048,-0.29001167,-0.9373039,-0.62456024,-0.044143047,-0.22533989,-0.14261684,-0.29913387,-0.19022804,0.4944976,-0.027136039
2485,-6.373311,-0.20611444,-1.5416204,-0.73563415,0.07981698,-0.27192962,-0.31558985,0.15453483,0.08475173,0.55705947,-0.117066346
2486,-6.5789275,0.15039562,-1.0086309,-0.49381745,-0.20407581,0.013377346,-0.11470332,-0.2878456,-0.03758651,0.4718796,0.12403073
2487,-5.3957434,-0.12710813,-0.9444494,-0.041710433,-0.17462283,-0.023868699,0.26422873,-0.0032882355,-0.23663868,0.43306604,0.25902033
2488,-6.6645403,0.1948759,-1.6277146,-0.8320227,-0.12723607,0.14119859,-0.02707097,-0.50409186,0.16132222,0.22971213,0.12800865
2489,-5.7513947,0.05291185,-1.1091298,-0.77169853,-0.18529947,-0.078518935,0.35250235,-0.5707527,0.008762067,0.7396688,0.41773182
2490,-5.57258,-0.23309758,-1.3257772,-0.6221651,0.16626227,0.09631761,-0.07643526,-0.27719244,0.16863567,0.619278,0.04907105
2491,-7.824515,0.124980755,-1.320888,-0.77264386,-0.804472,-0.031640366,-0.091241814,0.25646397,-0.1415541,0.77675605,0.8012277
2492,-6.4313703,-0.26747864,-1.2225819,-1.0122243,0.12547766,-0.077610195,-0.06726537,-0.2641126,0.38429916,0.7649256,0.5796013
2493,-4.5154605,0.14272426,-0.98437274,-0.21951042,0.15281607,-0.05096634,-0.20204146,-0.037163027,-0.13176823,0.19573475,-0.0413688
2494,-6.6471133,-0.25854352,-1.2529627,-1.0566679,-0.18937655,0.30721158,0.029200457,-0.1758736,0.18390408,1.1259111,0.4292463
2495,-5.18301,-0.123104975,-1.1109778,-0.7864651,-0.020643398,0.17725313,0.18015583,0.09313445,0.2527167,0.87053895,0.22641546
2496,-5.5588417,-0.34541035,-1.5639856,-0.6379097,0.028422642,0.4774586,-0.025627278,-0.4030711,0.19896202,0.48265457,0.19478345
2497,-5.069719,-0.03529013,-0.8926048,-0.8595537,0.021940652,-0.032563172,-0.008535466,-0.4037267,0.050306894,0.619469,0.3347489
2498,-4.670115,0.049189843,-0.819363,-0.45226493,-0.41956633,-0.04593043,0.35189402,-0.38652062,-0.064634666,0.5873534,0.5209474
2499,-5.579341,0.15570974,-0.8784194,-0.8278468,-0.23921624,-0.40675145,-0.19658653,0.16130106,0.08793345,0.8946138,0.20452325
2500,-4.5167813,-0.15302855,-0.83804226,-0.42155245,0.039210126,-0.14926894,-0.08981032,-0.29514372,-0.118745804,0.61333275,0.06149352
2501,-4.8962827,-0.049762577,-0.9688576,-0.5334612,0.072986454,0.14207986,0.31287095,-0.100574724,0.17567593,0.40719545,0.2856171
2502,-4.6219583,0.039254628,-1.0354321,-0.4933564,0.116765946,0.008350598,0.18187185,0.12357059,-0.035370663,0.3325802,0.14572445
2503,-7.3292947,-0.38833612,-1.717655,-1.4471645,-0.21413183,0.15015143,0.096269384,-0.17912355,0.20957133,0.59029526,0.59152395
2504,-4.4663086,-0.41261435,-1.3810773,-0.7249051,-0.078608476,-0.07775252,-0.020629972,-0.018793246,0.013350106,0.32080412,0.4630901
2505,-5.588806,-0.0406938,-1.4074712,-0.6358299,-0.07549031,-0.021249585,0.12383487,-0.36512688,0.03714112,0.3003924,0.42511243
2506,-6.5768337,-0.327394,-1.1516812,-0.88300943,-0.239956,-0.017429596,-0.017236639,0.22142023,-0.058130495,0.8408314,0.7930139
2507,-5.74053,-0.26544476,-1.0385821,-0.6374879,-0.27797592,-0.36152858,-0.09001059,-0.55133516,-0.05246815,0.44909662,0.6409398
2508,-4.446208,0.10249083,-0.79852664,-0.46733478,-0.17930007,0.09358096,0.054177836,-0.42350003,-0.18537246,0.35092324,0.11656958
2509,-4.198956,-0.19404356,-0.9445511,-0.20224129,-0.19329837,-0.22181886,0.16276567,0.097865775,-0.32640013,0.3387202,0.1535185
2510,-5.2672467,-0.25946403,-0.9761877,-0.46524957,0.030563623,-0.18372448,-0.123752974,-0.010872493,-0.09788512,0.023128308,0.4987402
2511,-5.34445,-0.039036192,-0.950905,-0.7534895,-0.24782878,0.09954913,0.101074815,-0.35293958,-0.10961075,0.6566691,0.34589896
2512,-6.126014,-0.03709535,-1.4543678,-1.1652448,-0.30019426,0.054188754,-0.38970676,-0.40238798,0.2979184,0.38024822,0.32923713
2513,-6.5072227,0.016845958,-1.1692986,-0.8331269,0.02132052,-0.3557074,-0.02017862,-0.06840886,-0.10167564,0.73463494,0.06582399
2514,-7.3598313,-0.3403449,-1.4361912,-0.52482146,-0.80032563,-0.08543094,0.2841178,-0.037115417,-0.23938568,0.32401532,0.6802541
2515,-4.597976,-0.25211874,-0.816457,-0.7390007,-0.14777203,0.23205712,0.016251624,-0.26098958,-0.032239795,0.3045327,0.47952908
2516,-4.933514,-0.1949734,-0.88000745,-0.349793,0.0078129405,-0.026546776,0.1854039,-0.028675316,-0.1918118,0.3602086,0.18117857
2517,-7.4531264,-0.04378429,-1.3940958,-0.5622463,0.05225628,0.06232255,-0.061432928,0.28518167,-0.17753075,0.2884004,0.4576618
2518,-5.8709335,-0.25477493,-0.70948374,-0.7802063,-0.60648894,0.08672409,0.09840407,-0.34126624,-0.18283147,0.3886665,0.5319152
2519,-7.1986346,-0.11840989,-1.3921824,-0.8396099,-0.19629388,0.31554508,0.07894139,-0.13576028,-0.22535583,0.27061743,0.124755315
2520,-4.667222,-0.2662375,-0.971302,-0.43825158,-0.34330687,-0.06563568,-0.12916441,-0.019413827,-0.17144153,0.38380796,0.42574492
2521,-5.26176,-0.031538017,-0.70174116,-0.52173775,-0.3871152,0.19991814,0.27956077,-0.15230215,-0.022999054,0.71347266,0.4543236
2522,-4.152973,0.07033373,-0.95283777,-0.40174094,0.012498636,0.11538672,-0.06464427,0.41719642,-0.14430673,0.41751307,0.43406639
2523,-6.01582,-0.6545427,-1.0989691,-0.5646466,0.110432155,0.007657125,0.058807284,-0.0768722,0.23229885,0.5010102,0.08301309
2524,-4.905937,-0.084105864,-0.8807607,-0.5381619,-0.3988898,0.06612098,-0.107648134,-0.5069049,-0.00013441592,0.23939292,0.4895287
2525,-4.244044,-0.13660556,-1.0880369,-0.611313,-0.13662684,0.1941788,-0.27016607,-0.35432896,0.1331404,0.3978396,0.22062013
2526,-7.6836295,-0.0686376,-1.2358198,-0.80318755,0.021635277,0.14015642,0.1973365,-0.25668296,-0.18372396,0.04064333,0.32329488
2527,-7.1825333,-0.0597785,-0.88486224,-1.0520846,-0.64440846,-0.2197866,0.23788136,-0.09437053,-0.12709802,0.45181978,0.65261513
2528,-6.970908,-0.24635635,-1.5428364,-0.8935634,-0.5981217,-0.022577131,0.15806028,-0.32077152,0.03377369,0.45146203,0.5832438
2529,-5.5008802,0.02517889,-0.6971367,-0.51117074,0.02701868,0.1943115,-0.31393316,-0.85176253,0.16470073,0.38580894,0.31550956
2530,-4.8770413,-0.12094554,-0.71956784,-0.36354527,0.34215355,0.03435156,-0.10921831,-0.23453411,-0.014738366,0.3603652,-0.024376303
2531,-6.3833084,-0.44969395,-1.7952101,-1.2125046,0.21667428,-0.0090259425,-0.47708654,-0.64749193,0.40801495,0.44500625,0.48724973
2532,-5.1911235,0.042332597,-1.0857478,-0.3279931,0.06335371,0.023503661,0.05775371,0.062162027,0.017753605,0.53410757,0.39180383
2533,-5.4068265,-0.17324057,-1.5803779,-0.78221697,-0.049274556,0.38604212,-0.32162833,-0.11335825,0.46486482,0.31651905,0.21573088
2534,-5.336301,-0.18915464,-1.088477,-0.5782995,-0.027175928,0.20521218,-0.2650453,-0.3368103,0.056533806,0.3189259,0.2781063
2535,-7.3661795,-0.16378587,-1.6261331,-0.95358,0.18243669,-0.1738259,-0.43775722,-0.37928295,0.17977391,0.7802621,0.24113688
2536,-6.393507,0.09788211,-1.3172218,-0.91872454,-0.5873074,-0.2215224,-0.1387369,-0.5703504,0.20867471,0.42974448,0.77930355
2537,-5.843652,-0.19770807,-1.1051854,-0.4520858,-0.50769806,0.13135204,0.20334494,-0.56112635,-0.03635528,0.5520434,0.19529866
2538,-6.899013,-0.14444141,-1.2836757,-0.1044124,0.18323721,0.123533,-0.535215,-0.43288195,-0.531448,0.095494345,0.15433617
2539,-5.254684,-0.39481217,-1.0894668,-0.90326184,0.062449925,0.087524034,-0.11043654,-0.26503724,0.008926434,0.5869464,0.16851176
2540,-4.2825828,-0.098892905,-0.9185258,-0.48135576,-0.003963033,0.068682685,-0.14948562,-0.20548454,0.079606235,0.3558739,0.17517434
2541,-4.66494,-0.048707288,-1.0682386,-0.5799936,-0.04590189,-0.41278183,-0.11022249,0.112266116,-0.14294776,0.091872625,0.078780495
2542,-5.226534,0.025156576,-1.2338161,-0.56158906,-0.013177959,0.21788545,-0.023586564,-0.12917785,0.11496835,0.50905615,0.37724248
2543,-6.6883473,-0.26253036,-1.504262,-0.74010074,0.3287955,0.668034,-0.30747986,-0.7041339,0.07538515,0.103447415,0.06738954
2544,-4.981871,-0.001546869,-1.1193514,-0.39873424,0.14002945,-0.10694023,-0.2792956,0.14070055,0.060358904,0.6137407,0.111308925
2545,-5.717383,-0.18382794,-1.299747,-1.1333419,-0.27701154,-0.071062334,0.180999,-0.18917634,0.060521603,0.8002151,0.40557677
2546,-5.801911,-0.26758456,-0.8805746,-0.9840365,-0.16897678,0.06397812,0.107867785,-0.23262756,0.20124947,0.47568116,-0.024964273
2547,-4.741815,0.20813452,-0.8199757,-0.29180643,-0.03813278,-0.1249145,0.024966924,-0.01729335,-0.25072068,0.25879377,0.24903263
2548,-5.4680996,-0.31670702,-1.0747972,-0.7251057,-0.34153277,-0.036476444,0.16664073,-0.13509755,-0.090153046,0.36948007,0.29207847
2549,-4.3203516,-0.48823,-0.6312006,-0.2724753,-0.079447426,-0.029655203,-0.2136103,0.12749177,-0.13282579,0.41414487,0.09195135
2550,-5.5173445,0.056011725,-0.9634156,-0.2043855,0.059898835,-0.050614215,0.10258591,-0.10221143,-0.19912252,0.4479358,0.14623073
2551,-6.205086,-0.15846716,-1.0180873,-0.6167848,-0.03112234,0.62165594,-0.11511382,-0.51887983,-0.11312947,0.50095445,0.2746227
2552,-3.9207358,-0.025223862,-0.8124348,-0.31428918,-0.049931902,-0.14006603,-0.10712994,0.06931725,-0.12068725,0.058434837,0.22114587
2553,-6.0231194,-0.08808859,-1.833856,-1.0264388,-0.10139423,0.26281738,-0.10800107,-0.40929666,0.2673549,0.5261796,0.29951906
2554,-7.688722,0.22119102,-1.1260009,-0.611332,-0.29126307,-0.11793062,-0.0048879683,-0.16362275,-0.33729354,0.56451195,0.23573251
2555,-5.2794476,-0.2804914,-0.90498793,-0.37891018,-0.078879654,0.08551974,0.15540667,0.2294445,-0.1521108,0.5093367,0.66904587
2556,-8.1229105,-0.12863748,-1.7676905,-1.0762708,-0.8915336,-0.0811889,0.041276902,-0.13287385,0.07657535,0.47848842,0.76344424
2557,-4.9122295,-0.15113665,-1.0712694,-0.63582253,-0.26391622,0.2625903,-0.03888832,-0.47925833,0.087395005,0.4258045,0.12636057
2558,-4.3427873,-0.072072595,-1.2463948,-0.73062396,-0.3437304,0.1391723,-0.19990505,-0.043946385,0.14404367,0.5866309,0.45176718
2559,-5.766885,-0.43151978,-0.89279175,-0.62136334,0.2316404,0.0032428685,-0.25703338,0.05643923,0.03528741,0.7878167,0.14432958
2560,-6.0752215,-0.31775692,-1.3081701,-0.6448219,0.25079742,0.111649685,-0.11795453,-0.027941952,0.2339648,0.7814447,0.21564546
2561,-7.2556133,0.07909599,-1.447929,-0.77355367,0.06643515,0.13357879,-0.20048554,-0.06145455,0.040506765,0.71222615,0.4440817
2562,-5.667781,-0.2049672,-0.74264383,-0.50135595,-0.6400749,-0.25057256,0.18278654,-0.12060066,-0.22711822,0.34243292,0.6397315
2563,-5.736873,-0.13221554,-1.2902131,-0.6669698,-0.528022,0.17935444,-0.49441972,-0.46554425,0.17691647,0.531205,0.10709688
2564,-5.2151656,-0.05779024,-1.024725,-0.41994622,-0.21099912,-0.13972202,0.32227397,0.26198727,-0.14281902,0.31639364,0.5351997
2565,-7.2946496,-0.055708263,-1.2132568,-0.7859439,-0.67964584,-0.4827127,0.26357195,-0.21420893,-0.24375935,0.47668892,0.5351116
2566,-6.57734,-0.59359145,-1.3989556,-0.57372487,-0.06506614,0.34722817,-0.16277419,-0.43083104,-0.2131179,0.7789377,0.39349684
2567,-6.0358934,-0.29782486,-0.968144,-0.84312224,-0.10410571,-0.28750473,-0.1180123,-0.43825114,-0.09302313,0.2948211,0.63889927
2568,-5.919184,-0.024325844,-1.1399701,-0.7559723,0.07854246,0.09590338,0.031533957,0.12558296,-0.13585055,0.26911482,0.46769178
2569,-5.019517,-0.03836923,-0.97569525,-0.4223092,-0.27335924,-0.21288191,-0.009354607,-0.0064474065,-0.36050886,0.19541486,0.23892748
2570,-4.5192513,-0.13802205,-0.8656586,-0.6427284,0.020056732,0.05179268,0.03350742,-0.6328673,0.12715735,0.24677995,0.2341444
2571,-6.207354,-0.20826097,-1.3733404,-0.7805515,-0.017286891,-0.17606272,-0.11983629,-0.35190418,0.13401936,0.3712664,0.2129742
2572,-4.7063055,-0.1305416,-1.0506914,-0.013134285,0.10604993,0.1155926,-0.18023528,0.063039154,-0.3670723,0.2934865,-0.043553356
2573,-5.498909,-0.15286389,-0.8509772,-0.3260721,-0.04063919,0.219075,-0.15714844,-0.25618652,-0.25403842,0.23444943,0.058143687
2574,-5.0822473,-0.21014744,-1.0995593,-0.7812292,0.035463527,-0.17158504,0.033730462,-0.32547638,0.08299385,0.4123639,0.28701347
2575,-9.21013,-0.2951596,-1.5461364,-1.100573,-0.68030715,-0.055217475,0.2151672,-0.569649,-0.36119342,0.58441293,0.8264587
2576,-6.099477,-0.069600195,-0.9259671,-0.43111676,-0.14980964,-0.3229409,-0.2910449,-0.07014857,-0.30921742,0.36690363,0.54033595
2577,-5.6540227,-0.22869585,-1.3210571,-0.51915884,0.0631484,-0.27914435,-0.13365068,0.2366981,0.14857751,0.4667943,0.00013909582
2578,-4.0864043,0.06398,-0.5151131,-0.11138274,0.20327711,-0.115180016,-0.09933917,-0.28108507,-0.1949176,0.1636035,0.1026768
2579,-4.858564,-0.31916657,-0.8574432,-0.12746733,-0.19973846,0.1045208,-0.13928153,-0.12419411,-0.35252234,0.79014224,0.10905319
2580,-7.3732467,-0.075632915,-1.7771959,-1.1103926,0.2691644,-0.16510016,-0.04163125,-0.2841694,0.28766558,0.334842,0.27317846
2581,-7.7683244,-0.13152142,-1.265053,-0.79161215,-0.40187413,0.1207741,0.22080714,-0.02397695,-0.12347956,0.7440568,0.5337528
2582,-5.3560424,-0.15988556,-1.0611855,-0.88011587,-0.24431261,-0.1301298,0.0054033995,-0.1085354,0.15444903,0.440119,0.25822827
2583,-5.8075647,-0.32236326,-0.78721565,-0.7962589,0.107976064,0.0392819,-0.14543013,-0.7254306,0.16553359,0.2827067,0.41965902
2584,-6.4246855,-0.1252397,-1.7442102,-0.56792146,0.54532975,-0.25281632,-0.25486776,0.07120068,-0.011663627,0.23744239,0.041349106
2585,-7.139036,-0.35888985,-1.3123175,-0.7475347,-0.5727565,0.03477681,0.3576684,-0.42630818,-0.5729802,0.6327548,0.8040143
2586,-5.4647627,0.011044601,-1.0980341,-0.22660045,0.09181227,-0.05229675,0.108769216,-0.116020225,-0.059842296,0.16901398,0.27733836
2587,-5.4063973,-0.078839384,-1.062789,-0.9651873,-0.46768963,-0.20083013,0.029274352,0.019713081,-0.055776834,0.89430255,-0.12278015
2588,-5.490112,-0.122766584,-1.0759789,-0.7884744,0.16484532,-0.24691893,0.02173458,-0.22041073,0.16329023,0.48833862,0.086816505
2589,-6.903674,-0.17625272,-2.0704403,-0.74790245,0.28532192,0.11597268,-0.26873493,0.12672874,-0.18963788,0.46772477,-0.02006261
2590,-5.584926,-0.035391126,-1.0662084,-0.49876243,-0.42077103,-0.31927085,-0.05204849,-0.23655267,-0.12634072,0.11620062,0.5096969
2591,-7.5142894,-0.03932504,-1.869686,-0.6286802,0.17310143,-0.44063294,-0.028519716,-0.007755341,-0.07682246,0.2328238,0.1971512
2592,-4.8625755,-0.029294938,-0.8336227,-0.48686555,-0.11516748,0.10302057,-0.06970002,-0.50995815,0.049022608,0.039326534,0.21004105
2593,-4.4310474,-0.040055025,-0.91927093,-0.34428853,-0.18913357,0.04721523,0.00792932,0.010300587,0.048079498,0.41903526,0.10760807
2594,-6.0038557,-0.2851189,-1.5140668,-0.8350148,-0.18169972,-0.0681859,0.027688399,-0.032846026,0.14050485,0.49811605,0.34235063
2595,-5.758326,-0.25411582,-1.5762619,-0.6336677,0.14228572,0.045632068,-0.17961751,-0.044587567,0.28624016,0.5360974,0.3624188
2596,-5.148069,-0.23206791,-1.108026,-0.38096932,-0.0029852935,-0.14366286,-0.050507843,-0.080054246,-0.018517548,0.23407382,0.24906032
2597,-4.7968364,0.0595571,-0.92711926,-0.12881094,0.3064352,-0.07391739,-0.14033152,-0.23467232,-0.08903838,-0.028796494,-0.056519963
2598,-7.325475,0.01434591,-1.4394575,-0.7267657,-0.50636613,-0.24046013,-0.016144246,-0.61241543,0.07543845,0.3636848,0.6222485
2599,-6.615801,-0.08173053,-0.8789145,-0.542809,0.1566157,0.15900907,0.041781463,-0.28211153,-0.15903915,0.4923433,0.36019066
2600,-6.819735,-0.23694746,-1.6128778,-0.94759375,-0.33608836,-0.17576286,0.007373242,-0.11922983,-0.043325223,0.65113026,0.60229605
2601,-5.56403,-0.1139097,-0.9663518,-0.38652733,-0.23787764,0.1212181,0.1327795,-0.46825138,-0.1820005,0.052127894,0.30050686
2602,-6.7230206,-0.06839032,-1.112902,-0.60656804,-0.23846135,0.17179817,0.18085407,-0.20662706,0.10628875,0.53603536,0.38164622
2603,-6.3664956,-0.14470275,-1.0061189,-0.9262036,-0.5509313,0.17929153,0.2953444,-0.0990684,-0.13845149,0.60979456,0.63345116
2604,-4.9752636,-0.050442245,-0.9708389,-0.30777377,0.16460887,-0.18577144,0.032489892,-0.095730826,-0.14214952,0.1658684,0.2892732
2605,-5.3042655,-0.30113974,-0.6624814,-0.34615576,-0.11297201,0.08039692,-0.42445725,-0.099885024,-0.14152618,0.37610683,0.096743636
2606,-4.206454,-0.14860894,-0.674043,-0.7028139,-0.19189249,-0.055157058,-0.17039788,-0.007611448,-0.09824575,0.17965901,0.2767896
2607,-4.389808,-0.26761746,-0.60684186,-0.19258273,0.030135045,0.044555604,-0.21808784,-0.09396111,-0.31771034,0.2955584,0.17697261
2608,-4.527326,-0.07918214,-0.9774536,-0.51197636,-0.27698305,0.06846122,0.0069421045,-0.08690112,-0.29342094,0.29942352,0.064824566
2609,-5.823564,-0.07201156,-0.6015706,-0.6862652,-0.51836157,-0.059054285,0.14237112,-0.30562356,-0.31188512,0.42111063,0.27909127
2610,-4.622581,0.0040335828,-1.0846633,-0.38012835,0.06492763,0.07577322,-0.26756594,-0.3555282,-0.047925167,0.04603234,-0.09887393
2611,-4.700176,-0.10669914,-0.91326565,-0.59056383,0.20089532,0.1446004,-0.05630569,-0.06635285,0.0045074234,0.40745288,0.12818508
2612,-6.0666184,-0.15229876,-0.85555667,-0.6084278,0.13783929,-0.31146324,-0.2681912,-0.20147401,-0.12471402,0.44118544,0.16575326
2613,-5.2099786,-0.20306654,-0.9864832,-0.5862831,-0.49936676,-0.01632699,0.038227346,-0.44903788,0.081789434,0.3547842,0.59427583
2614,-5.987486,0.16395986,-1.1262041,-0.5713204,0.07603617,0.08548495,-0.29601133,-0.084047996,6.651133e-05,0.42786756,0.08172092
2615,-7.1957355,0.11603325,-1.4817487,-0.673094,0.13751076,0.25267118,0.39156732,-0.091772825,-0.22214904,-0.026583921,0.5875073
2616,-5.500187,-0.21754499,-0.8766766,-0.5375268,-0.046603046,-0.18337077,0.005577104,-0.34186432,-0.32058585,0.15628612,0.60835135
2617,-6.04922,0.09558151,-1.6192138,-0.7071384,0.34904042,0.05454491,-0.29657677,-0.27708527,0.34502763,0.4708433,0.18272035
2618,-7.77048,-0.3137781,-1.2014487,-0.44835642,-0.6986027,0.39276987,0.39402243,-0.03371559,-0.31173527,0.43294996,0.7095203
2619,-4.910597,0.010109349,-1.1262075,-0.55719703,-0.1408504,0.07336091,-0.037608545,-0.39152783,-0.23516373,0.15482877,-0.10347637
2620,-7.102228,-0.1558432,-1.6535647,-0.6372583,-0.4926225,0.65399176,-0.57758325,-0.6136663,0.23963532,0.4317914,0.16207829
2621,-5.8700566,-0.40238467,-1.3084971,-0.8782092,0.0054571927,-0.46060884,-0.117707126,-0.037861772,-0.050700597,0.23574078,0.25195846
2622,-4.244615,-0.14464784,-0.9893577,-0.45781296,0.09941257,-0.23606315,-0.15995526,0.025847524,0.037530936,0.30485576,0.08470135
2623,-5.8293304,0.032960832,-1.0609127,-0.5110044,-1.0354484,0.00415047,0.19115736,0.03486847,0.16547538,0.6199358,0.6116289
2624,-6.1172533,0.024725482,-1.4516107,-0.63529783,0.20860596,0.15110858,0.057339035,-0.16209918,-0.20340623,0.73300517,0.18638335
2625,-7.0995603,-0.17679018,-1.3741506,-0.89030004,-0.060017727,-0.089756705,0.12519425,-0.09569238,0.20338447,0.55201995,0.2283812
2626,-5.241249,-0.070820056,-0.9420805,-0.7276918,0.20875295,-0.22864956,0.0163104,-0.16137251,0.15921234,0.23617762,0.39554968
2627,-6.157839,-0.050535288,-1.2628295,-0.37083817,0.08231248,-0.09089265,-0.2533849,-0.0487995,-0.21338502,0.41700143,0.11902543
2628,-5.287571,0.03622574,-0.7351233,-0.6863826,-0.31480336,-0.43633622,-0.15952548,-0.29997206,-0.10219374,0.44266087,0.22330351
2629,-6.7633257,-0.0657461,-1.6288079,-0.63854045,-0.16073972,0.14730558,0.037402455,-0.7173672,-0.049798116,0.42448565,0.08569304
2630,-6.012076,-0.44783232,-1.3464481,-0.66996545,-0.4465274,0.18469468,0.026895285,-0.35294908,-0.21655917,0.95582443,0.3814796
2631,-5.6225243,-0.068508595,-0.800142,-0.24934319,-0.13933991,0.29536307,-0.17184214,-0.39887926,0.05291225,0.32519087,0.21571983
2632,-5.251894,-0.2033852,-0.89884824,-0.5938883,-0.09571413,-0.28076375,0.10409576,-0.0028806468,-0.06557214,0.53733027,-0.110366166
2633,-6.070273,-0.20476088,-0.72565085,-0.68078905,-0.272894,-0.15069099,0.13432182,-0.15032622,-0.22868021,0.52391994,0.11706611
2634,-4.69899,-0.22357748,-1.1028457,-0.563365,0.27184296,0.305116,0.020763809,-0.08350736,0.09757097,0.42840752,0.39015156
2635,-5.040489,-0.0019230824,-1.1911268,-0.5160771,-0.2015807,-0.12159118,-0.10151017,-0.46532997,-0.3723873,0.48322535,-0.04953154
2636,-4.19666,0.019534435,-0.64258593,-0.41346171,-0.18375358,-0.028732467,-0.07414327,-0.14346229,0.055533476,0.41390026,0.33967406
2637,-6.7064776,0.0660029,-1.3734802,-0.83843195,0.2144765,-0.073822714,-0.1906192,-0.35744917,0.020210786,0.56597346,0.040125243
2638,-7.307804,-0.29167804,-1.3025595,-0.7105602,0.114703335,0.18077432,0.00024623703,-0.34160918,-0.064599395,0.7173806,0.5549175
2639,-5.5665383,-0.35029426,-0.7674434,-0.8217682,-0.504394,0.0054296274,-0.08459444,-0.3685337,-0.07985794,0.3295306,0.26276556
2640,-4.010622,0.08557293,-0.97817534,-0.3824985,-0.08612885,-0.00032018218,0.017116694,-0.24873218,-0.24564789,0.11296813,0.423244
2641,-6.667264,-0.042244706,-1.2666962,-0.51525784,0.23389855,0.037743337,-0.06943999,-0.45459345,-0.295483,0.5505881,0.26708776
2642,-4.5045295,0.010768275,-1.0755876,-0.8084926,-0.0666333,0.052555457,0.05800322,-0.17700487,0.13923702,0.5585829,0.37886328
2643,-4.7707844,0.08527725,-1.0308307,-0.4029018,0.13535874,-0.009998199,-0.048753716,-0.21934025,-0.002464598,0.38680515,0.047631316
2644,-4.2426596,-0.25824133,-0.82549447,-0.5050139,-0.45453036,-0.086406015,0.23241884,-0.21755613,-0.12192786,0.56368464,0.38637906
2645,-5.5918245,-0.4127163,-0.6750978,-0.64447623,-0.4412469,-0.15332712,0.22184366,-0.20346615,-0.26791176,0.21316326,0.54585373
2646,-5.34697,-0.21800911,-0.8858024,-0.5011669,-0.18272026,-0.01072856,-0.0512159,0.058794126,-0.031389005,0.22378245,0.4452939
2647,-5.692748,0.0487788,-0.9752461,-0.49554628,-0.036851183,-0.13471007,-0.36402568,-0.16116883,-0.24891014,0.5170084,0.34427983
2648,-5.640975,-0.10055198,-1.0621494,-0.64171964,-0.20017132,-0.21897618,-0.22568102,0.09665639,-0.30086362,0.3196307,0.4160131
2649,-5.114471,0.009629575,-1.1093712,-0.6356157,-0.09769211,-0.14440994,0.0026132697,-0.17535922,-0.100345455,0.30281994,0.3970633
2650,-8.36748,-0.052046467,-2.0646913,-0.7806558,-0.34877244,0.2730006,0.0105846105,-0.15988994,-0.14082935,0.48123884,0.57587695
2651,-5.442078,0.20321435,-1.0191511,-0.4626945,0.12774017,0.0054620896,-0.102282114,-0.43830538,-0.20042205,0.22264999,0.41703716
2652,-6.321602,-0.1999272,-1.6637331,-0.6512782,0.09193744,0.38231385,-0.11507296,-0.083639145,0.00027479604,0.38238984,0.08496411
2653,-6.082165,-0.23052469,-1.1351905,-0.8060677,-0.23102553,0.62144434,0.13359745,-0.23756377,0.24224593,0.77497846,0.73440546
2654,-5.1311164,-0.19085708,-1.244211,-0.48194447,0.06386946,0.094108924,-0.10361294,-0.03897278,0.11211788,0.26795194,0.376416
2655,-4.766047,-0.19541076,-1.0319064,-0.7149468,-0.11365892,-0.046820674,-0.22183491,-0.081340574,0.11941632,0.8052531,0.21115686
2656,-4.776574,-0.028705329,-0.846525,-0.47673228,-0.47557965,0.3103711,0.16270378,-0.15360568,0.22161345,0.42064396,0.46889636
2657,-5.020392,-0.10142564,-0.74481297,-0.3605935,0.18315703,0.00882697,0.20618804,0.18128444,-0.028571008,0.24662018,0.28046152
2658,-5.485132,-0.029463857,-1.3493387,-0.4929887,-0.27163061,0.3401993,0.14066266,-0.36228344,-0.10167277,0.25190932,0.30957723
2659,-6.1889005,-0.33731306,-1.2716362,-0.9173798,-0.45988828,0.14398076,-0.29375285,-0.6992712,0.019519515,0.27021217,0.54580367
2660,-6.0001216,-0.36190718,-1.051621,-0.4142222,-0.27532297,0.13210797,0.15543807,-0.63668203,-0.28402305,-0.11722115,0.4319824
2661,-5.3699155,0.15783347,-1.3440847,-0.51450765,0.092201866,-0.041259777,-0.35634124,0.40560845,-0.045014374,0.19407676,-0.044023532
2662,-5.8609953,-0.025060773,-1.6273856,-0.8512316,-0.114924766,0.37378895,0.0987106,-0.13072777,0.008960659,0.61366004,0.62431914
2663,-4.991439,-0.41265535,-1.0950387,-0.36250302,0.16035515,-0.06776817,-0.09691032,-0.14119212,0.07256711,0.6197902,0.29994464
2664,-5.331859,-0.32031924,-0.9920449,-0.4953531,0.08804459,-0.40695888,-0.22535229,-0.13860802,0.03988031,0.7092826,0.13830863
2665,-4.2417965,-0.2575661,-0.76771307,-0.35506338,-0.123877786,-0.36019236,-0.008844518,-0.12746957,-0.12508176,0.2778523,0.31828788
2666,-4.0840683,0.12088301,-0.6326656,-0.3343567,-0.06112892,0.062338676,0.045167796,-0.10644136,-0.09569449,0.42872423,0.09722077
2667,-6.1823173,-0.1616683,-1.3691478,-0.6161949,0.28831708,-0.13784932,-0.18805672,0.07276818,-0.34650794,0.6237065,0.012798791
2668,-5.5356293,0.17661723,-1.2999641,-0.5253953,-0.2211976,-0.061900064,0.027199771,-0.33706087,-0.09625138,0.20641038,0.14672078
2669,-5.407579,-0.4105094,-1.2052565,-0.6483588,0.12940496,-0.016342843,-0.2649084,-0.34142953,0.037505165,0.43912622,-0.09442512
2670,-4.177232,0.027193516,-0.7169032,-0.23347822,0.19376397,-0.060642302,0.06060435,-0.0482243,0.06555234,0.27934787,0.14543952
2671,-5.789364,-0.06598112,-1.2571983,-0.7528701,-0.33962086,0.11400494,0.366693,-0.11885115,-0.029578602,0.26678595,0.53999454
2672,-7.5314484,-0.12822619,-1.4236994,-0.9818883,-0.030610053,0.2739467,-0.15054324,-0.108387396,0.25620064,0.528699,0.20505328
2673,-8.094148,-0.14915538,-1.2045159,-0.91195196,-0.268701,0.18088831,-0.19247568,-0.08866171,0.0983478,0.31972972,0.57226366
2674,-6.287677,-0.3979734,-1.7603163,-0.6092896,0.3063739,0.27027112,-0.096030876,-0.20314796,-0.05737233,0.8389457,0.3759751
2675,-5.1041036,-0.090967946,-0.80926305,-0.36951324,0.1321468,-0.030419786,0.20297435,0.14553444,-0.025602521,0.19123618,0.33301616
2676,-5.337808,-0.068875924,-0.98149484,-0.43307978,0.4668607,0.46901643,-0.20808019,-0.27903724,0.15168239,0.34320325,0.2256753
2677,-5.945053,-0.22528449,-0.92907745,-0.38209316,-0.0083769,-0.09187135,0.1996139,0.12780645,-0.106411405,0.48751405,0.41422462
2678,-6.224508,-0.44439754,-1.0637969,-0.7049547,-0.1810057,-0.079564676,0.015337659,-0.2690758,-0.14997262,0.124315314,0.32799152
2679,-5.1451964,0.2500085,-1.2658893,-0.6633194,-0.1718812,0.16692047,-0.011443091,-0.13400936,0.113938175,0.31958336,0.48676527
2680,-5.127227,0.04625246,-1.015757,-0.71741986,-0.10092084,-0.13137217,-0.028034244,-0.15783595,0.20307758,0.2388656,0.37550643
2681,-4.984074,-0.21455511,-1.1054969,-0.39766756,0.23648696,-0.18758553,-0.006055829,0.06863204,0.05833573,0.44894564,0.06871177
2682,-5.4228935,0.11858471,-1.0279347,-0.54714894,-0.12831838,-0.3156777,-0.012389029,-0.19857037,-0.08845333,0.35637337,0.09383981
2683,-4.7995663,-0.3174366,-1.1240344,-0.7329598,0.15144654,0.23614585,-0.16845976,-0.25615397,0.23019063,0.619819,0.092426345
2684,-4.645727,-0.09261885,-0.8000037,-0.6278615,0.09141702,0.23468824,0.10581226,0.11040322,0.032717153,0.37007424,0.3242089
2685,-4.6694856,0.13321091,-0.8627589,-0.18825836,0.05844521,-0.19797577,-0.07155882,0.12920903,-0.09020023,0.33998218,-0.010197344
2686,-4.764834,-0.086415045,-0.8491974,-0.62942356,-0.5529278,0.03498459,0.10344884,-0.15300556,-0.16912827,0.22343469,0.3678654
2687,-5.7187104,0.08631149,-0.9253337,-0.5573152,-0.29136536,-0.5004256,-0.07371105,-0.25057307,-0.2037429,0.4335692,0.39555076
2688,-7.822834,-0.2473224,-1.7024752,-0.6016276,-0.255638,0.3512864,-0.21834294,0.20980936,-0.22731166,0.34238023,0.72155166
2689,-6.3615694,-0.27850547,-1.0944847,-1.0748534,-0.46241048,-0.03862339,0.2968208,0.10818289,-0.4525003,0.5558452,0.37006983
2690,-6.5439544,-0.27009144,-1.1865659,-0.3230928,0.16340254,-0.051533356,-0.20348741,-0.21041939,0.006219146,0.20718281,0.25232673
2691,-4.9773636,-0.034812022,-1.3152051,-0.6472727,0.17761031,0.25735027,-0.19983654,0.017905757,0.26699412,0.7380667,0.33700082
2692,-7.839729,-0.2728396,-1.1931008,-0.7646769,-0.4031668,-0.2651772,0.0037520505,-0.35455075,-0.18870898,0.524902,0.547468
2693,-5.2456465,-0.14452763,-1.2222667,-0.7840896,-0.09219785,0.26531917,-0.35380673,-0.2865685,0.29593498,0.43694887,0.3612458
2694,-5.007231,0.11456494,-0.80981314,-0.6371083,-0.16171195,-0.14828852,-0.2206076,-0.3977235,-0.10443809,0.24341731,0.2697298
2695,-5.0712605,0.1580965,-0.9830974,-0.2898515,-0.1864481,0.227185,-0.14167395,-0.36257917,-0.16577268,0.36339462,0.21005993
2696,-5.305462,-0.13744494,-0.85893774,-0.58245796,0.07620993,-0.17948934,-0.08811969,-0.1372775,-0.050953686,0.44182736,0.09273533
2697,-5.1623836,-0.092175096,-1.1304393,-0.6403929,0.06758966,0.2577386,0.062465534,-0.31066853,0.10820929,0.42648324,0.30349743
2698,-5.426144,-0.0242423,-0.9039519,-0.5733892,-0.3015199,-0.26583272,0.09577736,-0.31902224,-0.26432616,0.35535482,0.31179944
2699,-7.0900393,-0.14222208,-1.2395966,-0.20776665,-0.13266425,-0.08862736,-0.27019152,0.040699836,-0.47717032,0.2740687,0.2481693
2700,-6.1786323,0.08255608,-1.2381053,-0.7353108,0.07320035,0.03275314,-0.35691467,-0.25066766,0.12930043,0.4399167,-0.31639203
2701,-4.656703,-0.012101588,-0.9345813,-0.62589395,-0.040248074,-0.41327447,-0.035556737,-0.35427895,-0.13499326,0.32406154,-0.04037805
2702,-5.300404,0.092918456,-0.86250484,-0.4185181,-0.26484364,0.033062562,-0.02971344,-0.105919264,-0.069524474,0.35908177,0.34970236
2703,-5.6634836,0.22027744,-1.2766135,-0.5712899,-0.004326699,-0.32806283,0.052249547,-0.5376721,-0.30749357,0.09949986,0.12084885
2704,-4.9128175,-0.1415173,-1.0325395,-0.60157853,-0.29507673,0.12449353,0.32629734,-0.07189063,-0.113582164,0.43632525,0.30799702
2705,-5.786128,0.03156291,-1.3361031,-0.72907656,0.18149905,-0.26793134,-0.07761255,-0.083760574,0.06994007,0.6583033,0.30620098
2706,-6.1268845,-0.13311654,-1.4937913,-0.6756108,-0.5636464,-0.11482433,0.11185946,-0.19422033,-0.1252437,0.31323844,0.66307056
2707,-7.640943,-0.27757436,-1.8911159,-0.8498743,0.2616937,0.18755439,-0.52161574,-0.1471365,0.119494334,0.58171684,0.07812829
2708,-6.33615,-0.06235553,-1.2438623,-0.9340704,0.122626595,0.21899584,-0.21942385,-0.37968856,0.31190518,0.72354674,0.25505197
2709,-5.1034327,0.23214656,-1.1048542,-0.578171,-0.12596601,-0.17027423,0.0015989458,-0.10455813,0.051675543,0.3811236,0.20017971
2710,-5.4215183,-0.072941825,-1.0748566,-0.42919073,-0.06752035,-0.33370978,0.29039022,0.10240123,-0.3589468,0.71764255,0.29680905
2711,-5.5726585,-0.14759065,-1.074752,-0.6738573,-0.17584608,0.074308395,0.14269054,-0.3519808,0.0067254277,0.27570638,0.3877766
2712,-6.177334,-0.12986872,-1.6854597,-0.7692766,-0.24914595,0.1535698,0.28048578,0.07896722,0.02442453,0.85362506,0.5706626
2713,-6.4089456,-0.14947788,-1.2879856,-0.5337627,0.26073572,-0.010158809,-0.18772663,-0.0058010016,-0.08688907,0.627781,0.036489055
2714,-6.0333233,-0.29420558,-1.5119036,-0.65168935,-0.1090671,-0.17854212,-0.102067314,-0.15712726,-0.11767833,0.5977302,0.56146204
2715,-7.5911965,-0.07340045,-1.6252131,-0.98667455,0.18896426,0.3891182,-0.42170143,-0.58847946,0.42995408,0.37560996,0.03805124
2716,-6.9390507,-0.14743468,-1.6584957,-1.3148419,-0.56032485,0.2376814,-0.011311824,0.15881656,0.3012352,0.7145205,0.5403904
2717,-6.23469,0.046558008,-1.1083807,-0.6038374,0.21334401,-0.0107884165,0.008993875,-0.040499724,0.07119064,0.37552658,0.34527454
2718,-5.99679,-0.20439607,-0.8750133,-0.61308765,-0.06659501,0.18543738,-0.06812376,0.0069233025,-0.1408674,0.43570477,0.05332057
2719,-8.23936,-0.17685737,-1.943216,-0.7342544,-0.212737,0.38129985,-0.27128404,0.0021601515,-0.12368514,0.73061067,0.59876984
2720,-4.947695,0.05467479,-0.8439342,-0.31339186,-0.006392253,-0.09874105,0.08112607,0.03630293,-0.08143716,0.37428826,0.20288268
2721,-5.975323,0.03819825,-1.1120399,-0.53444296,-0.037765246,-0.0026424676,-0.12183566,-0.14109986,-0.19560748,0.5734705,0.42377627
2722,-7.319047,-0.38712496,-1.932929,-0.22967367,0.33975187,0.61221796,-0.053206727,-0.17218125,-0.22330002,0.3394451,0.3949182
2723,-5.254266,-0.19120884,-0.9851316,-0.6836537,-0.03335214,-0.35743767,0.009216724,0.2115447,0.125844,0.65044886,0.07241971
2724,-6.328113,-0.021662075,-1.6251498,-0.773309,-0.2158598,0.52274317,0.1292799,-0.2181916,0.22694585,0.50999856,0.25471702
2725,-6.280007,-0.020444319,-1.298375,-0.7551354,-0.115622416,0.46340096,-0.07808052,0.19947846,-0.14958468,0.47989655,0.49255276
2726,-6.662294,-0.3953617,-1.3411032,-0.93307716,-0.09155668,0.45932454,-0.33358505,-0.37312546,0.104787126,0.32651934,0.118526004
2727,-4.3514338,-0.07788669,-1.044029,-0.6128546,-0.16795994,-0.106207296,-0.3138223,-0.021962615,0.070092656,0.3953112,0.12475949
2728,-5.3633113,0.025725693,-1.1585321,-0.8336008,0.22007826,-0.014648022,-0.3903198,-0.19482014,-0.029739087,0.2792299,0.27230805
2729,-5.410133,-0.030648682,-1.1658124,-0.65339833,-0.2976172,0.34391868,0.27061355,-0.5405987,0.017404012,0.7137537,0.4067617
2730,-5.2595162,-0.21782352,-1.1031916,-0.49106485,-0.3860939,-0.37353307,0.2568599,0.04625304,-0.3181673,0.37433866,0.09824122
2731,-4.8524094,-0.2293312,-0.96300495,-0.5545556,-0.3614654,-0.030962702,0.1360079,-0.18356009,0.2106436,0.50582373,0.64040464
2732,-4.906719,-0.13858944,-0.98322415,-0.38151345,0.06601007,0.35326284,-0.072252825,-0.3881641,-0.18441899,0.2757189,0.15478599
2733,-5.6058283,0.0077869445,-1.360831,-0.8636524,-0.072626084,-0.1258535,0.056843355,-0.46044344,-0.13624065,0.420645,0.25608772
2734,-8.655421,0.18485194,-1.7829199,-0.83457255,0.37594453,0.046155673,0.19688249,-0.028440857,0.012505073,0.1904185,0.44824013
2735,-5.0155478,-0.04420123,-1.0649952,-0.5293496,0.023235526,-0.17482534,-0.018759765,-0.14842245,0.07961115,0.471417,0.38575628
2736,-5.4112434,0.38780373,-0.9600672,-0.4359889,-0.053232495,0.31843144,0.1845296,-0.4362701,-0.08207006,0.5258719,0.3299656
2737,-7.6330786,-0.16766909,-1.4397162,-1.1546605,-0.33548772,-0.11808063,0.096536994,-0.6054443,0.1740989,0.94870925,0.74161875
2738,-4.314609,-0.25973406,-0.8232672,-0.67758507,-0.31662974,-0.15316887,0.11931154,-0.3186647,0.006075047,0.37299123,0.26961654
2739,-4.0756764,-0.1273634,-0.66364133,-0.5845859,-0.41154698,0.062135123,0.07185745,-0.074801,0.07685429,0.3799366,0.40444243
2740,-4.423845,-0.08898404,-0.79714996,-0.5522866,-0.18143044,0.07440978,0.15833217,-0.17367177,0.020445079,0.3365578,0.25000894
2741,-4.3695765,-0.14276962,-0.5349338,-0.4301183,-0.48525578,-0.18641315,0.23103864,-0.008417813,-0.17034449,0.1608186,0.2827522
2742,-5.094406,-0.18109992,-0.96956223,-0.99689376,-0.43559957,-0.13265191,0.045451414,-0.4009494,0.20944765,0.39736748,0.56235856
2743,-7.6447763,-0.12416124,-1.9429466,-1.0359439,-0.54103637,-0.4584251,0.30129597,0.048518196,-0.15471637,0.826278,0.8046478
2744,-8.102262,-0.4393156,-1.4381474,-1.2894636,-1.2094498,-0.2938487,0.56571555,-0.05019822,-0.59944695,0.53136957,1.0553045
2745,-6.68906,-0.017822705,-1.3515927,-0.70964605,-0.34300092,-0.17703982,-0.22052631,-0.28856513,0.08330579,0.44713795,0.47480476
2746,-3.590982,-0.06288022,-0.6415155,-0.12200613,0.0020661545,-0.19979519,0.008620733,-0.17454757,-0.17550272,0.01569914,0.29685357
2747,-5.842514,0.18183829,-1.048651,-0.62773645,-0.37433806,-0.37424684,0.06762625,0.11438781,-0.3376292,0.73715967,0.23163623
2748,-6.798457,-0.2919538,-1.2596358,-0.61069083,0.22483827,0.25914967,-0.058828287,-0.111714214,-0.21448515,0.7871581,0.25830427
2749,-5.7118287,-0.5119908,-1.2773741,-0.49664092,-0.1803215,0.12633505,0.07623656,-0.017471468,0.10399414,0.6427524,0.5440437
2750,-6.072966,-0.21224365,-1.1876382,-0.7564834,-0.2239202,0.42351502,0.06878854,-0.30799153,0.26189452,0.8754663,0.32318974
2751,-4.272185,-0.115557775,-0.8747788,-0.44079295,-0.3347607,0.4448464,-0.16487199,-0.6725041,0.10665656,0.28636605,0.20143743
2752,-5.763546,-0.10959471,-0.82266444,-0.520193,-0.083377026,-0.004664216,0.0014601294,-0.20993419,-0.40905958,0.27488637,-0.22633603
2753,-3.9498365,-0.06291821,-0.66871965,-0.36860508,-0.03148185,-0.07383038,-0.09117039,-0.09134699,0.0155173335,0.5910716,-0.11095364
2754,-5.848765,-0.025381148,-1.1997002,-0.54789233,0.27292594,0.1213937,-0.21963505,-0.18091293,-0.010218281,0.37524065,0.3753911
2755,-6.830869,0.0040322626,-1.244409,-0.3468312,-0.1835026,0.053130843,-0.108917505,-0.32352746,-0.1632154,0.13696727,0.50663215
2756,-4.9689937,0.05547457,-1.2973722,-0.41201147,-0.26236027,0.042411096,0.15351595,-0.3464655,-0.30653638,0.33015677,0.15682426
2757,-5.0139594,-0.24107851,-0.9340599,-0.78558886,-0.36931813,-0.024095278,-0.09115817,-0.39673826,-0.024327869,0.19308734,0.53222257
2758,-5.3330193,0.23168682,-1.1331329,-0.39772144,-0.086315244,0.22197285,0.1817773,-0.2705604,-0.092071146,0.54260415,0.28296265
2759,-6.3233194,-0.27756652,-1.1178396,-1.1583579,0.1904914,0.04658773,-0.2883202,-0.597831,0.4549653,0.73296994,0.30596414
2760,-4.9488134,0.02501886,-1.1569885,-0.5873512,-0.3812407,0.3832376,0.077479154,-0.22713575,0.011299956,0.4501336,0.31564158
2761,-6.0550327,-0.25356993,-1.2954084,-1.1917841,0.021784887,0.17107359,-0.12243997,-0.39168274,0.23400654,0.43173444,0.38189223
2762,-4.132214,-0.31198856,-1.2088813,-0.6538082,-0.006949034,0.0070222043,-0.057525136,-0.028614314,0.04488792,0.5116438,0.045868885
2763,-6.004497,-0.043162316,-1.6368234,-0.8945643,-0.004293963,-0.10078598,-0.046914976,-0.054045677,-0.054979794,0.50734305,0.28104427
2764,-5.663027,-0.04246474,-1.0140288,0.22157548,0.33660424,0.2957592,0.050130922,-0.14432947,-0.07103707,0.47693405,0.06716616
2765,-6.7557225,-0.3014442,-1.0050905,-0.6928099,-0.4369817,0.12772018,0.40491477,0.19573706,-0.034527317,0.85789025,0.73333365
2766,-5.9565926,-0.13372406,-0.83118516,-0.7819658,-0.17669556,-0.03845465,0.076408826,-0.15365118,0.021803332,0.3595916,0.19942032
2767,-4.9427342,-0.26081315,-1.2148699,-0.3958686,-0.2459417,0.2872331,-0.0933847,-0.07035209,0.010324338,0.5961646,0.68425465
2768,-6.479317,-0.4110697,-1.6128557,-0.67926836,0.29797214,0.12160636,-0.30715808,-0.22674158,-0.019319365,0.45066518,0.19592601
2769,-3.9655066,-0.08517321,-0.79991424,-0.17309283,-0.40522167,0.27754164,0.22531107,-0.23963833,-0.22062092,0.22802106,0.2630196
2770,-4.952988,0.07015705,-0.7939866,-0.22315508,-0.08771132,-0.19919081,0.021012237,0.089032464,-0.17416318,0.11462102,0.3261412
2771,-5.05547,-0.09201271,-1.1512477,-0.68405867,-0.064074494,0.10100101,-0.14883307,-0.6027835,-0.021167533,0.44966274,0.2758168
2772,-6.8296976,-0.30913886,-1.3003103,-0.6173344,-0.10585687,-0.22024673,-0.32690358,0.06723158,-0.21756071,0.3356758,0.22570193
2773,-4.863804,-0.18285453,-1.1401176,-0.85279447,-0.52049434,0.3735646,0.040834557,-0.3162186,0.3027358,0.3120738,0.25860125
2774,-5.8946023,-0.0013153357,-1.2144824,-0.45101368,0.48855174,0.04749324,-0.099157184,-0.20454407,0.118448526,0.10158378,0.025292844
2775,-5.598642,0.08128374,-0.95407116,-0.41605532,0.040470056,-0.051900223,0.028839055,-0.28370038,-0.2721831,0.10836573,0.4440363
2776,-7.75321,-0.1576776,-1.5201341,-0.5235678,0.32022905,0.94222313,-0.21411853,-0.6523371,0.020354712,0.40172452,0.08740967
2777,-5.396277,-0.015822332,-0.66751647,-0.20438075,-0.05060217,-0.1069835,-0.026048798,-0.16715214,-0.3953891,0.3133924,0.0011240346
2778,-5.794604,-0.3042174,-1.1074831,-0.85375994,0.07208564,-0.06635988,-0.25413302,-0.074985735,0.09560397,0.4090481,-0.08256213
2779,-4.9037266,-0.28328317,-1.0388469,-0.6317237,-0.14915459,-0.07133401,-0.057057537,-0.21485186,0.0006122254,0.682186,0.1082881
2780,-5.2882237,-0.051563736,-0.91713387,-0.78119004,-0.18390612,0.1235959,0.30091166,0.089500286,-0.13794741,0.41521093,0.4131601
2781,-6.1838045,-0.2871806,-1.5096611,-0.50511855,0.22390217,0.19086318,-0.11169943,0.097678885,-0.0908646,0.3166599,0.39905843
2782,-4.651798,-0.1914202,-0.689637,-0.38920504,-0.3853521,0.067306295,0.14117,-0.39285076,0.08550154,0.3006701,0.48260757
2783,-6.273848,-0.09589762,-1.281647,-0.8635342,0.2943973,-0.26251495,-0.5955213,-0.29642576,0.13786888,0.59762955,-0.12521592
2784,-4.6784635,-0.055894855,-0.73320866,-0.44841185,-0.30925834,-0.19481394,-0.07170735,-0.14851968,-0.14875267,0.28581816,0.49306363
2785,-6.8006907,-0.20998555,-1.7211571,-0.51217264,0.25357607,-0.5034199,-0.29851478,0.020514868,-0.30668893,0.04950556,-0.00885664
2786,-8.295086,-0.28929466,-1.7221142,-1.2236258,-0.17197876,-0.11762373,0.1069837,-0.41980144,0.0891016,0.35420588,0.60547066
2787,-4.840484,-0.12538797,-0.91156065,-0.71606684,-0.1649629,0.01978397,0.25883013,-0.23232888,0.19299555,0.604595,0.29108164
2788,-7.3030176,-0.5454811,-0.98952943,-1.0567797,-0.62217915,-0.2729661,0.0068198983,-0.5220378,0.2933256,0.7524809,0.7241229
2789,-6.30146,-0.060060848,-1.0244902,-0.59210014,-0.19184346,0.23011991,0.2860118,-0.3269139,-0.13290583,0.4295405,0.302777
2790,-5.5530877,-0.42361468,-0.9965741,-0.77348775,-0.19409248,0.30820954,-0.14948294,-0.3136896,0.16351195,0.52826136,0.64420956
2791,-5.5629005,-0.0019821608,-0.9904156,-0.47224995,0.020365246,-0.44825876,0.16916806,-0.04992994,-0.021727147,0.23930037,0.072641194
2792,-8.112315,0.22174196,-1.7331538,-0.7972152,0.117265426,0.38444263,-0.4097549,-0.17093438,0.048830993,0.55360866,0.21373756
2793,-5.007495,-0.08698837,-0.9796121,-0.7652495,-0.6975726,0.17402796,0.13537723,-0.3092578,0.3198084,0.53410786,0.7159027
2794,-4.7243547,-0.3666347,-0.4989627,-0.597691,-0.2312671,-0.09692413,0.12454078,-0.15377556,-0.091186136,0.19898094,0.7414108
2795,-5.043046,0.13918863,-0.87333715,-0.5596964,0.1415953,-0.16890928,0.06925572,-0.3116129,0.08345066,0.49122104,0.3128034
2796,-4.8640337,-0.13466634,-0.9634571,-0.59037745,0.14043956,-0.1970353,-0.16709942,-0.025995,-0.07710023,0.3002371,0.2417821
2797,-5.4931593,0.25046802,-1.319945,-0.5410068,-0.3681085,0.038677234,0.07817389,-0.22177526,-0.121166915,0.37228042,0.44202575
2798,-5.0717936,-0.096877575,-1.1475338,-0.78112996,-0.43120453,0.28068095,-0.00072168093,0.086176075,0.0019133147,0.41258535,0.7913315
2799,-3.8410473,-0.1685832,-0.67562383,-0.15213314,0.28340513,0.1404993,-0.28695294,-0.31830573,-0.11635269,0.15233721,-0.081651606
2800,-5.6125774,-0.1906779,-1.0688951,-0.7784176,-0.17740247,0.059173204,-0.15360998,0.117274955,-0.087688275,0.61481434,0.25000715
2801,-3.5887747,-0.22029424,-0.9630366,-0.28724486,-0.14583558,0.032193955,-0.033860326,0.04017789,0.04276873,0.35219947,0.01011506
2802,-8.608929,-0.28302714,-1.3657635,-0.87365097,-0.9074882,-0.5043086,0.12999108,-0.5802419,-0.38154444,0.012720851,1.1199013
2803,-6.698569,-0.12997499,-1.5551003,-0.53961325,0.32307428,0.059189852,-0.40146634,-0.08476283,0.06299886,0.6165415,0.24809009
2804,-5.2718835,-0.15062067,-1.3599586,-0.7475304,-0.25419044,0.013487188,-0.1455901,-0.554422,0.08818358,0.29453835,0.7022072
2805,-4.287062,-0.34458488,-0.9281611,-0.68745136,-0.09624906,0.025715115,0.18803488,-0.22637951,0.08649058,0.30286595,0.39053896
2806,-7.9037724,-0.48203418,-1.2803926,-1.0861943,0.6429332,0.6620869,-0.042536806,0.0016566748,0.35378897,1.3050199,0.24258344
2807,-5.0885262,-0.23038277,-1.2234651,-0.68116426,-0.464664,0.337866,0.07771105,-0.54156786,0.01891813,0.25665697,0.41423157
2808,-5.9977956,-0.21281792,-1.143429,-0.4438181,-0.51849616,0.27721786,0.06757492,-0.20790288,0.22116373,0.6583429,0.3137269
2809,-5.2179284,-0.10883344,-1.0243734,-0.51160043,-0.19181526,0.2695558,0.18177857,-0.13338932,-0.2518918,0.39070112,0.3924303
2810,-4.7002563,-0.13035113,-1.0575215,-0.56075853,0.06266908,0.01891961,-0.20267786,-0.18062755,-0.10713011,0.40235862,0.15947586
2811,-6.6371794,-0.20069411,-0.877644,-0.67588925,-0.25525582,0.19815473,-0.12950598,-0.47799197,-0.103207335,0.38808274,0.34341103
2812,-4.967081,0.11403767,-0.93275404,-0.5564484,-0.03383801,-0.030250847,-0.030691762,-0.47770604,-0.15448487,0.34437087,0.23205918
2813,-5.4385147,-0.22412844,-0.97569567,-0.6332803,-0.03356421,0.064543344,-0.1973136,-0.0064809453,0.24996635,0.55345803,0.28457704
2814,-4.666204,0.0127586955,-0.9871666,-0.5962894,-0.18267891,-0.016482877,-0.12898996,-0.3356394,-0.013662742,0.37607765,0.18783274
2815,-5.7143035,-0.15670896,-0.897879,-0.8276078,0.12491941,0.30932277,-0.08290859,-0.860458,0.1294544,0.14303844,0.5607773
2816,-5.6769295,-0.13748053,-1.4275973,-0.58506966,0.2733164,0.0732726,-0.004512977,0.019614026,-0.0065008104,0.313395,0.3346088
2817,-5.733717,-0.055256065,-1.5837532,-0.5024788,0.39776483,-0.08802894,-0.10669717,-0.061060444,-0.06357317,0.20311992,0.22600672
2818,-5.14739,-0.32348,-1.0079035,-0.9114472,-0.50772977,0.19062835,0.16869128,0.079780705,0.21585697,0.53134733,0.75022197
2819,-6.652725,-0.07692709,-1.5209514,-0.51149654,-0.16979754,0.25819743,-0.3377014,-0.062129147,0.054626286,0.069453135,0.38491493
2820,-5.803274,-0.11516974,-1.1001867,-0.64674115,-0.16766214,-0.11748572,-0.1736479,-0.4531868,-0.1383694,0.8759847,0.2971181
2821,-6.0668564,-0.015402536,-1.2805587,-0.84382355,-0.5020361,0.07246855,0.21691926,-0.24818811,0.23667099,0.79927194,0.30185091
2822,-6.2760205,-0.02213316,-1.1219801,-0.92471266,-0.021225218,-0.36357003,-0.0069568595,-0.17793693,0.009291113,0.5495066,0.439489
2823,-6.3271627,-0.064366914,-1.2294213,-0.46513966,0.1546841,-0.04204176,-0.06963082,-0.067234315,-0.0439813,0.2045876,0.24461137
2824,-6.430938,0.031895086,-1.3352154,-0.7004216,0.3678478,0.13897617,-0.6405862,-0.2558205,-0.03288935,0.09903454,-0.06360557
2825,-5.3360705,-0.24924256,-0.8687002,-0.44175574,-0.5116077,-0.108871736,0.024277067,0.0017047329,-0.07486089,0.5270175,0.5346085
2826,-3.653519,-0.2383673,-0.755813,-0.43559518,-0.4220519,-0.0345082,-0.070782125,-0.33210045,0.10843796,0.47838473,0.5932318
2827,-6.5074506,-0.10533298,-1.3581069,-0.76711345,-0.18293571,-0.06086886,-0.14237282,-0.18868446,0.19466203,0.5974516,0.33554128
2828,-4.9514937,0.0030011167,-1.0621508,-0.52171266,-0.20384689,0.14170934,0.18465367,-0.3072872,-0.076861404,0.35039738,0.35376486
2829,-5.3569403,0.21627636,-0.91786397,-0.35935137,0.0017384551,-0.020206805,-0.07820339,0.113868214,-0.24384047,0.109629884,0.4480438
2830,-6.4541097,0.19516225,-1.2241238,-0.84912187,-0.30920833,0.30900913,0.3962496,-0.798567,0.038271762,0.94856983,0.56849265
2831,-4.985345,-0.085361056,-0.80794436,-0.43665406,-0.10296209,0.46768337,-0.14411098,0.012784604,-0.11425628,0.46848744,0.1967973
2832,-4.503759,-0.14947432,-1.0151641,-0.3683232,0.07642665,-0.07513042,-0.07167402,-0.36162785,-0.014099831,0.43308613,0.34434023
2833,-5.594927,-0.3497037,-1.3516514,-1.0825534,-0.43031716,-0.10580718,-0.044280436,-0.44612965,0.44990247,0.40931818,0.4253126
2834,-5.286577,-0.3138341,-0.6706999,-0.46515122,-0.18081813,-0.39273465,0.28896526,-0.09541184,-0.09653985,0.48504943,0.31855097
2835,-6.062972,0.083869286,-1.3454636,-0.71890205,-0.0864557,-0.29089683,0.14031996,-0.28417766,-0.22895029,0.27664748,0.11462517
2836,-5.1846075,-0.1499716,-1.0053514,-0.30328223,-0.14220503,0.14293471,0.06534326,-0.20423856,-0.091017984,0.59942126,0.1918851
2837,-7.978436,-0.28727114,-1.8655593,-1.176672,0.019250868,0.6167325,0.019081086,-0.3753208,0.23702693,0.82187074,0.26910537
2838,-6.3727684,0.35893938,-1.4848398,-0.64899516,0.18765296,-0.044185005,-0.3124851,-0.2767235,-0.17396484,0.32891282,0.12032278
2839,-8.521044,-0.0686465,-1.4851465,-0.41148055,0.09494547,-0.11865543,0.14788973,0.14774154,-0.16080435,0.05331361,0.39604735
2840,-5.3461833,-0.12427446,-1.1339695,-0.81867176,-0.14929788,0.0826628,-0.11628149,-0.26508212,0.17842561,0.40420535,0.44308275
2841,-7.4807935,0.074536234,-1.4637235,-0.6276544,-0.033883803,0.42069125,-0.22506253,-0.5759885,0.31090143,0.98559195,0.292386
2842,-4.759264,-0.081721455,-0.8306548,-0.45438302,-0.081102066,-0.1632888,-0.15155031,-0.3509144,-0.19607937,0.4685664,0.21396784
2843,-5.3377233,-0.02342755,-0.9680867,-0.8212192,-0.08877776,0.15821168,-0.340185,-0.22156344,0.077243365,0.39632648,0.22482422
2844,-6.566726,-0.011880827,-1.4357688,-0.985431,-0.21771747,0.19498175,-0.13522592,-0.7153166,0.10984811,0.6208382,0.4490275
2845,-5.195436,-0.09612001,-1.0854167,-0.51093286,0.106754646,0.20464404,-0.20093043,-0.30481842,0.00091380253,0.3214286,0.26317886
2846,-4.584918,-0.0047961185,-0.76063555,-0.45585293,-0.3150716,0.14102879,-0.086026624,-0.43630612,-0.07909954,0.32869652,0.24666448
2847,-6.9236846,-0.47585952,-1.3193853,-0.34610933,-0.61191964,0.171571,0.11530413,-0.15585755,-0.18530445,0.27668604,0.6002109
2848,-3.8833485,-0.006543751,-0.57298243,-0.5520632,-0.21573997,-0.2558695,0.07848071,-0.15893912,-0.09058375,0.18656507,0.15005529
2849,-4.969012,-0.20225309,-1.0515475,-0.6880154,-0.2591686,0.14885081,-0.08108836,0.11020919,0.35602844,0.6782528,0.45968655
2850,-4.7131863,-0.088643044,-0.5842456,-0.6862981,-0.12748824,-0.1649761,0.098499015,0.055880465,-0.16941352,0.29342842,0.32280055
2851,-4.2997193,-0.23273665,-0.9659079,-0.74170196,-0.34517124,0.22376776,-0.16449569,-0.4122567,0.13350017,0.3719249,0.34836936
2852,-5.4853945,-0.26955116,-0.8257539,-0.54255426,-0.26971415,-0.14707917,0.42982867,-0.0152157545,-0.054659262,0.46507502,0.51620656
2853,-5.0980897,-0.43534395,-0.8947994,-0.81837803,-0.19776277,0.17800021,0.05020504,-0.3276214,0.27713504,0.6376594,0.49197724
2854,-6.1316266,-0.14743046,-1.3026927,-0.7005266,-0.24355802,0.14686051,0.10037319,0.038408056,-0.13132201,0.38711557,0.47660083
2855,-5.695808,0.058860112,-1.3004742,-0.6527835,-0.040748205,-0.26930594,0.10520332,-0.2364018,-0.02475592,0.58323693,0.08941507
2856,-4.349323,-0.2693204,-1.072924,-0.5728682,0.040843196,0.20422256,-0.136435,-0.24482447,0.3556532,0.4081107,0.31599444
2857,-5.216466,-0.3697447,-1.0702945,-0.27000672,-0.24390677,0.28450787,-0.23634328,-0.39601585,-0.15429038,0.32954386,0.31963354
2858,-6.0089607,0.13857205,-0.80747145,-0.29931337,0.14628607,-0.38428545,-0.034974713,-0.0685834,0.0695602,0.18735553,0.05448653
2859,-5.552302,-0.15120475,-0.87103057,-0.5078219,-0.34884042,-0.3672139,0.036761235,-0.13528389,0.044709463,0.5341688,0.45319086
2860,-5.120354,-0.30423728,-1.1528169,-0.40628868,0.3853847,-0.033419676,-0.08430913,0.17010765,0.051190384,0.38515854,0.20042728
2861,-5.951914,-0.059705015,-1.1454954,-0.3010534,0.5094454,-0.1796901,-0.474144,0.2897812,-0.01360992,0.37394395,-0.1137866
2862,-5.407432,-0.23559766,-1.2098302,-0.5461167,0.07347563,0.2360394,-0.21836446,-0.16020869,0.22824408,0.5741883,0.03146601
2863,-5.2060122,-0.052100644,-1.0879415,-0.4521617,-0.4091298,0.37809628,-0.021149427,-0.07161858,0.012105499,0.63865423,0.45358726
2864,-5.4437637,-0.15812102,-1.0512869,-0.3702263,-0.10208543,-0.1258099,0.36462784,-0.19961105,-0.2577126,0.5851493,0.31984973
2865,-4.9407334,-0.073159486,-0.8761145,-0.18838924,0.073723085,-0.08530266,0.039635986,-0.101569936,-0.088427596,0.11433536,0.2422437
2866,-6.018913,-0.16346696,-0.9669787,-0.71286166,-0.32565814,-0.09384593,0.2170561,-0.19359708,-0.27824202,0.45314294,0.5908342
2867,-5.1193805,-0.18058468,-0.75454164,-0.474605,-0.33460164,-0.27212852,-0.040849425,-0.2502027,-0.20988907,0.22662197,0.33234948
2868,-6.242908,0.073343486,-1.5780432,-0.9118797,-0.24067858,0.19806221,0.16718926,-0.51641196,-0.28249922,0.56974834,0.34401467
2869,-4.3510528,-0.09690418,-0.9719934,-0.5123777,0.0072944043,0.003429471,-0.38345742,-0.23514153,0.06782831,0.24376532,0.16517055
2870,-5.056054,-0.33854175,-0.87565994,-0.7004301,0.111332156,0.027064698,0.14396182,-0.008401904,0.005362206,0.7074597,0.4508159
2871,-3.610959,-0.06988292,-0.7882504,-0.13115427,-0.097917914,-0.11465294,0.011282386,0.079003885,-0.13359015,0.44577235,0.14027953
2872,-5.3330865,-0.1487861,-1.2632481,0.021930566,0.2428405,0.2727368,-0.38837492,-0.005991146,-0.29835072,0.10135634,-0.08356927
2873,-4.428402,-0.3312232,-0.7374842,-0.72390676,0.0063788183,0.19538954,-0.25542635,-0.3016437,0.16649368,0.76454157,0.3096836
2874,-4.4245667,-0.051804416,-1.0871775,-0.5484265,-0.028240485,-0.10648927,-0.019446839,0.17983355,-0.034956194,0.25849196,0.28456733
2875,-4.4151416,-0.17258713,-0.9044861,-0.8909229,-0.17158563,0.17269036,-0.05979106,-0.06705185,0.2847496,0.7226148,0.41940537
2876,-3.7464342,-0.13246788,-0.76265174,-0.5089226,-0.13666634,0.15416215,0.076603465,-0.36267158,0.13192277,0.51976216,-0.005298148
2877,-5.5422134,0.13291441,-1.1351881,-0.5006807,0.051224288,-0.09966051,-0.19118711,-0.27772346,-0.07592726,0.3822622,-0.009983023
2878,-6.1645913,0.052375663,-1.0413274,-0.69421643,-0.36432433,0.035257623,0.03134093,-0.4009676,-0.040369496,0.23928991,0.40493664
2879,-5.4587884,-0.19220683,-1.1257437,-0.51350695,-0.06452685,-0.1786468,-0.17449288,0.037029564,-0.19591974,0.25331274,0.22421795
2880,-5.028779,-0.0052878633,-1.1069043,-0.22708921,0.17235063,-0.13657212,0.19592564,0.30813494,-0.24369614,0.3174135,0.3130032
2881,-6.222588,-0.3323723,-1.0332901,-0.9406689,-0.61812043,-0.22425905,0.1569037,0.23025088,-0.23795699,0.54332054,0.88135755
2882,-7.160847,-0.1865864,-1.3805462,-0.6824027,0.31619352,-0.14113434,0.1825444,0.03698022,-0.104502976,0.3769564,0.26435888
2883,-5.208912,-0.33216956,-0.9818032,-0.56011987,-9.444635e-05,0.044142064,0.11514953,-0.24012014,0.052123725,0.67946583,0.36781803
2884,-7.216176,0.19003087,-1.495276,-0.6927623,-0.5272509,-0.27501076,0.12323055,-0.14335728,0.10064688,0.40235862,0.46116444
2885,-6.1011157,-0.023900464,-1.3467847,-1.0814441,-0.07221442,-0.1325206,-0.18317083,-0.2588961,0.007236921,0.27868327,0.3335297
2886,-3.904807,-0.11165167,-0.66611093,-0.6876125,-0.05135945,-0.20203014,-0.09853137,-0.078891896,0.16213551,0.37244114,0.237032
2887,-5.538774,-0.1906299,-0.7618995,-0.816163,-0.48708877,0.2515158,0.3178636,-0.44936866,0.25215843,0.6413546,0.49326518
2888,-5.1954575,-0.031230535,-1.4211717,-0.6592281,-0.17403771,-0.3031296,0.07129247,-0.08042855,-0.02890675,0.47420046,0.4394012
2889,-4.701459,0.04919327,-1.3068087,-0.7769341,0.015087679,0.35589552,-0.20155464,-0.51048356,0.16597465,0.5156753,0.30360678
2890,-4.586415,-0.0686658,-0.61998653,-0.5417025,-0.34736386,0.04222214,0.37943488,-0.40143847,-0.33870226,0.122265615,0.39982414
2891,-6.649851,-0.17629482,-1.2182082,-0.7524499,-0.20714988,-0.46646678,-0.27841234,-0.39508346,-0.14251876,0.29606122,0.5559779
2892,-7.8378325,-0.38983914,-1.6047586,-0.49135923,-0.0045767226,-0.07317479,-0.35716835,0.07548545,-0.22220244,0.45663399,0.1281776
2893,-5.127933,-0.25527632,-1.0224662,-0.27944362,-0.07321993,-0.14890456,-0.097279154,0.10022784,-0.28118935,0.1813991,0.19469078
2894,-4.653886,-0.10487956,-1.1639135,-0.79450464,0.0977926,-0.0012789452,0.0012441669,-0.2522885,0.07445018,0.13185704,0.20243858
2895,-5.4020042,-0.43606883,-1.2162828,-0.7039272,-0.15070994,-0.1697748,-0.110241726,-0.2249951,0.35117924,0.45820037,0.5289214
2896,-6.40303,0.20314482,-1.9126261,-0.43412638,-0.38678956,0.09159861,0.06628723,-0.19166476,-0.13778406,0.4330266,0.3342253
2897,-5.948434,-0.14770117,-1.0344691,-0.56389755,-0.32922313,-0.20206721,0.2483512,-0.2377392,-0.18172984,0.23684202,0.5500636
2898,-4.647121,-0.081424855,-0.92321676,-0.38073057,-0.13334297,0.20178926,-0.09063472,-0.00096580945,-0.017238716,0.7553756,-0.012673232
2899,-7.173355,-0.368612,-1.3083992,-0.49549454,-0.017384399,-0.39798927,-0.15330817,-0.00095514953,-0.14411019,0.7241276,0.11264278
2900,-5.2510405,-0.18953614,-0.8613209,-0.44319192,-0.39496505,0.13412547,-0.16869122,-0.29619828,-0.021693038,0.06465807,0.3082021
2901,-4.670046,-0.12992226,-1.1308099,-0.2949969,0.33198255,0.2234065,0.070503354,0.29375893,-0.12602715,0.2337205,0.058840834
2902,-4.956611,-0.0035233973,-1.085585,-0.3895069,0.24309394,-0.3050741,-0.1512277,-0.34480187,-0.26968893,0.24454024,0.159134
2903,-5.298016,0.09228511,-1.3435013,-0.68795997,0.055810083,0.008886261,0.06902166,-0.57208663,-0.109829456,-0.03394241,0.078298666
2904,-5.8677588,0.060190666,-1.1750499,-0.44980797,0.30634627,-0.102593094,0.09279645,-0.15056962,-0.0031516962,0.18879828,0.23389558
2905,-6.988828,-0.118537754,-1.6336297,-0.566676,0.736038,-0.04298015,-0.36934698,0.03138047,0.018130025,0.15827659,0.014657403
2906,-6.6855187,-0.19647469,-1.233143,-0.47153997,-0.19347158,-0.3446321,0.14511435,0.06600422,-0.085370325,0.27278003,0.33443812
2907,-5.5859966,-0.0042943545,-1.5658451,-0.5435397,-0.18775347,-0.03783826,0.040988483,-0.31646144,-0.04801333,0.35910276,0.20784387
2908,-5.3176146,-0.17604893,-1.255387,-0.4156671,0.47402638,0.09952983,-0.33446345,-0.07539774,0.1481618,0.43211788,0.28722036
2909,-5.9840693,0.23382324,-1.0214646,-0.40679783,0.1215396,-0.22136009,-0.100783385,-0.17878893,-0.20890683,0.18092233,0.21512122
2910,-5.516045,-0.105970524,-0.6846402,-0.07895812,0.41211766,0.0064254864,-0.26623243,0.035622902,-0.1995974,0.7331744,0.2069514
2911,-5.1679363,-0.045648422,-1.0847176,-0.7124875,-0.05013483,-0.35262877,-0.13073415,0.023846287,0.023258127,0.2924138,0.5112659
2912,-6.00178,0.060066607,-1.37886,-0.10988045,-0.44970196,-0.07776571,0.3908238,0.12819415,-0.28163454,0.3055968,0.4432033
2913,-5.8493156,-0.022828866,-1.0418966,-0.6860664,-0.48339128,0.29663938,0.24875814,-0.3152277,-0.17208321,0.13140096,0.4333339
2914,-5.0688667,-0.30466676,-1.3624103,-0.5955032,-0.053903367,0.2661928,0.22900553,-0.4984745,-0.21948354,0.57424647,0.14899544
2915,-4.1477227,0.18192244,-1.0364112,-0.44193843,-0.064322546,0.27442366,-0.16164745,-0.19102979,-0.12645787,0.023494557,0.14458285
2916,-5.0284076,0.0761156,-0.84712625,-0.49994266,-0.45773476,0.24044581,0.104480304,-0.5965874,-0.14172746,0.4765095,0.31780255
2917,-4.664412,0.044013325,-0.86152905,-0.13224202,-0.06501777,0.13255814,-0.00867951,-0.17550722,-0.12720788,0.09739541,0.20903586
2918,-6.3852773,-0.30442068,-1.4539657,-0.6889299,0.05811741,0.4784925,-0.07033425,-0.42500302,0.104748204,0.7139026,0.11488393
2919,-5.4852633,0.056850914,-0.9001346,-0.70163673,-0.009389408,-0.008529814,-0.13395625,-0.47958508,-0.23114054,0.43190482,0.15909752
2920,-4.2401495,-0.0729532,-1.1183169,-0.3776288,0.084961526,0.1656758,-0.108301215,0.14199136,0.013025353,0.36850467,0.0232342
2921,-6.841057,-0.20031217,-1.3558099,-0.46872935,0.5105873,-0.30185795,-0.6608285,-0.2720313,-0.35236472,0.7978603,-0.062449038
2922,-4.8231215,-0.12507012,-0.8813918,-0.6346886,-0.057989277,0.32756752,-0.17084354,-0.31997666,0.18491152,0.88125455,0.4012162
2923,-5.7926636,-0.1424412,-1.0250539,-0.7044832,-0.2813947,0.1553065,-0.07322317,-0.33718294,-0.16903694,0.50702834,0.10521411
2924,-5.0409074,-0.0440223,-0.9691512,-0.41849583,-0.36981305,0.090987034,-0.29724452,0.07375507,-0.03390161,0.31861535,0.038102902
2925,-4.857384,-0.27829185,-0.91093963,-0.68370706,-0.14388268,-0.17071705,-0.21696883,-0.39903557,-0.06290673,0.32762265,0.20779182
2926,-4.241759,-0.049545374,-0.58896977,-0.5764154,-0.2238981,-0.28184903,0.09914831,0.34337905,-0.14952461,0.35090205,-0.008037084
2927,-5.9601107,0.00366156,-0.9879096,-0.41227674,0.02804059,0.11263948,0.100365005,0.026450772,-0.24322455,0.3068695,0.33054748
2928,-7.188722,-0.07957273,-1.2258669,-0.8795025,-0.05842848,-0.16134813,-0.16996595,-0.39544275,-0.16406998,0.58413225,0.32995042
2929,-4.41793,-0.32322517,-0.89802337,-0.6563916,0.059041835,-0.004444951,0.076830596,0.08787178,-0.12108356,0.26960614,0.39844903
2930,-6.6249447,-0.24622522,-0.884921,-0.76473695,-0.2690235,0.08170329,0.3089093,-0.5308836,-0.20415345,0.32860902,0.46760127
2931,-5.4473495,-0.16052128,-0.94904417,-0.19011113,0.1250204,-0.02463876,-0.099589854,-0.14809334,-0.3329492,0.44409963,0.08233055
2932,-6.7944045,-0.21565303,-0.88893384,-0.8395158,-0.31593016,-0.06541615,-0.27975306,-0.10338651,0.10022025,0.11897917,0.30051208
2933,-4.4181128,0.092619784,-0.920171,-0.218669,0.0077244937,-0.16458073,-0.057767026,0.053104833,0.026398122,0.23532549,0.12768288
2934,-5.381469,0.014698314,-1.2090077,-0.6226163,-0.21280707,-0.14028355,0.16092716,-0.37251902,0.04197487,0.08376618,0.39469633
2935,-6.4990907,-0.3360172,-1.0869381,-0.8550433,0.3839145,0.4845872,-0.3353974,-0.47273028,0.23475026,0.18725945,0.071213536
2936,-4.8267565,-0.15788879,-0.9487536,-0.4896891,-0.18015614,0.43413323,0.20117255,-0.4957973,0.2688457,0.56748474,0.24855113
2937,-6.2885056,0.016011942,-1.2043226,-0.62837195,-0.4261871,-0.015720667,0.16454072,-0.09823851,0.23308247,0.46591514,0.5833381
2938,-5.0928507,-0.007935428,-0.77388304,-0.61691546,-0.3292796,-0.16575563,0.23742028,-0.31133112,0.06579205,0.16316019,0.52180254
2939,-6.2477274,-0.34703496,-0.9990166,-0.6077409,-0.01975014,0.3542573,0.15891448,-0.2541931,-0.070966065,0.63556296,0.30155662
2940,-5.1738896,-0.19313827,-1.0143679,-0.48900732,-0.064397275,0.13750155,-0.057799652,-0.47403172,-0.026492836,0.37942323,0.025000453
2941,-6.7228866,0.020896073,-1.5490241,-0.32073578,-0.14790575,0.5911967,0.1310402,-0.6352283,-0.43322307,0.3489296,0.07687863
2942,-5.7482934,-0.18358478,-1.2622747,-0.5903013,-0.1302229,-0.33246136,0.32589552,-0.14657298,-0.25625008,0.17373481,0.42580944
2943,-7.4855895,-0.15248857,-1.4718376,-0.29140463,0.4938605,0.16942808,-0.475854,0.056928992,-0.14363766,0.30524832,0.068816036
2944,-4.9011416,-0.25540856,-1.0290436,-0.7967493,-0.021699756,-0.053704258,-0.08159276,-0.08992866,0.19128792,0.29930395,0.31098032
2945,-5.8021946,-0.18992834,-1.0744277,-0.3656591,-0.5436965,0.54920226,0.13392994,-0.47015098,-0.3850576,0.15420218,0.49742717
2946,-5.2376475,-0.19208826,-1.1134082,-0.6922157,-0.110389456,0.08360529,-0.040927064,-0.4362863,-0.085993454,0.4923914,0.22117065
2947,-4.7493014,-0.079238415,-0.98321176,-0.5904778,-0.06429298,0.23144276,0.10508929,-0.17645268,0.10874285,0.5392725,0.24679247
2948,-5.374783,-0.089594975,-0.9609393,-0.56781846,0.28723195,-0.22380039,-0.29558665,-0.2531998,-0.14645724,0.008869123,0.042756133
2949,-6.9768014,-0.34988007,-1.6592314,-0.94820136,0.13514966,0.4664443,-0.0613968,-0.32745135,0.024278373,0.647921,0.32216534
2950,-5.0343246,0.0822972,-0.9822422,-0.7795307,0.11775679,-0.043012742,-0.21122386,0.05786232,0.21388158,0.541555,0.32065147
2951,-5.2289095,-0.32620877,-0.77466863,-0.55478877,-0.3639874,0.05521865,-0.2613644,-0.24596852,-0.43041882,0.41304466,0.5042296
2952,-5.5562997,-0.08377517,-1.2205173,-0.55363274,-0.15614688,-0.09114931,0.27426967,-0.28099412,0.0018452434,0.35838455,0.11000491
2953,-5.228199,-0.012439345,-0.7310407,-0.39392558,-0.24166551,-0.20342751,0.2855598,-0.15003386,-0.2505706,0.4367249,0.13139763
2954,-7.0959115,-0.24512841,-1.5112971,-0.7770416,-0.14987017,0.047622725,0.35527888,-0.24146253,-0.1884248,0.439123,0.59608185
2955,-3.5878036,0.042118996,-0.7345258,-0.22076422,-0.109258495,-0.09480107,0.03069622,-0.38743523,-0.21597093,0.28578466,0.22994757
2956,-4.936971,-0.050282247,-0.7745577,-0.44638193,-0.40446207,-0.06298495,-0.1060614,-0.42433098,-0.03150881,0.2956457,0.3872144
2957,-7.9367027,-0.027681354,-1.6493353,-0.95416594,0.27733433,-0.29556733,-0.4194861,-0.15210062,-3.375113e-05,0.84324974,0.23461482
2958,-7.355428,-0.07179556,-1.31007,-0.7800438,-0.013642864,0.052676313,0.052658882,0.013760645,0.24048634,0.9401327,0.43267924
2959,-5.048609,-0.1987693,-1.2529799,-0.66004276,-0.021778738,-0.06070347,-0.18139434,-0.13915455,-0.03212466,0.6676543,-0.02141603
2960,-5.85504,0.02407999,-1.0746406,-0.4567359,0.30519298,-0.32323712,-0.24274053,-0.13626133,0.047351986,-0.003395888,0.15611903
2961,-4.912761,-0.078855276,-1.3408446,-0.6406657,0.31063062,-0.23367946,-0.29374403,0.025725197,0.011763668,0.28519642,0.0021276567
2962,-5.9326124,-0.0799975,-1.1107122,-0.20544064,-0.02322459,-0.05130643,0.17110568,0.0011856528,-0.5537048,0.5242274,0.42716813
2963,-4.1193476,-0.06946153,-0.79835886,-0.4815952,-0.37393197,0.31519282,0.020462926,-0.35105908,-0.1081096,0.48072487,0.35542193
2964,-5.7732906,-0.254071,-0.9540971,-0.71536547,-0.40803584,-0.37564433,0.12442764,0.050361745,-0.12407085,0.6820447,0.3585956
2965,-7.125033,0.011237196,-1.5278804,-0.4893218,0.46208015,0.222189,-0.39274845,-0.060928702,-0.025649948,0.08371852,-0.44430462
2966,-5.0765104,-0.08769756,-0.8134473,-0.52133846,-0.31978416,-0.3534649,0.025432697,-0.24651495,-0.108640976,0.039976638,0.36809117
2967,-5.565793,-0.26458353,-1.6199439,-1.0571866,-0.062495545,0.086637646,-0.1503873,-0.24539661,0.118127525,0.7179462,0.58829755
2968,-5.2702427,-0.038575236,-0.68933505,-0.6312328,-0.3567661,-0.4265601,0.17269719,-0.2078644,-0.14345066,0.14855362,0.36249205
2969,-5.983474,0.08839074,-1.2730594,-0.70314753,-0.105228685,0.17730527,-0.2820867,-0.2061948,0.18618946,0.8516426,0.028697912
2970,-6.034703,-0.36337,-1.2333839,-0.74428415,-0.032719575,-0.2672758,-0.2840755,0.08561996,0.012126887,0.6817039,0.14610869
2971,-8.5043335,0.11427168,-2.2625885,-0.70189255,0.26793396,0.124498196,-0.056030393,0.17586485,-0.28367612,0.37113222,0.7815645
2972,-8.65073,-0.29132402,-1.4675684,-0.9870391,0.14998224,-0.28138357,-0.43116504,-0.07650695,0.111274764,0.4029518,0.3601062
2973,-6.4205923,-0.2631785,-1.4124238,-0.54813373,-0.3265357,-0.12323274,-0.43258715,0.26467794,0.04335358,0.8274101,0.1094895
2974,-4.3425393,-0.17283429,-1.0965276,-0.23389526,0.16777807,-0.003370381,-0.09674107,-0.11689084,-0.113521695,0.27729452,0.24025482
2975,-6.3601074,-0.1786795,-1.3739702,-0.9423707,-0.5339277,0.15728714,0.105957896,0.1556353,0.2320336,0.8058565,0.6233638
2976,-6.358911,0.14412315,-1.1394475,-0.8255159,0.24372868,-0.12009822,-0.012495418,-0.20783222,0.06948716,0.83039486,0.26763976
2977,-6.09331,-0.13075271,-1.1364056,-0.79332775,0.20449246,-0.064118914,0.005594146,-0.06911486,-0.07538664,1.0775424,0.30576536
2978,-6.221601,0.015572704,-1.406156,-0.5574638,-0.27332097,0.22025213,-0.06602581,0.097702935,-0.24483384,0.2077768,0.5913294
2979,-5.1443024,-0.53916794,-1.6626334,-0.9928751,-0.117548145,0.04630313,-0.3268652,-0.10554695,0.39456135,0.399257,0.3012258
2980,-7.197017,-0.21489291,-1.2766726,-1.1462797,-0.3020877,0.07308551,0.17967783,-0.30926567,-0.015326994,0.7321738,0.22675765
2981,-4.9534984,-0.17524694,-0.90563476,-0.44706967,0.003910063,-0.0040494166,-0.12577549,-0.2827261,-0.013131926,0.16147386,0.4751049
2982,-4.501775,-0.063697815,-0.54360056,-0.4667556,-0.2852793,-0.14565578,-0.15172856,-0.10527877,-0.2461478,0.27300322,0.10011165
2983,-6.6434608,-0.15883146,-1.6356106,-0.61475354,-0.49945277,0.32455993,-0.12033484,-0.12856951,0.22944199,0.7078363,0.32730722
2984,-6.372109,-0.326499,-1.1721522,-0.9383609,-0.4280678,-0.1080806,0.43405694,-0.08411757,-0.12204172,0.23006777,0.62696326
2985,-5.8142467,-0.027542867,-1.3240921,-0.6035456,0.7004114,-0.23797327,-0.31235135,-0.15068106,0.39146456,0.47350892,0.09628712
2986,-4.9601364,-0.10784892,-1.1299195,-0.03898916,-0.008767869,-0.049582977,-0.02710057,-0.19407235,-0.305237,0.26214477,0.16493282
2987,-5.791455,-0.116369426,-1.1312721,-0.40387574,-0.21556547,-0.023303535,0.020706074,-0.11994267,-0.20936358,0.28769842,0.20649634
2988,-4.048183,-0.075034454,-0.6307647,-0.38047642,-0.35621956,-0.08461045,0.23009129,0.14229928,-0.12658788,0.43899766,0.40693498
2989,-6.019524,0.11819182,-1.3404233,-0.38050255,-0.05375458,-0.11544621,0.03999604,-0.03465879,-0.31073537,0.20686802,0.6216417
2990,-6.125526,0.050943233,-1.7044306,-0.57842094,-0.2115385,-0.023201529,-0.20359206,0.110691495,-0.15279506,0.38152072,0.28235412
2991,-4.7561827,-0.051288344,-0.9234853,-0.24891266,-0.16602285,0.13533497,0.06785902,-0.32153726,-0.092555895,0.2966846,0.093813315
2992,-5.340549,-0.060698938,-0.93890935,-0.36523467,-0.21594298,-0.029801145,-0.10971575,0.077364765,0.052660942,0.6927477,0.10330519
2993,-4.969368,-0.37007645,-1.289709,-0.58578086,-0.20089057,0.057393756,-0.028496329,-0.22280432,0.051619902,0.60465395,-0.0146901
2994,-6.082127,0.040064547,-1.3573883,-0.47040635,0.20913385,0.11046418,-0.14483048,-0.3593683,0.018027036,0.7998454,0.12448807
2995,-6.7397366,-0.08446276,-1.1516156,-0.80033326,-0.39977908,-0.041977845,-0.26227275,-0.22838525,-0.1675434,0.39167204,0.5964905
2996,-5.256038,-0.13828866,-0.91144466,-0.6562373,-0.35694963,0.44475192,0.020915959,-0.305545,0.13504477,0.4917033,0.34769428
2997,-5.7751412,-0.24324752,-0.930736,-0.82341313,-0.3794207,0.21477489,0.11288601,-0.009066498,-0.1021011,0.77786136,0.9259678
2998,-5.2960663,-0.08983588,-1.2131952,-0.5026928,0.01822094,0.26384962,0.29106322,-0.19735715,-0.2030206,0.69220906,0.2969301
2999,-6.8811526,0.03108316,-1.6583844,-1.1275332,0.14327061,-0.09429211,-0.36298576,-0.26514718,0.23244688,0.72469187,0.5396278
3000,-6.288933,-0.08345856,-1.3618993,-0.47895446,-0.34976548,0.33306032,0.3510825,-0.07567568,-0.11077544,0.75652003,0.49414298
3001,-5.8709126,-0.28676915,-1.7701937,-0.868063,-0.16601703,0.6698835,-0.07419481,-0.36542258,0.34427437,0.67386085,0.35158578
3002,-4.3712416,-0.027000278,-0.57242095,-0.43457097,-0.15729164,-0.0033640172,-0.09615452,-0.0824798,-0.06605428,0.3494543,0.050732
3003,-5.2053647,-0.39813402,-0.86924493,-0.71645916,0.2692075,0.26261634,-0.21598478,0.12762475,0.20311177,0.6300606,0.0698841
3004,-6.1488547,-0.23436584,-1.4534423,-0.8446959,-0.049241,-0.2312435,0.024973389,-0.2680949,0.017645897,0.36011395,0.32328436
3005,-4.861519,-0.3019539,-0.94843847,-0.24526256,-0.671316,-0.20937379,0.3887074,0.023752857,-0.23587714,0.33807015,0.5650658
3006,-6.9698305,0.05045082,-0.8615183,-0.97583026,-0.6184123,-0.098184325,0.29843733,0.04162924,-0.17598759,0.9386502,0.45808515
3007,-6.1259828,-0.26504946,-1.0556297,-0.43227506,0.0013738927,-0.22504508,0.047331657,-0.037935503,-0.5144103,0.57583785,0.17668565
3008,-7.048701,0.019658562,-1.2721151,-0.8387947,-0.76984054,-0.18047725,0.17077796,-0.12109583,-0.1268632,0.57798004,0.71643806
3009,-6.193428,-0.25432906,-0.8412033,-0.40349928,-0.36840272,-0.0017592628,-0.08838317,0.15868902,-0.35303313,0.5175791,0.6009845
3010,-6.1696987,-0.18788266,-1.1835669,-0.7317751,-0.15255028,0.14674333,-0.1753787,0.10059757,-0.08130768,0.5698455,0.5865567
3011,-5.9214144,-0.23843026,-1.1290427,-0.23818015,-0.016025322,-0.20950373,-0.13486023,-0.25514492,-0.34642276,0.31504557,0.20759866
3012,-5.1031165,-0.16522501,-0.89630634,-0.71569026,-0.13577838,-0.10809175,0.111356586,-0.47453475,-0.12730692,0.19706264,0.24155125
3013,-4.6351304,-0.14033888,-0.95918494,-0.41023633,-0.19954266,0.38690686,-0.08229469,-0.31487808,0.11865106,0.44570386,0.21819715
3014,-6.216668,-0.41979235,-1.2119356,-0.7137002,0.008987321,-0.20497958,-0.30107158,-0.123221196,-0.09938743,0.5636491,0.46159226
3015,-6.2068405,-0.11527834,-1.0515047,-0.34142464,-0.24572554,0.058454923,0.23115636,-0.3829229,-0.013542622,0.2940682,0.12498398
3016,-6.4953294,-0.05610056,-1.5063945,-0.85499907,0.0018347632,0.1422619,-0.45614251,0.04839056,0.18544628,0.6078639,0.2754382
3017,-5.141186,-0.031958014,-1.059478,-0.7262318,-0.123461165,-0.012797657,-0.12353247,-0.16035023,0.22887307,0.49679685,0.18851952
3018,-5.5522537,-0.04339424,-1.021316,-0.54882294,-0.26304024,0.18830808,0.055141497,-0.65113807,0.16645859,0.62523013,0.37144715
3019,-7.41835,-0.17162026,-1.4962656,-0.7363638,-0.067269765,-0.40244317,-0.25492844,-0.0061296634,-0.20621483,0.40012348,0.33965772
3020,-4.6750846,-0.20160557,-0.5647616,-0.5948423,-0.5400136,0.30011755,0.10807195,-0.34315115,-0.0064164866,0.23832554,0.539292
3021,-5.284299,0.17043146,-1.2281466,-0.5239561,0.12791018,-0.07805197,-0.16315709,-0.4501729,-0.27919704,0.061426956,-0.119682856
3022,-5.5317464,0.037015714,-1.3652976,-0.5472537,-0.34395978,-0.2487457,-0.1462544,-0.28771338,-0.43778107,0.40546352,0.38713908
3023,-6.198486,-0.23687819,-0.7489473,-0.19980179,-0.31160504,-0.2894764,0.12522179,0.051512323,-0.30799082,0.043139566,0.39639777
3024,-6.2709184,-0.5055964,-1.3138303,-0.60800666,-0.5329392,0.1822561,0.1048071,-0.2726481,0.06404659,0.65834916,0.6337943
3025,-5.216384,0.19552848,-1.1059419,-0.5798876,-0.017065937,0.115947925,-0.168366,-0.15908858,0.009622712,0.2855764,0.18027657
3026,-4.6440644,-0.13981123,-0.89539,-0.30099154,0.06030387,-0.27126724,-0.17382823,0.029105313,-0.2083938,0.24756141,0.1806735
3027,-5.3968487,0.0061575463,-0.8398563,-0.0783544,-0.33950442,-0.063626505,0.08813791,-0.27159485,-0.34156144,0.19718257,0.16531269
3028,-6.7948413,-0.11133361,-0.9653501,-0.5957238,-0.24943057,0.07685804,-0.012022466,-0.16327791,-0.41102117,0.24733272,0.29207483
3029,-6.004095,0.013663542,-1.0464591,-0.44919556,-0.5665066,0.0948234,0.047988895,0.11646867,-0.23256633,0.74262977,0.35269523
3030,-4.6296062,0.024331149,-1.0116974,-0.53554004,-0.11881604,-0.0075371694,-0.17409228,-0.32423988,0.078122415,0.084060125,0.43721762
3031,-5.756744,-0.06583988,-1.2968341,-0.4397674,0.3448993,-0.22136226,-0.32905525,-0.008612052,-0.033042155,0.013479918,0.33932748
3032,-5.837614,-0.49450067,-0.9724366,-1.2066759,-0.7401056,-0.37608516,-0.06642938,-0.43380138,0.55553323,0.8290216,0.4950715
3033,-4.075036,-0.2657654,-0.9856756,-0.5980807,-0.06431618,-0.027237471,-0.12048418,-0.2937717,0.2238668,0.34225497,0.36885405
3034,-5.5826902,0.019911574,-0.9559514,-0.51844496,-0.52898526,0.38971704,0.110355265,-0.44169775,-0.18700019,0.6789066,0.30175447
3035,-5.0143948,0.025949597,-0.9330628,-0.4423299,-0.16520636,-0.066763476,0.07492187,-0.33783785,-0.4367526,0.33216536,-0.0392589
3036,-4.2848005,-0.10756324,-0.783895,-0.3020538,0.1750838,-0.10862508,0.1300835,-0.11104245,-0.09080618,0.39940077,0.1463009
3037,-4.5568037,0.04500812,-1.1214727,-0.69786465,0.22743426,0.0010407586,-0.028277706,-0.34200817,0.030111942,0.18565622,0.35396653
3038,-4.3451223,-0.1427782,-0.7501953,-0.65911907,-0.22555402,-0.052659053,-0.052813947,0.038560525,0.07954073,0.45712957,0.37626514
3039,-4.151995,0.16652742,-0.77159894,-0.28517726,0.23942304,-0.14900501,0.17427838,0.03337031,-0.07624844,-0.07289252,0.35709503
3040,-4.156219,0.23249418,-0.86479723,-0.104552604,0.048968907,0.13921878,-0.09641224,-0.12435263,-0.12396172,0.43520737,0.051454294
3041,-7.309825,-0.06643227,-1.3980354,-0.42720988,0.31924522,-0.0062325997,-0.1520468,0.16361362,-0.2058464,0.8394845,0.46769387
3042,-5.254691,-0.27537945,-1.0012159,-0.54914665,-0.32328,0.06771138,0.25354683,-0.04242672,0.042366438,0.75335884,0.24470708
3043,-5.4870515,0.0381532,-0.8014789,-0.53663254,-0.16029392,0.26371676,-0.16381449,-0.58275056,0.12882812,0.47260073,0.23840201
3044,-5.45949,0.05806162,-0.702677,-0.71612775,-0.52092886,-0.24776517,0.08474074,-0.09689658,-0.1809335,0.5226069,0.5480583
3045,-6.0660877,-0.12392044,-1.6815492,-0.6458575,0.34239018,-0.17342885,-0.14318386,-0.18975872,0.313691,0.1328459,0.58674675
3046,-4.834988,-0.027205132,-0.67685175,-0.56327105,0.044892732,-0.08202295,-0.13203679,-0.37532714,0.09380611,0.57248175,0.23053284
3047,-6.000924,-0.3366025,-1.2675207,-0.63626504,-0.87018174,-0.0089550745,0.40506154,-0.07896955,-0.3640397,0.5376679,0.6257874
3048,-5.8470125,0.026359655,-1.3431609,-0.53218,-0.15090682,0.28531635,0.31472945,-0.3250148,-0.16092083,-0.064256966,0.60553837
3049,-4.887167,-0.031176478,-1.3265682,-0.6925662,-0.15630889,0.14216022,-0.009793389,-0.38319236,0.22781666,0.6316209,0.15152153
3050,-6.4425073,-0.109876305,-1.1935285,-0.60621357,-0.40255135,0.8026744,0.05412228,-0.14656352,-0.027203182,0.74480903,0.5410332
3051,-7.4550753,-0.19355297,-1.3826289,-0.9139412,-0.15402707,-0.19418332,-0.15798646,-0.88330495,-0.24269132,0.6125139,0.35675174
3052,-5.917848,0.12795913,-1.35086,-0.5690836,0.22990389,-0.02665336,-0.16310446,-0.13008755,0.056102008,0.32625404,0.095005065
3053,-5.13016,0.09024581,-0.9537647,-0.5639917,-0.16861442,0.18136528,-0.20731844,-0.21264367,0.17701137,0.37403226,0.32089314
3054,-4.7801485,0.0712632,-1.0047672,-0.7101455,-0.39327663,-0.15020567,-0.3424601,-0.12628663,0.011138593,0.68394566,0.29641798
3055,-7.284073,-0.09313169,-1.0282514,-0.83501476,-0.47425118,-0.018372538,0.13410321,-0.31482437,-0.30378288,0.075045235,0.8663678
3056,-6.592329,-0.33531094,-1.3934357,-0.9987762,-0.47247195,-0.29977757,0.07849808,-0.3075164,0.048903972,0.23556924,0.68457013
3057,-7.9851046,-0.63930404,-1.3001207,-0.6208129,-0.047585886,-0.018778386,-0.3684759,0.058094673,-0.59317124,0.2993767,0.6285902
3058,-7.0706673,-0.38122377,-1.7731092,-1.0730498,-0.4776889,0.11907072,0.009496784,-0.1815865,0.21808173,0.72080773,0.54513764
3059,-4.5426393,-0.40526226,-0.65963787,-0.7195291,-0.05793622,-0.10867275,0.06559983,-0.20490149,-0.04926999,0.30215612,0.55926347
3060,-6.8216844,-0.033236716,-1.428529,-0.7841835,-0.031542584,0.12977666,-0.25656247,-0.5136905,-0.22789752,-0.13665037,0.15323716
3061,-7.2765903,0.20010783,-1.156272,-0.77241206,-0.17136909,-0.26008803,0.08164595,-0.4311887,0.07536469,0.39673966,0.3749044
3062,-5.014843,-0.11913358,-0.81236786,-0.79351723,-0.20006464,0.25771993,-0.1658271,-0.29911572,-0.08781882,0.33046246,0.01262819
3063,-6.7787023,-0.18965371,-1.0728346,-1.1307436,-0.57176787,0.19931214,0.38608122,-0.74478745,0.0621015,0.3404441,0.4332992
3064,-6.707894,-0.032170307,-1.3698863,-0.99970007,0.01101581,0.043461744,-0.3709785,-0.26388335,-0.12740809,0.121078126,-0.072876036
3065,-6.52111,-0.114845775,-1.522053,-0.5435444,0.09897865,0.023796735,-0.08898137,0.26438224,0.051887684,0.34644204,0.49530557
3066,-7.5336113,-0.19051729,-1.3129374,-0.82163054,-0.599135,0.025597516,0.6625233,-0.18947874,-0.18302603,0.8236367,0.6507859
3067,-4.523578,-0.013266384,-1.0166148,-0.48705983,0.04428206,-0.10998171,0.044111814,0.19221142,0.031112466,0.3620104,0.3354084
3068,-5.3970475,0.08845746,-1.3001056,-0.63829935,0.23868155,-0.05805604,-0.2642452,-0.487068,-0.14071302,0.33720535,0.20581797
3069,-5.351891,-0.1479644,-1.1324942,-0.6951942,0.43710706,-0.28891093,-0.7967083,-0.025153788,0.024899453,0.3871754,-0.114891835
3070,-5.458226,0.0045989878,-0.68135506,-0.49568713,-0.25893614,-0.17378849,0.4939163,0.02367328,-0.2049571,0.34033036,0.45513704
3071,-6.2068872,-0.17162377,-1.0941942,-0.7202772,0.11716252,-0.5319159,-0.17453635,-0.013087798,0.007915821,0.16732566,0.43335128
3072,-5.621121,0.049099453,-1.5319251,-0.50934917,0.42978197,0.3156538,-0.17872798,-0.24820477,-0.022299232,0.17209207,0.22934586
3073,-4.3793283,-0.13407187,-0.9731729,-0.2716304,-0.2605105,-0.025174852,-0.031146947,-0.2361618,-0.2515812,0.40999633,0.46872476
3074,-3.8294652,-0.036594927,-0.9732246,-0.33449966,0.25725704,0.05044191,-0.12594344,-0.20405434,0.097908914,0.23065399,-0.006234766
3075,-5.7852106,-0.1125823,-1.0845385,-0.09499561,-0.37789297,0.34532797,0.16190448,-0.13117784,-0.3589252,0.23366414,0.43325278
3076,-4.900464,-0.14301221,-1.1313462,-0.5317704,-0.035520628,0.25494784,-0.23545536,-0.6227948,0.28642252,0.4127145,0.31651497
3077,-4.966157,-0.17167099,-0.74590766,-0.47330168,0.046632,-0.2695266,0.053578097,0.12394504,-0.08173341,0.4294828,-0.093840286
3078,-5.306507,-0.038910188,-1.0185045,-0.67890733,-0.5233664,0.09555045,-0.0075027393,-0.23665576,-0.03056215,0.30117893,0.51758075
3079,-4.621193,0.199566,-0.883386,-0.4200905,-0.117821485,0.07229517,0.08688323,-0.122992195,-0.13362375,0.20363584,0.3078514
3080,-4.9925246,-0.054750603,-0.95966965,-0.11857776,-0.18257903,-0.14647157,0.10035288,-0.13216133,-0.10242847,0.3069331,0.33195016
3081,-6.0164456,0.1076566,-1.2540395,-0.51130766,0.10015208,0.09769441,-0.20047043,-0.5069037,-0.18222354,0.48880348,0.17297019
3082,-6.269062,0.01989972,-1.3409863,-0.2535431,-0.7470999,0.039223652,0.15885365,0.08503254,-0.27822182,0.3262264,0.45047587
3083,-5.502798,-0.05191399,-1.2458375,-0.5112168,-0.34097117,0.21212354,-0.0025288844,-0.2495681,0.17981501,0.62155056,0.0045054937
3084,-5.835255,0.03638737,-1.3261563,-0.6338123,0.14465873,0.066082776,-0.30373004,-0.30690706,0.27384117,0.28788924,0.022299118
3085,-6.515233,-0.102702156,-1.6113411,-1.1379434,-0.08387023,0.27435964,-0.16432232,-0.39049146,0.0825123,0.72306097,0.42827737
3086,-4.600614,-0.21522251,-0.7596691,-0.33712637,-0.38150945,-0.24211803,-0.07159613,-0.0027283225,-0.008199586,0.3833411,0.2962963
3087,-7.2958913,-0.10705126,-1.2977931,-0.49691337,-0.52434313,-0.60874563,0.08768948,-0.19222829,-0.25086084,0.23077132,0.46226218
3088,-5.1051855,0.15934367,-0.6648095,-0.24736258,-0.22497553,-0.030242104,0.066233575,-0.25550568,-0.19556898,-0.03288214,0.41039082
3089,-7.0653944,-0.20341377,-1.2680459,-0.757995,-0.19701506,-0.14093065,-0.17129014,-0.30009323,-0.21989952,0.5024114,0.52468634
3090,-6.516513,-0.22603132,-1.5966892,-0.40249383,0.13237183,0.44983715,-0.043595426,0.20874913,0.01613806,0.4038594,0.24956803
3091,-6.408376,-0.15371713,-1.5405425,-0.8409199,-0.016753135,0.25074637,-0.102376275,-0.3119665,-0.05173683,0.830159,0.34574997
3092,-4.600522,-0.057385195,-1.3205649,-0.4169871,0.23448968,0.20210633,-0.028734539,0.0923581,0.1060694,0.47863197,0.1911082
3093,-5.133846,-0.17797936,-1.4620094,-0.82756406,-0.467922,-0.13319708,0.27991828,-0.15081102,-0.14856583,0.13085689,0.60210145
3094,-5.6674447,-0.24118923,-0.765301,-1.0547978,-0.566292,-0.28773808,0.2527846,-0.3059819,-0.18479815,0.54794586,0.6640536
3095,-6.149393,-0.35910308,-1.250279,-0.6822583,-0.066879824,0.24318045,-0.15276088,-0.18848163,0.20714697,0.51117426,0.17466249
3096,-5.9073653,-0.21329786,-0.9560581,-1.0355258,-0.1157302,-0.06047427,0.045513373,-0.3522696,0.098514535,0.34855515,0.4870888
3097,-6.3140645,-0.60830563,-1.0245854,-0.7924877,0.030125735,-0.20082274,-0.1853461,-0.2833914,0.11063764,0.7109736,0.060936697
3098,-5.346669,0.019164233,-1.3443671,-0.45069525,0.2597069,-0.119167745,-0.24683459,0.41345066,-0.07209222,0.48501673,0.10421528
3099,-5.9395404,-0.23899287,-1.0280766,-0.31928685,-0.66014475,-0.23408103,0.19321978,0.10328889,-0.4558527,0.47450617,0.3149124
3100,-5.2491665,-0.03611866,-1.0107434,-0.5260427,0.054675203,0.142017,0.15265818,0.0251301,0.17863971,0.60762286,0.30771995
3101,-6.0775447,-0.2330938,-1.0929117,-0.71060103,0.16892442,0.3799991,0.25382826,-0.17505403,0.16070367,0.38489446,0.20449793
3102,-5.023961,-0.10207476,-0.9797831,-0.8710372,0.17760697,-0.017340407,-0.040540736,-0.12281207,0.11896921,0.25732768,0.48166278
3103,-8.435931,-0.4837442,-1.7392434,-0.82928234,-0.6409143,0.10264002,-0.24054809,0.18388054,0.16256493,0.774025,0.7480082
3104,-6.2710166,0.17886987,-1.340635,-0.6739635,0.2677279,-0.15211174,-0.342832,-0.3437987,0.027216163,0.2684393,0.13529837
3105,-6.1217976,-0.0841434,-1.2061661,-0.87868655,-0.013607806,0.09466899,-0.12781917,-0.093276225,-0.03139247,0.549559,0.26685572
3106,-4.6999087,-0.0075843753,-0.74534774,-0.4190483,-0.33744577,0.10027049,0.18132919,-0.09043604,-0.11223848,0.21563758,0.33511907
3107,-5.6734357,0.0975458,-1.5694057,-0.75698274,-0.16998115,-0.0042499313,-0.08294693,-0.30156732,0.08310488,0.32059154,0.2663018
3108,-8.196186,-0.55984867,-1.3844929,-0.65339416,-0.852929,-0.09063716,0.4742416,-0.2434634,-0.53057593,0.5166174,1.0984206
3109,-5.067743,-0.17635426,-0.79072934,-0.4354012,-0.2081124,-0.1752769,0.14837879,0.023515858,0.0028609456,0.57342666,0.48510733
3110,-5.398645,-0.25536498,-1.1711692,-0.89413524,-0.3247255,-0.2600665,-0.010009185,0.046428934,0.084391885,0.4710824,0.52239734
3111,-6.1501513,-0.054967966,-1.263149,-0.8896991,-0.0032572006,0.014015725,-0.2437983,-0.4898191,-0.04522814,0.5780392,0.044181664
3112,-3.4868655,-0.13572192,-0.6826122,-0.52367866,-0.109422036,0.017618679,0.0054263105,-0.070803046,0.13440657,0.50384337,0.35887045
3113,-6.111514,0.22309189,-1.6358042,-0.42665723,0.09088511,-0.021189136,0.089421034,0.037653323,-0.26158592,0.15054664,0.591876
3114,-5.614954,-0.003965291,-1.2486024,-0.7610068,0.101496205,-0.106435776,-0.09721792,-0.05528795,0.062312476,0.41692346,0.225081
3115,-6.346213,0.106996655,-1.3103176,-0.39487568,-0.10251508,0.10260908,-0.027800199,-0.21731554,-0.29353073,0.26652032,0.17409584
3116,-4.549666,-0.19175178,-0.96173036,-0.34222198,0.060752396,-0.21908724,-0.24691485,-0.28828266,-0.013455713,0.43255967,0.09326697
3117,-5.1369333,-0.30520076,-1.0243442,-0.5120377,-0.3256418,0.19792414,0.38157403,-0.21183681,-0.0669382,0.2777209,0.5188939
3118,-5.0968237,-0.16180375,-0.93082684,-0.7279812,-0.31472328,0.45732164,0.1215809,-0.312788,-0.015445555,0.4594321,0.41232878
3119,-6.2194247,-0.18138184,-1.6349376,-0.95788217,0.086343095,-0.2500527,0.34584254,0.118358664,-0.15706103,0.70128715,0.36828732
3120,-6.255331,-0.23908155,-1.5128305,-0.9861783,0.029623449,0.19634853,0.15370856,-0.020072713,0.37211344,0.67356473,0.3663428
3121,-5.414326,-0.116539165,-1.1688169,-0.4761064,0.25381756,0.3737659,0.07742183,-0.07143652,-0.00041957386,0.5478323,0.24577983
3122,-5.3560934,0.10224349,-1.0070344,-0.37895292,0.22092958,-0.27547783,-0.088050865,-0.21112931,-0.027302423,-0.1421911,0.22868492
3123,-6.5608363,-0.017767504,-1.7717385,-0.59971523,0.2598738,-0.031985406,0.037544433,-0.18638557,-0.031431407,0.0810667,0.14534561
3124,-4.930821,-0.16835083,-1.2905179,-0.612892,-0.114576645,0.02215683,0.09865936,-0.45371452,-0.1281817,0.26607648,0.26424348
3125,-7.7487936,-0.32973933,-1.2038608,-1.1804096,-0.418545,0.1589441,0.46527618,-0.09520619,0.25040346,0.97517735,0.8308846
3126,-5.604586,-0.32768685,-1.1722231,-0.5013971,-0.29996333,-0.09017055,-0.026876759,0.05143278,-0.20472103,0.743444,0.208411
3127,-7.1828647,-0.15079463,-1.5760344,-0.5441096,-0.27818277,-0.18952124,0.14047436,-0.2609026,-0.11331996,0.1875873,0.5427638
3128,-6.2412753,-0.09676767,-1.2419025,-0.7167826,-0.28257003,-0.06123802,0.08344862,-0.048596032,-0.26126862,0.33206376,0.43877968
3129,-6.0485654,0.067061365,-1.0232683,-0.6963367,0.15837415,0.039964274,-0.28226838,-0.09996856,-0.062544174,0.80425864,0.26016465
3130,-5.867317,-0.34077528,-1.2321532,-0.7851903,-0.5836933,0.10022802,0.14037825,-0.4759163,0.0997669,0.82489765,0.7103993
3131,-5.573933,0.021913262,-1.3967876,-0.67274624,0.3572633,-0.0977927,-0.1722466,0.18052658,0.05246999,0.3404858,0.12700438
3132,-4.871384,-0.27488527,-1.0613024,-0.7553457,-0.39453992,-0.14832795,0.11101876,-0.22745864,0.039487835,0.4973371,0.15928878
3133,-5.6350327,-0.06877887,-1.1977437,-0.7032033,0.18423988,-0.0010297764,-0.2020291,-0.37413782,-0.04610218,0.47156027,-0.081345886
3134,-5.7024994,-0.19225237,-1.1239505,-0.83212394,-0.2828798,0.6412876,0.10328143,-0.35549864,0.0288592,0.23837857,0.45966834
3135,-6.5161304,-0.22471878,-1.2833257,-0.5157498,-0.1913575,-0.042564362,0.012258579,0.065593265,-0.22978212,0.25048766,0.22719099
3136,-3.6620986,0.034238778,-0.65919334,-0.38011202,-0.1016508,0.09709053,-0.019015003,-0.17287314,-0.14547281,0.32034022,0.10393099
3137,-6.848563,0.0116546955,-1.4962143,-0.5203337,0.13322641,-0.18085548,-0.11995184,0.06610948,-0.13345188,0.13871172,0.49537545
3138,-6.659469,-0.14878224,-1.278901,-0.72630984,0.25473842,-0.076675944,-0.20904157,-0.16665636,-0.09378361,0.83176106,0.5256162
3139,-4.9701986,-0.08365494,-0.8487605,-0.302514,-0.16335063,0.067683965,0.21756536,0.12978685,-0.11754362,0.26366162,0.24087085
3140,-6.4657664,-0.7010915,-1.1820742,-1.022694,-0.82305735,0.22924556,0.35839376,0.097217806,-0.118483484,0.6542566,0.36849096
3141,-5.2845182,0.08285202,-0.88288134,-0.37710997,0.07084906,-0.093964934,-0.058983736,-0.20631517,-0.013946211,0.020416502,0.41562906
3142,-4.9903855,-0.23172294,-1.0167391,-0.53921825,0.21465634,-0.010537531,-0.08242353,-0.26025495,0.1384317,0.37945166,0.14359446
3143,-6.929362,-0.22367746,-1.6969793,-0.60808295,0.390845,0.023377111,-0.47427392,0.063200936,-0.3827052,-0.017125651,0.09010869
3144,-5.71806,-0.029426765,-1.1194869,-0.71544254,-0.04702136,-0.029870804,-0.09187817,-0.36827093,0.11507718,0.48830292,0.33480233
3145,-5.5282774,-0.40229577,-1.2824606,-0.43387106,0.0777475,0.49668026,-0.19505106,-0.20338234,0.26958624,0.76157326,0.106390685
3146,-5.2937245,0.24797706,-0.98431766,-0.5869697,-0.18393946,0.06290536,-0.2756932,-0.32264665,-0.07242519,0.23854212,0.337326
3147,-4.898751,-0.23362423,-0.93729985,-0.67613655,-0.07354598,0.05099556,-0.4390718,-0.2750126,0.026500648,0.5639904,0.28192362
3148,-7.0891824,-0.06407896,-1.5628304,-0.63405484,0.059418507,-0.11399524,-0.33314747,0.22528556,0.022411557,0.458117,0.28084785
3149,-7.8279705,-0.387974,-1.5428604,-0.9482945,-0.16898371,0.25925857,0.69602454,-0.012331819,0.053623997,0.6497261,0.49399355
3150,-6.515189,-0.115036495,-1.0769112,-0.54991186,-0.027208483,-0.02997192,-0.3340778,-0.3188107,-0.4376267,0.59767586,0.42629042
3151,-5.847621,0.023961304,-1.4696977,-0.60528046,-0.38428795,-0.21937278,0.5085839,-0.09475528,-0.20218268,0.60835266,0.4333159
3152,-5.080763,-0.20151338,-0.82780457,-0.7750719,-0.05611614,-0.027317148,0.12436941,-0.10939746,0.034005288,0.5502883,0.15148093
3153,-5.4492645,-0.0043790936,-1.0639979,-0.30148888,-0.15610848,0.010872154,-0.061431177,-0.110931896,-0.15400806,0.6708362,0.1577822
3154,-4.9887238,-0.088315114,-1.1883734,-0.29477286,0.2263069,-0.031210259,-0.3554426,-0.11269202,-0.43110105,0.44538334,-0.15416048
3155,-5.6621614,-0.22304595,-0.79493713,-0.4852345,-0.21129102,-0.16620822,-0.1906359,-0.119467534,-0.21276844,0.14321156,0.21650244
3156,-5.0136795,-0.18238553,-0.7186703,-0.66716236,-0.19449364,0.10653389,0.06369586,-0.28474885,-0.103203475,0.18224007,0.534365
3157,-7.0675845,-0.052272025,-1.4761541,-0.30881682,0.35179278,-0.005745738,-0.21333008,0.16672002,-0.27092275,0.3384363,0.41649783
3158,-6.065919,-0.19714928,-1.26645,-1.0868489,-0.4387427,0.028025268,-0.1424368,-0.51501137,0.14440453,0.3518159,0.72663593
3159,-5.2735176,-0.22581474,-1.0626614,-0.89018196,-0.41015953,-0.07721251,0.13946928,-0.1914576,0.018659836,0.32699174,0.6480456
3160,-6.268387,-0.23953718,-1.15844,-0.8272034,-0.78986347,0.25939715,0.1257022,0.21298334,0.2000727,0.6558915,0.76055497
3161,-7.196818,0.12829588,-1.3287162,-0.41218045,0.13806252,0.15439087,-0.24790438,0.48642498,-0.030800777,0.31043178,0.25692174
3162,-8.13962,0.013489043,-1.9237041,-0.65383995,-0.007779446,0.62930053,-0.30945405,-0.5869808,-0.22536635,0.59529305,0.38519922
3163,-5.609954,-0.2245223,-1.1122457,-0.54453856,-0.3659164,0.3252942,0.24227208,0.0371923,0.057062387,0.371671,0.4644686
3164,-4.521422,-0.06623689,-0.9570095,-0.5561422,-0.43562156,0.3842228,0.023778353,-0.5545769,0.16452247,0.4950731,0.19043002
3165,-5.7648253,0.03190549,-0.85226315,-0.5278836,0.043747935,-0.2514627,0.09660128,-0.030318754,-0.34282503,-0.005803016,0.24819657
3166,-5.4851356,0.025665302,-0.9804455,-0.43899924,-0.34814817,0.47534245,-0.09528437,-0.035393514,-0.083323956,0.3098102,0.34245905
3167,-5.739679,0.15080418,-0.78515714,-0.51699466,0.021672143,-0.4960621,0.14780357,-0.12125433,-0.02714367,0.22216646,0.45252788
3168,-5.06132,-0.10681776,-1.1641653,-0.25000393,0.036172885,0.038832866,-0.14089824,-0.09451489,-0.2996365,0.112954445,0.301144
3169,-5.8496175,-0.178287,-1.140699,-0.4441914,-0.035168525,-0.20723528,0.14396483,-0.113715515,0.057153583,0.38884905,0.34283173
3170,-4.8577952,-0.07853635,-1.013362,-0.47596,0.18411934,0.4849087,-0.22559673,-0.4379058,0.39388666,0.69844055,0.15299761
3171,-5.3156238,0.01492557,-1.0107937,-0.570969,-0.27660888,-0.2270618,0.22062775,0.001994431,-0.08349786,0.37999654,0.28997797
3172,-4.0856357,-0.20214391,-0.7256679,-0.4675998,0.10914417,0.14640321,-0.19875662,-0.28250635,-0.054199345,0.5648384,0.20217234
3173,-4.3679647,0.11685274,-1.0233729,-0.3624075,-0.04788379,-0.080366425,0.1908461,0.056238614,-0.20772336,0.39852592,0.2564956
3174,-4.664077,-0.25997862,-0.75683737,-0.7866138,-0.3246358,-0.021436254,-0.15286215,-0.44499466,0.054190993,0.34949446,0.18877044
3175,-4.48985,-0.4401882,-0.90449315,-0.46912545,-0.31983465,-0.13901566,0.15255496,-0.18886085,0.023385122,0.40387958,0.6623829
3176,-6.379794,-0.46325684,-1.5705289,-1.0499266,0.037310727,-0.15233652,0.004309653,-0.3208483,0.07691498,0.5509059,0.5450513
3177,-4.542216,-0.24732174,-1.1125654,-0.52690136,0.031142253,0.04322157,-0.06863915,0.13882126,-0.12874234,0.6701416,0.26195103
3178,-4.885127,-0.0654785,-0.9879179,-0.59450597,-0.16839968,-0.3849966,-0.12422592,-0.14855124,0.2137168,0.734077,0.30953345
3179,-4.9941363,-0.17573252,-1.2241131,-0.6690886,0.6135072,0.10515985,-0.55794513,-0.112910554,0.08723799,0.49509272,-0.086110964
3180,-6.191416,-0.16495842,-1.5697185,-0.6563499,0.017216345,0.1711302,-0.25776172,-0.36258036,0.07855614,0.6007518,0.15145601
3181,-6.7107296,-0.13673683,-1.0369188,-0.41861224,0.035708267,-0.20067486,-0.3787427,-0.21920653,-0.46953088,0.3482152,0.2939767
3182,-6.5894523,-0.75922835,-1.215638,-0.88468283,0.431669,0.04749968,-0.3006813,-0.193623,0.05992204,0.30199778,0.0433038
3183,-5.8365097,0.083580256,-1.13337,-0.45193526,-0.58314973,0.03961905,0.21502247,-0.3190866,-0.31895024,0.23721282,0.57958305
3184,-5.419095,-0.0488271,-1.120085,-0.6699991,0.106632724,0.03497319,-0.020805374,-0.13713236,0.20664467,0.7270624,0.31574953
3185,-8.111503,0.21310222,-1.4451464,-0.3166657,0.5551075,-0.26557624,-0.17963219,-0.2908819,-0.021085618,0.11676489,0.26287848
3186,-6.4626765,-0.24204041,-1.0920762,-0.7990002,-0.06148959,-0.057769895,-0.19175638,0.040137798,-0.043659724,0.32224685,0.31004465
3187,-5.52277,-0.19733529,-0.7868416,-0.50644165,-0.20632513,0.14612198,-0.16573186,-0.09315039,-0.21828452,0.1223459,0.13799763
3188,-5.149655,-0.24400206,-0.97996515,-0.71433413,-0.70839894,-0.06329704,-0.034210715,-0.18010034,0.21011366,0.5206381,0.76453465
3189,-3.9120378,-0.07579726,-0.7474344,-0.5607041,-0.25207573,0.32616848,0.09830931,-0.07815625,-0.01261881,0.33954957,0.27447143
3190,-7.1486797,0.013279148,-1.3083787,-0.6386321,0.018306682,0.13219944,-0.07320747,-0.12801057,-0.102266535,0.13559659,0.3885552
3191,-6.5041547,-0.34192282,-0.7734941,-0.8282519,-0.07846903,-0.1490501,-0.3359459,-0.354279,-0.047267444,0.48889583,0.026023956
3192,-5.4891114,-0.013057151,-1.1820294,-0.59083706,-0.044845335,-0.09815994,-0.22315092,-0.6335063,0.07960988,0.2074547,0.40625024
3193,-5.2787957,-0.41705474,-1.1031803,-1.0318912,-0.0010186676,0.26103616,0.1215123,-0.32243186,0.38770416,0.6329379,0.31678683
3194,-5.9723177,-0.072408535,-1.327208,-0.5595208,-0.34434542,0.09662301,0.26110053,-0.06202647,-0.101604536,0.5108776,0.44372275
3195,-6.0482206,-0.07380431,-1.1360812,-0.96363294,0.18155217,-0.3063615,0.021720117,0.05435227,-0.25910035,0.3739602,0.3038777
3196,-5.5733323,-0.14462858,-1.2788209,-0.64476085,-0.028516112,-0.13284819,-0.17764232,0.0042429166,0.034033827,0.45886666,0.58374494
3197,-5.4723663,-0.15697362,-1.1502336,-0.4912746,0.20453581,0.5236875,-0.2518285,-0.5041575,0.21534757,0.72223264,-0.13501862
3198,-7.246258,-0.18541078,-1.6383896,-0.3383858,0.2746606,0.54226667,-0.4216845,-0.41594517,0.05250574,-0.06541435,-0.14509976
3199,-7.576775,0.093979046,-1.4800707,-0.49244076,-0.039052784,-0.10248341,-0.5835893,-0.16446508,-0.13386428,-0.021688104,-0.0054936344
3200,-5.88301,-0.09095098,-1.5459425,-0.56193817,0.0071840086,0.36308366,-0.2120903,0.043524526,0.02773755,0.33645377,0.24505581
3201,-3.56006,-0.21362512,-0.8787474,-0.35736656,-0.39981762,-0.12808287,0.4675532,0.23320772,-0.060301498,0.20986176,0.4603864
3202,-6.6718335,0.24522498,-1.0174441,-0.64351094,-0.07255749,-0.2075094,-0.28307372,-0.28620952,-0.13423498,0.43460083,0.39363718
3203,-6.340408,-0.34582394,-1.3620819,-0.96739125,-0.6793086,0.19084816,0.22455472,-0.05169882,0.001537188,0.71640223,0.7025926
3204,-5.084447,-0.11052237,-0.6997014,-0.6121814,0.2290097,0.27374893,0.34104007,-0.42431825,0.32734874,0.586442,0.34102333
3205,-6.3784947,0.13794126,-1.44309,-0.3929574,0.14984863,0.3867765,0.005015823,0.1352213,-0.2750292,0.407036,0.3705564
3206,-4.4305573,-0.30523664,-1.2823977,-0.369307,0.22419095,0.24505368,-0.25775808,0.013667701,-0.2032915,0.12200174,-0.07731307
3207,-5.9438725,0.008778044,-1.4001459,-0.19907188,0.050419915,-0.22414958,-0.12290884,0.113599874,-0.6042095,0.3021071,0.2018015
3208,-4.2148175,0.07625236,-0.7724457,-0.3796042,-0.2036308,0.013427937,-0.13189384,-0.30084318,-0.035933778,0.34574682,0.054713946
3209,-6.352987,-0.053557266,-1.2313335,-0.7258968,-0.28058362,0.27447534,-0.33303902,-0.7754485,-0.06905565,0.38980603,0.21618056
3210,-4.6976686,-0.13463438,-1.0296074,-0.74970764,-0.5470801,-0.37079722,0.045165576,-0.11458147,0.004012109,0.44452772,0.2698608
3211,-8.424601,-0.37461972,-1.049891,-0.371824,0.10601368,-0.22691242,-0.16610883,0.5552606,-0.47438356,0.6511847,0.6908972
3212,-6.43531,-0.2793117,-0.9273428,-0.87514615,-0.31653562,-0.21887714,0.04759614,-0.027112363,-0.22462109,0.43853757,0.6113446
3213,-6.462638,-0.11015769,-1.2760905,-0.57011575,-0.26877648,-0.13881959,-0.088824354,-0.29476136,0.014477044,0.18838783,0.3939566
3214,-5.9573135,-0.32513088,-1.118595,-0.6559924,-0.15294549,-0.32794678,0.34207997,-0.21884285,-0.057997838,0.36643687,0.20757902
3215,-5.9624968,-0.24800767,-0.8757974,-0.6666317,-0.064619415,-0.48438787,0.047583096,-0.10581081,-0.28007194,0.36716557,0.2535471
3216,-6.1149354,-0.21690805,-1.1829225,-0.77730346,-0.21430704,0.4282071,0.2692573,-0.6002612,0.14956293,0.4747103,0.42681625
3217,-5.599703,-0.17946328,-0.8806734,-0.81758857,0.05538115,0.0038996728,-0.2492881,-0.14642037,0.30237582,0.7279819,0.2052018
3218,-5.3084583,-0.33009773,-0.9628709,-0.4365823,-0.5146814,0.073131084,0.0022506965,0.071582735,-0.11903225,0.5679327,0.32577637
3219,-5.1609187,-0.15375212,-0.9285956,-0.611565,-0.01832446,0.026372887,0.22162797,-0.16879737,-0.042424634,0.11284196,0.362911
3220,-6.4400277,-0.21406016,-1.418453,-0.6314115,-0.60561657,-0.2839477,0.63545716,0.040994048,-0.07820059,0.4829983,0.5329979
3221,-5.3143215,-0.18457036,-0.7103229,-0.41171816,0.13185528,-0.17723425,-0.28330094,-0.27698237,-0.017433798,0.25627092,0.11478237
3222,-8.8173895,0.04412067,-1.9001231,-0.8808591,0.021164956,-0.3747577,-0.27631518,0.12907255,0.009721942,0.29521397,0.28803006
3223,-5.161316,-0.07736436,-1.2310433,-0.57835597,-0.30939192,-0.1981136,-0.024611555,-0.26200905,-0.07606734,0.4204983,0.35327622
3224,-7.045616,0.03285063,-1.4518104,-0.6899466,0.18731838,0.17974535,0.12678976,0.17511049,0.014400538,0.7117391,0.8339706
3225,-6.731209,-0.28442678,-1.1877378,-0.8563165,-0.56133765,-0.04943271,0.15142739,-0.30064476,-0.5125283,0.34462947,0.4961467
3226,-4.8684635,-0.4123421,-1.4112444,-0.62426746,0.22538105,-0.05732897,-0.21774104,-0.057264507,0.41717577,0.543263,0.3454736
3227,-5.348848,-0.046440657,-0.8346916,-1.1405766,-0.5013329,-0.20608294,0.043806825,-0.006288206,-0.031417757,0.69730115,0.43852794
3228,-4.99625,-0.09036701,-1.1108991,-0.2416254,0.21770193,-0.17950545,-0.06998924,-0.07255535,-0.1358798,0.3677733,0.19971524
3229,-7.0182867,-0.18629555,-1.4402184,-0.4669001,0.3565862,-0.37385172,0.05992588,0.16866864,-0.3088075,-0.028532393,0.24737012
3230,-4.8223,0.17027664,-0.8729746,-0.60320127,-0.34685633,-0.1751182,-0.19384733,-0.37789968,-0.088804826,0.19017689,0.29983196
3231,-5.583761,-0.17719199,-1.4259198,-0.5464984,-0.38912815,0.42760962,0.3585325,-0.04000166,-0.10619374,0.5199059,0.3251761
3232,-5.7827783,-0.25191566,-1.1496856,-0.69906586,0.08989982,0.32626897,-0.13510808,-0.47713628,-0.11635904,0.70875525,0.5242227
3233,-5.9130845,-0.1366204,-1.2859604,-0.80105186,0.09452888,-0.2054656,-0.22667648,-0.4040162,0.16067477,0.49170348,0.24937417
3234,-6.4204173,-0.34684145,-1.1780703,-0.6247996,-0.7037925,0.050473824,0.31445885,0.07072323,-0.128959,0.29731438,0.7468948
3235,-5.494993,-0.34406522,-1.2368689,-0.48720855,-0.019216798,0.10486389,0.14902773,-0.1695267,-0.16450235,0.35171068,0.25507674
3236,-7.01152,-0.47498083,-1.0666173,-0.85452366,-0.2354751,-0.08130212,-0.12560888,-0.027961237,-0.06689066,0.68993264,0.6094499
3237,-4.588139,-0.32557797,-1.1307753,-0.7445296,0.33673435,0.26943457,-0.043582473,-0.070840694,0.14929643,0.23623598,0.40956652
3238,-6.306666,-0.30379397,-1.4305902,-0.9116076,-0.44439778,0.09068159,0.56589055,-0.0028609578,-0.12274997,0.6607019,0.5967862
3239,-5.0138702,-0.13263093,-0.8898637,-0.5899222,-0.002576278,0.017590579,-0.08621694,0.12533893,0.036873627,0.73891985,0.53540117
3240,-6.181058,-0.21359509,-1.4508511,-1.0054756,0.056193873,0.44321257,-0.015260329,-0.1576472,0.14629772,0.8067728,0.59562975
3241,-4.828472,-0.19737725,-0.9955775,-0.2902955,0.2616943,0.027335392,-0.155295,-0.06400897,-0.056552768,-0.034057576,0.15686107
3242,-6.0920515,-0.408857,-1.0779731,-1.2208304,-0.14563352,-0.03067848,0.12466407,-0.43307802,0.07135341,0.19494173,0.48095062
3243,-5.4646544,-0.026010543,-1.0447011,-0.8003861,-0.33138153,0.14042434,-0.34471458,-0.012276363,-0.002854308,0.3490622,0.32346228
3244,-4.99969,0.1975577,-1.0148286,-0.3657246,-0.086710714,0.27971506,0.07111008,-0.30965844,-0.28061405,0.11100657,0.09242888
3245,-5.581704,0.11085882,-0.8772571,-0.38621283,0.0102164075,-0.20475647,-0.08628825,0.1943277,-0.22904049,0.28804818,0.282688
3246,-4.4130816,0.13822857,-0.804304,-0.15412284,0.33932972,0.21881665,-0.12864618,-0.06755722,-0.14107932,0.1092482,0.1064688
3247,-5.91328,-0.17673747,-0.8081268,-0.86009055,-0.24908176,-0.18366922,0.0675376,-0.42561418,-0.18335642,0.4262705,0.51411134
3248,-6.285131,0.091853395,-1.0926628,-0.5290115,0.0823187,-0.08532501,0.015568323,-0.45414603,0.006264325,0.7542416,0.13027246
3249,-5.0859785,-0.036776014,-0.5599577,-0.41888106,-0.30733168,-0.27729398,0.088642865,0.054208882,-0.14603472,0.31610036,0.35452503
3250,-4.7250276,-0.46947607,-1.0090185,-0.18916225,0.046995595,0.12778515,-0.15946712,-0.2004726,-0.17974001,0.18707731,0.10496022
3251,-5.630122,0.17736918,-1.025114,-0.38742772,0.35714304,0.14908879,-0.38326228,-0.46654007,-0.13129342,-0.123414665,0.2807757
3252,-4.383504,-0.28814545,-0.7528186,-0.683458,-0.69160557,0.16428705,0.06986714,-0.243173,-0.056493044,0.42412728,0.58517104
3253,-5.5494905,-0.3487666,-0.99728185,-0.5002769,-0.12467804,0.1629497,0.387855,-0.055608578,-0.024985204,0.3018091,0.27768388
3254,-6.1249905,0.016989797,-1.3465954,-0.5779617,-0.50379235,0.09271509,0.18881193,-0.15965171,-0.1464976,0.3423279,0.5083712
3255,-5.1676764,-0.023805037,-1.0300714,-0.641502,0.11735615,-0.12690797,0.036219444,-0.011530062,-0.069778286,0.44048557,0.39116567
3256,-5.66294,-0.3994841,-1.211379,-0.4907238,-0.20942059,-0.2552216,-0.15046743,-0.12892558,-0.09838839,0.5315316,0.4740319
3257,-4.4990816,-0.059309404,-1.1897783,-0.592205,-0.35739106,0.19795057,-0.2063015,-0.07999519,0.024300456,0.4635532,0.2790435
3258,-4.438196,0.086910844,-0.8118694,-0.63354826,-0.20291325,-0.07395898,0.18453482,-0.3965285,-0.03371072,0.12906112,0.26924
3259,-5.7938986,0.047985833,-1.7278547,-0.65306926,-0.4388855,-0.17322353,-0.16960597,-0.35491437,0.07148378,0.3735939,0.42950624
3260,-3.5715728,-0.02999194,-0.68403643,-0.4138223,-0.38913882,0.06518896,0.0317135,-0.463375,0.033751395,0.28407478,0.21499182
3261,-5.842863,-0.2738575,-1.1237233,-0.33939108,0.08450881,0.01531372,0.035912942,0.22792436,-0.16675518,0.14414696,0.5097625
3262,-5.1654334,0.03506199,-0.97472537,-0.58273005,-0.10755906,-0.03824715,-0.22662558,-0.09626154,0.052320786,0.6378337,-0.026036728
3263,-4.754091,-0.14440192,-0.751537,-0.38531184,0.01147827,-0.103790805,-0.27718446,-0.16140734,-0.28286538,0.23559861,0.12038547
3264,-5.69931,-0.2881629,-0.7881606,-0.8979184,-0.016464122,-0.0050921645,-0.004995195,-0.1707827,0.08018225,0.19725509,0.22190014
3265,-5.7169533,-0.038788874,-1.1271294,-0.46350148,-0.36535686,-0.43741155,0.17502536,-0.5433701,0.011306659,0.29029623,0.31384915
3266,-5.345777,-0.051046696,-0.9395779,-0.5870691,-0.16787066,0.36333185,0.13742352,-0.0996264,-0.054948114,0.4470631,0.37559935
3267,-6.5557203,0.014673334,-1.3075254,-0.46699685,0.025373332,0.036452517,-0.31511134,0.06331739,-0.1381154,0.3069556,0.2299406
3268,-5.2037506,0.037788212,-0.8435992,-0.2270348,0.12344297,-0.118365705,0.14844793,0.053648748,-0.2033004,0.16613403,0.272362
3269,-4.7951403,-0.12502779,-0.6368568,-0.38510415,-0.122727655,-0.15677597,-0.14642997,-0.5021036,-0.20427856,0.5599306,0.087324426
3270,-4.3863654,-0.008962714,-0.8365,-0.41830522,-0.053431362,0.24565254,-0.069831416,-0.20741965,-0.031935625,0.11381198,0.0924083
3271,-6.453146,-0.12678005,-1.193902,-0.52918243,-0.12647673,0.3692571,-0.10663126,-0.78888947,0.076388255,0.3390654,0.24288936
3272,-4.893946,-0.17534117,-0.8913713,-0.38045362,-0.21320942,0.21490957,-0.19125983,-0.18731552,-0.0305746,0.34379572,-0.008457077
3273,-5.763358,-0.20867652,-0.9016232,-0.97363234,-0.70680225,-0.0725442,0.04772766,-0.27017725,-0.081974275,0.46814045,0.3310886
3274,-6.0024548,-0.055120807,-0.6641073,-0.6959917,-0.22830197,-0.27718425,0.008706454,-0.1582972,0.061148345,0.53551525,0.6767161
3275,-5.677754,-0.31979072,-1.3658525,-0.8100145,0.06918655,-0.13542202,0.14471264,-0.15204883,-0.035173707,0.28073618,0.13102981
3276,-4.862343,-0.17672054,-0.84559363,-0.4899521,-0.21605487,0.010027334,0.15709035,0.11853308,-0.0351237,0.6941056,0.5544634
3277,-4.9259453,-0.40382862,-1.0387278,-0.9985645,-0.532541,0.031894565,0.047983762,-0.05724126,0.14506763,0.56659406,0.58636653
3278,-5.4498878,-0.11793035,-1.1257753,-0.8020515,-0.68695366,-0.041366395,0.033135936,0.14500554,-0.062087946,0.6988681,0.3227938
3279,-6.390339,0.025623038,-1.5131313,-0.84493315,0.021293726,-0.37334853,0.04097956,0.103368156,0.19494972,0.5950868,0.27752838
3280,-5.8171177,-0.44433212,-1.2361541,-1.0342574,-0.063656166,0.1726693,-0.0760637,0.005560411,0.27693573,0.74283683,0.7215658
3281,-5.7111897,-0.18721092,-0.98657125,-0.8677959,-0.3639603,0.013699239,-0.10150753,-0.63582957,0.27279186,0.34156868,0.21911305
3282,-6.84939,0.000589679,-1.0538608,-0.48083076,-0.3750084,-0.017137991,0.16011539,-0.13697286,-0.26114255,0.17026317,0.5602505
3283,-4.769857,0.077675864,-1.1788564,-0.19645342,0.4608414,-0.01607634,-0.083600536,0.036765933,-0.17583853,0.110920675,-0.043856394
3284,-5.3912807,-0.023094133,-1.0520854,-0.5143181,-0.033943303,-0.16292259,0.0038302792,0.117396705,-0.39028227,0.5536397,0.3393686
3285,-5.810168,-0.10590451,-1.1318091,-0.6056328,0.05030519,0.051769454,-0.05896104,0.053810626,-0.1545891,0.65603065,-0.0781537
3286,-6.692104,-0.18524753,-1.2441726,-0.52025664,-0.46525916,-0.11640493,0.122469164,-0.42585284,-0.08092687,0.6389086,0.5867787
3287,-7.2988286,-0.29527164,-1.0763283,-1.3944138,-0.4459374,-0.21119083,-0.11400414,-0.1330515,-0.11297129,0.4596543,0.74384385
3288,-6.114118,-0.3967304,-0.8173456,-0.8225939,-0.408914,-0.15933578,0.040689442,-0.44380343,0.031497277,0.57132536,0.13469361
3289,-6.366486,-0.0064891344,-1.0984504,-0.21239498,-0.2823795,0.04544714,0.0022691796,-0.2533827,-0.1919528,0.6008238,0.23330054
3290,-3.801902,0.025299232,-0.9571639,-0.21056767,0.013472033,0.10238267,-0.025258224,0.020384885,-0.07375567,0.2559894,0.21170947
3291,-5.0555506,-0.092677,-0.78290075,-0.5201763,-0.21414831,-0.3230757,0.049107518,-0.17655033,-0.23874669,0.42609212,0.25619617
3292,-6.8143253,-0.11943255,-1.8282872,-0.8127215,0.061380733,-0.107709065,0.12510854,-0.14789568,0.1280312,0.8990966,0.3668599
3293,-5.209305,-0.0678614,-0.92420894,-0.6993838,-0.25631917,0.30366004,-0.059433423,-0.5809916,-0.13664334,-0.11530842,0.45324787
3294,-6.531115,-0.11928767,-1.6576196,-1.1687518,-0.04820121,0.32956475,-0.30222085,-0.65754646,0.57359475,0.86075664,0.6057755
3295,-4.6862226,-0.15556309,-1.0882883,-0.34948164,0.12437983,-0.04906577,0.2392675,-0.011022631,0.08619107,0.29318577,0.3108582
3296,-5.057041,-0.05319783,-1.1805434,-0.56514084,0.12971269,-0.020542614,-0.21806212,-0.0012843898,-0.03597378,0.351246,0.1676933
3297,-4.4063897,-0.17844787,-0.71762925,-0.38479185,-0.14778994,0.09515048,-0.09007388,-0.35919982,-0.12151699,0.41849032,-0.05670183
3298,-6.5589542,0.05616949,-1.3928429,-0.344018,0.034048755,0.058416534,-0.24773268,-0.1591972,-0.02790161,0.2957148,0.39806998
3299,-3.7931035,-0.010930213,-1.0748858,-0.41840866,-0.2360725,0.12417613,0.18379302,-0.21936835,-0.06328976,0.25825417,0.2910489
3300,-6.5386395,-0.007460871,-1.3058882,-0.32059228,0.24204543,-0.14444135,-0.42650536,-0.3412199,-0.18021333,0.019188914,0.48064178
3301,-4.767227,-0.20689958,-0.7256163,-0.37040395,-0.2184411,-0.32011724,0.09472292,-0.009646801,-0.13231494,0.4476482,0.34957257
3302,-6.0026956,-0.20670633,-0.9181849,-0.41838637,-0.44666043,-0.39439285,0.24552745,-0.46370366,-0.41682532,0.30085856,0.5716947
3303,-4.863765,-0.056295175,-1.3062685,-0.7654435,-0.17985418,0.28855252,0.010978418,-0.26839757,0.034074113,0.4103546,0.5197064
3304,-4.501802,-0.29280323,-0.8787171,-0.72549754,-0.3520004,-0.03265899,-0.01626736,-0.10740367,-0.05430536,0.36862442,0.4177623
3305,-6.9007254,-0.2891491,-1.5576113,-1.2301217,-0.98893225,0.092073165,0.25467095,-0.057972968,0.10894562,0.6522279,0.89928764
3306,-6.026039,0.16450162,-1.522991,-0.5419755,0.08993855,-0.050712466,0.031275656,-0.19575216,-0.041849405,0.26864305,0.36883077
3307,-4.7756004,-0.13249092,-0.91340804,-0.73228955,-0.021219807,-0.10016244,-0.015608049,-0.20468591,0.16240767,0.39065132,0.14100999
3308,-5.2896695,-0.12728257,-0.9486334,-0.45297197,0.17787857,0.111078925,-0.29563886,-0.01027222,-0.046381257,0.21154697,0.24294405
3309,-4.8600793,0.17494242,-0.7217527,-0.39772075,-0.13207865,0.010543849,0.083670065,0.06778349,-0.23547523,0.2974582,0.297464
3310,-6.5721397,-0.0102060335,-1.1872339,-0.51215035,-0.31328723,0.05694561,0.05859226,-0.2771724,0.12338675,0.48952392,0.43704274
3311,-5.2468147,-0.16106084,-1.2196596,-0.58395827,0.16572803,0.044394568,-0.22405545,-0.002796135,0.10391502,0.7762265,-0.024306558
3312,-4.8392453,-0.22321321,-0.81728005,-0.3371546,0.06675566,0.08970152,-0.010871702,-0.08699096,-0.2507681,0.11930104,0.24138401
3313,-6.2311807,0.08219316,-1.0946008,-0.707972,0.07896863,-0.04659814,0.2180054,-0.18888445,-0.15238176,-0.09751377,0.20515114
3314,-6.651773,-0.034830526,-1.3788689,-0.6508079,0.00335304,-0.034525353,-0.122692294,-0.06829595,0.074961,0.4184694,0.2668388
3315,-4.9439282,-0.25292608,-0.6777935,-0.5326155,-0.05927544,0.23666751,-0.102811486,-0.72731215,0.046786137,0.37513205,0.005760748
3316,-5.9028835,-0.10797582,-1.417651,-0.6937098,-0.21616185,0.19839594,-0.26294333,-0.51075983,0.13476478,0.3326216,0.107576326
3317,-6.4669614,-0.050541993,-1.5770683,-0.525307,0.38509473,0.39612114,-0.02929189,-0.4277252,0.30574208,-0.002224465,0.31686395
3318,-5.835263,-0.36079314,-0.907749,-0.37519038,-0.5562752,0.080392726,-0.13675682,0.31363398,-0.060162343,0.4744756,0.36871284
3319,-4.4185166,-0.038777288,-0.8447056,-0.074373156,-0.27393484,0.09656232,0.32917035,-0.24200863,-0.2945663,0.40128556,0.07263596
3320,-4.9563746,-0.05669977,-1.1475344,-0.59043664,-0.11267661,-0.09409948,-0.083243296,-0.40159345,0.26730743,0.37333864,0.5985562
3321,-5.0822415,-0.1496587,-0.8984551,-0.38904655,0.040101048,-0.2500232,-0.3013092,-0.0434573,-0.34019902,0.45271802,0.14034107
3322,-7.40786,-0.25236484,-1.0739713,-0.72852504,-0.053609755,-0.09128823,-0.08324258,-0.17957173,-0.36937052,0.61985326,0.40786856
3323,-6.152296,-0.13334717,-1.5460862,-0.6853182,0.14265813,0.25076246,-0.17416403,-0.59278804,0.23696038,0.3371937,0.05045231
3324,-5.8437743,0.1495052,-1.2848121,-0.8557258,0.12651509,-0.2445953,-0.20223226,-0.10279551,-0.11031599,0.36701098,0.33678922
3325,-4.441292,-0.080001555,-0.998923,-0.6789753,-0.17186984,0.1921359,0.12401313,-0.22951174,0.056416146,0.30542067,0.10421719
3326,-5.6652637,-0.5537514,-1.197748,-0.43416196,-0.26830703,-0.20670208,-0.29034156,-0.24939793,-0.37611127,0.7704289,0.1237525
3327,-5.0991473,-0.33757317,-0.90648323,-0.41309336,-0.18436514,-0.23357481,0.09138342,0.22874221,-0.0023998898,0.4272372,0.45676994
3328,-6.570846,-0.33342078,-1.2365438,-1.1336591,-0.25341,-0.015381208,-0.08469944,-0.6173074,0.31438506,0.9920964,0.48329803
3329,-5.483579,-0.1319253,-0.7940741,-0.39111254,-0.43632793,-0.24681161,0.07726348,-0.09814615,-0.28775322,0.29107746,0.3087604
3330,-4.8426595,0.022364672,-1.2396469,-0.62978125,-0.0045869327,-0.12971912,-0.051052228,-0.29534543,-0.02491497,0.30887467,0.20859689
3331,-5.4064317,0.14994092,-1.4694719,-0.57687354,-0.022650605,-0.056731872,-0.119523324,-0.021117639,0.21782275,0.3742762,0.41573283
3332,-5.5037627,0.037948813,-0.9797751,-0.7916414,-0.5549455,0.096040405,-0.10378777,0.0202814,0.03384646,0.5497453,0.32807148
3333,-7.077743,-0.08701838,-1.2060595,-0.9070398,-0.5678964,-0.17374952,0.23107575,-0.013624787,0.01950412,0.7203548,0.41066298
3334,-4.707624,-0.18369117,-1.0165837,-0.7342177,0.04095185,-0.025070585,-0.065935604,-0.21976975,0.21783617,0.45963618,0.13839969
3335,-4.885458,-0.20027594,-0.89680463,-0.58083606,-0.08245362,-0.21814044,-0.15544423,-0.10605434,-0.008999275,0.4089347,0.10816227
3336,-3.975111,-0.037469257,-0.90032303,-0.43556902,-0.0845385,-0.03250815,0.099044375,-0.05980467,-0.095149316,0.35896108,0.28309977
3337,-3.9486022,0.07626378,-0.56814957,-0.16128568,0.030162912,-0.16202158,-0.0870206,0.07426633,-0.19496685,0.4364649,0.2124537
3338,-6.241553,0.0026770285,-1.1647222,-0.7389588,-0.32767695,0.023929132,-0.011775824,-0.23256634,-0.2684353,0.09235365,0.29156289
3339,-5.2794056,-0.0050337045,-0.9480622,-0.5119712,-0.0958246,0.18591966,-0.0023749974,-0.16573547,-0.15524527,0.5236808,0.17257261
3340,-3.992919,-0.008011603,-0.7831663,-0.54439014,-0.087739035,-0.0018147202,0.09279202,-0.19176675,-0.14981419,0.12881953,0.39993262
3341,-5.557061,0.08487261,-0.847342,-0.6826134,-0.34685534,-0.4970731,-0.066796154,-0.053448074,-0.389288,0.37370807,0.3656556
3342,-6.3761325,-0.17148785,-1.3318046,-0.5704819,-0.20002705,0.034925923,0.09372416,-0.13974443,-0.03690449,0.58348584,0.3386846
3343,-5.924572,-0.373063,-1.2398584,-0.44299152,0.041455507,0.3903302,0.2079748,0.13738374,-0.0047515538,0.32752517,0.5567869
3344,-5.5225663,-0.21462567,-1.1815075,-0.7519323,0.2170205,-0.15205452,-0.18335102,-0.06872015,-0.12668264,-0.006280425,0.10178998
3345,-5.4765167,-0.2562439,-1.4330739,-0.8345927,0.042243164,0.06421408,0.23664929,-0.13822363,-0.076400064,0.4668656,0.50978917
3346,-5.651764,-0.11945255,-1.3266932,-0.60239834,-0.40722117,0.32579964,-0.21704516,-0.0020028017,0.09290624,0.6044171,0.4817534
3347,-3.8317266,-0.057001244,-0.7930851,-0.54543936,-0.04456769,0.23183887,-0.06284501,-0.17383167,-0.030114153,0.56424505,-0.04485963
3348,-6.3889065,-0.39753625,-0.7594013,-0.7847208,-0.6650417,0.36909276,0.065268986,-0.3890369,-0.053885117,0.81764466,0.3182336
3349,-5.9383464,-0.1086956,-1.340432,-0.14456722,0.25247723,0.24383993,-0.14008547,0.027840933,-0.20175506,0.016940517,0.14118269
3350,-6.5839014,0.119411305,-1.1870708,-0.59144855,-0.3893704,0.09712369,0.25280076,-0.3298046,0.029538717,0.47611648,0.24440351
3351,-8.032342,-0.393277,-1.7174882,-0.8366451,0.07767357,0.45261174,-0.15983959,-0.631164,0.061859608,0.916122,0.285303
3352,-7.5871053,-0.5359629,-1.4879795,-1.099861,-0.062961936,0.019070212,-0.16230561,-0.21051998,0.12515697,0.81728494,0.87043256
3353,-4.7755194,-0.29233742,-1.291877,-0.5800659,0.46726534,0.16097686,-0.26430342,-0.1572983,0.3738792,0.5044161,0.15701252
3354,-7.472327,-0.23044255,-1.4340692,-0.4924937,-0.2927491,0.37205476,0.009266819,0.004628036,-0.13280362,0.6377867,0.35653675
3355,-7.986912,0.22792454,-1.4823871,-0.8645149,-0.14429353,-0.2521767,-0.019892618,-0.22215235,0.009240717,0.40373957,0.6409275
3356,-6.6097527,-0.06918438,-1.0379581,-0.8080581,0.057100017,-0.22587922,-0.21104917,-0.2735107,-0.124660924,0.3417263,0.38600725
3357,-8.474362,-0.41326267,-1.2825912,-0.6927564,-0.6079657,0.32031083,0.05081977,-0.0503406,-0.43795684,0.48877084,0.8379677
3358,-5.787983,-0.32968387,-1.0803357,-0.5306251,-0.18090953,0.230357,-0.32240197,-0.35078138,0.17296521,0.4528888,0.4514106
3359,-7.1617856,-0.070830174,-1.7390116,-1.1153554,0.40321693,-0.3535664,-0.4056142,-0.018033495,0.08112425,1.098478,0.29340184
3360,-4.2559385,-0.21749368,-0.6614934,-0.5400959,-0.19577117,-0.33156538,-0.050474178,0.065137714,-0.13164519,0.4393696,0.33161038
3361,-6.640038,-0.40653414,-1.7272398,-0.817343,0.34349087,-0.086607106,-0.49974945,0.25634068,0.27552846,0.61481375,-0.11566462
3362,-7.6608787,-0.4293965,-0.95402753,-1.1318033,-0.29101402,-0.4786271,0.09193689,-0.21022545,-0.11440411,0.25640655,0.5968103
3363,-4.427688,-0.046316274,-1.2602978,-0.36361352,0.017674621,0.2597422,0.20916978,-0.014706828,-0.16801296,0.37090772,0.35558194
3364,-5.62898,-0.14445445,-0.7542193,-0.87288934,-0.3406552,0.39737886,0.18690512,0.15417528,0.18046327,0.69061273,0.8824239
3365,-4.9288635,-0.03950879,-1.142968,-0.60040075,0.32489374,-0.08086318,-0.35326722,-0.15192188,0.06428526,0.53872067,0.046770953
3366,-6.0419836,-0.30064613,-1.4439906,-0.41209716,0.31163946,0.31917554,-0.12967886,-0.44635662,0.06852173,0.32093522,0.023642719
3367,-4.5205564,-0.0128205465,-0.9138362,-0.52308947,-0.19014283,-0.12100169,0.15758815,-0.4361302,-0.04052014,0.26680595,0.35706303
3368,-6.0021863,-0.07043122,-1.8793501,-0.45877555,0.51444507,0.27556443,-0.24606912,-0.23175338,0.035927504,0.30114487,0.16470028
3369,-6.3561754,0.31897885,-0.8764726,-0.42632082,-0.08394187,-0.527922,0.01295492,0.0052178316,-0.302822,0.17305188,0.27272743
3370,-4.6738806,-0.124420345,-1.1264967,-0.60828686,-0.38807195,-0.1371548,-0.12816282,-0.32321087,0.023128815,0.42793512,0.55059665
3371,-8.024312,-0.32618344,-1.3444816,-0.95689017,-0.8201565,0.067508735,0.6584696,-0.09121683,-0.17359586,0.45651013,0.7220105
3372,-6.546785,-0.17160451,-1.2955816,-0.9452741,-0.46799195,-0.09708536,0.0859544,0.008998009,0.12229924,0.6017311,0.6012613
3373,-4.707616,-0.21135113,-0.91824764,-0.8636027,-0.4298411,-0.121215105,0.21432105,-0.18649702,-0.1398877,0.46100408,0.41316825
3374,-4.011026,-0.11511813,-0.71057475,-0.15118599,-0.31204563,0.035104167,0.020098235,-0.11197017,-0.13943636,0.31386238,0.18018058
3375,-5.027905,-0.19151415,-0.74959123,-0.43458828,-0.25764716,-0.2015187,0.14709023,0.06407429,-0.44386068,0.47936165,0.34211758
3376,-6.2907104,-0.5324665,-0.947005,-0.43543088,-0.19586611,-0.391335,-0.052189477,0.34049556,-0.32919586,0.6114714,0.36985925
3377,-5.3056865,0.0016703382,-1.188744,-0.887443,0.24251127,-0.22316872,-0.20190872,-0.083636865,0.03196408,0.34137806,0.22869125
3378,-5.0412397,-0.07597416,-0.9148322,-0.7129751,-0.1781574,-0.22492445,0.31799302,-0.11068485,-0.26697886,0.43356276,0.16208969
3379,-6.999802,-0.5432501,-1.0709691,-0.54397756,-0.14482075,0.1898355,-0.07943608,0.114546254,-0.1448035,0.7416,0.78696555
3380,-4.1113214,-0.13818844,-0.5244066,-0.5865877,-0.114393815,-0.03213797,0.056041684,-0.4171235,0.033871476,0.21155497,0.23819095
3381,-5.9180355,0.12124308,-1.3182273,-0.5795019,0.006612204,-0.29123378,-0.12747063,-0.09182795,-0.23743643,-0.033179373,0.2530437
3382,-7.9918027,0.13607943,-1.5158794,-0.4896525,0.2424658,0.07766211,-0.2107815,0.180351,-0.089540675,0.017055042,0.09613342
3383,-6.8145375,0.12537616,-1.6054554,-0.6239041,0.21404208,0.063123524,-0.07075095,-0.2542068,-0.060121857,0.3647067,0.33865038
3384,-4.495214,-0.06453102,-0.9568518,-0.750666,-0.76304686,0.31174654,0.16299379,-0.4422166,0.09797147,0.3388082,0.6818334
3385,-6.0134573,-0.23254298,-1.0910741,-0.9961351,-0.3410213,-0.17739744,0.08815725,-0.07781569,-0.01419371,0.51562953,0.14227858
3386,-5.902827,-0.22894813,-1.1609254,-0.31743115,0.09294835,0.01776155,-0.0042123776,-0.20716442,-0.1592768,0.37427685,0.14274979
3387,-5.3049192,-0.10806634,-1.0221037,-0.12081309,-0.37699783,-0.00844316,0.08854892,-0.1418166,-0.3103168,0.5518908,0.44508615
3388,-5.337869,-0.27963746,-1.1307114,-0.79655737,-0.2318996,0.17734323,0.062180128,-0.2311556,0.14733839,0.5995144,0.53570217
3389,-5.8719683,-0.24466525,-1.3812965,-0.6305722,-0.38849607,-0.11593499,-0.29847547,-0.22786795,-0.1286081,0.5334623,0.41725165
3390,-5.7768984,-0.3159798,-1.2656944,-0.5760707,-0.15750082,-0.32263666,-0.17171983,-0.03479507,-0.2745903,0.5861968,0.29071623
3391,-4.997195,-0.029882062,-0.70153743,-0.46983287,-0.2946738,-0.07800788,0.20207158,-0.26012915,-0.21501522,0.23693557,0.26883307
3392,-6.4904184,-0.06388811,-1.4650856,-0.7244298,-0.20359173,0.33790773,-0.32822743,-0.6838979,0.07834334,0.6162723,0.34592137
3393,-5.6562734,-0.32246792,-1.1245477,-0.897676,0.24907343,0.32521152,0.083441935,-0.13588163,0.27036703,0.9305201,0.48069513
3394,-5.2836785,0.036085587,-0.9963276,-0.43944222,-0.43871447,-0.16498736,0.23604478,0.119111896,-0.2505226,0.59659433,0.33665767
3395,-6.21143,-0.28693384,-1.1868228,-0.9616174,-0.294183,-0.16192059,0.09420572,-0.3136961,0.3480629,0.6904052,0.473765
3396,-6.0897355,-0.14185965,-1.0297182,-0.38287318,-0.55267006,-0.2540757,0.087497294,0.20242369,-0.28839952,0.5264974,0.5179997
3397,-6.0992694,0.086383305,-1.4594755,-0.6284143,0.23559287,0.5840711,-0.5366484,-0.1848058,0.16761379,0.27248755,0.045581993
3398,-5.2622423,-0.38579294,-0.89800006,-0.69930875,-0.79104096,-0.36500955,0.32087526,-0.31900617,-0.010821614,0.29972488,0.5841993
3399,-4.156339,0.13150372,-0.86680216,-0.58364046,-0.19283144,0.08296687,0.17883207,-0.42477977,-0.04876598,0.35336155,0.320053
3400,-6.577326,-0.08880106,-1.2924724,-0.21117087,0.1793577,-0.0027820468,-0.5584007,0.45143923,-0.18192956,0.20705761,-0.21591185
3401,-6.183505,-0.037922136,-1.0540612,-0.5468052,-0.10991448,-0.17760202,-0.16321503,-0.11004758,-0.33207983,0.59726834,0.3185691
3402,-6.113997,0.036939185,-1.2679793,-0.6805017,-0.56416565,0.1783636,0.08127507,-0.7696404,-0.083613254,0.24978964,0.48134464
3403,-6.411002,-0.1080441,-1.7271836,-0.8780744,0.02605128,0.12225144,-0.078989014,-0.11992002,0.22562651,0.46283647,0.22929351
3404,-6.100825,-0.081565745,-1.0911638,-0.47960114,-0.28939664,-0.14149778,-0.028855018,-0.069894895,-0.21752891,0.3329636,0.3121871
3405,-6.239315,-0.15898348,-0.7798724,-0.92748487,-0.42670622,-0.17496763,0.22435202,-0.17357016,0.03308245,0.3103086,0.39054334
3406,-5.1379046,0.24012065,-1.2663316,-0.52388203,-0.23119584,-0.06951836,0.25743708,-0.16989584,-0.093417704,0.268232,0.41630003
3407,-4.500071,-0.03241011,-1.1947275,-0.59055394,-0.23110521,0.25018936,0.15442318,0.090945356,-0.18641062,0.35202387,0.5320743
3408,-4.7737474,-0.13565905,-0.675979,-0.5263785,-0.07404264,0.21433997,0.005426329,-0.066977,-0.020580227,0.12053908,0.0066325744
3409,-5.109865,-0.089465685,-0.8494579,-0.44953787,-0.20006338,0.065842554,-0.008003344,-0.34509245,-0.032240443,0.61570853,0.21008769
3410,-6.7063346,-0.1547746,-1.1122324,-0.9372346,-0.2764107,-0.22274227,0.19748601,-0.09139214,-0.37502366,0.45855227,0.31824663
3411,-5.4614677,-0.5113844,-1.324623,-0.627366,0.13602124,-0.1622648,0.13931222,-0.027106503,0.2446969,0.60245246,0.13989046
3412,-7.9214044,-0.03312951,-1.7038031,-0.6118096,0.03438457,0.5876539,-0.06022781,-0.13885282,-0.14765815,0.37874657,0.6743143
3413,-4.9056234,0.032076724,-0.8660671,-0.40124887,-0.27980217,-0.3509164,-0.13077725,-0.2533055,-0.24139021,0.6907587,0.25890508
3414,-5.3184705,-0.5254216,-1.0514182,-0.7798405,0.07301264,-0.33200455,-0.25271547,0.041235037,0.31365448,0.46967041,-0.13828282
3415,-5.672752,-0.13640228,-0.922794,-0.54810035,-0.079201914,-0.2985857,-0.33751756,-0.2300473,0.051109053,0.5191357,0.045896977
3416,-5.4856257,-0.2748099,-1.1079292,-0.77664936,0.0655833,0.22851308,0.034128014,-0.027352,0.2458303,0.45887065,0.4636836
3417,-4.996116,-0.0155244535,-1.014918,-0.5702928,-0.07383524,0.0075654597,-0.1024996,0.18976872,-0.03377507,0.16823344,0.3337501
3418,-5.5333614,-0.22207358,-1.1010087,-0.63240874,0.25705898,0.07562416,-0.11761961,-0.010166621,0.13504823,0.5806735,0.37926704
3419,-5.55068,-0.00096970145,-1.0687282,-0.5486471,-0.06704449,0.33413905,0.2286727,-0.1466141,-0.026856082,0.48408693,0.39119592
3420,-5.6378884,-0.062279973,-1.3038019,-0.6130356,-0.28067183,0.7058225,-0.021501977,-0.73720175,-0.024074508,0.5374323,0.40371898
3421,-5.1578064,-0.40952337,-0.5559205,-0.5279247,-0.20020194,-0.14586046,-0.23393807,-0.25008523,-0.4451161,0.56223863,0.14127539
3422,-7.402179,-0.11531995,-1.657418,-0.9761404,-0.683828,-0.0014901003,0.08183132,-0.36627167,-0.07295547,0.7083772,0.7892272
3423,-4.8905206,-0.0015928214,-0.7364098,-0.41887593,-0.22449519,0.14592631,0.0036234907,-0.40798,-0.30748153,0.36176312,0.21432137
3424,-4.7803106,-0.22221686,-0.9242157,-0.5104552,-0.3805944,0.06989971,-0.035652354,-0.4910356,-0.15898353,0.5848307,0.42448565
3425,-6.1387653,-0.32044527,-1.1014367,-0.7684903,0.16101687,0.31723446,-0.30411232,-0.4138938,0.34563687,0.6349324,0.21947339
3426,-4.4945207,-0.010938716,-1.3308256,-0.4676849,0.36380285,0.020979391,-0.33430734,0.05541496,0.071091786,0.30792937,0.16855165
3427,-5.219077,-0.33819637,-0.98560387,-0.5579383,-0.19128409,-0.028357007,0.4086071,-0.13950999,-0.2721829,0.18750866,0.44349188
3428,-5.4082403,-0.15402214,-0.8337006,-0.5374114,-0.5231416,-0.121218175,0.22010931,-0.08809693,-0.25800633,0.6836382,0.38989478
3429,-6.753809,-0.14017771,-1.2340333,-0.9690493,-0.13254017,-0.18335225,-0.027380522,-0.16025613,0.3109863,0.8276141,0.2038723
3430,-5.708358,0.05291807,-0.8597721,-0.49283648,-0.44174698,-0.00014364952,0.03341978,0.09929275,-0.52138495,0.47385883,0.067578465
3431,-5.5446405,-0.21745746,-1.0319879,-0.37106836,0.09770069,0.20588139,-0.14118512,-0.34557426,-0.21754785,0.38988987,0.2621327
3432,-6.3911476,-0.024117325,-1.0400487,-0.9733296,-0.06468208,0.047621112,-0.30304253,-0.843909,0.3980105,0.54153067,0.18825924
3433,-4.739473,-0.14341797,-0.73207605,-0.34230006,-0.17712408,0.112133004,0.20440897,-0.37542877,-0.07538885,0.13243814,0.27883708
3434,-4.842638,-0.09518263,-0.90265965,-0.41408014,-0.1094908,0.00506067,-0.034889344,-0.49495104,-0.0392633,0.051637735,0.44566444
3435,-5.9856424,-0.1659575,-1.426925,-0.9432976,0.1528536,0.17829531,-0.1815799,-0.36369514,0.10330337,0.59922194,0.26231572
3436,-5.8553424,-0.15812151,-1.0148777,-0.578398,0.03518816,0.41926944,-0.16450547,-0.7301464,0.23637494,0.7784248,0.08398002
3437,-7.111219,-0.041736443,-1.977935,-0.555065,-0.21638086,-0.34884346,0.041489672,-0.1370572,-0.11925119,0.27094173,0.5936848
3438,-4.8409233,-0.09482825,-0.65141666,-0.45868814,-0.41564026,0.22850057,-0.3457543,-0.2716169,-0.027603434,0.25344858,0.18465492
3439,-5.7548203,-0.044604424,-0.9146709,-0.7122783,-0.18928626,-0.34230137,-0.1714213,-0.5137958,-0.27414656,0.3235844,0.28711522
3440,-5.049733,-0.055895332,-0.9506354,-0.60434073,0.0005465322,0.2647583,-0.2085004,-0.35783958,0.17280333,0.58088565,0.20677432
3441,-4.9631376,-0.12653798,-1.1899091,-0.4307937,0.0047495654,0.17413612,0.07903831,-0.17758064,-0.0064003263,0.66704047,0.13947052
3442,-7.716319,0.48096582,-1.5239793,-0.7668569,0.05101338,-0.11266813,-0.32178083,-0.05049316,-0.03946829,0.20441003,-0.042101502
3443,-6.5382047,-0.42890075,-0.8449409,-1.0924083,-1.124402,-0.054865636,0.025248047,-0.26141268,-0.10273781,0.3063518,0.75463295
3444,-3.7434611,-0.02046159,-1.0248867,-0.2016069,-0.17937946,0.06811115,0.18249829,-0.05910846,-0.2047268,0.07921478,0.16199823
3445,-5.550109,-0.40544185,-0.9746263,-0.4691276,0.07862781,0.17589068,-0.17529477,-0.22938807,-0.3174012,0.49996987,0.2519948
3446,-4.501811,-0.022292677,-1.1387948,-0.47824883,0.09351454,-0.17503957,0.24781735,0.15974061,-0.115349665,0.26629505,0.30430138
3447,-5.7235794,-0.16751532,-1.050985,-0.3107317,0.05650516,-0.126034,0.20493355,0.08451443,-0.13706371,0.3123612,0.50779647
3448,-7.4638314,-0.204107,-1.7574912,-0.8931204,-0.5164371,0.020104667,0.22400631,0.081245124,-0.32899392,1.2816615,0.6128632
3449,-5.09578,-0.15408476,-0.8332205,-0.6941466,-0.11327694,-0.07792053,-0.024899308,-0.20627956,-0.057602525,0.70407975,0.32274705
3450,-7.0179105,0.052656125,-1.1456398,-0.85416996,0.12920265,0.10579728,-0.3158334,-0.3759511,-0.077343404,0.38420826,0.5147845
3451,-4.953336,-0.24778329,-1.2194467,-0.46194893,0.4744347,-0.24899988,-0.37350836,0.025194844,-0.08744476,0.32411405,0.0008491576
3452,-8.925537,-0.6255388,-1.5435742,-0.8573183,-0.45637253,0.14005217,-0.25774476,-0.28779128,-0.24657018,0.2569787,0.5036715
3453,-6.1594133,-0.10350672,-0.74663216,-0.6546502,-0.12931071,0.26639694,0.06621748,-0.3959692,-0.1644007,0.23202743,0.48801172
3454,-5.915274,0.007134935,-1.1454754,-0.13565545,-0.3051659,0.21565822,0.17722571,-0.09700795,-0.16802147,0.5190763,0.35506544
3455,-6.41184,-0.17709298,-0.95694935,-0.8073816,-0.48117316,0.17544687,-0.1537436,-0.3714067,-0.3092851,0.15697981,0.6175714
3456,-6.125606,-0.30256534,-1.2303661,-0.9435717,-0.038496032,0.19869761,-0.15399104,-0.04381402,-0.07277548,0.5045443,0.46908882
3457,-5.863222,-0.11148219,-1.1619961,-0.8422569,0.11677604,-0.26634455,0.026830371,-0.17408797,0.009554468,0.7547183,0.13467765
3458,-7.4821353,-0.053542037,-1.7853485,-1.0977224,-0.29577923,0.4127769,-0.011666478,-0.35939065,0.34207964,0.58497965,0.5524813
3459,-5.778637,-0.20633917,-0.7335827,-0.6066251,-0.41624233,-0.02404784,-0.10989908,-0.068366885,-0.16639492,0.5589299,0.5622512
3460,-5.6925993,-0.21977556,-0.9024357,-0.6428334,0.0192401,-0.3344099,-0.049132522,-0.22185186,-0.26527518,0.22621197,0.3614415
3461,-6.243355,-0.14554772,-1.5916234,-0.95356077,0.309943,0.0018778536,-0.33096033,-0.20604867,0.26017907,0.3056731,0.3061855
3462,-7.253794,-0.2421716,-1.1778643,-1.2217568,-0.32579207,-0.054593857,-0.1717339,-0.55171037,0.40972295,0.69060546,0.5515396
3463,-5.8964033,0.098285,-1.3293014,-0.8262426,-0.40947792,-0.24374299,0.10189178,0.0733471,-0.2501846,0.6744672,0.36506
3464,-6.1464357,-0.3443325,-1.2237834,-0.87279093,-0.22929074,-0.38067156,-0.1946667,-0.13407144,0.014692562,0.71104157,0.20879744
3465,-5.4579635,-0.02065618,-1.1461962,-0.6375952,-0.13209625,-0.4473136,0.38051593,-0.013146717,-0.113401145,0.3169316,0.11693327
3466,-7.043785,-0.43490908,-1.2714043,-0.5798938,0.43809912,-0.068198755,-0.1465314,-0.10515001,-0.3967644,0.5866162,-0.04438224
3467,-4.5799174,-0.27532604,-1.0539708,-0.17005025,-0.109361745,0.016243342,-0.1992032,0.036505498,-0.26838356,0.3520656,0.17608036
3468,-5.237854,0.0858562,-1.0793889,-0.5351405,0.12832086,-0.18121889,0.012808151,-0.48184714,-0.026982008,0.477826,0.16320427
3469,-5.0233064,-0.20328692,-0.8055538,-0.4662562,0.23677449,0.0020451164,-0.25769162,-0.10673925,0.23671597,0.4865074,0.23849025
3470,-6.742539,-0.12750515,-0.83302516,-0.6240579,-0.30878645,-0.21148843,0.0001842156,-0.43454704,-0.26553586,-0.0042066937,0.51409805
3471,-5.366197,-0.21982163,-1.0946229,-0.6889024,-0.23937581,-0.3819226,0.31200382,0.017435417,-0.46645397,0.5891105,0.13820769
3472,-5.7229977,0.20393221,-1.7364463,-0.6087009,0.012956878,0.004285581,-0.14566249,-0.25449133,0.2306102,0.33407798,0.2802694
3473,-4.933291,-0.0018942002,-0.9385417,-0.499739,-0.08589285,0.24543858,0.17914969,-0.45013845,-0.05554132,0.09388271,0.2991386
3474,-7.7562103,0.16646096,-1.3342814,-0.8704228,-0.26277354,-0.08063771,0.06316086,-0.5995551,0.06444735,0.5707128,0.6043714
3475,-7.1150694,0.020341415,-1.3870357,-0.69628704,-0.10766511,-0.18346469,-0.28157717,-0.02165307,-0.23222864,0.4845482,0.15626594
3476,-5.924939,-0.1848756,-1.0812365,-1.0324129,-0.30993372,-0.16257341,-0.007484113,-0.26565808,0.19407243,0.6731335,0.6228828
3477,-5.7946177,-0.35634413,-1.1586171,-0.7890023,-0.050649613,0.17901468,-0.033171326,-0.44002154,0.26674142,0.56166714,0.07605302
3478,-4.9838877,-0.07051617,-1.0758301,-0.5314348,-0.1558017,0.09283834,-0.1807003,-0.20606947,-0.13032787,0.1571228,0.05035412
3479,-6.035399,0.1555626,-1.018765,-0.4956026,-0.37822825,0.07929037,0.023665683,0.14171496,-0.3316365,0.31083265,0.3843856
3480,-5.5319743,0.0887548,-1.0321953,-0.54648125,-0.0030169883,0.34033853,-0.24824046,-0.5610837,0.08599529,0.28720886,0.07948377
3481,-4.5993567,-0.3317151,-1.1604553,-0.6900284,0.07628582,-0.08568646,-0.4065336,-0.34604308,0.17531937,0.41560906,0.18296576
3482,-4.810288,-0.071820006,-1.0697653,-0.5559919,-0.21692948,-0.2616182,-0.09789631,0.013482118,-0.065044455,0.33274183,0.3917794
3483,-5.432884,0.16441423,-0.91971195,-0.5449594,0.17342992,-0.14337063,0.12276263,-0.3528542,-0.15723799,0.14467809,0.18548752
3484,-5.069191,0.061546538,-0.9979057,-0.2719254,-0.21373276,-0.24977975,0.3800455,0.336244,-0.22878662,0.35193053,0.2758455
3485,-3.7314723,-0.22518095,-0.9852993,-0.38968363,0.25081524,0.000248068,-0.09605908,-0.030484742,-0.083449125,0.40041104,0.24861379
3486,-4.6193385,-0.15702699,-1.1323813,-0.37061006,-0.4189089,0.09855316,0.046391577,-0.13987379,0.034043588,0.39906588,0.4451369
3487,-5.111038,-0.14623481,-0.9276331,-0.5046794,-0.49827164,0.09153685,0.018017344,0.07105207,-0.26535067,0.5535148,0.5429052
3488,-5.5602,-0.04396943,-0.9291271,-0.5275488,-0.27202165,0.08227173,-0.04580591,-0.23548555,-0.26789397,0.24739134,0.38753298
3489,-5.9192495,0.17167328,-1.2650473,-0.68548524,-0.026267959,-0.32968348,-0.0702915,-0.2619625,-0.0022539292,0.48399365,0.38607803
3490,-4.180851,-0.15073213,-0.8815721,-0.41668022,0.059241213,0.25833076,0.38688973,-0.17902853,-0.096327566,0.12276288,0.06557096
3491,-5.2290535,0.010556087,-0.8223363,-0.34314728,-0.011700017,-0.10732668,0.40011877,0.104227275,-0.020255817,0.29568416,0.5547855
3492,-6.9982896,-0.26295805,-1.3558124,-1.0839245,0.17697503,-0.38599867,0.03494446,-0.4693136,0.17918155,0.56226975,0.5524
3493,-4.5162525,-0.07461464,-0.92588913,-0.57549036,-0.15167254,0.1530257,0.2871748,-0.3030354,0.031240765,0.4300992,0.22967927
3494,-6.377892,-0.10317511,-1.0243475,-0.67068243,0.45185652,-0.09767479,-0.15932472,-0.042058975,0.008718519,0.7354733,0.33053407
3495,-5.4280386,-0.16007772,-0.9319374,-0.3334005,0.40597916,-0.32433242,-0.072706856,0.029540343,-0.14645146,-0.0053737117,0.11091859
3496,-6.896219,-0.037481025,-1.0024356,-0.29392546,0.17656094,0.01216447,-0.20291314,-0.51188236,-0.31398335,0.24033907,0.21534061
3497,-5.4775605,0.09498574,-0.85832053,-0.45013684,-0.060429797,0.38092345,0.17880064,-0.371778,-0.03581038,0.3046168,0.111599885
3498,-4.688432,-0.12604529,-0.84681535,-0.46930727,-0.13978024,0.040695544,0.013294803,-0.13105333,-0.14271028,0.47942153,0.24123436
3499,-5.949495,-0.101832494,-1.1043404,-0.6990178,0.14873214,-0.063925944,-0.056182317,-0.46226686,0.3531521,0.6660677,-0.051996417
3500,-5.6215615,0.002608662,-0.8822523,-0.8020371,-0.13272633,-0.10999399,0.21020138,-0.40261847,0.08124629,0.63784516,0.69740266
3501,-5.509703,-0.2092602,-0.62966,-0.53446764,-0.2520626,-0.0115734935,0.47178835,0.1255809,-0.34189224,0.14784524,0.59113187
3502,-5.5947757,-0.052481994,-1.095851,-0.5803322,-0.1380159,-0.12867261,-0.05081859,-0.27703938,-0.037376583,0.37322307,0.37159503
3503,-6.6136875,-0.14111921,-1.1564448,-0.46438792,0.25021893,-0.08381852,-0.3505921,-0.34772456,-0.0046426784,0.39353243,-0.08969235
3504,-4.131667,-0.07864949,-0.83757013,-0.2336666,-0.053465042,-0.09095996,-0.15435086,-0.113446474,-0.09279887,0.38047874,0.012247404
3505,-5.580752,0.14993203,-0.6599371,-0.9259708,-0.029192569,-0.6081251,0.12699634,-0.14100441,-0.1296978,0.64729565,0.30143318
3506,-5.1930704,-0.1864372,-1.0755526,-0.9688318,-0.20148036,-0.22824088,-0.30122045,-0.36683422,0.0022063898,0.23136355,0.33185247
3507,-3.6760905,-0.10572846,-0.52110755,-0.42554882,-0.17480077,0.17825347,0.1114816,-0.2871043,-0.10293897,0.45839736,0.21505491
3508,-5.165861,-0.24622808,-1.0132804,-0.6875254,-0.16572623,0.03369365,0.17480332,0.01568523,-0.15003172,0.66416216,0.23297986
3509,-5.4933367,0.12311193,-1.2880069,-0.5658179,0.32508948,0.07708139,-0.20458627,0.125663,-0.1708757,0.30354005,0.17619067
3510,-5.0677376,0.045751087,-1.2133569,-0.7608113,-0.023922622,0.17467795,-0.020202972,-0.96480906,0.09618439,0.4816061,0.4765207
3511,-4.314364,0.13127394,-0.6788337,-0.74206996,-0.29399273,-0.075236745,0.26296186,-0.103272215,0.025668778,0.5959792,0.40084183
3512,-5.857466,-0.19518636,-1.3203017,-0.9351991,-0.3517269,0.23690386,-0.14768979,-0.4244309,0.25687113,0.62370473,0.54370964
3513,-5.8342385,-0.21783048,-1.0368313,-0.7090146,-0.41369063,0.40447694,0.08887028,-0.28277165,-0.10954791,0.5171972,0.66150224
3514,-3.7787352,-0.06317187,-0.7030892,-0.3074955,-0.16716465,0.091066726,0.03771931,-0.20767863,0.0050837416,0.2601516,0.17884992
3515,-7.2085094,-0.04793859,-1.1440173,-0.9202814,0.10598877,1.9943807e-05,0.09571055,-0.35564384,-0.28096065,0.6190672,0.046897713
3516,-5.8601418,-0.009835993,-1.7105322,-1.0005147,-0.101480484,-0.22734222,-0.33694184,-0.23847397,0.12734255,0.6232991,0.16199508
3517,-5.521038,-0.09598959,-1.1934249,-0.7024282,0.29308212,-0.12716089,-0.2999803,-0.15275986,0.38221216,0.4048947,0.11339673
3518,-6.775881,-0.2971894,-1.2591829,-0.7388603,-0.3641969,-0.15316257,0.06491258,-0.3224215,-0.28589135,0.4179772,0.08362592
3519,-6.34183,0.27413303,-1.4734851,-0.63047224,0.30342743,-0.036168005,-0.15314768,-0.21966316,-0.1880063,0.22991377,0.20882122
3520,-6.2672963,0.2448045,-0.83982486,-0.78877324,-0.26723364,-0.15218852,-0.009560497,-0.0014156923,-0.24976744,0.38762584,0.44264722
3521,-4.353206,-0.16835992,-0.9200765,-0.30403215,0.16517712,-0.22905013,-0.134521,0.2753514,-0.20167424,0.34227413,0.014548594
3522,-8.328675,0.0152891595,-1.7528883,-0.7394411,0.3858006,-0.15304266,-0.65550476,-0.24471518,0.033895172,0.22926618,0.13653784
3523,-5.3595934,-0.1973355,-1.1809769,-0.68950754,-0.1910662,0.19499442,0.15876806,0.086671725,-0.021048749,0.31441134,0.3793122
3524,-5.374573,-0.08421499,-1.1501408,-0.34178984,-0.117431104,0.25149137,-0.04515817,0.13834883,-0.09204249,0.49071378,0.3243763
3525,-5.781407,-0.26981005,-1.247027,-0.70736593,0.1853119,0.4355448,-0.107217826,-0.22761309,0.17394075,0.6473881,0.2062912
3526,-7.018381,-0.20061405,-1.1023768,-0.16367048,-0.099308744,-0.2250243,-0.17194858,-0.52070826,-0.23852642,-0.15606914,0.533526
3527,-4.594578,-0.043414652,-0.73704165,-0.39698154,-0.2708846,0.12799357,0.0970502,0.15738405,-0.19533351,0.22171207,0.4492016
3528,-4.1688538,-0.17290196,-0.7999523,-0.33893943,-0.08058419,-0.19706061,-0.018751387,-0.059779696,-0.21391502,0.2025838,0.2990772
3529,-4.5057187,-0.17445812,-0.87195176,-0.12353061,-0.36608413,0.054730516,0.003898947,0.19606605,-0.08666965,0.4394216,0.2869526
3530,-5.2285542,0.09607046,-0.94323474,-0.5789741,-0.18744838,-0.23243181,0.038829193,-0.46839648,0.04597377,0.18428591,0.33343625
3531,-5.074698,-0.11787087,-0.96307373,-0.47524256,-0.22400726,-0.39530188,-0.0451199,-0.48008376,0.033835605,0.29828796,0.37539858
3532,-4.0365815,-0.11049372,-0.8357542,-0.5303844,0.17604607,0.08036691,0.002888103,0.18303017,0.055845365,0.14203088,0.21788268
3533,-7.321323,0.20580621,-1.4091604,-0.48302755,-0.052220553,-0.5653618,0.21023062,-0.29933348,-0.39199346,0.29235604,0.4421079
3534,-6.3149295,-0.16013679,-1.6476563,-0.7181343,-0.23839055,0.31856316,-0.040359,-0.22078218,-0.15827264,0.55969185,0.4192925
3535,-5.28784,-0.035648532,-1.1281962,-0.53829044,-0.02845327,-0.24114247,0.013435658,-0.1290779,-0.3055774,0.5588876,0.17901081
3536,-7.103499,-0.39325875,-1.4113685,-1.1339042,0.34577072,0.122778736,-0.44433433,-0.5743766,-0.07040644,0.6575781,0.04336957
3537,-5.9330053,-0.56544244,-0.8637095,-0.85322905,-0.21264969,-0.36325425,-0.23780629,-0.17320073,0.32993367,0.93465143,0.1794508
3538,-6.6528006,-0.11151233,-0.84949505,-0.976053,-0.06556801,0.15275232,-0.17651068,-0.040974326,0.035321515,0.8365472,0.25550738
3539,-6.5713263,-0.27952525,-1.2797354,-1.0174075,-0.28222606,0.13630924,0.28080425,-0.39042774,-0.11730549,0.29933938,0.6613794
3540,-6.4165435,-0.26786184,-1.2221903,-0.81820124,-0.60969794,-0.037778035,-0.23056225,-0.27365956,0.12714568,0.40357456,0.8093642
3541,-6.5581965,-0.18969405,-1.5362502,-0.6430358,0.4000504,-0.067003444,-0.15395033,0.015688268,0.11382224,0.32209298,-0.14924978
3542,-6.9210377,-0.13471995,-1.1452178,-0.8394502,-0.86643595,0.18066803,-0.16475573,-0.09130525,-0.38441554,0.5621802,0.41836524
3543,-4.7175307,-0.1198488,-0.6682406,-0.3146154,-0.07608248,-0.012129273,0.33254537,-0.17364514,-0.1569928,0.30425492,0.31298923
3544,-5.458124,0.013043532,-1.1632872,-0.35759446,-0.3149965,-0.142115,-0.22350895,-0.1951312,-0.2147218,0.4335077,0.18256184
3545,-6.335155,-0.12825291,-1.0863764,-0.69133574,0.2960345,0.11416801,-0.089641795,-0.31174502,-0.009399522,0.07625306,0.0155141335
3546,-4.5787215,-0.26162937,-0.810057,-0.43440133,-0.15226233,0.14339252,0.05938686,-0.07626245,0.10842273,0.3932356,0.5831946
3547,-7.8106184,-0.48930433,-1.1932327,-0.78267,-0.71198994,-0.47150463,0.4209271,-0.33588594,-0.31603056,-0.07090153,0.65042275
3548,-6.5590744,0.07727363,-1.3336067,-0.62398773,-0.07626995,0.08865424,-0.069382906,0.09353386,-0.192074,0.43146318,0.6233736
3549,-6.7744856,0.005889874,-1.3584143,-0.83056915,0.044401135,-0.31812894,0.1410229,-0.46617928,0.14216338,0.52189547,0.55415803
3550,-4.441997,-0.07991368,-0.9578221,-0.34572193,-0.024236923,0.16984242,-0.027600035,-0.226396,-0.11820683,0.20619349,0.2600997
3551,-4.7477145,0.06299989,-0.98792446,-0.20025174,0.11464022,0.024797453,0.017969478,-0.030422928,-0.28205594,0.07393368,0.37125096
3552,-4.4332104,-0.058455516,-0.93010837,-0.6418869,-0.18773797,0.052074295,-0.10206955,-0.21557651,0.003918183,0.37043327,0.28013015
3553,-4.856217,0.01192886,-0.9176944,-0.3108925,0.19159018,-0.25880784,-0.180834,0.05757054,-0.030000007,0.44482052,-0.042534936
3554,-4.621395,0.07205069,-0.9009357,-0.6328443,-0.09499161,-0.24448936,-0.21899647,-0.21002631,-0.088896215,0.56519353,0.37757495
3555,-4.7255216,-0.14299951,-0.85415083,-0.57112736,-0.21568352,-0.16202712,0.37308654,-0.43131617,0.049331464,0.4278756,0.13881297
3556,-4.9847302,-0.13588504,-0.76242346,-0.6673564,-0.11702151,-0.046976607,0.1519383,-0.14574413,-0.062897876,0.15399478,0.62501377
3557,-5.616447,-0.032921202,-1.2402766,-0.6342529,0.12319855,-0.0985826,-0.14960486,-0.06484941,-0.02258042,0.46931818,0.20830694
3558,-5.549065,0.015401417,-1.2604022,-0.64930093,0.021514935,0.09460813,-0.5302251,-0.58481663,-0.050380073,0.17055205,0.14718795
3559,-5.3850317,-0.26248115,-0.867951,-0.45243245,0.25948694,0.16356382,-0.07987423,0.076347746,0.036396816,0.20152785,0.23473129
3560,-7.4060345,-0.37138933,-1.286999,-0.76241285,-1.1317112,0.20618103,0.58032745,-0.3289251,-0.4259061,0.29697675,0.77525777
3561,-5.7948303,-0.0038463576,-0.9950485,-0.42851985,-0.32629314,0.08152814,-0.037534494,-0.31623098,-0.38710213,0.23679224,0.16454251
3562,-5.559815,-0.1286423,-1.089511,-0.8510075,-0.1990409,-0.26570582,0.27542526,-0.24498558,-0.013501208,0.51657265,0.27037245
3563,-4.6935687,-0.12575088,-0.83521956,-0.26802838,-0.13088106,-0.060245365,-0.10301592,-0.15248826,-0.14395303,0.43532926,0.054998104
3564,-6.1522813,-0.0362391,-0.6467715,-0.77607703,-0.44497147,-0.20236552,-0.013678047,-0.047135435,-0.29480213,0.3613946,0.3982307
3565,-4.408859,-0.11734028,-1.012513,-0.27125898,0.05269155,-0.0077325758,-0.23131153,0.1512689,-0.057002574,0.30275014,0.0691825
3566,-4.78922,-0.09093329,-1.1364478,-0.5356053,-0.20463848,-0.2354662,-0.046407856,-0.41076645,-0.014864085,0.21242106,0.45457232
3567,-6.4415264,-0.5329497,-1.8041899,-0.8379403,0.39601526,0.07822656,-0.26196933,0.01947347,0.22629331,0.18438706,0.47405872
3568,-6.3070035,-0.12176032,-1.1350467,-0.7072891,0.058806878,0.02196404,-0.07272282,-0.19728245,0.106882766,0.8827171,0.39079365
3569,-5.6900797,0.026034921,-0.8228504,-0.6296738,-0.422358,-0.03852771,0.096459456,-0.044233754,-0.10679348,0.5372858,0.43246976
3570,-5.3504415,-0.19572674,-1.2179108,-0.7760849,-0.3671454,-0.052400168,-0.13182053,-0.3414355,-0.10579494,0.35915083,0.50087124
3571,-5.4402533,-0.08312509,-1.1711711,-0.86416095,-0.5732635,-0.0028531775,-0.062163047,-0.31154495,0.05897356,0.545929,0.7996287
3572,-5.0130205,-0.17150402,-1.2272325,-0.6036497,0.18000218,-0.081063345,-0.1416196,-0.028138438,0.07227825,0.30819997,0.033059087
3573,-6.8081155,0.12562431,-1.2952372,-0.3853747,0.27715862,-0.07180926,-0.20865628,0.03515635,-0.3310284,0.09763933,0.26426807
3574,-3.8710396,-0.041053176,-0.90549755,-0.6026201,-0.16893491,-0.103514366,-0.16088425,-0.03335598,-0.09129385,0.2629976,0.08779094
3575,-4.266768,-0.03625379,-1.007482,-0.32876632,0.031243362,0.26197737,-0.027483314,-0.110857256,-0.20401919,0.17918104,0.3951709
3576,-7.4846435,0.12807319,-1.4535247,-0.7079037,0.37134334,0.267663,-0.14749497,-0.48935464,0.24802156,0.07540188,0.4331149
3577,-5.635556,0.08587478,-0.91238564,-0.41527054,0.12341037,0.11138755,0.2002314,-0.07764966,-0.22603494,0.08040998,0.42056555
3578,-4.709914,-0.008490778,-0.92749786,-0.5160566,-0.44833934,0.2660628,-0.019618496,-0.2273947,0.17338377,0.46111652,0.394013
3579,-5.0553937,-0.27072206,-1.0400038,-0.91288257,-0.38413092,0.15219161,0.011713937,-0.1711704,0.08083648,0.46301445,0.51115584
3580,-7.525846,-0.19753994,-1.3810872,-0.863442,-0.99794847,0.23284543,0.60922295,0.22848345,-0.23021658,0.62702525,0.79959714
3581,-6.211205,0.1544522,-1.2030269,-0.8187045,-0.043503538,-0.08483012,-0.11265879,-0.32715562,-0.052565567,0.6087514,0.22883973
3582,-6.87057,0.08611415,-1.9775229,-0.75175923,-0.24103558,0.14383724,0.008506843,-0.23400226,0.097164735,0.68797386,0.25131506
3583,-5.8379755,-0.13640498,-0.9725203,-0.58418256,-0.45332006,-0.014847193,-0.17081228,-0.0075391065,-0.26290274,0.5130088,0.2058597
3584,-6.227681,-0.33823705,-1.2058196,-0.9767291,-0.38076207,0.03423523,0.19637562,-0.6210453,0.0992306,0.55118316,0.45037833
3585,-5.56625,0.034816924,-1.0800483,-0.25532216,-0.19616982,-0.3128401,-0.014640425,-0.090863824,-0.23541598,0.02884465,0.46082842
3586,-4.785987,0.0029826188,-1.1582702,-0.61712664,-0.016729183,-0.17836995,-0.17533638,-0.3605444,0.0717119,0.4907554,0.006144638
3587,-6.472015,-0.3308272,-1.0717678,-1.1424136,-0.3420267,0.5243092,-0.057354122,-0.5085698,0.14194414,0.23604418,0.5102329
3588,-5.896781,-0.14650865,-1.0784221,-0.48571417,-0.24427944,-0.20064853,-0.019354813,-0.084025756,-0.42906365,0.5145935,0.4879001
3589,-7.1977196,-0.0025757495,-1.2625794,-1.0595516,-0.32633352,-0.013638549,-0.26364082,0.00037720427,-0.103477255,0.17803636,0.17971954
3590,-4.9249997,-0.10360452,-0.7738598,-0.79788953,-0.09714855,-0.14314058,-0.020813577,-0.38257048,0.09845481,0.054997914,0.32303435
3591,-4.6438274,-0.24130191,-0.6713596,-0.7390154,-0.47768876,-0.16382153,0.026830565,-0.13975197,-0.10333727,0.35873452,0.30765072
3592,-4.1858106,-0.049640484,-0.8981843,-0.66574496,0.10218911,0.025644746,0.12940146,-0.07960944,0.037172176,0.09712561,0.36584535
3593,-4.769919,0.05080962,-0.8324618,-0.7513656,-0.25596824,-0.0467373,0.19263485,-0.13822372,-0.13038804,0.5164934,0.34260285
3594,-7.033801,-0.00815495,-1.4205414,-0.39305604,0.40012616,-0.33375686,-0.36976182,0.01776055,-0.17002912,0.39281672,0.36560842
3595,-7.1393986,-0.08998494,-1.410247,-0.9737007,-0.046554305,0.06444385,0.1526339,0.15470469,-0.053182222,0.51732284,0.8202571
3596,-6.044211,-0.1624824,-1.1072391,-0.46622434,-0.26164603,0.55824333,0.042694665,-0.17950407,-0.41479978,0.7858168,0.41053525
3597,-6.1980395,-0.055125643,-1.0697993,-0.5570637,0.11420825,-0.0798283,-0.12131899,-0.050660565,0.1409443,0.49148634,0.2807976
3598,-4.392975,-0.094675995,-1.1828771,-0.5255003,0.05218723,0.06758945,-0.060339108,-0.15810736,0.13628623,0.5090713,0.20245619
3599,-5.0529084,-0.19722313,-1.2004074,-0.39618763,-0.027881349,0.10162261,0.037715197,-0.29943994,0.028933477,0.1516999,0.18848594
3600,-5.526879,0.04880267,-1.0807179,-0.39426124,-0.15327089,-0.2809859,0.14285664,0.083404124,-0.11025946,0.2015479,0.48103067
3601,-5.616087,-0.17157239,-1.0887201,-0.6021035,0.09751163,-0.33706874,-0.05131246,0.16076864,0.019003727,0.18853223,0.43524963
3602,-6.287692,-0.35459265,-1.2089905,-0.7376689,-0.48854896,-0.15132995,0.0104966825,-0.27984646,-0.46849185,0.11515834,0.5867899
3603,-5.8934216,-0.088072725,-0.9017466,-0.80772,-0.24039929,-0.03184587,0.109977186,0.043838084,-0.1459515,0.5824326,0.36378992
3604,-6.923208,-0.20387357,-1.2302599,-0.81620806,-0.070638545,0.0030977875,0.03916279,0.0578482,0.1761257,0.7013103,0.1537854
3605,-5.8531075,-0.004033706,-1.6876813,-1.094998,0.036133133,0.13276295,-0.059069365,-0.64303327,0.050229467,0.13663323,0.47356528
3606,-5.253903,-0.22113593,-0.91992736,-0.742237,-0.10694555,0.28662664,0.12944059,-0.35150835,-0.09049374,0.5255646,0.31969705
3607,-5.370214,-0.09132069,-1.0803999,-0.7836593,-0.04287539,0.06403379,-0.22335961,-0.03828883,0.1809984,0.61263794,0.58585477
3608,-4.250581,-0.08257256,-0.9494518,-0.5639829,-0.119747214,0.11820821,-0.02568204,0.28083977,0.17567877,0.52342933,0.2789648
3609,-4.2827215,-0.08044271,-0.78312635,-0.7934787,-0.6787384,-0.0030163638,0.15886548,-0.1319496,0.010208648,0.31102094,0.56127506
3610,-8.4611635,0.14335537,-1.6120496,-0.996959,-0.32735088,0.025751194,-0.32289708,-0.27917156,-0.31886142,0.12052873,0.61716604
3611,-5.7826734,0.01826589,-1.343103,-0.36833048,-0.06547316,-0.23520209,-0.37581226,-0.2792314,-0.20252962,0.50766915,0.14177838
3612,-7.1112347,-0.16730152,-1.4998511,-0.95836484,-0.03542426,-0.31310916,-0.05876241,0.011277146,0.26622713,0.9843991,0.16041386
3613,-5.3500404,-0.21764274,-0.8609133,-0.8660087,-0.4086787,-0.08447547,-0.030347243,-0.18651113,-0.050136626,0.37969393,0.32051012
3614,-5.666473,-0.47933027,-1.1845332,-0.75240844,0.16472423,-0.39579892,-0.15655804,-0.08003972,-0.2210169,0.09734006,0.049256794
3615,-5.6112285,0.028387804,-1.1737872,-0.16847287,0.39186233,-0.3900686,-0.3373506,0.18699971,-0.263757,0.2998127,0.063603476
3616,-6.4428415,-0.31318057,-1.4056169,-0.82679594,0.13727744,-0.21238057,-0.22340381,-0.10802628,-0.062052988,0.9145332,0.44796222
3617,-4.9295344,-0.16469075,-0.9131042,-0.20767468,-0.13522457,0.33733082,0.043479696,-0.13949789,-0.13926226,0.7945796,0.08964444
3618,-5.793207,-0.12842034,-1.0558745,-0.8657681,-0.11204814,0.29158586,-0.13609034,-0.4860996,0.0032562148,0.1854326,0.40057486
3619,-8.497708,-0.23963074,-1.5348434,-1.0097979,0.24349359,0.45918494,-0.28885126,-0.24209437,-0.14817043,0.29831213,0.15622437
3620,-6.958583,-0.18501759,-1.199158,-0.82958317,-0.47710848,-0.5527018,0.504158,-0.17040583,-0.5066478,0.6792439,0.28994223
3621,-6.3170667,-0.28357646,-1.4142233,-0.7701825,-0.03633557,-0.32228667,-0.2624728,-0.3977233,0.062388904,0.3970843,0.08175684
3622,-4.53877,-0.031289894,-1.1260602,-0.46392736,-0.01522105,0.1232334,-0.21143292,-0.2530504,0.10454042,0.13923177,0.26788783
3623,-3.1966681,-0.28095952,-0.5602907,-0.4455185,-0.048828762,0.18415259,0.07165981,-0.24906752,0.012606312,0.042136222,0.25981015
3624,-4.7921405,-0.15161622,-1.0147194,-0.4093953,-0.083302006,0.3329845,-0.15626322,-0.03847909,-0.16026568,0.11529995,0.22175491
3625,-4.856309,-0.45274568,-0.9015016,-0.63115436,-0.58791494,-0.07037642,0.22410692,0.027497262,-0.16483219,0.38028714,0.4817103
3626,-5.667503,0.03733889,-1.031537,-0.70616907,-0.024457356,-0.18840136,-0.0014103549,-0.032759234,-0.15002193,0.4573652,0.5047468
3627,-5.49715,-0.19148569,-0.98750937,-0.624442,-0.33331674,-0.110865965,0.1565632,-0.26743853,-0.10537531,0.28549865,0.56710917
3628,-5.730935,-0.030982748,-1.555578,-0.5972114,-0.26740775,0.0983923,0.2112537,0.25395948,-0.27370393,0.6332214,0.68129396
3629,-4.2892404,-0.14974241,-1.2118742,-0.61810565,-0.23634687,0.24632427,-0.117410325,-0.06997363,0.2698182,0.45834777,0.23999222
3630,-5.411928,-0.23181562,-0.95177317,-0.12808174,-0.06810009,0.008840118,-0.020683944,-0.11382206,-0.23017514,0.36355257,-0.030334856
3631,-5.007229,-0.26416308,-1.1745816,-0.30484113,0.043066394,0.0651727,-0.29424986,-0.25684565,-0.34203163,0.37334415,0.16889174
3632,-4.780263,0.0347295,-1.0570376,-0.30624405,-0.39513248,-0.3219,0.06297347,0.0020779548,-0.28428638,0.14455259,0.4001359
3633,-4.806359,-0.12978952,-0.95096713,-0.48203173,-0.09175666,-0.18276246,-0.071359105,-0.27273396,0.03360457,0.23667075,0.36017418
3634,-5.811828,-0.35528833,-0.7966096,-0.5971836,-0.12811282,-0.22949637,-0.3769362,0.12990272,-0.0717169,0.70522815,0.2825614
3635,-3.925889,-0.13536768,-0.53377366,-0.45793876,-0.52540445,-0.020018818,0.15517531,-0.12389021,-0.1907994,0.19994193,0.17299335
3636,-5.638399,0.15724128,-1.2266142,-0.55474514,0.05898408,-0.32887542,-0.28260133,-0.16130622,-0.32236257,0.53734756,0.2649658
3637,-4.6858506,-0.22767381,-0.90396595,-0.10519115,0.035843376,0.14174424,-0.16076663,-0.20997193,-0.097146064,0.5521524,0.0044674156
3638,-5.557761,-0.07926543,-1.0303183,-0.27816162,-0.058807455,-0.089672506,0.023436487,-0.22797443,-0.20998286,0.24846064,0.29247832
3639,-5.501113,-0.05148157,-1.64554,-0.4408974,0.45605302,0.12638545,-0.25320902,-0.29640946,-0.31049287,0.2357522,-0.10744568
3640,-6.432092,0.016409438,-1.3472496,-0.47288775,-0.058152467,-0.23785086,0.121466324,0.08631678,0.14667523,0.6941629,0.29964402
3641,-6.668796,0.005760173,-1.6378936,-0.4814053,-0.3754148,-0.12681416,0.0021663671,-0.36177704,-0.012111004,0.22165635,0.60104513
3642,-5.6940413,-0.4188023,-1.0268986,-0.6594407,-0.79911727,-0.1015355,0.6419305,0.1270435,-0.17036086,0.4205026,0.6888452
3643,-7.4799476,-0.6203858,-1.5933185,-0.9138045,-0.6011882,0.2576065,0.16889855,-0.49772993,-0.27748653,0.3509503,0.90571564
3644,-4.7254,-0.070255704,-0.8172174,-0.3917793,-0.23416194,-0.21261397,-0.108192734,-0.30761796,0.001254661,0.30823603,0.6074809
3645,-5.0966287,-0.030435488,-1.2095358,-0.6415255,0.22910386,-0.0034677824,-0.17205635,-0.15762699,-0.14544491,0.7624032,0.14701104
3646,-5.5421705,-0.07234356,-0.9892462,-0.3844564,-0.09326251,-0.28379112,-0.3587682,-0.08292076,-0.17520072,0.2025595,0.097721264
3647,-5.1167345,0.055526022,-0.9204319,-0.58077836,-0.32622203,0.06648817,-0.21233723,-0.56362927,0.16025256,0.36570665,0.22459911
3648,-4.078092,0.0012116991,-0.7639522,-0.31912634,-0.106845886,0.09091959,0.05747012,-0.2793677,-0.052018307,0.44118634,0.41944247
3649,-4.8116817,-0.12688409,-0.8682656,-0.75769144,0.14443971,0.07172096,-0.30213737,-0.23759457,0.021950511,0.39543387,-0.061883733
3650,-5.5088,-0.16696037,-0.75981873,-0.42201853,-0.64019686,0.2532426,-0.08507747,-0.49248233,-0.056980364,0.2010192,0.42407003
3651,-5.839078,-0.49089828,-1.0305966,-0.78775865,-0.6211425,0.07540161,-0.15951824,-0.14815208,0.32372475,0.51637363,0.6295442
3652,-6.4454803,-0.21266639,-1.1295893,-0.90196127,-0.30859053,0.20339143,-0.0280032,-0.41697633,0.07921127,0.8234013,0.5050096
3653,-6.9629135,0.16031349,-1.5237216,-0.8863806,0.35968536,-0.034091175,-0.17639525,-0.29459977,0.20468569,0.6211099,0.22105655
3654,-5.2062926,-0.3776694,-1.0039335,-0.508839,-0.04547541,0.33129108,-0.021701228,-0.30375808,-0.10970266,0.41202074,0.46515623
3655,-3.8185573,-0.0023671882,-0.6768913,-0.42190903,-0.13636117,-0.29506463,-0.12070616,-0.20233424,-0.026484342,0.3067504,0.33112106
3656,-5.172505,-0.015201694,-1.2218372,-0.2878736,-0.1663906,-0.23726127,-0.04502223,-0.16106787,-0.42666078,0.48940215,0.1514638
3657,-5.01217,-0.288408,-0.61722416,-0.7688223,-0.2819275,0.013060812,0.015164098,-0.20213103,0.104185745,0.5024174,0.23753886
3658,-5.7380924,-0.32002887,-0.87504154,-0.6816527,-0.2341434,0.100740865,0.12283619,-0.5059518,-0.12849471,0.26073036,0.5245005
3659,-6.677803,-0.15116613,-0.9027838,-0.80234885,0.047598556,-0.017021196,0.066065736,-0.05130174,-0.076687045,0.98371786,0.37492737
3660,-6.364202,0.0021739113,-1.3892015,-0.6963283,-0.54177445,0.18795466,-0.011842986,-0.26737615,0.024228288,0.9263079,0.48504546
3661,-4.5977945,-0.121214196,-0.90513927,-0.32445225,0.3327301,-0.24141005,-0.038414005,-0.26262346,0.011809498,-0.079690196,0.2890467
3662,-4.1213326,-0.07721087,-0.80843663,-0.42076543,-0.57321846,-0.093248785,0.054624546,-0.13032259,-0.10322003,0.5337272,0.21468137
3663,-6.6751328,0.3220843,-1.4057637,-0.5496203,0.26080942,-0.19249699,-0.10896919,0.16137959,-0.14038023,0.32494074,0.35629895
3664,-6.7935495,0.017671367,-1.2651412,-0.4853118,-0.07361808,0.15304825,0.24676701,-0.3597226,-0.17467146,0.49946973,0.07884562
3665,-4.63907,-0.07912144,-0.89991033,-0.5243592,-0.13595206,-0.07130346,-0.2703797,-0.07345709,-0.0033328235,0.31907886,0.01588146
3666,-7.2261014,0.17848946,-1.726189,-0.7345569,0.35943252,0.263694,-0.26150066,-0.5871768,0.15325414,0.3183563,0.53385234
3667,-4.9536757,-0.20399177,-0.724239,-0.57715774,-0.13352892,0.50733113,-0.07719741,-0.58365697,-0.14639066,0.28468782,0.062778756
3668,-5.3340073,-0.15931055,-0.9877589,-0.9721109,-0.18494129,0.10665632,0.01978245,-0.24122876,0.3289505,0.58303225,0.31761554
3669,-4.670982,0.09070943,-0.8730075,-0.48647445,-0.3455947,0.27610278,-0.07580194,-0.14126427,0.12086433,0.2667746,0.15394457
3670,-4.414354,-0.31511062,-1.1457758,-0.46891168,-0.435471,-0.07701512,-0.0052505257,0.07554067,0.07895771,0.35848027,0.5914758
3671,-5.873652,-0.17390367,-1.1724976,-0.88932806,-0.49617165,-0.34638268,0.22619088,-0.21142465,-0.104759894,0.65792114,0.34540293
3672,-6.2830715,0.25495744,-1.2079641,-0.8404803,-0.06979567,0.05218794,-0.067836486,-0.25870106,-0.10071961,0.54684204,0.2785413
3673,-6.9302664,-0.10602738,-1.5453314,-0.52594465,0.44606507,-0.26693636,-0.16802454,-0.28722918,0.005024855,-0.10184241,0.53818095
3674,-4.1698837,-0.23921119,-0.8433871,-0.51355344,-0.19218227,0.2836882,0.09105442,-0.25150087,-0.056597672,0.2471607,0.35401973
3675,-6.4390426,0.12391968,-1.1626186,-0.9278068,0.11703635,-0.11577858,0.047835033,-0.64705545,-0.061829105,0.27897656,0.30754116
3676,-6.2833996,-0.015957978,-1.0524538,-0.7265766,-0.10840735,0.25596476,-0.076650515,-0.3516641,0.076960735,0.22258067,0.2802965
3677,-5.018883,-0.21899566,-1.2938974,-0.32796463,0.14815485,0.18468738,0.0823749,-0.32066286,-0.046023108,0.27494073,0.05167631
3678,-5.0588975,-0.10509766,-0.6909124,-0.6431111,-0.13987108,-0.20519322,-0.095065705,-0.29472283,0.021279313,0.11659076,0.41571704
3679,-5.823079,-0.21942249,-1.3093997,-0.48158106,-0.063924566,0.461487,0.29619265,-0.16963448,-0.050259814,0.2604254,0.40529385
3680,-5.8456116,-0.25977436,-0.9439859,-0.6814725,-0.24061038,-0.27797782,0.19184132,-0.11134438,-0.07140822,0.15623888,0.5536314
3681,-3.5640023,-0.09168182,-0.90360403,-0.38872346,0.06960617,-0.007132695,-0.11085171,-0.07463549,-0.0072112624,0.13416941,0.28553364
3682,-6.0240717,-0.503695,-0.8662179,-0.55826694,-0.37341353,0.36315,0.046540905,-0.67911386,-0.14515136,0.21083656,0.4449164
3683,-5.79587,-0.015157857,-1.3042499,-0.24214217,0.4076898,-0.06899422,-0.22841947,-0.17056558,-0.14394745,0.1624528,0.0520599
3684,-7.429729,-0.069717854,-1.5904683,-0.342287,-0.63417536,0.46686357,0.30955774,-0.10926937,-0.2743461,0.74514806,0.6567597
3685,-4.093018,-0.099207826,-0.9204169,-0.62025404,-0.053223044,0.026204953,0.010222741,-0.054203995,0.24478896,0.3209703,0.3238161
3686,-4.0872374,0.122253515,-0.6802227,-0.4849763,-0.2609886,0.025801852,0.13216439,-0.19860362,-0.071926236,0.17611109,0.33319488
3687,-6.8400598,0.1592461,-1.3825903,-0.68940324,0.19945575,0.0017091534,-0.032798156,-0.6368032,-0.13278294,0.20800593,0.09092121
3688,-6.4399805,-0.041263945,-1.5001516,-0.80559415,0.021711346,0.3614602,-0.118828334,-0.19223246,0.2503662,0.7439103,0.12744556
3689,-5.284635,-0.11105058,-1.1109995,-0.81461185,0.1610478,0.44741243,-0.12213511,-0.18233399,0.18444829,0.55312353,0.36732742
3690,-5.9807024,-0.20300692,-1.2459394,-0.42132288,-0.37269622,-0.23833351,0.30367202,0.20198596,-0.24810393,0.18554601,0.7182101
3691,-5.2687116,-0.05004035,-0.77487534,-0.4162223,-0.054664943,0.22855426,-0.13792819,-0.15742736,0.114392325,0.4782154,0.2435793
3692,-5.4948792,-0.034625087,-1.4175723,-0.72995245,-0.051475134,0.16049598,0.03744213,-0.18944934,0.13184746,0.4338636,0.283632
3693,-4.806705,0.116613105,-1.132583,-0.11895749,0.10036947,-0.0005017407,-0.05372101,-0.06518915,-0.23174404,0.17824565,0.2879409
3694,-6.640966,0.1262534,-1.4441023,-0.6991306,-0.2850728,-0.10739742,0.11965751,-0.059178352,-0.32186046,0.47803682,0.47712076
3695,-5.240594,0.20683531,-1.3400798,-0.3887998,0.2028127,0.31214088,-0.09796252,-0.35009104,-0.05014494,0.38094997,0.26012692
3696,-4.7311893,-0.17344531,-0.8610755,-0.34931916,0.19900462,0.0055788574,0.13068518,-0.07913962,-0.019494312,0.13680343,0.3738979
3697,-5.6178584,-0.28560206,-1.1436284,-0.9072721,-0.35893697,-0.11719708,0.078899816,-0.068954706,0.016568394,0.7631666,0.081546076
3698,-4.387192,-0.18925023,-1.0659244,-0.5113981,0.046501048,-0.029123046,-0.05841369,-0.32958594,0.055029437,0.3489494,0.13298012
3699,-7.1519656,-0.16079998,-1.0561692,-0.8116539,-0.12451752,0.00914601,0.19211145,-0.2882923,-0.018801803,0.31985006,0.33768174
3700,-4.9674606,-0.18936287,-1.0926245,-0.71542704,-0.28508568,-0.32879537,0.108409815,0.10983182,-0.0123741515,0.28249145,0.26635247
3701,-5.4108276,0.061336424,-1.073828,-0.6546092,-0.07297525,-0.14851588,-0.11753509,-0.12914345,0.046098758,0.42828918,0.23078871
3702,-7.807752,0.02781083,-1.6907765,-0.6737992,0.0048640925,0.15409702,-0.25206202,-0.052443266,-0.038624085,0.3296798,0.16526785
3703,-6.4379807,-0.23539664,-1.2266371,-0.7710193,-0.024186714,0.27177888,-0.19657604,0.073637225,0.06487128,0.8465955,0.51232636
3704,-8.181201,-0.33850837,-1.404464,-0.6504602,0.11272082,0.5210632,0.17452848,-0.1392208,-0.07420091,0.40330324,0.8007184
3705,-4.4442153,-0.2129386,-1.3355885,-0.5186331,0.09613637,0.02630808,-0.23088087,-0.19286355,0.23081687,0.21181495,0.30204156
3706,-5.181679,-0.06951488,-0.96440744,-0.43805283,0.05416868,-0.42082727,-0.23524722,0.005091477,-0.23835723,0.26713547,0.048627686
3707,-7.239307,-0.40251386,-1.4935077,-1.2415525,-0.562367,0.23011076,0.029828224,-0.076530345,0.03768018,0.72139335,0.60725516
3708,-4.380503,-0.15744807,-0.67614365,-0.2820586,-0.44368482,-0.14457619,0.0097049605,0.0016417773,-0.3627258,0.45312336,0.22000492
3709,-4.8779244,0.05707563,-1.2556491,-0.80230516,-0.20743483,0.078340314,-0.13683043,-0.41572472,0.19462393,0.69358075,0.35573056
3710,-5.9298034,-0.36638963,-1.1348882,-0.9057284,0.07217579,0.05300636,-0.4020099,-0.27333602,0.088223726,0.39739344,0.27974233
3711,-6.4724207,-0.33273146,-0.84702516,-0.6052619,0.059493847,0.11415263,-0.30636206,-0.20640258,0.03905321,0.29625607,0.4273106
3712,-5.466621,0.1574226,-0.9387407,-0.14934589,-0.19445767,-0.22964907,-0.038615797,-0.39523008,-0.4167053,0.22449544,0.32399857
3713,-4.955353,0.03062582,-1.066179,-0.57339203,-0.23021807,0.16363922,0.122834586,-0.08917473,0.034021802,0.23540425,0.17726153
3714,-7.571149,0.24860667,-1.6267116,-0.7773235,-0.12509069,0.0032011862,-0.08167139,0.2187173,-0.09269818,0.54977536,0.66958684
3715,-5.35754,-0.10285188,-0.9306896,-0.5361172,-0.2710478,-0.23688446,0.18916735,0.18186249,-0.060645334,0.6610638,0.38186318
3716,-5.8300347,0.030063488,-1.0564058,-0.48095053,0.041625965,0.43241054,-0.038727827,-0.54531324,-0.06935041,0.5247974,0.2253063
3717,-6.26302,-0.28017467,-1.2697066,-0.9618708,-0.16082537,0.124698885,0.13195047,-0.48523596,0.3814615,0.60747355,0.6333237
3718,-4.914042,-0.24889623,-0.6280232,-0.57566434,-0.5993126,-0.08993216,0.08415301,-0.33712277,-0.008651949,0.51913244,0.43112496
3719,-5.686607,-0.12517934,-0.97026795,-0.88898146,-0.65141577,-0.21640866,0.26828527,0.04639276,-0.2908739,0.37816387,0.3778175
3720,-6.757333,-0.22398451,-1.0115474,-0.6663735,-0.33105114,0.6092353,-0.28534693,-0.45106387,-0.055067845,0.4767643,0.19380188
3721,-6.381946,-0.16372617,-1.0846801,-0.8120943,0.4135733,-0.45954585,-0.2055392,-0.011258662,0.14398587,0.4577594,0.004825161
3722,-8.384063,-0.012827723,-1.2743725,-0.7773786,-0.16442358,0.076276645,-0.08480474,-0.070577845,-0.25075155,0.5133635,0.25676602
3723,-5.4120526,-0.219621,-1.1906117,-0.004513365,0.0795578,0.12441308,0.1249257,-0.24654907,-0.36572382,0.49132678,0.26380074
3724,-4.996043,-0.048929498,-1.2589436,-0.34925002,0.017491557,-0.09443898,0.005875549,0.019309536,-0.00015368871,0.31048685,0.36226624
3725,-7.3209515,-0.3304651,-1.2557257,-0.43627217,-0.041649736,0.36757034,-0.15786575,0.20247154,-0.28874695,0.7325333,0.6212489
3726,-7.9204073,-0.5329634,-1.489601,-1.0548168,-0.20453078,0.29829222,0.13097665,0.030385224,0.051249504,0.8119972,0.69382954
3727,-5.937467,-0.1057028,-1.2850034,-0.5556741,0.45249283,-0.0924717,-0.52120614,0.18941927,0.02572966,0.60668856,0.123944744
3728,-4.050833,0.0008640513,-0.6461354,-0.48885897,0.0013119606,-0.1987112,-0.1794312,-0.22051215,0.06988063,0.3252986,0.2326209
3729,-5.5728283,-0.18552515,-1.0477371,-0.8456618,-0.2057946,-0.090421855,0.07709659,-0.17995362,-0.3254044,0.35866612,0.11613763
3730,-4.7517657,-0.31050727,-0.807846,-0.71514946,0.06643603,0.028706264,0.043720078,-0.08351091,0.26206365,0.474207,0.30933493
3731,-7.2786446,-0.5877693,-1.7163277,-0.7650993,-0.14441736,-0.2960111,-0.23015459,0.0060507525,-0.2560155,0.8033454,0.665698
3732,-5.134956,-0.038285926,-1.3336128,-0.5311925,-0.045102492,-0.14106776,0.021448828,-0.015200937,0.15281022,0.30066094,0.34589916
3733,-5.1945496,-0.28045386,-1.2902871,-0.7134032,-0.05258114,-0.13720976,-0.19739933,-0.120252796,-0.14022256,0.5558035,0.035617314
3734,-4.5807385,-0.02845252,-0.7927414,-0.26336268,-0.09975489,-0.109800234,0.0041097538,0.0611256,-0.031907998,0.48192105,0.2398602
3735,-6.4953976,-0.31744462,-1.1171323,-0.31596103,-0.6418486,-0.17169625,0.25982228,-0.07345962,-0.39363393,0.44770694,0.62142783
3736,-5.5655837,-0.081767336,-1.2839632,-0.43977258,-0.28469777,-0.13026193,0.10098387,0.16185184,-0.06995247,0.40466946,0.32809088
3737,-7.1533165,0.10578588,-1.3075689,-0.71717495,-0.114215106,0.3165825,-0.012810289,-0.2119695,-0.03434196,0.117148764,0.17758323
3738,-7.208199,0.12859595,-1.8173518,-0.834095,-0.68909836,0.11804343,-0.111357026,-0.264716,0.09387104,0.8221153,1.0004764
3739,-4.865143,0.042633206,-1.1126333,-0.67421526,0.027246244,-0.07019483,-0.24145542,-0.4097205,0.21173184,0.5126268,0.18269208
3740,-5.905575,-0.12911361,-0.80945945,-0.58212423,-0.06985627,0.08826372,-0.21184093,-0.35851684,0.0083941,0.7259766,0.06478825
3741,-6.142494,-0.25373814,-1.2411262,-0.41984707,-0.24900928,0.5166503,-0.10944494,-0.5052126,0.02987697,0.34766653,0.19966066
3742,-6.918624,-0.02813873,-1.4964987,-0.4551406,-1.1478571,0.0265651,0.024566099,0.3689618,-0.2357756,0.6531958,0.5975406
3743,-6.058865,-0.030591562,-1.7241422,-0.45665264,-0.022408944,0.02924829,0.13956136,-0.19081317,-0.112195954,0.4301761,0.27162963
3744,-6.418456,-0.3219811,-0.8994058,-0.8650866,-0.5119808,0.42532963,0.26334485,0.23689535,0.0298344,0.5879025,0.9660283
3745,-4.19741,-0.21310747,-0.52967113,-0.42384863,-0.35817075,-0.095130935,-0.0050949967,-0.050265588,0.04448687,0.33060294,0.5400053
3746,-5.488209,-0.09734681,-1.0485231,-0.57950413,-0.3504411,-0.30253345,0.014936989,-0.044906534,-0.1591992,0.45462835,0.05022298
3747,-4.106053,0.092104495,-0.8383842,-0.13624111,0.063638404,-0.10821975,-0.13216577,-0.10945044,-0.18363662,0.0911391,0.13628681
3748,-6.4175954,-0.3433392,-0.6538876,-0.89366615,-0.81946874,0.087133996,0.090815134,-0.36181498,-0.28648022,0.48852852,0.56042254
3749,-6.303869,-0.37563306,-1.198638,-0.5256423,-0.26316717,-0.3042007,-0.059564963,0.05436086,-0.4295244,0.5348158,0.23352665
3750,-4.2567754,-0.3100825,-1.0414125,-0.7438504,-0.4361462,0.017421387,0.26654962,0.030660758,-0.17143324,0.3323418,0.19076021
3751,-5.7772837,-0.30102766,-1.0898448,-0.70358324,0.0382212,-0.19844651,0.05495626,-0.082832806,0.066745736,0.2805154,0.3398669
3752,-5.233663,-0.025812,-1.1652892,-0.6360106,0.13731557,-0.09529232,-0.21043997,0.01225656,-0.013258358,0.38353035,-0.19297278
3753,-5.117171,-0.019875828,-0.9880236,-0.1039583,-0.4203945,-0.045891896,0.5306305,-0.13962214,-0.59599096,0.57111746,0.2896592
3754,-5.479614,-0.11096144,-0.9584126,-0.27352637,0.0976713,-0.21200259,-0.057139754,-0.3322695,-0.41364074,0.3919738,0.29929143
3755,-6.0338783,-0.033683553,-0.98815596,-0.51334757,0.13983043,-0.37668812,-0.38605452,-0.13332437,-0.23079456,0.22665045,-0.067872815
3756,-5.547995,0.06259266,-1.3457022,-0.50460243,-0.17825243,-0.27968997,-0.005314675,-0.25999162,-0.095453784,0.6361697,0.21842344
3757,-5.5848556,-0.17397735,-1.5611215,-0.31978437,0.16618045,0.031850487,0.012041371,-0.19802639,0.007511966,0.33112034,0.5436515
3758,-4.6930666,0.055851188,-0.9057633,-0.747666,0.14452481,-0.054438602,0.060315818,0.059305385,-0.043725625,0.4824277,0.22206445
3759,-5.22973,0.0143924,-1.2210842,-0.28569698,0.04097413,-0.2982579,-0.1777101,0.26304603,-0.22017606,0.5651712,0.18034787
3760,-5.1068563,-0.040106628,-0.7167214,-0.455306,-0.057559505,0.049278982,-0.13011277,-0.28039488,-0.058584005,0.36110651,0.06669714
3761,-6.2422748,-0.25675836,-1.1810421,-0.73614866,-0.6066051,-0.22362782,-0.025943905,-0.07175722,-0.0081560705,0.49982482,0.2619076
3762,-5.4305086,0.02204661,-1.122232,-0.40175703,0.10798062,-0.16559155,-0.07529301,0.18970504,-0.216801,0.39690596,0.25065094
3763,-5.163829,-0.16067839,-1.0780288,-0.69806504,-0.1771168,0.007555482,0.21834227,0.06174548,-0.07185073,0.5640222,0.4158988
3764,-5.6737156,-0.006204929,-1.4177239,-0.39432523,-0.34712234,0.38978368,0.02055289,-0.6019866,-0.09664308,0.57499754,0.22405124
3765,-4.5675464,-0.13157967,-1.0454172,-0.44463882,0.21861126,0.049281523,-0.03725998,0.09763508,-0.090966925,0.33784714,0.07919575
3766,-4.909733,-0.27450553,-0.8172242,-0.5096221,0.027222037,0.12821499,-0.17381153,-0.14479925,0.03477569,0.27055043,-0.037085515
3767,-6.212332,-0.289374,-1.1854062,-1.2399,-0.49709868,0.33585906,-0.17191643,-0.3880754,0.20372416,0.57476866,0.46990246
3768,-4.7856145,0.0649142,-0.76522934,-0.3249307,-0.2786576,-0.36651546,0.0021463186,0.013091654,-0.17963932,0.32061186,0.45101887
3769,-4.851409,-0.21903129,-0.74442405,-0.68457,-0.26738852,-0.20218652,0.058091033,-0.041797645,-0.086798064,0.6191254,0.4632784
3770,-4.0818577,-0.013449521,-0.8679814,-0.64565456,0.104005,-0.07257222,-0.16063586,-0.092753135,0.1400835,0.19118349,0.3052369
3771,-4.6521144,-0.18733926,-1.07554,-0.7845248,0.088481665,0.18500692,-0.1894514,-0.548839,0.10980986,0.043104652,0.24641334
3772,-6.448683,-0.24073884,-0.94438463,-0.77368724,-0.4145094,-0.13881917,-0.13940416,-0.5274817,-0.21385066,0.08113544,0.51433766
3773,-6.08189,-0.38833976,-1.0773245,-0.23867902,0.23169968,-0.11420243,-0.33250827,-0.124193065,-0.18677467,0.17633414,0.16718455
3774,-6.681865,-0.0025840364,-0.961228,-0.6196134,-0.21474713,-0.31146032,-0.18112671,-0.19419143,0.11028857,0.3133833,0.556971
3775,-5.5692225,0.017436236,-0.8474456,-0.44525224,-0.33179522,-0.10874733,0.18202461,-0.29130524,-0.31826875,0.26179776,0.23557481
3776,-6.854738,-0.2676526,-0.94479907,-1.0971,-0.44844598,0.0143888425,0.4580309,0.23720649,-0.25185558,0.49961004,0.94248843
3777,-5.553248,0.24477586,-0.94849056,-0.4557569,-0.20817184,-0.14796951,0.14497419,-0.095718205,-0.056378625,0.335938,0.2798286
3778,-5.982795,0.07237199,-1.327326,-0.81058943,-0.36472464,-0.1361397,0.24251704,-0.351249,0.074266754,0.57395154,0.4161932
3779,-5.8846684,-0.32413927,-0.9576192,-0.3157328,0.17720088,0.2367183,0.04261592,-0.30734602,0.039553583,0.41870996,0.12357325
3780,-6.585201,-0.016551942,-1.3471738,-0.45372432,0.35388333,0.15260938,-0.18089585,-0.087778986,0.06390471,0.28305095,-0.15164793
3781,-5.1812954,-0.3774062,-0.9641752,-0.580288,-0.09825587,0.14921084,-0.10434499,-0.12782697,-0.07265449,0.59463996,0.51080644
3782,-5.179782,0.100396074,-0.81121314,-0.51124,-0.051211357,-0.12098637,-0.14889188,-0.2470217,-0.32107896,0.36592093,0.2761513
3783,-4.8214765,0.09790151,-0.92706746,-0.5938539,-0.079884075,0.14742939,-0.12529305,-0.5521879,0.11578267,0.60122156,0.29211354
3784,-5.755303,-0.2891901,-0.7305951,-0.3928888,-0.23317152,-0.16534314,0.057654936,-0.18754004,-0.23624529,0.1095607,0.54281944
3785,-7.1016746,0.01664131,-1.3893039,-0.6071661,0.3509194,-0.21082488,-0.09672313,0.23423669,-0.26563138,-0.045547027,0.42119226
3786,-6.052584,-0.12960187,-1.3763866,-0.6448824,-0.004832947,0.41918206,-0.20631109,-0.6582827,0.09390247,0.24291526,0.16469876
3787,-6.0436726,0.06345254,-1.4758297,-0.72022283,-0.056117546,0.12631443,0.094513774,-0.080758326,0.18296818,0.6257261,0.23410974
3788,-5.3630056,-0.100170985,-0.6912126,-0.508904,-0.039492242,-0.20117664,0.08478625,-0.14271362,-0.020833055,0.20778382,0.24363227
3789,-5.7675805,-0.48958072,-0.7408836,-0.40994832,-0.16908036,-0.19371922,0.26817963,-0.009886801,-0.18104132,0.30117676,0.41367292
3790,-5.951998,0.09378987,-1.3784891,-0.9918555,-0.43110526,-0.131001,0.13197882,-0.53419214,-0.039425142,0.5660353,0.61617166
3791,-4.098226,-0.23085058,-0.62096465,-0.47863656,-0.47325468,0.25942332,0.28622758,-0.20806026,-0.032703854,0.3407408,0.41850215
3792,-5.9544973,-0.10686152,-1.215158,-0.46878576,0.2260398,0.08986901,-0.39988306,-0.024204535,-0.23589636,0.5430042,0.025949137
3793,-4.957002,-0.090275444,-1.0072712,-0.34907216,0.011770425,-0.0014727181,-0.15397088,-0.61143154,-0.01535465,0.064245865,0.64111614
3794,-5.6291294,-0.26876864,-0.9775746,-0.7350938,-0.24153978,0.29336607,0.5176574,0.13104944,-0.22245687,0.41564542,0.6956626
3795,-6.0828023,0.0117639825,-1.8710248,-0.9671928,-0.12066951,0.06841435,-0.10720271,-0.26559564,0.057183057,0.5825464,0.4918685
3796,-6.698759,-0.11314866,-1.5628973,-0.5069453,-0.006749787,0.42306048,-0.0066524474,-0.3874421,0.013779492,0.8420906,0.4154948
3797,-6.814981,-0.078207955,-1.2436082,-0.65571636,-0.25935304,-0.23908834,0.37130842,-0.04028528,-0.22042213,0.44131202,0.6241774
3798,-5.774504,-0.42619303,-1.2283008,-0.33294004,0.3994952,0.21563435,-0.21826823,0.06851144,-0.45332497,0.22744851,0.37021908
3799,-5.3214154,-0.07133342,-1.0707657,-0.41950214,-0.027636157,-0.0902684,-0.028472412,-0.2767556,-0.24040858,0.27251312,-0.033445474
3800,-4.8879523,0.026903719,-0.746145,-0.46013856,-0.29328412,-0.26951367,-0.14232427,0.12681541,-0.22884095,0.57830423,0.0343868
3801,-3.606068,-0.052587748,-0.79788417,-0.26942512,-0.2637273,-0.0035562562,0.100660115,-0.12402024,-0.18974589,0.45903525,0.16505817
3802,-6.3859553,-0.12927511,-1.4869876,-0.6122565,-0.01167283,0.3153336,-0.08282333,-0.42383888,-0.13557072,0.50088626,-0.052507102
3803,-5.743483,-0.32250836,-1.4684278,-0.40702936,0.12595376,0.02178054,0.003484807,-0.16496427,0.1006064,0.39015347,0.7294969
3804,-4.432687,0.11270731,-0.96716326,-0.34775183,-0.07134682,0.21165887,-0.002667347,0.022033984,0.01517811,0.41881138,0.24768846
3805,-5.144459,-0.104930565,-0.99855465,-0.63974226,-0.44828257,0.27117252,-0.11247697,-0.48383358,0.13830519,0.31348208,0.19043268
3806,-4.662302,-0.043062415,-0.8739652,-0.53446245,-0.072183564,0.2721141,0.080068246,-0.21627833,-0.18241079,0.3225486,0.41988552
3807,-5.193785,-0.10677955,-0.940917,-0.6426873,-0.1911274,0.27650124,0.14153573,0.029277511,-0.116460666,0.41336313,0.25455746
3808,-6.654048,-0.36584303,-1.4067848,-0.7300969,-0.22755867,0.43756288,-0.12816541,-0.51513386,0.08621025,0.37079856,0.47845396
3809,-5.6054015,-0.25155097,-0.8666329,-0.655937,-0.2823294,-0.28679127,-0.10948655,0.012170227,-0.25577158,0.53187317,0.5617782
3810,-7.611737,-0.4475838,-1.49012,-1.45645,-0.40999034,0.12947229,0.15567139,-0.6161255,0.21117736,0.4625561,0.275497
3811,-5.419243,-0.22751181,-1.3156867,-0.48937157,-0.09625452,-0.107424945,-0.3463596,-0.21847929,-0.2250743,0.56142896,0.47013468
3812,-6.0383434,-0.13620448,-0.90776575,-0.81049705,0.13444428,-0.16082215,-0.077268586,-0.7504361,-0.12945016,0.47884572,0.49607363
3813,-6.0082507,-0.14658403,-1.1042653,-0.6944507,-0.21087049,0.14744191,0.35017508,0.12020958,-0.20168097,0.82602483,0.34522954
3814,-5.074805,-0.0029879678,-1.0182427,-0.7208616,-0.036740884,-0.34057236,-0.11733591,-0.110486336,0.20641144,0.3292094,0.28594154
3815,-5.4004374,-0.040407546,-0.78947103,-0.2532998,-0.36874324,-0.063470095,0.11618489,-0.08299773,-0.1982558,0.6060778,0.5289199
3816,-7.124946,-0.0024342583,-1.1872202,-0.6918144,0.2762798,-0.19002381,-0.37164196,-0.6127308,0.04154519,0.3557613,0.48961508
3817,-4.9545784,-0.47840002,-1.0021156,-0.7146404,-0.14632186,0.009842581,0.088493586,-0.112815835,0.032246977,0.48803043,0.38878155
3818,-6.34738,-0.060356434,-1.507663,-0.82224554,-0.43569174,0.01658389,0.083129354,0.014982523,-0.09394151,0.6282342,0.505043
3819,-7.128648,0.0043786736,-1.3656604,-0.818634,-0.21641944,0.5732767,0.02361492,-0.4386201,0.21390627,0.77971643,0.30713126
3820,-7.3228564,-0.2452489,-1.4090035,-1.0114393,-0.20407039,-0.009471083,-0.078585625,-0.533919,0.1617445,0.16018665,0.26750657
3821,-4.4892883,-0.038262647,-0.91710365,0.0057857493,-0.049599618,0.54930466,-0.19813628,-0.3535923,-0.08405496,0.23152839,-0.12758839
3822,-6.2924914,-0.088300094,-1.1614506,-0.821572,-0.08241965,-0.19124064,-0.038286496,-0.24611753,-0.0021002628,0.6030756,0.68757635
3823,-5.5027986,-0.26115486,-1.31851,-0.65007955,0.16845202,0.12342538,-0.48901772,-0.3726081,-0.05875001,0.8091594,-0.08039138
3824,-4.5241995,-0.17021693,-0.6086588,-0.31348333,-0.24569073,-0.25113684,0.36919406,0.16242751,-0.250925,0.43432862,0.31188455
3825,-6.1379085,-0.006183726,-0.89508176,-0.8339513,-0.4361822,-0.11853324,-0.074711785,-0.1280982,-0.23758285,0.2241152,0.27555776
3826,-5.1219993,-0.5488659,-1.483997,-0.76808816,-0.0015414814,0.102412604,-0.32504132,-0.0367857,0.26095715,0.5004176,0.24999227
3827,-4.139048,-0.1863349,-0.6703307,-0.44989362,-0.20513603,-0.049583964,0.03637483,-0.19907457,0.27001974,0.40636107,0.23030446
3828,-4.3862405,-0.114068836,-0.9844198,-0.5134574,-0.34067947,0.32166344,0.12053799,-0.108590454,-0.051417574,0.6077931,0.4741126
3829,-5.8047338,-0.1456602,-0.9010608,-0.27305797,0.2568713,-0.43566483,-0.07083337,0.03722636,-0.42544153,0.46447098,0.01464762
3830,-5.393587,-0.2319365,-1.3145106,-0.5366632,-0.009385195,0.24839164,0.4680586,0.23438762,0.032199524,0.6065832,0.20064487
3831,-5.0807743,0.038858023,-1.0171832,-0.58048797,-0.1430276,-0.31511623,-0.08654853,-0.2127551,-0.29822052,0.49227342,0.38934264
3832,-6.2776284,-0.020318132,-1.2371106,-0.20643795,-0.32631752,0.033381537,0.34529293,-0.0113925375,-0.22270007,0.2637632,0.25360978
3833,-6.2768426,-0.06086425,-1.1447667,-0.48548168,-0.25813863,-0.280707,-0.12857763,-0.11481573,0.0234466,0.6321399,0.3193075
3834,-6.9764667,-0.012268397,-1.4670584,-0.8405322,0.37646642,-0.12470433,-0.21286893,-0.41145083,0.43057847,0.7030505,0.40164477
3835,-5.033153,-0.12497933,-0.8658007,-0.7582575,-0.3769747,0.16861439,-0.019254379,-0.14089625,-0.25727475,0.34658027,0.655003
3836,-7.4886284,0.10822391,-1.3126781,-0.29489043,0.34751675,0.05838906,-0.33483276,0.22181173,-0.10070969,0.11097723,0.09260231
3837,-5.7609797,0.1658555,-1.3634657,-0.67664593,-0.0283452,-0.06740554,0.007068062,-0.2348585,0.01199002,0.13657664,0.067579955
3838,-6.083652,-0.3135221,-0.98378265,-0.60746574,-0.19928195,-0.32841855,-0.2364389,-0.35415256,-0.353207,0.30544037,0.5041387
3839,-7.0941954,0.20155181,-1.0928208,-0.02335912,-0.3125461,-0.25198156,0.15174444,-0.18728727,-0.5651239,0.29458997,0.39807522
3840,-6.551943,0.16880527,-1.3406631,-0.64552915,0.02150005,-0.19282244,-0.020727936,-0.40734652,-0.106482305,0.47540298,0.5009178
3841,-5.228964,-0.20363355,-1.1597131,-0.44833907,-0.43105835,0.08447897,0.18830085,-0.6972544,-0.4100604,0.32940555,0.14248233
3842,-5.004926,-0.35572967,-0.97240436,-0.76962024,-0.46653977,0.19910593,0.19122043,-0.36858535,0.13742271,0.41099274,0.29247597
3843,-6.650389,-0.2184034,-1.088188,-0.69489866,-0.65028024,-0.04691044,0.5806966,0.09291274,-0.23890261,0.5967035,0.76320946
3844,-6.578733,-0.050601657,-1.3373734,-0.7453976,-0.66241103,-0.3972535,0.21260096,0.13876098,-0.4364641,0.22950923,0.33705506
3845,-6.518999,-0.32804596,-1.5129429,-0.87228376,0.27328184,0.28881723,-0.21813886,-0.587755,0.336606,0.6728832,0.3642447
3846,-6.159045,-0.08235365,-1.0770969,-0.38206336,0.13024953,0.21224168,0.10958836,-0.20116329,0.050798617,0.3400686,0.25135663
3847,-5.5572968,-0.33854052,-1.2972229,-0.43378583,0.41379592,-0.0028904174,-0.02619259,0.094745874,0.0417547,0.27823442,0.030877788
3848,-6.4995623,-0.193808,-1.3897578,-0.3446799,0.06467814,0.27904052,-0.2455792,-0.42673263,0.1675332,0.20746234,0.19870274
3849,-6.3602996,0.13951021,-1.1736917,-0.48539543,-0.2722184,0.18731466,-0.33022353,-0.37321022,0.02141491,0.4298283,0.38962096
3850,-8.064262,-0.056575853,-1.3393164,-0.5531255,0.1311406,-0.025709715,-0.30304143,-0.13197803,0.123677865,0.5916192,0.055254977
3851,-6.332585,-0.2802748,-1.0146945,-0.73788744,-0.2405176,0.25978005,-0.064547785,-0.33967707,-0.20281087,1.0284554,0.6162592
3852,-5.368482,-0.14110407,-0.76773936,-0.66052526,0.16981323,0.12197936,-0.18532422,-0.24724191,0.060313173,0.13268633,-0.056540057
3853,-6.756239,-0.20115508,-0.9685189,-0.6861507,-0.2894137,0.026431844,0.015310541,-0.047743842,-0.08925606,0.33301196,0.43795615
3854,-6.8859334,0.060962643,-1.4975246,-0.8330306,-0.20909873,0.6729982,-0.22362253,-0.023843484,-0.08741406,0.30940425,0.29295173
3855,-6.8703294,-0.62904423,-1.171633,-0.82100606,-0.06193149,-0.34923828,-0.4317726,-0.26677218,0.30255002,0.84847873,0.43852848
3856,-5.0385685,0.090575784,-1.0989751,-0.6239417,0.18839373,0.001254932,-0.1777779,-0.08128543,0.14154445,0.41912434,0.07564841
3857,-5.5536027,-0.09171771,-0.9364124,-0.64557445,-0.2395259,-0.29606342,0.325248,-0.37862515,0.07070013,0.5203796,0.22016138
3858,-5.701674,0.021225791,-0.9602173,-0.60430586,0.010955904,0.13022736,0.06365578,-0.15788381,0.034487598,0.6428881,0.35928437
3859,-4.346231,-0.09362028,-0.85105103,-0.49223733,-0.20794754,-0.042517155,0.29735336,-0.345876,-0.191371,0.20144536,0.34965578
3860,-4.818889,-0.1536091,-0.7909232,-0.524391,-0.15473735,0.17799316,-0.06329838,-0.41565034,-0.21087694,0.052317727,0.2834199
3861,-5.996734,-0.034825843,-1.4704007,-0.7891336,-0.2311798,0.5808074,-0.05275938,-0.12715998,0.4109242,0.8896413,0.2646346
3862,-6.3222957,0.093261115,-1.0055072,-0.87307125,-0.054827735,0.069676116,-0.18010436,-0.6602996,0.24743459,1.0662624,0.52015334
3863,-5.4165006,-0.09765247,-1.2384455,-0.62565994,0.04428394,-0.08251069,-0.0077479007,0.14006127,-0.0013758931,0.7632809,0.113657534
3864,-5.441777,-0.043697167,-1.322863,-0.77381074,0.49173978,0.027689287,-0.21348135,-0.17219116,-0.044839486,0.19635426,0.05632179
3865,-5.840103,0.11088995,-1.0099876,-0.48339066,0.076589465,0.03757288,-0.19592904,-0.48007023,0.18183744,0.28694615,0.17101257
3866,-5.1775336,-0.11269981,-0.8185682,-0.53110045,-0.1301037,-0.42204064,-0.089244515,-0.0865051,-0.21503244,0.15897346,0.12189667
3867,-3.9165413,-0.3101278,-0.96447927,-0.626735,-0.19527127,-0.009829074,0.027407166,-0.019630194,-0.049097896,0.3320033,0.24699195
3868,-6.059928,-0.20624804,-1.1287867,-0.7585302,-0.11535585,-0.19423035,0.16200277,0.047961257,-0.105947524,0.8628072,0.44259682
3869,-6.6980724,-0.15839037,-1.6836864,-0.4621411,-0.19046631,0.044675834,0.015541259,0.0118386205,-0.2896439,0.3107685,0.49620065
3870,-4.5372486,-0.46224102,-0.9463654,-0.48502377,-0.42015973,0.10445112,-0.04187212,-0.19199839,-0.20739865,0.46242148,0.2567077
3871,-4.899649,-0.016996462,-0.9214739,-0.8803629,-0.04871218,-0.12182394,0.014875038,-0.34048805,0.2679843,0.6828891,0.26375213
3872,-6.037417,-0.21293381,-1.433348,-0.79217756,-0.22933514,-0.13169685,0.08983381,-0.3902506,0.22730887,0.604337,0.21628878
3873,-6.374158,-0.26905435,-1.0435054,-0.6138398,-0.25080976,-0.07941074,-0.15363963,-0.15907791,0.18376091,0.57785076,0.34712234
3874,-6.3796,-0.18236387,-1.2251223,-0.515483,-0.02471523,0.45491076,-0.3659138,0.30360755,-0.11415951,0.4388219,0.37345982
3875,-7.8367763,-0.19574554,-1.3694751,-0.8100221,-0.29670924,0.0919487,0.20519826,-0.3729961,-0.123616025,0.2900555,0.80895823
3876,-6.0975494,-0.1842192,-1.400339,-0.86063474,-0.123114355,0.33278054,0.08741935,-0.2944682,-0.17780565,0.32635906,0.3739935
3877,-3.420571,-0.1772243,-0.46692067,-0.45142162,-0.41777816,-0.12630309,0.112941965,-0.124548964,0.08998419,0.21328928,0.32775876
3878,-6.599708,-0.028329104,-1.0835729,-0.63484615,-0.08720514,0.19714281,-0.112931654,0.25994268,-0.03646873,0.51133376,0.14814824
3879,-7.481982,-0.19257767,-1.6508864,-0.97227883,-0.057654947,0.014855131,0.34098265,-0.46857128,-0.32940188,0.54656374,0.6725567
3880,-6.3719087,-0.12505159,-1.7383096,-0.63271666,0.051390592,-0.07058895,-0.30614674,0.102654286,-0.20444773,0.6355389,0.45759478
3881,-4.4765954,-0.16783524,-0.80893064,-0.415304,-0.15927707,-0.28690022,-0.0067143617,-0.18849613,-0.08260588,0.27194718,0.34358725
3882,-6.315133,-0.085848846,-1.1886872,-0.73043,0.41515267,0.19974197,-0.17224495,-0.2710727,0.030412937,0.3622852,-0.21178274
3883,-4.8873076,-0.3587035,-0.86275923,-0.39309683,-0.17775775,0.40116054,-0.09449459,-0.18635578,-0.04977134,0.5224938,0.14093779
3884,-4.6294265,-0.17881665,-0.82340086,-0.7042025,-0.011097144,-0.005493257,0.077388614,-0.43920118,0.0037674857,0.40459532,0.19289435
3885,-7.6467333,-0.24276023,-1.3481376,-0.64051545,-0.0032623154,0.13740918,-0.03213886,-0.2758159,-0.16287364,0.100839086,0.5336015
3886,-6.9617753,0.1817217,-1.7362975,-0.8774021,-0.3010615,0.088648,-0.18664834,0.051336013,0.20559287,0.46211654,0.7685146
3887,-5.8577304,-0.07150312,-1.177527,-0.529634,0.12962198,-0.27406543,-0.09193102,0.20276608,-0.04043532,0.63617504,0.22805135
3888,-7.001479,-0.06286147,-1.3709975,-0.6426687,0.021295203,0.14687665,-0.48790267,-0.023511091,-0.30485263,0.7431588,0.22800477
3889,-5.509272,-0.054565404,-1.2809837,-0.41921544,0.22144158,0.25392255,-0.32569644,-0.1683445,0.2234249,0.5429896,-0.0149889635
3890,-5.2574186,-0.016605962,-0.9651177,-0.6461923,0.2667986,-0.10939681,0.2995591,0.03101353,-0.117225036,0.45176953,0.25429317
3891,-4.256042,-0.064450234,-1.0186313,-0.65780663,-0.27871692,-0.060458943,-0.0999672,-0.13618138,-0.07367044,0.30134872,0.19997823
3892,-6.1148157,-0.26540163,-0.8906124,-0.81390876,-0.44936195,-0.27998388,0.2644372,-0.5641348,-0.18584272,0.48025572,0.5377519
3893,-5.389377,-0.14450933,-1.0202371,-0.34062955,-0.01692726,0.10478117,-0.13384156,-0.4954519,-0.0184439,0.34156755,0.3996629
3894,-4.577397,0.09976203,-0.7121518,-0.49018484,-0.44077682,0.106126055,-0.14707188,0.013188505,0.011582067,0.52418745,0.095487654
3895,-6.2532926,0.0067581334,-1.3332757,-0.8736974,-0.31348208,0.3846165,0.23658809,0.16134961,0.09424053,0.4344584,0.38630867
3896,-4.942125,-0.12830801,-1.003338,-0.53644145,-0.110899374,-0.1653113,0.15491505,-0.111733995,-0.29184255,0.55369306,0.15904896
3897,-5.785586,-0.17481887,-0.6950931,-0.5780243,-0.3864062,-0.13624933,0.14392994,-0.39890254,-0.052543454,0.5128797,0.52632844
3898,-4.7628856,-0.18084893,-0.9005176,-0.40618685,-0.26198947,0.25327516,0.055144172,-0.18602657,-0.023251021,0.3954102,0.21798241
3899,-5.9369626,0.056817524,-0.71099925,-0.19651163,0.040724594,-0.07468382,-0.13448805,0.11366003,-0.16382225,0.23753473,0.18357092
3900,-5.712724,-0.12029104,-0.90607995,-0.33536234,-0.12064379,-0.11913182,-0.2713216,-0.015371889,-0.28951037,0.414654,0.45130786
3901,-5.193626,-0.061281268,-1.0623225,-0.7562078,-0.2715967,-0.12571022,-0.030893233,-0.13107629,0.11296732,0.58509105,0.21561205
3902,-4.2145343,-0.20966488,-0.86006707,-0.5832984,0.05876409,-0.049935747,-0.11372379,0.009415993,0.10566303,0.33836594,0.12705338
3903,-5.418868,-0.080575086,-0.6932301,-0.5988568,-0.254093,-0.16492924,0.043442674,-0.22957136,-0.17887263,0.43712607,0.529712
3904,-7.9261446,-0.024676722,-1.3924844,-0.81551903,0.32164225,0.55858856,-0.2504115,-0.011286298,-0.026291108,0.1466386,0.3092473
3905,-5.1388555,-0.2283974,-0.86074454,-0.5652668,-0.37085754,0.22729602,0.38662377,-0.0064133722,0.16669118,0.5652693,0.38659024
3906,-5.5583153,-0.25131485,-1.3290029,-0.7231419,-0.23956977,0.3253432,0.012902807,-0.37543187,-0.20464171,0.27525777,0.4185599
3907,-5.928203,-0.2771695,-1.1070358,-0.6857838,0.10018359,-0.073074244,-0.07105843,-0.5029748,-0.026816962,0.099397354,0.14201513
3908,-3.4842966,-0.025315262,-0.8197205,-0.18553369,0.070949115,-0.24262692,-0.07752224,0.061579935,-0.03433308,0.19744818,0.17881444
3909,-5.5535784,0.015192783,-1.0103333,-0.33026883,-0.092666164,-0.21570294,-0.022967923,-0.27665713,0.010771812,0.31110868,0.33687285
3910,-6.059404,0.06998323,-1.132293,-0.5110857,-0.0018622479,-0.019681765,0.08241026,-0.24910313,-0.115293086,0.2238044,0.17119126
3911,-5.7067246,-0.09609981,-1.2049568,-0.7706219,0.012634081,0.007048895,-0.112898014,-0.2482185,-0.01948701,0.7317581,0.23000664
3912,-6.6419396,-0.1499391,-1.1441724,-0.47199804,-0.21907893,-0.24840759,0.030585572,-0.17574541,-0.36780763,0.24564095,0.54848677
3913,-4.637548,-0.2242244,-0.8918427,-0.5291996,-0.6544471,-0.2717756,0.071374506,-0.30063155,-0.101119876,0.21157204,0.5822437
3914,-7.1035066,-0.0010968549,-1.5149984,-0.9019221,0.18969668,-0.16600876,0.17658614,-0.49096134,0.0796089,0.35920632,0.45276597
3915,-6.143758,0.18215117,-1.4461224,-0.5883767,-0.05567954,0.39424336,0.27472764,-0.1194702,-0.027089959,0.3250999,0.3436401
3916,-6.9659247,-0.120725065,-1.3701216,-0.63956964,-0.82842505,0.045325544,0.14536032,-0.0816796,-0.18596399,0.8223122,0.21801946
3917,-7.4941936,-0.033205494,-1.4544517,-1.1044228,-0.3357141,-0.19177681,0.08937627,0.026408687,-0.3844186,0.61301184,0.48836154
3918,-7.975687,-0.16357741,-1.4344548,-0.86317796,-0.42401016,0.35398263,0.4568812,-0.16055821,-0.44948125,0.34052855,0.66018057
3919,-4.519767,-0.29694754,-0.9736059,-0.5624228,-0.037175603,0.22286499,-0.090438426,-0.3851883,0.17927578,0.3060786,0.46632057
3920,-7.1979947,-0.047777917,-1.0306752,-0.7725466,-0.2521903,-0.33781856,-0.0025812713,-0.32679445,-0.13491085,0.63173467,0.0705405
3921,-6.4510045,0.049753197,-1.3099271,-0.91568214,-0.08688816,-0.07979575,-0.20236589,-0.57904106,0.1457029,0.6082516,0.4978947
3922,-5.8468976,0.027743384,-0.96359164,-0.5976748,-0.15912701,0.21552671,0.054714076,-0.043122865,-0.08144472,0.5014144,0.46565703
3923,-4.0282645,-0.10224806,-0.61297464,-0.40638137,-0.27941084,-0.13995135,0.13590561,0.0143538695,-0.062439576,0.36229885,0.53603625
3924,-4.9026165,0.004372177,-0.9635455,-0.67019635,-0.05553325,0.25754356,-0.2650166,-0.37589198,0.22612564,0.58446133,0.2913313
3925,-4.5141454,-0.0045054667,-0.9316278,-0.36096948,-0.14553279,0.14558831,0.20486818,-0.13235189,-0.21558043,0.017641805,0.15064844
3926,-6.221877,-0.018012475,-1.5438902,-0.8815048,-0.109516494,0.004014562,-0.045685545,0.20535748,-0.0006955024,0.2830766,0.37592387
3927,-5.7907085,-0.20158456,-1.684683,-0.91318923,0.20119461,0.16164802,-0.46333998,-0.25638676,0.19330339,0.54520893,0.26391044
3928,-5.4875636,-0.43195912,-1.0186824,-0.4702711,0.3534515,0.05539178,-0.11570487,-0.084270686,0.17838939,0.39019382,0.07965445
3929,-5.827836,-0.32726014,-0.8958797,-0.89637625,-0.31639537,-0.050031874,0.13238955,0.085413314,0.051960357,0.81847656,0.45833224
3930,-5.0374894,-0.27879378,-0.8943392,-0.6180913,-0.23003215,0.23033515,0.08836748,-0.051744998,0.0058191055,0.7145777,0.28622177
3931,-4.6518345,-0.18538609,-0.9352921,-0.685462,0.2671469,0.123325475,-0.062264398,0.2397379,0.21430756,0.7104443,0.06309299
3932,-6.089858,0.054408066,-1.0788077,-0.41018483,0.05779979,-0.3212195,-0.22401614,0.052072532,-0.2133725,0.44939756,0.23556778
3933,-8.580335,-0.23187979,-1.0544574,-0.94150347,-0.6767566,0.24587318,-0.03493195,-0.63096374,0.07912728,0.85102665,0.4875236
3934,-6.1743283,-0.37443691,-1.0049417,-0.4524073,-0.29278734,0.124628544,0.36534366,0.12186755,0.11023645,0.52277076,0.9643491
3935,-4.5326996,-0.40463212,-0.93290806,-0.27189168,-0.02430796,-0.2068048,0.038153563,-0.20269737,-0.08213934,0.47369725,-0.009071873
3936,-5.808766,0.028302219,-1.3395174,-0.8153954,0.12523976,0.19681792,-0.30370945,-0.24225742,0.19138193,0.11220915,0.33265358
3937,-5.348518,-0.011342484,-1.3898252,-0.60582227,-0.15658534,0.21754913,-0.0052755633,-0.34748262,-0.053801745,0.3228889,0.5572967
3938,-5.003838,-0.14659886,-0.6887395,-0.6900353,0.121206194,-0.15061122,-0.14737421,-0.20367774,-0.15852317,0.008838136,-0.018900525
3939,-6.20098,-0.007869941,-1.0151974,-0.38272703,-0.03463268,0.053241957,0.4088492,0.026520051,-0.21908496,0.12805952,0.45837143
3940,-4.0832815,-0.14206964,-0.8837359,-0.3461225,-0.5984741,0.03121397,0.14128421,-0.1419186,0.12665889,0.41438755,0.37560475
3941,-6.3408713,-0.12751658,-1.3983537,-1.0212572,-0.32308295,0.14024293,0.04364663,-0.4273465,0.18268636,0.6949798,0.91649127
3942,-5.1628237,-0.33526602,-0.89790875,-0.45858526,0.06437821,-0.1928703,-0.28833935,0.15586965,-0.28050482,0.5425934,0.007567576
3943,-5.28148,-0.042979203,-0.7784232,-0.6045462,-0.27789012,-0.26850814,-0.0992851,-0.37566522,-0.02462666,0.4557388,0.6406823
3944,-4.8038516,-0.24923672,-0.9961049,-0.4724815,-0.14019874,0.15112308,0.25932536,-0.10837524,0.04012324,0.5931412,0.14120471
3945,-5.2308607,-0.3580632,-1.006604,-0.39003596,-0.26207623,-0.24962996,0.033312414,-0.14112,-0.27480432,0.16293836,0.45461497
3946,-5.0431595,-0.26765367,-0.96860623,-0.7761417,-0.35576627,-0.022518057,-0.16599996,-0.21505886,-0.11794083,0.49745074,0.41004446
3947,-7.7334676,-0.16063534,-1.7626488,-0.6969313,0.47897553,0.33092004,-0.23328689,-0.46123576,0.2635853,0.20251371,-0.0040443735
3948,-6.5807652,-0.108671814,-1.5577692,-0.65848434,-0.0006968789,0.10378835,0.08520511,-0.17049132,-0.12404062,0.30960208,0.3088794
3949,-4.75025,-0.04769826,-1.1810977,-0.45918375,0.29196802,0.23227459,-0.29978842,0.039186727,0.07553659,0.3745297,0.098428935
3950,-7.212464,-0.010331077,-1.0999418,-0.59715754,-0.33341876,-0.07634428,0.19409966,-0.18001233,-0.04226896,0.27606595,0.25241125
3951,-6.6495905,-0.08673476,-1.069203,-0.4090778,0.24072444,0.043157235,-0.13163416,-0.3962345,0.13241412,0.07654991,0.23572697
3952,-5.160947,0.056348503,-1.5451161,-0.75096476,-0.22981927,-0.20540643,0.014954632,-0.028338602,-0.055953622,0.4055135,0.3288489
3953,-5.1889834,0.1715152,-1.3777491,-0.67227125,-0.24950343,0.28854245,0.10632033,-0.53923064,-0.011880683,0.40013802,0.43078834
3954,-5.949599,0.16798204,-1.4307065,-0.45997635,-0.18896173,-0.36678344,0.1469644,0.1072753,-0.12707277,0.34635276,0.2452621
3955,-5.274869,-0.018833876,-1.1643068,-0.78417796,-0.17028543,0.055434316,0.010489683,-0.13107589,0.17417163,0.4137436,0.09269398
3956,-6.3021545,-0.2624086,-1.2575747,-0.57553315,-0.18382671,0.01872582,0.40906382,-0.14816688,-0.20238595,0.1851527,0.49465156
3957,-5.4294195,-0.20069201,-1.1935108,-0.839569,-0.5546454,-0.13341467,0.30971596,-0.022776017,-0.25104773,0.37043232,0.3623372
3958,-4.7883286,-0.32420897,-0.7770406,-0.7081763,-0.072684795,-0.17000873,-0.20466062,-0.031993702,0.017291669,0.53734684,-0.09293578
3959,-5.952655,-0.07678895,-0.95396066,-0.43259898,-0.63545185,-0.12911732,0.013362404,0.35996905,-0.11903715,0.42873743,0.43187228
3960,-6.901328,-0.4660992,-1.2583231,-0.56529456,-0.5135653,0.15619236,0.47758463,-0.17002219,-0.2765839,0.6736273,0.49011958
3961,-5.302126,-0.08445261,-1.0094172,-0.6611203,-0.29466534,0.36008668,-0.2542409,-0.07580512,0.124320015,0.46425688,0.46933737
3962,-4.637065,0.08658437,-0.92971575,-0.64383703,0.004234682,-0.15356755,-0.06643015,-0.14845301,0.07938459,0.45039013,0.09964014
3963,-6.3806496,-0.3851337,-0.97046125,-0.7415361,-0.40009257,-0.12672496,0.16533858,-0.16199483,-0.20935757,0.76229584,0.47297704
3964,-5.3838277,-0.2720231,-1.1705502,-0.67957366,-0.36052722,0.064609505,0.35239807,-0.09758735,-0.05939742,0.39695692,0.19162694
3965,-6.3511753,-0.0023670103,-1.354662,-0.7049138,-0.22651874,0.47825974,0.2145952,-0.6801364,-0.030031255,0.4758716,0.51550555
3966,-5.2278204,-0.18404819,-1.0245667,-0.48814446,-0.0028588339,-0.18944179,0.114275835,-0.11247638,0.04747291,0.6265915,0.3556606
3967,-5.0617332,-0.013028952,-0.9532569,-0.484529,0.13254616,0.22004104,-0.32580066,-0.3970261,-0.13361336,0.23411395,-0.0586161
3968,-5.8428617,-0.20649667,-1.0530745,-0.3372395,-0.33989292,-0.13311936,-0.008183594,0.01813043,-0.46862444,0.6785332,0.48973396
3969,-6.757241,-0.2522312,-1.1424061,-0.60852534,-0.5874867,0.6473779,0.052779656,-0.38464552,-0.014941005,0.5547291,0.3770563
3970,-6.0082617,-0.28343946,-1.1026005,-0.9068713,0.0036733882,0.003994151,-0.095150016,-0.26064473,-0.020314125,0.3172803,0.22292687
3971,-5.5414767,0.06558974,-0.9135354,-0.6886914,-0.11416774,-0.34791607,-0.019607048,0.121824734,0.24376327,0.49599063,0.31325006
3972,-5.6894703,-0.072557665,-1.2927047,-0.30689412,-0.02645575,0.23071644,0.1758943,0.18798804,-0.18852766,0.533037,0.5684061
3973,-3.229826,-0.17213887,-0.6419294,-0.277844,-0.13222948,-0.035061818,0.10105516,0.056860194,-0.116920516,0.31677786,0.24507868
3974,-5.2573977,-0.393772,-0.89277655,-0.61221063,-0.25323167,0.053300627,0.17645663,-0.27936196,-0.17788938,0.21657318,0.6915228
3975,-6.209052,0.11085361,-1.6161382,-0.79378134,-0.39327177,0.19874807,-0.050194055,-0.026512412,0.10885122,0.5947496,0.3508523
3976,-5.447714,0.08906034,-1.190657,-0.6023338,0.31682462,-0.0034993934,-0.2872222,-0.022266561,0.074807175,0.678484,-0.07096997
3977,-5.217946,-0.012207198,-1.2390809,-0.58383,-0.032112546,0.30764616,0.074481115,-0.5463082,-0.08841844,-0.062608,0.29545897
3978,-4.9483714,0.20165716,-0.91781867,-0.493294,-0.05036508,-0.2172226,-0.13922659,-0.16509677,-0.019623766,0.21077956,0.32680964
3979,-6.046633,-0.330797,-1.156769,-0.41310608,-0.2942162,-0.14461893,-0.20003167,0.13426349,-0.13949907,0.52702564,0.004420663
3980,-5.607384,-0.33357126,-1.0112792,-1.0045412,-0.06278841,-0.1107234,-0.16125353,-0.18041395,0.2987873,0.81442237,-0.012757053
3981,-6.4195156,-0.3315817,-1.208701,-0.9297661,-0.1965365,-0.11881408,-0.046779156,-0.18435606,0.071137734,0.4185219,0.51867247
3982,-5.785333,-0.07461215,-1.2507799,-0.93797773,0.19691779,0.13521689,0.123105824,-0.2246657,-0.0052922927,0.108508624,0.48322055
3983,-5.1489353,0.0053052865,-0.9403307,-0.2438575,0.28836673,-0.1583666,-0.10558046,0.11463031,-0.16751797,0.31487393,-0.071303874
3984,-5.374415,0.05354924,-1.0721091,-0.41237804,0.15516178,0.16011852,-0.14608356,-0.1637881,-0.059503347,0.17267302,0.15343165
3985,-6.4645476,-0.32764113,-1.0003401,-0.9826706,-0.06535899,-0.36196142,-0.023853473,-0.6073488,0.19877075,0.3761181,0.7080092
3986,-4.864287,-0.13003586,-1.2774048,-0.7036284,0.113834284,0.27553183,-0.20929971,-0.3961117,0.26103246,0.3400665,0.29266974
3987,-4.4149766,-0.0066852877,-0.7362153,-0.62588364,-0.10039587,-0.20969395,0.08767081,-0.09962234,-0.04756756,0.38103238,0.11040725
3988,-6.1360946,0.030294936,-1.339136,-0.51711816,0.084592804,-0.5120487,-0.4097154,0.34897122,-0.20253952,0.2944113,0.21686792
3989,-5.4792705,-0.08207689,-0.8668192,-0.6928287,-0.25494874,-0.06485064,0.26260114,-0.047381252,-0.21623546,0.13712996,0.7258334
3990,-6.2200956,-0.20678912,-1.4231857,-0.89936227,-0.272362,0.014817813,0.0046198224,-0.106568545,0.27248353,0.7584376,0.24482408
3991,-5.560429,0.11291226,-1.0827807,-0.7079912,-0.14433715,-0.049999267,-0.2398902,-0.5025166,-0.10519674,0.5518061,0.4317179
3992,-4.737533,-0.031452212,-1.202923,-0.46443987,0.30557337,0.049749885,-0.16518687,-0.15997046,0.0719605,0.15086554,-0.020234648
3993,-3.4804132,0.0625305,-0.69363254,-0.2093786,0.0037115165,0.108884506,-0.013111365,0.038900424,-0.10912646,0.29760474,0.20729448
3994,-6.207122,-0.02337275,-1.0643075,-0.7172461,0.12025848,-0.32723963,-0.070963226,-0.5964967,-0.014278784,0.10424347,0.35637817
3995,-6.858269,-0.07626098,-1.8240491,-0.6830063,-0.21135387,-0.23021142,0.0081849005,-0.14116915,-0.20805082,0.36070883,0.21661161
3996,-5.193308,-0.37820917,-1.0251534,-0.08907736,0.0044096103,0.38811994,0.081012785,-0.37422198,-0.2663078,0.66920954,0.21336804
3997,-8.067898,-0.04075557,-1.4151396,-0.9802455,-0.09979696,-0.11666634,-0.24372034,-0.18432318,-0.14816034,0.5272603,0.4121069
3998,-5.204357,-0.10137128,-1.1378685,-0.32653353,0.2457196,0.1108175,-0.3251196,-0.1565248,-0.1138653,0.46161953,0.16556287
3999,-5.5211544,-0.23250446,-0.9353011,-0.8390487,-0.22289988,0.05719375,0.16380104,0.0013385583,-0.14564614,0.40991503,0.6516214
4000,-6.0395846,-0.075181,-1.1790056,-0.35639682,-0.053093784,-0.3862118,0.081501596,0.44337246,-0.07329697,0.5914408,0.19005512
4001,-6.6076064,-0.6799023,-1.3973248,-1.1667011,0.21707816,-0.23739445,-0.37050536,-0.36828044,0.49434486,0.8685988,0.22305056
4002,-5.0207787,0.1591945,-1.149688,-0.5631753,0.12624465,0.028650776,-0.12531263,0.13067304,-0.113088146,0.014188515,0.37240154
4003,-4.2044272,0.023556488,-0.81702185,-0.52881616,-0.028036838,-0.23304547,0.18112975,-0.10041246,0.014363499,0.09817928,0.30692917
4004,-4.339209,-0.030083202,-1.0470982,-0.2951807,0.007950375,-0.07462337,-0.014090785,0.017112656,-0.08703916,0.22349402,-0.12316968
4005,-4.9122868,-0.20279458,-1.3430349,-0.7888558,0.008170047,-0.029685032,-0.070392706,-0.36258984,0.2254412,0.3351557,0.26156408
4006,-6.6050425,-0.42297375,-1.20685,-0.9119369,0.42450592,0.04202123,-0.02145452,0.16228046,0.15742573,0.52091473,0.3428325
4007,-5.4210515,0.008016136,-1.1879171,-0.577589,-0.021591676,-0.20119582,-0.24973752,0.20728466,-0.18270147,0.80186,0.107638344
4008,-4.6570826,-0.20419452,-0.71517193,-0.44087943,-0.28211206,-0.25813872,0.09438498,-0.3234622,-0.29083714,0.38804293,0.4515647
4009,-6.3209257,-0.050483253,-0.91285086,-0.42688173,-0.17064206,-0.02184693,-0.22467364,-0.40473357,-0.33748144,0.29059458,0.36599866
4010,-5.7279534,0.0013674241,-1.2698574,-0.712774,-0.15147667,0.6345428,0.070029534,0.04319202,0.056489475,0.52554494,0.6249964
4011,-5.68583,-0.3970503,-0.9868951,-0.91460454,-0.14099555,-0.29595333,-0.27476856,-0.31351826,0.105660655,0.62441385,0.35875997
4012,-6.2541895,-0.41101238,-1.5114205,-0.342077,0.3322085,0.05056529,0.08110655,-0.11206031,0.041854054,0.51211363,0.4219456
4013,-4.6302752,-0.18150203,-0.8146334,-0.65310013,-0.00404317,0.08424462,-0.05630418,-0.17163841,-0.22821952,0.1737967,0.2740899
4014,-4.2765913,-0.20491756,-1.02809,-0.80299467,-0.25204113,-0.039741885,0.111613125,-0.26401776,-0.0027937647,0.32642707,0.23777214
4015,-6.240425,-0.2583302,-1.2273512,-0.97939783,-0.011978587,-0.14452755,-0.14996152,-0.10139359,0.3885731,0.8005009,0.6870781
4016,-4.6366653,-0.049312357,-1.2853187,-0.58687603,-0.47042215,0.4422592,0.1926828,-0.70407784,-0.057761505,0.5584419,0.5823244
4017,-4.971568,0.15261216,-1.0200322,-0.3198285,-0.061011948,-0.05150975,0.045823455,-0.12006443,-0.547198,0.15519515,0.09558185
4018,-4.535908,-0.22534923,-0.93271846,-0.48744205,-0.30604798,0.058989927,0.13352191,-0.012161175,-0.1116399,0.6807149,0.2726436
4019,-5.4562035,-0.2019292,-1.0784068,-0.7963092,0.041647363,-0.07499722,0.03433472,-0.20356467,0.16707303,0.80532044,0.16816002
4020,-5.0574727,-0.2051114,-0.84745276,-0.6753749,-0.15170111,-0.23248377,-0.21249366,-0.0147761535,-0.101568475,0.5584672,-0.024826277
4021,-6.21361,0.24213898,-0.7234609,-0.43591613,-0.24935514,-0.21837671,-0.2561074,0.12697744,-0.26983505,0.2819164,0.01327269
4022,-5.0370674,-0.108446434,-0.8582023,-0.39426807,-0.09508464,-0.24795316,-0.09163097,-0.27879643,-0.09846909,0.26003125,0.21629882
4023,-5.1989064,-0.15652308,-0.754359,-0.78228974,-0.16280553,-0.17261636,-0.061233103,-0.32402495,-0.06878412,0.39564085,0.25417414
4024,-5.2275553,-0.24226879,-0.93588525,-0.5798411,-0.42973453,0.11210159,0.15061636,-0.21219197,-0.0127764605,0.4188058,0.49819642
4025,-6.5258784,-0.3873633,-1.1130614,-0.38847277,-0.32029435,0.034769014,-0.017065566,-0.21177296,-0.06854581,0.4843347,0.22987232
4026,-6.1960697,-0.2507129,-1.3441768,-0.4228885,0.17089699,0.21507595,-0.27656958,-0.05741387,0.1089552,0.8636511,0.075592466
4027,-5.6469755,-0.15267402,-1.1035029,-0.9116362,0.18306997,-0.19458602,-0.2748327,-0.16486122,0.18537866,0.8567925,0.16599141
4028,-3.8313172,-0.19501728,-0.61196095,-0.6059973,-0.44417042,0.22508565,0.029578846,-0.2815172,-0.097469874,0.3717428,0.21223615
4029,-5.9760947,0.1096856,-1.3965867,-0.6038741,0.24519736,-0.031333398,-0.25966376,-0.3336089,0.0393408,0.14611633,0.4884896
4030,-4.419663,0.02923911,-0.84350836,-0.50752515,-0.23315068,-0.13393824,0.022017974,-0.15715449,-0.07858088,0.43720865,0.22347419
4031,-3.5749056,-0.080949545,-0.80945307,-0.38758823,-0.39843813,0.05769796,0.11168657,-0.5345145,-0.05351594,0.21910419,0.31017175
4032,-6.4144254,-0.37177014,-1.3062423,-0.7746809,0.06502231,-0.20617247,-0.107034415,-0.41404748,0.27852726,0.6059792,0.21516185
4033,-7.047077,-0.027660254,-1.7847377,-0.82241094,-0.07206333,0.37863135,-0.42403668,-0.32642812,0.5692494,0.59419566,0.3037173
4034,-5.704408,-0.38005447,-1.2260637,-0.8484771,-0.09118724,0.05928303,0.28253162,-0.0013887156,0.2788454,0.6309353,0.19012447
4035,-7.8256264,-0.15349731,-1.674181,-0.6500034,-0.4428157,-0.15679394,0.015237079,-0.2580749,-0.5063497,0.0033426583,0.4479207
4036,-4.966198,0.11402428,-1.37479,-0.753364,-0.11772149,0.062233668,-0.19329523,-0.17900454,0.20790884,0.5569282,0.1999052
4037,-6.9905753,-0.23941824,-1.5517061,-1.2011281,0.12647834,-0.23003362,-0.13795657,-0.2620018,0.11357796,0.3849969,0.3360091
4038,-5.194392,-0.028120447,-1.1352718,-0.24222583,0.28124565,-0.062601,0.024453487,-0.37056074,-0.006064281,0.3209838,0.012744148
4039,-4.9598494,-0.13899484,-0.76858765,-0.59095776,-0.053784907,0.17462242,-0.33228058,-0.21901228,-0.019726453,0.21739991,0.062125333
4040,-5.9008784,-0.22124946,-0.64578885,-0.6978095,-0.39250064,0.097500175,0.28736168,-0.095138796,-0.122054055,0.22216764,0.541595
4041,-4.751347,0.094340384,-1.0560474,-0.4490394,0.0009746039,0.16238835,0.0030060685,0.19028884,-0.17211653,0.34447232,0.49771568
4042,-6.328881,-0.020778123,-1.2086062,-0.80095255,-0.16489553,0.1916654,-0.028132346,-0.5030515,-0.0010563321,0.3014967,0.3722798
4043,-5.795882,-0.16128315,-1.0129544,-0.51560616,-0.29006723,-0.010337763,-0.10097597,-0.101574235,-0.27240798,0.7927571,0.16731021
4044,-6.7028346,-0.22230192,-1.5469255,-0.46482724,-0.25340912,-0.26926523,-0.011978733,0.22364877,-0.41525787,0.6504176,0.40360504
4045,-6.6182446,-0.26309913,-1.3066086,-0.61821383,-0.19710742,0.512271,-0.13800305,-0.55345935,-0.059089564,0.066132754,0.49358392
4046,-5.432859,-0.19614778,-1.0260911,-0.8112446,-0.38210377,-0.05533523,0.29992497,-0.3849872,-0.04521022,0.4022627,0.43427798
4047,-5.216328,-0.04465405,-1.026887,-0.3514307,0.20786026,0.25498736,-0.08785157,0.11588509,0.08055377,0.30916712,0.010823421
4048,-6.119547,-0.3036436,-1.0118629,-0.65619147,-0.56085557,-0.17552792,-0.027703073,-0.111885585,0.16104779,0.70636696,0.41964477
4049,-4.364464,-0.11114595,-0.66393536,-0.3606567,-0.05095592,-0.10849584,-0.20960896,-0.38109097,-0.13066804,0.23566696,-0.0033411058
4050,-4.1871505,-0.2816555,-0.46791074,-0.66426426,-0.37014875,-0.19413356,0.06297385,-0.38723806,-0.027504692,0.45858657,0.5311264
4051,-8.413426,-0.1912731,-1.8335676,-0.96263903,0.42793036,0.45708793,-0.42734972,-0.32153484,0.14207348,0.9388502,0.40589127
4052,-4.607945,0.009590177,-0.9837365,-0.375114,0.37229952,0.0055855885,-0.28896856,-0.32048854,0.16674045,0.31309777,-0.06320974
4053,-6.1182714,-0.30851728,-1.1111315,-1.0697181,-0.27016583,0.18469761,-0.17948698,-0.87207705,0.33419442,0.3193082,0.5824305
4054,-8.029319,0.30860665,-1.8843154,-0.3639463,0.22003245,0.23739676,-0.34072208,-0.13362356,-0.027429895,0.26517504,0.47283965
4055,-6.3687053,-0.031089295,-1.4616357,-1.0295256,-0.078184806,0.44451606,-0.4447352,-0.8928896,0.44966948,0.42714357,0.07972312
4056,-4.6212845,-0.24238636,-1.1946341,-0.6783335,0.25545496,0.07509109,-0.18956575,-0.027090805,0.31428578,0.32536575,0.09250117
4057,-4.4692636,-0.20514156,-0.91789854,-0.7364803,-0.03638872,0.12814331,-0.0869439,-0.20665556,0.20877115,0.44694552,0.2566297
4058,-5.0017066,0.0017142077,-0.9443105,-0.812861,-0.00094513036,-0.022658639,-0.13543828,-0.2432321,0.09667645,0.76794404,0.015591117
4059,-4.1428876,-0.051147826,-1.3248004,-0.38516042,-0.053431395,0.274709,-0.21578619,-0.036966607,-0.034392253,0.27756056,0.24863042
4060,-5.7457533,0.0513992,-0.8532479,-0.31527525,0.24986795,-0.011752415,-0.15463191,-0.050043494,-0.027797109,0.5969192,0.17881745
4061,-5.1505494,-0.32989475,-1.0938035,-0.42529818,0.27323586,0.0659147,-0.10358791,-0.31982788,0.07798117,0.39789835,0.30398893
4062,-6.5031595,-0.024157006,-1.6015997,-0.8462331,-0.072297886,0.19670941,-0.21068224,-0.34391952,0.048998736,0.24192241,0.16482969
4063,-5.422289,-0.19186515,-0.9290362,-0.7625035,-0.0102829095,0.14092208,0.060930353,-0.33045048,-0.09011321,0.18079083,0.27267852
4064,-5.3239007,0.15284564,-1.2153192,-0.579913,-0.064071864,0.17941882,0.120977774,-0.4429723,0.006653457,0.60155576,0.32053384
4065,-6.7393746,-0.037112985,-1.6139586,-0.5297074,0.4322815,0.12062622,-0.19377321,0.18696682,0.024670146,0.46824735,0.043004874
4066,-6.955123,-0.12318647,-1.0217026,-0.87402844,0.12006537,-0.40580535,-0.18610705,-0.49217674,0.17383127,0.35427457,1.0311723
4067,-8.002804,-0.4369787,-1.8035216,-1.3567648,-0.5498552,0.3198204,0.15803528,0.08222123,0.47961283,0.9490808,0.4129824
4068,-5.05409,-0.0016573817,-0.85225713,-0.21211267,-0.12028704,0.004046901,0.2415529,-0.17276616,-0.3620968,0.15717106,0.4652255
4069,-7.301116,-0.12857777,-1.841484,-0.6659061,-0.12882534,0.55282694,0.32371813,0.028150253,-0.09616646,0.23396131,0.778897
4070,-8.049579,-0.21778189,-1.3726274,-1.191296,-0.06417134,-0.03966394,0.04678155,-0.3456992,0.08961556,0.22623792,0.3713208
4071,-6.6820307,-0.025576308,-1.6276737,-0.82473975,-0.044710774,-0.07414884,0.046516713,-0.40264782,-0.039459564,0.9146229,0.31255868
4072,-5.9343987,-0.25559103,-1.0635378,-0.65742034,-0.15914549,-0.25803244,-0.5326113,-0.0011854237,-0.3734331,0.2996597,0.32442236
4073,-4.8883386,-0.091816425,-1.1235855,-0.7404372,-0.25283724,0.2850315,0.096478276,-0.40131807,0.23778747,0.44688177,0.46374613
4074,-3.2117476,-0.14365998,-0.7490176,-0.27857214,-0.23951155,-0.13413566,0.08275034,-0.07424444,-0.09668044,0.26373857,0.051668182
4075,-5.41209,0.020335153,-1.0394305,-0.48997927,0.11204647,-0.21493082,-0.11958728,-0.17516564,-0.4248301,0.10833176,0.04418128
4076,-5.3879027,-0.2023401,-0.8873724,-0.7871659,-0.57094514,0.022215191,-0.13500437,-0.06891718,-0.018292425,0.35167897,0.36795765
4077,-8.099083,-0.056091484,-1.7132944,-0.9131816,0.028375389,0.42557108,-0.23735562,-0.31100777,-0.19200645,0.2872203,0.49091604
4078,-4.881873,-0.32720453,-1.0492682,-0.2947969,0.053300485,-0.09580341,-0.21522254,0.15099981,-0.21593873,0.45836988,-0.010767012
4079,-6.6811457,-0.035568405,-0.7636431,-0.3289135,-0.17861123,-0.2875303,-0.16582665,-0.16344802,-0.49542314,0.3670928,0.43737903
4080,-6.132114,-0.304582,-1.4077948,-0.8006865,0.071591936,0.40801233,-0.08720813,-0.32530046,0.25052652,0.88459617,0.257703
4081,-6.274059,-0.24583481,-1.2672032,-0.7404306,-0.453166,0.43006915,0.16374068,-0.31801015,-0.09986429,0.1339732,0.3649282
4082,-3.835732,-0.071377344,-0.7187981,-0.39516798,-0.19757733,-0.12702753,0.0657442,-0.11360278,-0.31821957,0.37306386,0.10591483
4083,-5.699735,-0.17226163,-0.7035923,-0.83269745,-0.4033203,-0.31478643,0.12313745,-0.5003721,-0.1443741,0.3170462,0.3560791
4084,-7.158453,-0.22141744,-1.2800009,-0.99543023,-0.5203446,-0.08019603,0.23249856,-0.113612406,-0.048981816,0.32830384,0.4531338
4085,-6.2999907,-0.029432125,-0.97009796,-0.5639987,0.23845974,-0.297696,-0.08457438,-0.3690314,-0.052951396,-0.05596042,0.14303552
4086,-4.6099997,-0.2629407,-0.9540634,-0.6013551,-0.26351866,-0.19974579,-0.016908668,-0.40712428,0.20348491,0.49433437,0.18865822
4087,-5.233683,-0.10612735,-0.9825255,-0.60434985,-0.085364245,-0.020077262,0.11775808,0.07441325,-0.06229116,0.674849,0.36241683
4088,-5.420987,-0.18118967,-1.1768348,-0.7455627,-0.14572166,0.111913286,0.08902283,-0.5069814,-0.04373903,0.44609365,0.13229144
4089,-4.0118685,-0.1666443,-0.9873107,-0.62895495,-0.31847727,0.07426898,0.24151276,0.020765893,-0.031292558,0.34215036,0.49557152
4090,-5.5784526,0.0029793628,-1.0422143,-0.65502673,0.023974149,0.10796618,-0.29994288,-0.25152832,-0.03311304,0.6726676,0.20638303
4091,-6.1725764,-0.1621869,-1.5948468,-0.77987736,0.39902222,-0.2552564,-0.22399083,-0.200212,0.20261595,0.52444327,0.046816118
4092,-4.308091,-0.35282922,-0.65500134,-0.6809303,-0.3191723,-0.19588707,-0.21883324,0.05877819,-0.05888339,0.5005688,0.3021145
4093,-5.0531297,0.25217968,-1.0629168,-0.33173367,0.046900783,0.037252683,0.065919176,-0.04650996,-0.16882111,-0.02204457,0.35220253
4094,-5.2060404,-0.11141288,-1.0855949,-0.7326624,-0.09414141,0.11782759,-0.056238256,-0.36430192,-0.10291097,0.1780296,0.039133605
4095,-5.1137724,-0.06531843,-0.70645386,-0.42622897,-0.5153077,-0.045271076,0.3257021,-0.49792263,-0.33285886,0.46132946,0.29169217
4096,-7.49608,-0.24617828,-1.0908192,-0.9864695,0.13772815,-0.5439606,-0.41209173,-0.5162705,0.08381767,0.402811,0.3043987
4097,-5.449946,0.06441446,-1.0402943,-0.31512737,0.1555039,0.15526022,-0.16048901,-0.23909248,-0.25609198,0.43262836,0.11660766
4098,-4.591632,-0.01875294,-0.83122486,-0.17912789,-0.23093332,-0.30715662,0.17618217,0.046054564,-0.36930653,0.10446605,0.25282547
4099,-5.8866606,-0.30724478,-0.9395102,-0.69172853,-0.2036575,-0.013955072,-0.16485684,-0.5040413,-0.30365226,0.25477836,0.34188092
4100,-5.8669424,-0.047014754,-0.91413426,-0.6059665,-0.039588593,-0.12206082,0.091434136,-0.14810781,-0.10921322,0.40689924,0.232413
4101,-5.436452,-0.25297356,-1.3558197,-0.49508852,0.17558727,0.33665383,-0.18443194,-0.24249578,-0.102150045,0.031483542,0.18801603
4102,-6.1376677,-0.3747808,-1.165878,-0.5588969,0.12815826,-0.1949277,-0.3752112,-0.10110198,-0.24922206,0.33016896,-0.2480855
4103,-4.8977594,-0.06192642,-1.0325663,-0.32396644,-0.027960869,-0.062348813,-0.050421678,-0.18056816,-0.30942583,0.23907338,0.10760505
4104,-6.151642,0.16797765,-1.4669071,-0.9948648,0.018910646,-0.3353064,-0.5040268,-0.16338965,0.058746368,0.6511973,0.024978284
4105,-7.8963795,0.05283043,-1.3687204,-0.66757315,0.15292594,-0.23059537,-0.063007824,-0.4660622,-0.07407602,0.43533763,0.22744384
4106,-4.670751,-0.27793288,-1.0250223,-0.72603387,-0.2862466,0.29676265,0.0354531,-0.4562613,0.2801401,0.46249256,0.49134043
4107,-4.320483,0.01735828,-0.5143766,-0.62306774,0.015039539,0.16373812,-0.1569755,-0.22719692,-0.029187893,0.49837705,0.23369956
4108,-7.2282667,-0.019616567,-1.5655483,-0.80840886,-0.00030128425,0.21617651,-0.02539485,-0.34717828,0.04925306,0.28323418,0.7067617
4109,-5.389176,-0.1243155,-1.0376378,-0.96835095,0.13000764,-0.028539836,-0.09801534,-0.26734042,0.20253043,0.28332657,0.16689004
4110,-5.041936,0.047156487,-0.8374753,-0.45272085,-0.16083063,-0.17902865,0.32514143,-0.33979243,-0.13356827,0.14259356,0.27044758
4111,-4.2197633,-0.13601544,-1.0456792,-0.2648871,0.09996457,-0.022182023,-0.07886266,0.17557934,-0.20985371,0.25212482,0.2668458
4112,-4.162714,-0.013080989,-0.9879129,-0.49473506,-0.25779322,-0.041342527,0.06735975,0.0020721545,0.19740063,0.48408058,0.41924405
4113,-6.1974688,-0.17447388,-1.3030099,-0.40510672,-0.028157173,-0.23802683,0.045335207,0.012041568,-0.0043518674,0.47685912,0.0630162
4114,-6.5451274,-0.3723605,-0.86206573,-1.0508155,0.03494347,-0.056243062,-0.08974323,-0.43718272,-0.18012676,0.23804905,0.25863615
4115,-4.4340806,0.0044246535,-0.9029532,-0.43719557,-0.033548277,0.15220912,-0.21162537,-0.2528715,-0.07033397,0.534567,4.477892e-05
4116,-5.0469847,-0.16673087,-0.96038294,-0.2896763,-0.15394948,-0.25464034,0.10035793,0.1257447,0.03845256,0.47552598,0.2894271
4117,-4.8311305,-0.15924887,-0.55798787,-0.32705417,-0.17820393,-0.18556479,-0.08351198,-0.32701904,-0.3296634,0.40378264,0.29766452
4118,-5.796371,-0.12497382,-0.9095913,-0.1988384,-0.29001108,-0.52880204,-0.0065060956,-0.02644431,-0.2741382,0.1445424,0.78948843
4119,-6.26552,-0.06935647,-1.6712407,-1.1363411,0.36955836,-0.085285135,-0.1759589,-0.19731621,-0.08822245,0.21417736,0.22524132
4120,-6.3474174,-0.04444158,-1.4425637,-0.4513703,0.20715168,0.07667728,-0.071661316,-0.37958795,0.12381973,0.50218797,0.009562582
4121,-5.092173,-0.21256235,-1.1101785,-0.51492107,-0.1397411,0.090758555,-0.14278875,-0.049952373,-0.061630554,0.6021066,0.27562073
4122,-4.8852735,0.02695075,-1.1009983,-0.5874692,-0.22879535,-0.19153386,0.033997227,-0.5704343,-0.16495103,0.34687433,0.30699807
4123,-6.301614,-0.087048166,-1.2431157,-0.6571753,-0.4726483,-0.074324645,0.31622013,-0.36095217,-0.20955539,0.6394789,0.46989894
4124,-4.808328,0.1855587,-0.70649964,-0.6416205,-0.18610512,0.03982343,-0.20846525,-0.06542236,-0.054419354,0.4377528,-0.016975448
4125,-5.8273835,0.008186017,-1.4974825,-0.8241839,-0.47981122,-0.047081083,0.097230524,-0.10031061,-0.1669665,0.4502743,0.41658965
4126,-5.8464894,-0.20390451,-1.3210254,-0.8368252,-0.13101184,0.32190752,-0.038972344,-0.26197648,0.0064526433,0.6271178,0.42472136
4127,-3.924615,-0.17692003,-0.74723846,-0.71813035,-0.42771387,-0.061159715,-0.04735732,-0.16758953,0.08279715,0.57107246,0.47958818
4128,-5.211674,0.061171383,-0.95977676,-0.2472218,-0.07532525,0.33469087,0.29151747,-0.25953206,-0.2966123,0.39272484,0.16724898
4129,-4.5849032,0.029499512,-0.71416396,-0.58586437,-0.33967674,0.07049642,0.32909825,-0.38471475,-0.0596141,0.1438324,0.24470118
4130,-5.6782513,-0.24314632,-0.98523927,-0.6424785,-0.5441348,-0.089585,0.2682442,-0.4135022,-0.3105017,0.104156055,0.59724414
4131,-3.9842303,-0.06352367,-1.2807083,-0.57315135,0.1710346,0.22321507,-0.069374986,-0.11484729,0.097826265,0.2637648,0.43236056
4132,-4.8747993,-0.01653855,-0.8343289,-0.56119174,-0.44745862,0.19818804,-0.014754827,-0.24345389,-0.015144907,0.3352108,0.4441363
4133,-5.102253,-0.37041524,-0.56272775,-0.18092433,-0.4090044,0.111683846,-0.15357743,-0.2078899,-0.15276232,0.33022508,0.16404873
4134,-6.8746443,-0.17705716,-1.3346843,-0.77161556,-0.100965194,-0.6889419,0.017090796,-0.13400283,-0.060809135,0.28609905,0.059463486
4135,-6.279112,-0.25427255,-1.724272,-0.6207261,0.41492757,-0.07096258,-0.050642513,-0.02663047,0.0655511,0.2563468,0.062342774
4136,-6.6153874,-0.30068395,-1.4938304,-1.1540618,-0.15079235,0.49101847,-0.25242534,-0.36774254,0.2280749,0.9135522,0.6177212
4137,-7.1636777,-0.20688513,-1.6490787,-0.96522135,-0.7235991,-0.17131172,0.048456665,-0.57579494,-0.1998562,0.29731268,0.75692993
4138,-5.991131,-0.5475532,-1.3679632,-0.65572214,-0.20324862,0.036279485,-0.29557756,-0.0929867,0.30584073,0.73555124,0.59695625
4139,-5.9848337,0.08460552,-1.269877,-0.8481593,-0.27475652,-0.19641392,0.053818416,-0.025565768,-0.3255626,0.5518267,0.27270308
4140,-5.614443,0.065672986,-1.2423197,-0.8246566,-0.023591578,0.03355714,-0.1169449,-0.41873246,-0.024722276,0.27957642,0.24586998
4141,-6.805482,-0.2660426,-1.8318785,-0.85106444,0.31575876,0.07442366,-0.22500896,-0.038783953,0.05801165,0.6451739,0.2067402
4142,-6.4239473,-0.08976102,-1.021284,-0.6397546,-0.21970335,0.012678176,-0.13040943,0.040183507,-0.12993376,0.7709615,0.31312042
4143,-5.79048,-0.24461766,-1.1693815,-0.6210396,-0.052362364,0.09408056,0.18292876,0.31393087,-0.18972595,0.7564663,0.39535868
4144,-5.747533,-0.13900152,-1.2352587,-0.44672444,0.12802278,-0.10187929,-0.095887266,-0.12446474,-0.063016005,0.5888005,0.09395138
4145,-5.1631002,-0.15527879,-0.96482235,-0.71140605,0.061723232,-0.06828507,0.08642603,-0.17546763,0.20003605,0.3839556,0.27925634
4146,-7.0007496,0.006908724,-1.4153689,-0.8520277,-0.06943129,0.12651423,-0.2419086,-0.3478451,0.10913058,0.3686479,0.1701141
4147,-5.9594355,-0.18865599,-1.0823925,-0.67563766,-0.15008071,0.13684487,-0.018956434,0.31725767,0.045364603,0.7618853,0.26718077
4148,-5.15508,-0.26720828,-1.1327792,-0.5904999,-0.21798113,-0.13304831,0.018901387,-0.03162069,-0.2800769,0.72961605,0.19292192
4149,-6.2488666,0.09689454,-1.1252431,-0.597179,-0.34543854,-0.13980015,0.32045484,-0.009436544,-0.10809836,0.26736498,0.5209437
4150,-5.1411753,-0.31945202,-1.3384364,-0.76530546,-0.24791595,0.31510168,0.2311351,-0.17581445,-0.07085123,0.9921038,0.5954413
4151,-6.648499,-0.32205752,-0.81895757,-1.0279261,-0.28648108,0.24605404,-0.16149962,-0.04749596,0.2780344,0.77863437,0.4850953
4152,-4.1433945,-0.18412991,-0.99467754,-0.8775525,-0.2482566,0.020986661,-0.0065842,-0.31323537,0.20190369,0.49370262,0.475227
4153,-5.396576,0.0035864362,-0.89701766,-0.67231023,-0.37185287,0.049597,0.014707797,-0.21613768,-0.1742074,0.25024956,0.335308
4154,-5.6670322,-0.0136797605,-0.5972979,-0.723256,-0.15730307,-0.1811794,-0.2589896,-0.31947464,0.035703752,0.3292435,0.36769772
4155,-6.5708704,-0.02216119,-1.3055272,-0.90978736,-0.05667279,-0.3153546,-0.19364674,-0.23463674,0.2580789,0.62139946,0.15094376
4156,-8.407947,-0.24509864,-1.5882344,-0.9814874,-1.3297794,-0.14537477,0.3838621,0.16784821,-0.45557204,0.4022288,0.90864074
4157,-5.228039,-0.027776789,-1.0131693,-0.47179794,-0.08338884,-0.29719293,0.1113371,-0.09309704,-0.1892431,0.22192125,0.21409784
4158,-6.295954,-0.17158802,-1.6369352,-0.3922338,-0.10840086,0.24467453,0.0680741,-0.03217698,-0.06680534,0.33604112,0.49943185
4159,-5.4742856,-0.08750008,-0.9965822,-0.3575194,-0.17402078,-0.12123525,0.0885081,-0.07716528,-0.15720816,0.31910896,0.38507885
4160,-5.9575653,-0.16804035,-1.2901139,-0.9756113,0.275418,0.18747294,-0.5777178,-0.4382449,0.20443669,0.35106152,0.099214
4161,-5.2148423,-0.19053699,-0.9904165,-0.36997914,0.33926412,0.3840472,-0.25640935,-0.19712527,-0.13384399,0.16796334,0.11642441
4162,-5.750302,0.048005994,-1.4301585,-0.7104718,-0.05006942,0.41098768,-0.34977135,-0.22340104,0.15067782,0.7743929,0.4248849
4163,-4.859956,0.09837649,-0.9912959,-0.58015066,-0.26603404,0.05417509,0.38393608,-0.041117653,0.0025777984,0.47016996,0.2640111
4164,-3.987866,0.051154315,-0.8481972,-0.5416778,-0.37801513,-0.007645021,0.10034973,-0.1929145,-0.064016856,0.22102448,0.38630265
4165,-7.788725,-0.39383173,-1.6758763,-0.77270323,-0.8575636,-0.42446756,0.30112863,-0.014139632,-0.21784078,0.3825831,1.047481
4166,-6.4496818,-0.12745671,-1.2816913,-1.0323387,-0.47277573,-0.20224948,-0.0298241,-0.45705247,-0.039325193,0.5041711,0.4690913
4167,-4.959425,0.024872713,-1.0915371,-0.7203197,0.11810371,0.09611796,-0.044998787,-0.4716095,0.2951637,0.37481996,0.19212775
4168,-6.489013,-0.052916177,-1.1582602,-1.1491125,-0.65173376,-0.29216832,-0.09245845,-0.56177425,0.08615537,0.37255788,0.80070746
4169,-6.761603,-0.13391092,-1.143826,-0.7599416,-0.5281363,0.1846662,0.40988606,-0.486161,-0.0115622785,0.5526368,0.42644456
4170,-5.8405976,-0.102474324,-1.3509037,-0.9524207,0.1698668,-0.07894071,-0.2924581,-0.17164437,0.09022982,0.44150043,0.07307642
4171,-6.1136446,0.070365705,-1.2071313,-0.25355202,-0.058340304,-0.31802756,-0.19531043,-0.1684942,-0.3456764,0.44057426,0.41497552
4172,-5.904323,-0.047016274,-1.19595,-0.66925186,0.30007136,-0.3529778,-0.19871981,-0.14190523,-0.068227194,0.5106744,0.017291766
4173,-4.7826586,-0.0046134405,-1.1234264,-0.67707604,0.21066786,0.28742325,0.009263005,-0.13669938,-0.012072748,0.41017982,0.09379276
4174,-6.790929,-0.14545168,-1.2791786,-0.6548045,-0.25605896,0.46926278,0.34463727,-0.31740066,-0.31151107,-0.052585933,0.27482334
4175,-6.2920275,-0.32135162,-1.418563,-0.70088345,-0.81172097,0.24852183,0.15148677,0.0846394,0.098079495,0.36290792,1.0099621
4176,-7.8310995,0.0879245,-1.1208471,-0.7618306,0.21352406,-0.46173084,-0.060625352,0.034474205,-0.2378769,0.6371965,0.33653408
4177,-5.8542285,-0.35946584,-1.071696,-0.96591204,-0.4324744,0.1276371,0.21742608,-0.22436592,-0.18029852,0.4053419,0.3577753
4178,-4.6138783,0.0081398375,-0.7194647,-0.48328468,-0.16177137,-0.233549,0.050932515,-0.08448325,-0.27382517,0.123978905,0.45697555
4179,-3.9266288,-0.28545246,-0.7839516,-0.70807284,-0.116727896,0.17467406,-0.068625756,-0.102660716,0.2852978,0.6294315,0.14296854
4180,-5.734577,-0.06480882,-1.0482088,-0.34508607,-0.34628358,-0.031705167,0.13314822,-0.049344458,-0.23511325,0.1529663,0.29389268
4181,-6.873514,0.11035756,-1.3027976,-0.6374339,-0.069380015,-0.11402786,0.06712163,0.10365368,-0.1740205,0.479374,0.546653
4182,-4.399334,-0.118429884,-0.9185731,-0.4359195,-0.222922,0.30961293,0.0662042,0.059398487,0.12746258,0.54389966,0.18051583
4183,-6.632158,-0.035787873,-1.2058272,-1.0111824,-0.37736246,0.2933883,0.11133452,-0.635977,0.44642445,0.7865362,0.46552914
4184,-5.468595,-0.1070551,-1.1055968,-0.36719316,0.092923574,-0.1901805,0.049603667,-0.46819898,0.036404703,-0.04106025,0.3739032
4185,-6.5081406,-0.11584121,-1.3254508,-0.8022452,-0.68014055,-0.113723025,0.10806721,0.10194245,0.16069853,0.80753887,0.6023096
4186,-6.0339127,-0.54136235,-0.6660289,-0.8637167,-0.29147065,-0.08434168,0.17900908,-0.11828271,-0.29549077,0.23160553,0.75601363
4187,-5.9622197,-0.17449333,-1.2810068,-0.7993124,-0.15367554,0.12549508,0.016144872,-0.39485094,-0.24552448,0.2805959,0.47850952
4188,-5.563468,-0.30852965,-1.4711663,-0.6448498,0.34792256,-0.065123,-0.07538828,-0.046966694,-0.048420414,0.61469835,0.23982115
4189,-5.188041,-0.2979125,-1.0455759,-0.62332606,-0.13179764,0.14312203,0.043520775,-0.18885498,-0.21678096,0.4652696,0.28162336
4190,-5.0869308,-0.39240345,-1.0666379,-0.6095208,-0.11176792,-0.1382002,0.031592537,-0.25771543,-0.09972775,0.25954783,0.41503716
4191,-4.7156415,-0.27400893,-0.7753876,-0.8349249,-0.46310622,-0.14530325,-0.08265188,0.022379775,0.026689542,0.6010932,0.24187171
4192,-5.491153,-0.06486244,-1.1805615,-0.29004863,0.19105896,-0.11980289,-0.026802529,0.21025942,-0.1358216,0.35364228,0.29187775
4193,-5.202851,-0.08493264,-1.1390666,-0.3927779,0.41402674,-0.1208626,-0.12687114,0.13778599,-0.18368505,0.08383667,0.031121481
4194,-4.631258,-0.4458138,-0.8958858,-0.4563306,-0.137714,0.29902673,0.06792165,-0.31294215,0.054164127,0.22196065,0.40236512
4195,-7.19269,-0.23540826,-1.4932042,-0.94874436,-0.014085719,-0.5403482,-0.16025339,-0.034330063,0.16295278,0.73035794,0.5027507
4196,-3.9864612,-0.12776853,-0.7593154,-0.08300467,-0.16243955,0.16046593,-0.12638466,-0.027894361,-0.14954153,0.6483149,0.065738425
4197,-6.3813467,0.15765612,-1.2771302,-0.5936388,-0.11035857,-0.06610164,-0.15134914,-0.24096116,0.11738082,0.672502,0.23223351
4198,-5.2640567,-0.010545055,-1.0799675,-0.37582803,0.0026264403,5.7188794e-05,0.24419759,-0.013086209,-0.15224656,0.31794518,0.19722569
4199,-7.5261645,-0.26393262,-1.8870375,-0.62573504,-0.42389572,-0.43275684,0.22464547,0.42767256,0.008062227,0.68098366,0.55905056
4200,-5.5370455,0.15168045,-1.0143737,-0.8422825,-0.03594029,-0.13405389,-0.15723719,-0.2514079,0.25045332,0.5386328,0.34982765
4201,-5.9966273,-0.2969627,-1.1604629,-0.79320604,-0.065193035,-0.22681318,-0.18873735,-0.21364775,0.1549564,0.63172483,0.42801553
4202,-5.4505153,-0.24812032,-1.2118421,-0.6918328,-0.17288508,0.1512861,0.14357483,0.0015659751,-0.05828616,0.6115983,0.39385283
4203,-4.3592143,-0.16265787,-1.0001922,-0.029292218,0.17831588,0.0024920814,0.100189805,-0.108540356,-0.1278968,0.2927832,0.16057935
4204,-5.462395,-0.2346859,-0.70779693,-0.5019686,-0.4021407,-0.4977312,0.021799663,0.020503385,-0.36334836,0.22527456,0.21430954
4205,-6.2387004,-0.16182181,-1.2147243,-0.7890184,0.014464647,0.30473685,-0.029833112,0.010126801,0.21231142,0.41565225,0.33964542
4206,-6.4080744,-0.24180774,-1.3120341,-0.5422426,0.48471594,0.513723,-0.49466863,-0.61623955,-0.024618892,0.06180989,-0.07621391
4207,-5.7561336,-0.12637895,-1.4488302,-0.6255129,0.15890914,0.329073,0.088869914,-0.2743027,-0.19005658,0.15737908,0.52210146
4208,-5.9875193,0.0648179,-1.657627,-0.26061925,-0.23383068,-0.048130725,-0.16480209,-0.30172056,-0.4549899,0.5401141,0.38405904
4209,-4.743755,-0.083365895,-1.1765511,-0.57290703,0.118196055,0.044030257,-0.2141751,-0.31232646,-0.20143373,0.31414774,0.06851255
4210,-5.546649,-0.17783087,-1.3966043,-0.9517512,-0.007839702,0.004264689,-0.22516224,0.098968655,0.21647058,0.53845596,0.578331
4211,-4.8837337,-0.28934276,-0.8902213,-0.57206935,-0.1882527,-0.05558014,0.008175068,-0.07938275,-0.13200139,0.34893662,-0.017913774
4212,-5.6921835,-0.24563734,-1.259518,-1.0661335,-0.035793897,0.18585734,-0.056156397,-0.6212829,0.18352123,0.39414862,0.47281152
4213,-8.043124,-0.12250821,-1.653896,-0.91165483,-0.110338524,0.34224313,0.28024408,0.043924533,0.03492953,0.8364577,0.67291677
4214,-5.4050508,-0.16083561,-1.0459319,-0.59875244,-0.0075303246,0.100048766,-0.074242145,-0.37626576,0.013353216,0.23656379,0.09983072
4215,-5.337212,-0.060587462,-0.8977298,-0.8520663,-0.68350023,0.061910022,0.36357677,-0.12187006,-0.17455271,0.5556432,0.5656445
4216,-6.565381,-0.39184022,-1.377262,-1.0495958,-0.5703512,-0.025678318,-0.030653946,-0.828817,0.007953468,0.29294732,0.54760134
4217,-4.0893226,-0.031265,-0.7473318,-0.62296814,-0.10626211,-0.20060444,0.00054151285,-0.17637195,-0.07490398,0.18075751,0.14562362
4218,-4.4423423,-0.052485,-0.592269,-0.34459615,-0.20205821,-0.07571298,0.073399924,-0.06725643,-0.038094014,0.45113528,0.0074045854
4219,-5.830303,-0.1083436,-1.1090251,-0.41310343,0.27585936,0.3306312,-0.26130477,-0.30978248,-0.04790052,0.6778849,0.19967586
4220,-4.403333,-0.086542726,-0.99031913,-0.4600429,-0.38252735,-0.2897591,0.09782813,0.085565194,-0.122068375,0.18468915,0.30238038
4221,-6.494353,-0.23525727,-1.9278138,-0.88358104,0.016078971,-0.054605592,-0.14430201,0.32053754,-0.12026413,0.7560208,0.50300694
4222,-7.1964602,-0.42404753,-0.8059406,-1.091702,-0.7559687,-0.20147717,0.04086534,-0.32558292,-0.02259068,0.3646772,1.0747473
4223,-5.352746,-0.084508695,-1.1177638,-0.7337413,-0.114419036,-0.28383374,0.15916178,-0.32136434,-0.27866563,0.2070341,0.48896164
4224,-6.7534113,-0.28914002,-1.3252655,-0.65047014,0.33628604,-0.0141390115,-0.11398992,-0.23933367,0.21726795,0.81855255,0.1565281
4225,-4.8714404,-0.16936074,-1.0263623,-0.21286881,-0.48838332,-0.11318757,0.33823177,-0.1688111,-0.2263925,0.39396784,0.45943236
4226,-5.1953225,-0.37747884,-1.0362762,-0.40282956,0.13134189,0.18237846,0.06391574,-0.15890048,0.18819702,0.514976,0.28622568
4227,-4.8301306,-0.14836854,-1.0712651,-0.6913273,-0.06648971,-0.1862758,-0.20670675,0.054798625,0.09432007,0.5929262,0.22057152
4228,-6.443895,-0.16042168,-1.3568575,-0.76339924,0.5461094,0.31273425,-0.35926265,-0.4103028,0.27058274,0.38478467,0.22310719
4229,-5.4652824,-0.1477058,-0.8913361,-0.45760745,-0.12343291,-0.12522076,0.09015283,0.2140856,-0.09786814,0.4770522,0.17551297
4230,-5.917101,-0.15092115,-0.88942343,-0.44158936,-0.029288227,0.15236078,-0.20924501,0.17473708,-0.3376727,0.17426494,0.36827394
4231,-6.7233315,-0.0072613666,-1.3430173,-0.5843368,0.5715772,-0.036617145,-0.35963604,-0.38986844,0.02065356,0.35840675,0.03409092
4232,-4.4845676,-0.035131253,-0.82494366,-0.42774305,0.17203635,0.23385805,0.070138425,0.09736879,-0.17833751,0.2047973,0.27405378
4233,-5.3455167,0.04186051,-0.9122018,-0.74356693,-0.33218843,-0.0019544382,-0.12165009,-0.4017758,-0.13010067,0.34073573,0.17741592
4234,-6.06973,-0.0755635,-1.4963428,-1.1261321,-0.34404606,-0.04986665,0.2541253,0.0325159,0.038366176,0.61864656,0.6024629
4235,-5.8968062,-0.14911062,-0.6907308,-0.435285,-0.14466353,-0.25184458,-0.18475077,-0.23551904,-0.19467638,0.6237528,0.172472
4236,-6.867803,-0.18738776,-1.1847798,-0.8097548,0.034186244,-0.27879614,-0.04234793,-0.18178162,0.14692971,0.23767349,0.5519798
4237,-5.174362,-0.37664318,-1.0392311,-0.35718316,0.16759887,-0.15327263,-0.009848517,-0.108174555,-0.15904067,0.6318783,0.056206163
4238,-4.124206,-0.18011649,-0.5559933,-0.4249236,-0.16803926,0.36152363,0.050162833,0.09379119,0.13172954,0.54291505,0.650011
4239,-4.3332124,-0.07257621,-0.86563414,-0.1274647,-0.0367575,0.24450639,0.22119455,-0.26866993,-0.23713617,0.4118687,0.042825248
4240,-5.025676,0.07452537,-1.2979971,-0.4194728,0.3284964,0.23792204,-0.14309274,-0.14156629,-0.08352017,0.10975944,0.043362226
4241,-4.8465066,0.113789156,-1.2552717,-0.6593786,-0.17103517,0.26736373,-0.25064602,-0.41296908,-0.17024268,0.4799378,0.36063528
4242,-6.106641,-0.22631899,-1.2355133,-1.0458437,-0.38714227,0.08756746,-0.018110361,-0.1523484,0.013607319,0.48061883,0.46737862
4243,-5.9523525,-0.10215669,-1.3998129,-0.68885,-0.16342293,-0.024813768,-0.028578553,-0.07033918,0.18547826,0.43507499,0.32998952
4244,-5.465828,-0.25963697,-1.2290273,-0.78962415,0.34343913,0.07277647,-0.13953984,-0.34855336,0.30092105,0.57343245,0.33723634
4245,-4.772909,-0.38171196,-0.8369721,-0.4505668,-0.57038033,0.0015234593,0.17233096,-0.28629956,-0.17121474,0.4308432,0.5574923
4246,-6.79816,-0.15768968,-1.7051226,-0.8634399,-0.18326293,0.79235303,-0.19527115,-0.84933585,0.30785182,0.25523087,0.2591674
4247,-4.0386014,0.047175042,-0.82928675,-0.27889207,0.15841666,-0.0372425,-0.08181881,-0.04334075,-0.026537186,0.20551115,0.028270867
4248,-6.485601,-0.057005446,-1.4661412,-0.7268137,0.29640982,-0.0057544615,-0.27118546,0.0317026,-0.06083092,0.41919333,0.04802933
4249,-4.307863,0.106043115,-0.5911014,-0.54282063,-0.34610415,0.041042466,0.024420444,-0.27813238,-0.062641956,0.3730747,0.22484188
4250,-5.79774,-0.29165715,-1.0404761,-0.8368539,-0.36112538,0.076222904,-0.16084611,-0.49224332,-0.29467922,0.5159,0.38718495
4251,-5.19678,-0.4212202,-1.2083994,-0.8026702,0.14226563,-0.24990521,-0.09906446,-0.053056575,0.08129196,0.28012866,0.29517078
4252,-5.5267625,-0.16470386,-0.6456689,-0.9089934,-0.30558786,-0.18507175,0.33295217,-0.093292214,0.016572963,0.32541963,0.47353813
4253,-5.542997,-0.056773853,-1.1661276,-0.6234682,-0.17252311,0.4468729,-0.23617381,-0.069891535,0.07599494,0.48121634,0.2709104
4254,-6.057737,-0.34751248,-0.72989875,-0.91853493,-0.54321516,0.029461177,0.029552285,-0.41193265,0.17624095,0.54631007,0.8679527
4255,-4.1115246,-0.115849614,-0.8631181,-0.4627213,-0.19366343,-0.033393037,-0.04598661,-0.24734116,-0.015318515,0.29760394,0.30986357
4256,-3.7335556,-0.13800274,-1.0983692,-0.706778,-0.14671038,0.025774775,-0.19003479,-0.3077511,0.2108408,0.51794946,0.4198171
4257,-5.8093715,0.021071615,-1.0205253,-0.35911676,0.26932025,-0.21795128,-0.46506506,-0.031515546,-0.15481672,0.49052677,-0.027507741
4258,-5.352681,-0.21791928,-0.7235305,-0.4594685,-0.05581333,0.07744283,0.2259298,-0.16595939,-0.035192393,0.5757829,0.38460702
4259,-4.689333,-0.20114987,-0.94181174,-0.65093243,-0.09962728,0.09333196,-0.13372676,-0.4439905,0.20072944,0.5087724,0.08762274
4260,-5.1660047,0.0013627782,-1.0119708,-0.6354733,0.042921152,-0.3896618,-0.052764982,-0.34496027,0.1441444,0.28982228,0.416237
4261,-5.9116716,-0.11485019,-1.2247468,-0.8442041,-0.12467115,-0.22605172,0.2026787,-0.32553622,-0.03311204,0.3528022,0.4351523
4262,-5.2937593,-0.032346822,-0.86121744,-0.48379186,-0.033404876,0.16662203,0.43488687,0.008138972,0.02728301,0.28563896,0.21266203
4263,-5.4450936,-0.315489,-1.4293914,-0.90479046,-0.36490217,0.013760079,0.15568615,-0.20757665,0.3414392,0.75593823,0.29716796
4264,-6.49712,-0.24780051,-1.0871257,-0.78574306,-0.17698076,0.44694978,-0.24075504,0.054096006,-0.20770893,0.63954693,0.88676995
4265,-6.5836635,-0.025756948,-1.4027911,-0.5478833,0.033406217,0.24750565,0.09849992,-0.040901303,-0.023354722,0.1732219,0.45232236
4266,-7.4543343,-0.3004325,-0.99122053,-0.95423293,-0.8911767,0.19052052,0.50098777,-0.24876612,-0.05054108,0.6608009,0.817035
4267,-4.2830796,-0.34182248,-0.8774346,-0.5643626,-0.47163075,-0.13304926,0.33059716,0.02569615,0.04270285,0.4211514,0.6867722
4268,-5.325527,-0.2981931,-0.92817646,-0.32344702,-0.34054103,-0.46786654,0.012556127,-0.050573826,-0.14328746,0.26317498,0.4681527
4269,-4.749986,-0.0801057,-1.1788217,-0.4352666,-0.18625708,0.039508104,-0.10049493,-0.23348019,-0.35117054,0.30973396,-0.053535096
4270,-4.8822975,-0.016913407,-0.9674005,-0.39550018,-0.17925292,-0.17701174,-0.032930985,-0.30668998,-0.011662852,0.54577124,0.121508606
4271,-5.951304,-0.17794795,-1.262489,-0.70408374,0.068440475,0.32898998,-0.052810207,-0.3244997,-0.110464156,0.6608498,0.3334082
4272,-5.7416644,-0.20474873,-1.4546987,-0.6028653,0.39585996,-0.022296939,-0.2567793,-0.20325987,0.19942509,0.28768787,0.21220727
4273,-6.328081,0.16360503,-1.5780895,-0.6963132,0.09316909,0.10109192,-0.027713414,-0.20949273,-0.0012738444,0.45895946,0.38290602
4274,-5.180872,0.07792904,-0.86598307,-0.5490079,0.08001213,-0.16646239,-0.3600457,-0.37191582,-0.1525397,-0.0030224333,0.11753933
4275,-6.8021903,-0.26392293,-1.3370274,-0.5047348,-0.6652547,0.2930922,0.15289518,-0.35815206,0.10647917,0.85564214,0.774877
4276,-4.5918393,-0.18601465,-1.0409148,-0.81475013,-0.27088428,-0.09670023,0.11995046,-0.1867296,0.06769193,0.39971784,0.1447929
4277,-5.3275747,0.1705787,-0.9534769,-0.38250995,0.14142768,0.13715467,-0.14769542,0.1569305,-0.36723453,0.23499368,0.09940635
4278,-6.0440006,0.051639333,-0.91510135,-0.43119025,-0.39612582,0.1280345,0.19254403,-0.18251488,-0.3291795,0.2738098,0.3126819
4279,-6.3906446,0.12643081,-1.6243612,-0.72597164,0.11964146,0.1164989,0.03629931,-0.08420471,-0.11903362,0.25857893,0.55804694
4280,-4.6139326,-0.053756338,-0.80706805,-0.5078539,-0.23245881,-0.198806,-0.07606155,-0.14910544,-0.20328623,0.27702123,0.2921753
4281,-6.1015286,-0.16609317,-1.4742687,-0.35300922,0.025683912,0.07652942,-0.2638496,0.01685001,-0.3016947,0.624852,0.3231408
4282,-6.3916316,-0.15228829,-1.514883,-0.612938,0.39744252,0.02385976,-0.4696661,-0.016719993,-0.320271,0.053517975,0.23270077
4283,-4.701142,-0.162471,-0.726425,-0.47010916,-0.36089453,-0.36719257,-0.01140719,0.0036111544,-0.0032288767,0.48667425,0.16530061
4284,-4.79361,-0.05846819,-1.3143216,-0.77801204,0.009897962,-0.08738273,-0.007747083,-0.2935956,0.00048185606,0.85241854,0.21995312
4285,-3.72853,-0.040465195,-0.76084787,-0.25308254,-0.26063275,-0.071937814,-0.07136377,-0.2578753,-0.2071655,0.33564472,0.21655603
4286,-5.2156034,-0.1694079,-1.1410651,-0.75399435,-0.6592323,-0.13140358,0.04349567,0.16375387,0.016673211,0.5527879,0.9031572
4287,-6.8135123,-0.42852908,-1.1508747,-0.98492855,-0.35312447,0.21075498,-0.39460444,0.01834602,0.17684178,0.6035199,0.6290747
4288,-5.1032906,-0.06922035,-0.5629076,-0.6618557,-0.57859886,-0.15208337,0.022981938,-0.09268425,-0.06283398,0.3652373,0.4384138
4289,-5.101006,-0.016518418,-1.1427941,-0.57539195,-0.11157263,0.25006232,-0.20069966,-0.14984371,0.063193016,0.35815287,0.16638348
4290,-5.456462,-0.36204264,-1.1190157,-0.74856436,-0.20332181,-0.10815062,-0.29757214,-0.3552721,-0.07470407,0.54682124,0.23175047
4291,-4.472981,-0.17431976,-0.7228058,-0.4543567,0.025021533,0.16560665,0.16488603,-0.24967182,-0.14253944,0.003102812,0.13992782
4292,-6.493801,-0.37215427,-1.2381024,-0.8912868,-0.44462317,0.1680872,0.035064798,-0.3907591,-0.17348671,0.3612692,0.79083776
4293,-5.5463023,-0.26192716,-0.9537464,-0.42849633,-0.13650957,0.16401353,-0.20483382,-0.206371,-0.26369292,0.12809785,0.3594614
4294,-4.767557,0.22962415,-0.90862757,-0.4138446,0.055641625,0.23754917,-0.18332548,0.074819125,-0.0026872586,0.40220654,0.34971517
4295,-5.73409,-0.11987378,-1.1543621,-0.7016072,-0.5785099,0.086977266,0.20035282,-0.02215617,-0.11497243,0.42186138,0.5569059
4296,-5.6126103,-0.27959305,-1.2892452,-0.7747644,-0.076672226,-0.1442604,-0.28153726,-0.17542177,0.35405824,0.6730128,0.11663104
4297,-6.57649,-0.27137992,-1.4401222,-0.6183534,0.11864328,0.17535928,-0.06301464,0.084211156,-0.03309013,0.58683026,0.5514855
4298,-5.98013,0.2079998,-1.690722,-0.70411015,0.023789374,-0.042997155,-0.18375878,-0.3365027,-0.10385863,0.19491953,0.12357245
4299,-5.2584996,-0.031791337,-1.1374172,-0.41148463,0.23457013,0.3418255,-0.08089133,-0.06522166,-0.058979988,0.45439717,0.023690492
4300,-6.8435264,-0.40280926,-0.88129723,-0.49487334,-0.47718647,-0.22313257,0.2869991,-0.1091284,-0.4384344,0.6155781,0.70379966
4301,-5.807908,-0.14373568,-1.236989,-0.6519215,-0.059043877,-0.13892141,-0.04133157,-0.11501459,-0.017880535,0.3014538,0.5377469
4302,-5.5122914,-0.2282481,-0.77260816,-0.6238631,-0.21240464,-0.2494751,0.1870133,-0.19674097,-0.29951447,0.37376994,0.08102578
4303,-5.9895205,0.05668162,-1.4481394,-0.9043892,-0.10311191,0.29101354,-0.061840378,-0.41657248,0.35996172,0.34074348,0.33040047
4304,-5.9378977,0.25591713,-1.467988,-0.6545482,-0.10452927,0.42896676,-0.12340852,-0.3039025,-0.100420184,0.40185285,0.73994803
4305,-5.6879826,-0.12908588,-0.78402096,-0.52590084,-0.01787805,0.38436335,0.16534989,-0.5965117,-0.405755,0.36054254,0.21611598
4306,-6.3149357,-0.3045369,-0.83005023,-0.55356455,-0.086339,0.0033928575,0.1655603,0.007451143,-0.30172482,0.24066527,0.3248275
4307,-5.3891077,0.0065681715,-0.9868571,-0.6253302,-0.3335143,-0.35925215,0.3298085,-0.2559136,-0.2380033,0.37638533,0.32146585
4308,-4.841499,-0.49092296,-0.826683,-0.73586065,-0.12005489,0.2220262,-0.3067552,-0.28031215,0.12987055,0.538662,0.23917563
4309,-3.5796647,-0.07864399,-0.6226847,-0.24087337,0.058465496,-0.21573576,-0.09421061,0.02215593,-0.14947765,0.20938623,0.044068277
4310,-5.7645173,-0.19578956,-1.3461369,-0.70368737,0.40689775,-0.05006413,-0.24347492,0.053914227,0.12257595,0.42622077,-0.19172591
4311,-8.489008,-0.30532995,-1.9215372,-0.69106466,-0.1683985,0.63103056,-0.14138588,-0.08605648,-0.0138408635,0.66759574,0.4001858
4312,-5.706492,-0.08094209,-1.2232977,-0.6182853,-0.34334132,-0.2024354,-0.089467585,-0.09228832,-0.064924955,0.35652515,0.41792318
4313,-5.3643885,-0.17997509,-1.3935053,-0.23253414,0.3315294,0.28319883,-0.27385584,-0.020067405,-0.26293433,0.73772943,0.017507829
4314,-5.3625536,-0.08413765,-1.1477925,-0.7831757,-0.31745008,0.037059702,0.020996034,0.06318285,0.114277184,0.3750584,0.73066366
4315,-3.3323443,-0.026586048,-0.8531012,-0.31771004,0.17825809,0.16756979,-0.1648568,-0.13396704,-0.22877893,-0.007723055,0.044425454
4316,-6.127952,-0.019896057,-0.9521945,-0.5915589,-0.3821825,-0.2604767,0.26165327,-0.08387366,-0.41208264,0.5031226,0.48316714
4317,-5.5852456,-0.04017441,-1.0260645,-0.48168305,-0.39631483,0.038522262,0.2659181,-0.23469396,-0.10496443,0.02639839,0.33312318
4318,-6.979336,-0.080105014,-1.0342773,-0.6923809,-0.53544426,0.09604871,-0.094530754,-0.6219857,-0.17843346,-0.101955764,0.49029207
4319,-7.002353,-0.18793447,-1.4702195,-0.8791645,-0.4042985,-0.11874482,0.12720749,-0.37936136,0.05626434,0.1637713,0.84890574
4320,-6.9824314,0.18918027,-1.7169365,-0.8466913,-0.057584263,0.013112847,-0.1529817,-0.044105425,-0.14490594,0.4177749,0.22614746
4321,-4.6945806,-0.050251465,-0.8409357,-0.5492624,0.123229414,-0.087653905,-0.09431759,0.08216315,-0.03872875,0.29708803,0.20103672
4322,-4.571561,-0.038569216,-0.82726765,-0.6364751,-0.09869223,-0.13676146,-0.15384535,-0.23356381,0.011870988,0.51159555,0.30443585
4323,-4.647676,-0.018478997,-1.0861828,-0.24896705,0.22940695,0.2675758,0.087067865,0.10307507,-0.2582029,0.16479084,0.13525067
4324,-7.499703,-0.25427872,-1.0769488,-0.6516379,-0.12176115,-0.15971638,0.028949399,0.06077402,-0.36230084,0.47170284,0.45675755
4325,-4.713855,-0.19230264,-1.1120809,-0.5904023,-0.22206677,0.38951695,0.15633732,-0.22955155,-0.03824705,0.5053613,0.48733187
4326,-5.0874033,-0.28010634,-0.777419,-0.7459911,-0.40948403,-0.34267056,-0.040948343,0.023250543,0.048301734,0.7221484,0.3953033
4327,-6.2751517,0.053691212,-1.2714024,-0.6765394,-0.17403008,-0.23657481,0.0017599873,-0.3251594,-0.19255158,0.3039611,0.2399251
4328,-4.8948464,-0.14010777,-0.71399117,-0.7571357,-0.5697457,-0.001378526,0.1068034,-0.16755801,0.11185567,0.5566489,0.18270023
4329,-6.9669385,-0.52313244,-1.1007276,-0.82574815,-0.36212364,0.2959302,0.4336178,-0.102892004,-0.37589785,0.5879175,0.6119994
4330,-4.575178,-0.109205075,-0.544456,-0.42829698,-0.00883556,-0.07438822,0.10401118,0.18712609,-0.0058438033,0.45850173,0.39085066
4331,-5.149924,-0.09558506,-1.0533979,-0.8832875,-0.18518706,-0.30988443,0.056792963,-0.061534956,0.08306003,0.15234633,0.47374785
4332,-3.8242,-0.14646694,-0.8040219,-0.534259,-0.026091298,-0.2028258,-0.029103592,-0.124962844,0.28942472,0.49162406,0.17474458
4333,-4.277688,-0.14270496,-0.82100725,-0.28045103,-0.0998266,0.12864323,0.029318709,-0.053344004,-0.1666871,0.4643251,0.44885746
4334,-5.24437,0.082613885,-1.298028,-0.2430479,-0.026835361,0.3593799,-0.10213387,-0.52210027,-0.08624792,0.16233398,0.23176944
4335,-6.897029,0.27643338,-0.98644495,-0.6883936,-0.5359002,-0.24301757,-0.18828474,0.04692275,-0.3931622,0.20571317,0.44917217
4336,-5.7563443,0.025757115,-1.1562862,-0.56260914,0.33491307,-0.1188941,-0.23983864,-0.36074108,0.052840263,-0.03457896,0.16048804
4337,-4.907226,-0.073927164,-0.7579933,-0.2986821,0.003591964,-0.07786191,-0.2543603,0.059333295,-0.10305851,0.23936969,-0.13596188
4338,-5.6858487,-0.243809,-1.0495629,-0.5212151,0.1755791,-0.5014146,-0.29972616,0.040884793,-0.34128314,0.5145797,0.114207454
4339,-5.82513,0.08603094,-1.3780273,-0.5905114,-0.053330574,0.058558732,0.1340794,0.09787631,-0.024088992,0.4684141,0.4944857
4340,-5.2728024,-0.34099257,-1.2945484,-0.68221796,0.10372265,0.1739606,-0.12416991,-0.3025149,-0.010737365,0.56682265,0.22351404
4341,-5.7498126,-0.0037817582,-1.342336,-1.0099205,0.4096987,-0.087455064,0.050346438,-0.046563536,-0.016067488,0.13902882,0.17968467
4342,-4.473693,-0.055207264,-0.94400656,-0.507781,-0.23207732,0.041337736,0.041829526,-0.264078,0.03133309,0.43116754,0.112784125
4343,-5.6099405,0.04603472,-0.9208161,-0.49568856,-0.12243012,-0.018294558,0.033482388,-0.4165215,0.09374429,0.45578435,0.65950465
4344,-5.3925376,-0.16131163,-0.9596227,-0.8940902,-0.23973528,-0.11373363,0.113951355,-0.13128059,0.15933064,0.58080125,0.39166862
4345,-6.2060294,0.048983965,-1.2800068,-0.5417203,-0.055542987,0.19345655,0.04689482,-0.46607703,-0.030677577,0.30171943,-0.10189886
4346,-5.7666845,-0.10123267,-1.006086,-0.58838487,0.028035576,0.24347368,-0.15557279,-0.60704845,-0.092418484,0.3360671,0.23796812
4347,-5.837693,-0.04710633,-1.0862132,-0.64167434,-0.08796226,-0.22524482,-0.23244041,-0.3961069,-0.26875556,0.110898085,0.17481694
4348,-6.2941375,-0.44135657,-0.9808464,-0.93041086,-0.038766384,0.4777677,0.3310843,-0.18747157,-0.24939965,0.34987935,0.63012093
4349,-5.950042,-0.012097326,-1.2414427,-0.2759302,0.47078928,0.049921297,-0.23852082,-0.021852,-0.2134173,0.13804391,0.085180745
4350,-5.9685035,-0.24168421,-1.2633842,-0.90912193,0.0050353203,0.090841316,-0.0028402358,-0.032800905,0.12141342,0.35862577,0.16168198
4351,-5.5324745,-0.097316876,-1.1114203,-0.3421152,0.2089976,0.23751037,-0.22684471,-0.31459776,-0.004298575,0.29696527,0.13803948
4352,-5.3458033,0.12356005,-1.5174989,-0.72382516,-0.13056608,-0.053787556,-0.030627329,-0.39517665,0.15259412,0.4409209,0.3339668
4353,-5.674817,-0.13506831,-1.0514203,-0.86435926,-0.21773352,0.12637366,-0.0067080176,-0.27303565,0.113768935,0.549596,0.12475981
4354,-5.271257,-0.14801212,-0.7020821,-0.43493107,-0.69793457,0.07426383,0.03308402,0.03302531,0.10431254,0.3151054,0.50714046
4355,-6.1924767,-0.1671768,-1.3435653,-0.2061804,0.37200263,0.41413075,-0.1300424,-0.26788735,-0.08892427,0.26725572,0.16722082
4356,-4.4407196,-0.04692504,-0.87282175,-0.28959593,0.28899112,-0.089864485,-0.34854224,-0.29983974,-0.15807128,0.31671873,0.14911987
4357,-7.435888,-0.011754266,-1.4941748,-0.63991714,-0.65281457,0.26830673,0.25318033,-0.15950665,-0.3778882,0.69214046,0.1667985
4358,-6.1480665,-0.07543086,-0.84533733,-0.49955207,-0.09955538,-0.23437493,-0.038689364,-0.40485707,-0.080953225,0.64458513,-0.09661342
4359,-3.8260574,-0.15128411,-0.84044534,-0.4258171,-0.062172376,-0.26619428,-0.19200824,0.035194017,-0.07199639,0.40730044,0.19566283
4360,-5.8951397,0.26038927,-1.0785114,-0.4785083,-0.0038400213,-0.13082856,-0.15046513,0.023565289,-0.15809955,0.2577566,0.2550666
4361,-5.781524,-0.12966037,-1.0459404,-1.0271491,-0.022370761,0.052909937,0.049322143,-0.34737593,0.04402695,0.2703486,0.23547213
4362,-7.0515523,0.093012415,-1.3390682,-0.8055888,0.05861123,0.329848,-0.044406,-0.22136864,0.2051849,0.40012658,0.1997702
4363,-6.562402,-0.12517764,-1.1631005,-0.6165575,0.036305867,0.120621435,-0.33725554,-0.31395465,-0.017778514,0.44997722,0.017145477
4364,-4.7613306,0.06357808,-1.0219661,-0.35848436,0.21022634,-0.010977978,-0.21803947,0.18123703,0.025685366,-0.00023274496,0.35745594
4365,-5.890435,-0.11292898,-1.3142492,-0.43170103,0.09779482,0.20993401,-0.37734038,-0.20531131,-0.27382362,0.18577325,-0.08177302
4366,-5.6335387,-0.03671806,-1.1032697,-0.9495667,-0.060166873,-0.0055385865,-0.29882306,-0.17098483,0.08331072,0.38943282,0.15782246
4367,-6.59365,-0.23252644,-1.1714838,-0.45590824,-0.24862748,-0.13953626,-0.088632986,-0.033540048,-0.39003024,0.23085535,0.47961608
4368,-4.6213145,-0.3904869,-0.9974888,-0.14926201,-0.43167028,0.1560473,0.085734695,-0.038880683,-0.2637049,0.29517838,0.4046072
4369,-5.693566,-0.14763077,-1.1378444,-0.72876555,0.20427832,-0.12972495,-0.11846451,-0.13700101,-0.020982461,0.54354376,0.2746231
4370,-5.854167,-0.1827921,-1.2431333,-0.8854436,-0.3183038,0.5179891,-0.3083057,-0.490213,0.3882112,0.84277666,0.020774845
4371,-6.4571548,-0.25122124,-1.5360227,-0.80136436,0.12700234,-0.15011285,-0.29757464,0.001388656,-0.18528368,0.7727508,-0.18756902
4372,-7.1664085,-0.10809403,-1.4324752,-0.8786001,-0.12404349,0.23290157,-0.201541,-0.64866483,-0.097655386,0.23496334,0.36457878
4373,-4.986658,-0.3619521,-0.8385544,-0.90444964,-0.051203523,-0.07799612,0.08245512,-0.59269774,0.3133352,0.5213421,0.5272943
4374,-6.236775,-0.30948985,-1.1505665,-0.78130144,-0.048050493,-0.015945015,-0.011336568,-0.36868048,-0.12046549,0.38401666,-0.032883734
4375,-5.934055,0.07032542,-1.5483857,-0.6880368,0.36743844,0.13558044,-0.2825527,-0.29658812,0.055965193,0.0935816,0.23739627
4376,-4.1519933,-0.21364525,-0.7904888,-0.39173883,0.104443595,0.13707474,-0.119658165,-0.2414932,-0.017453423,0.15913646,-0.0070233634
4377,-6.999659,0.061756793,-1.3901813,-0.5593744,-0.37703484,-0.21728443,-0.2195521,0.2194807,-0.19801955,0.40846837,0.2646228
4378,-5.276108,-0.050231896,-1.0982075,-0.5309707,0.029491013,-0.08171083,-0.2537267,-0.36892,-0.06889085,0.30524215,0.25328824
4379,-6.0175233,0.019203387,-0.77862525,-0.5301668,-0.43558618,0.047486246,-0.105190836,-0.08186063,-0.15654312,0.5080049,0.30635542
4380,-4.4716854,0.062563136,-0.7997121,-0.516283,-0.008315727,-0.13244464,0.18742795,-0.22306022,0.042187832,0.39029533,0.2291428
4381,-4.782324,-0.12682654,-0.9888519,-0.5854012,-0.22982723,-0.36542112,0.08088801,-0.27605447,-0.19882432,0.17491858,0.31147173
4382,-4.886869,-0.2881269,-0.7895064,-0.31891245,-0.4546049,-0.18046267,0.118951656,-0.56219333,0.014753504,0.19815122,0.62299603
4383,-5.5855894,-0.2145905,-1.0007764,-0.43021554,-0.004844818,0.33066964,-0.2364136,-0.23562115,0.05376128,0.63549095,0.36073512
4384,-6.8939996,0.09872804,-1.3122789,-0.36110196,0.16116863,-0.2564479,-0.075075515,0.2810388,-0.32499036,0.3938291,0.17389481
4385,-6.3664722,-0.42278332,-1.0563221,-0.84161466,-0.3689052,-0.090218075,0.41129166,0.038778953,0.046010323,0.48447847,0.452397
4386,-6.0061216,-0.44694433,-0.93066156,-0.9119377,-0.5153694,0.08286787,0.06045126,-0.16429009,-0.19920355,0.36555603,0.5151428
4387,-6.8945866,-0.14157881,-1.0304658,-0.77778125,-0.21792006,0.26325023,-0.040335145,0.15910369,-0.1402512,0.36443588,0.59457725
4388,-4.4923863,-0.032570343,-1.124277,-0.4705189,0.31479132,-0.019241542,-0.14765254,0.058669962,0.28293124,0.21064334,0.20475948
4389,-4.1955996,-0.38351548,-0.56524795,-0.42476574,-0.16823396,0.02306677,0.039746378,-0.06348698,-0.18814315,0.2674632,0.22238226
4390,-5.149919,-0.19805878,-0.62524366,-0.76754713,-0.50891316,-0.27649903,0.19466874,-0.026424544,-0.06505058,0.5632816,0.3237681
4391,-5.33593,-0.14952007,-1.0914719,-0.49896765,-0.03379794,0.14607032,0.020274736,-0.4038933,0.03732098,-0.18074128,0.29233536
4392,-5.83458,-0.1581705,-1.0077741,-0.56369805,0.027384846,-0.12879038,-0.3420247,-0.27368283,-0.021500519,0.38849297,0.3227505
4393,-5.5177546,-0.32158047,-1.3084446,-0.6032234,0.35369074,-0.06261727,-0.05801437,0.017462661,-0.1201366,0.50912523,0.199372
4394,-7.107274,-0.0013179006,-1.3771666,-0.89708835,-0.007856321,0.05108828,-0.012235382,-0.022522578,-0.0941186,-0.08055185,0.20466354
4395,-4.5895376,-0.18520804,-0.78685457,-0.22572613,-0.06647515,0.14480892,-0.078870215,0.34216496,-0.173736,0.22904237,0.08454134
4396,-6.2355475,0.09918436,-1.4035003,-0.6235526,-0.11417568,-0.20522319,-0.2836277,-0.16707139,-0.19903304,0.36086532,0.4215643
4397,-6.374828,-0.10134497,-0.8764005,-0.36691892,-0.4214747,-0.22718772,0.13999334,-0.25938022,-0.3379689,0.37135622,0.22958608
4398,-6.5031633,-0.43792507,-1.5257292,-0.71354854,-0.52825683,0.22710107,0.010194047,-0.16341619,-0.06121169,0.8490929,1.1407957
4399,-7.354755,-0.38509536,-1.5840304,-0.73196936,0.14132261,0.29389334,0.025812823,-0.39000088,0.12515652,0.39655194,0.39751416
4400,-5.0286093,-0.5582513,-0.9451252,-0.47242108,-0.13731685,0.053011242,-0.06768297,-0.25856262,-0.14343788,0.19097589,0.26761767
4401,-6.392016,-0.28968185,-1.5032331,-0.6225631,-0.4387079,0.22825871,0.2299437,0.21715434,-0.05621338,0.71204066,0.41733876
4402,-5.1906157,0.15171644,-0.9909354,-0.38830197,-0.17618355,-0.096036054,-0.07314387,-0.33396828,-0.21815565,0.138614,0.29889506
4403,-5.8514767,0.058357533,-1.0155483,-0.3409467,0.048743553,0.13291086,-0.056040972,0.29059726,-0.14715645,0.2131998,0.16250634
4404,-4.7134237,-0.2192933,-0.9919024,-0.40887037,0.0801719,0.20848669,0.024491116,-0.31489468,-0.16029699,0.16879037,0.18059812
4405,-4.049973,-0.10991756,-0.7944468,-0.5847836,-0.030537972,-0.29517233,-0.12319755,-0.04410837,-0.13123485,0.22518168,-0.09350726
4406,-6.481481,-0.2969567,-1.07131,-1.0331775,-0.41871625,-0.043253705,0.39191777,0.097418845,-0.3916161,0.35936394,0.76657605
4407,-3.9119718,0.012680226,-0.8407315,-0.6117273,-0.0021522217,0.10655525,0.008472245,-0.17383137,-0.044536293,0.09658358,0.2503704
4408,-4.9004507,-0.3095346,-0.8556311,-0.87204695,-0.5416663,-0.22645395,0.052604012,-0.079505324,0.22356644,0.588212,0.28311962
4409,-5.7399387,-0.17907426,-0.9728354,-0.7331678,-0.13191196,-0.16049057,0.015382245,-0.023745907,0.16058396,0.53571075,0.31504223
4410,-4.0609927,-0.01355663,-1.0678816,-0.35153785,0.14932741,-0.05678267,-0.18339738,-0.007590089,0.019163901,0.29529577,0.16238081
4411,-6.3009086,0.11700029,-1.3840038,-0.78631186,-0.30844775,0.06824458,0.20073226,-0.21391687,-0.017722348,0.42741117,0.21133776
4412,-3.9894018,0.033692274,-0.625192,-0.26961246,-0.32007763,0.14248297,0.07588276,-0.2878956,-0.30157244,0.1969839,0.200524
4413,-4.7829967,0.22770427,-0.94014156,-0.39701527,-0.15199867,-0.038120694,0.067001544,-0.3458918,-0.042961806,0.3150907,0.10234109
4414,-5.343207,-0.08980993,-0.9864681,-0.2145571,-0.079480655,-0.20512731,0.117949314,-0.024544125,-0.49736172,0.46520415,0.32717878
4415,-5.1892943,-0.09589427,-1.0831099,-0.2523068,-0.027559495,-0.13578095,-0.3863251,-0.012728661,-0.27117664,0.26549968,0.1148329
4416,-8.529787,-0.006105655,-2.0893705,-0.66354114,-0.4591701,0.30966163,-0.22235198,-0.50299656,-0.12384999,0.46692643,0.63859457
4417,-5.324668,-0.09212415,-1.4816742,-0.7435796,-0.1189482,-0.0076703,-0.17794637,-0.4521716,0.047808275,0.8747679,0.3006152
4418,-4.6121716,-0.18294206,-0.74467754,-0.56309444,-0.09427928,-0.14956346,0.06512352,-0.19376221,0.068239376,0.34451416,0.19186132
4419,-5.740813,-0.02120648,-1.0407025,-0.9718642,-0.22773264,-0.17773177,-0.069934174,-0.33768716,0.3453808,0.7062277,0.6361012
4420,-4.4927187,0.026291765,-1.0776558,-0.6143011,-0.30989927,0.17014915,0.03889016,-0.2536541,-0.040154815,0.4835108,0.2921882
4421,-7.5570865,-0.29821727,-1.5616887,-0.49027824,0.5124505,0.10692712,-0.13175927,-0.13973176,0.16485931,0.5627039,0.20020412
4422,-8.509323,-0.087917745,-1.5853821,-0.89825565,-0.45239416,-0.006693543,0.5122005,-0.17554945,-0.5036782,0.5626678,0.525871
4423,-5.7071176,-0.16671544,-0.9161372,-0.67382854,-0.06957213,0.018642927,0.18343924,-0.14466225,0.07624803,0.2788906,0.4369038
4424,-6.901395,-0.018201143,-1.1192169,-0.12866876,-0.23365787,-0.5040845,-0.14624085,0.09982384,-0.26479483,0.34741634,0.14139009
4425,-4.862074,-0.2593026,-0.64192724,-0.6953481,-0.17294297,0.049019497,0.030552361,-0.15492323,-0.29010457,0.47517824,0.03686216
4426,-5.942827,-0.0851491,-1.228029,-0.5196506,-0.6464819,0.16010107,-0.316741,0.08710454,-0.29211265,0.375865,0.42458478
4427,-3.4095588,-0.3116181,-0.7519558,-0.38522103,0.010860436,-0.0069786888,-0.09553228,-0.19379129,-0.0787548,0.34554175,0.24508934
4428,-5.0794888,0.0173369,-0.8209315,-0.45051685,-0.3294107,-0.04781809,0.105526805,0.15788591,-0.2915607,0.3060975,0.32659695
4429,-6.069919,-0.2954027,-1.1078168,-0.30553445,-0.40961477,-0.36182076,0.047831353,-0.017891318,-0.29050273,0.31704462,0.2697866
4430,-4.9689755,-0.13972513,-1.1122004,-0.6369497,-0.5841546,-0.015097734,0.050059397,-0.40103406,0.092353776,0.19870993,0.61997026
4431,-4.88636,0.015581323,-1.2494208,-0.35073474,0.35670742,0.47778898,-0.095980756,0.015438114,0.06521177,0.3666702,-0.002519791
4432,-5.3695874,-0.36518118,-1.2145557,-0.49886,0.15211873,-0.08995128,-0.0045708194,0.107895985,0.06751203,0.3954897,0.41176772
4433,-4.222032,-0.11671652,-0.672014,-0.56949246,-0.47741416,-0.25708807,-0.23139347,-0.15746233,-0.14859228,0.49812198,0.21400736
4434,-3.027213,-0.12795638,-0.6537053,-0.3380646,0.05102931,0.022595868,0.008946926,-0.12017568,-0.039619096,0.1419365,0.0070840744
4435,-4.906977,-0.28725263,-1.0508113,-0.29126057,-0.040763512,0.0101316925,0.04834151,-0.156994,-0.18601163,0.20675081,0.42628607
4436,-4.485163,0.051812068,-0.68830246,-0.56118923,-0.16241471,0.0782878,0.22647245,-0.5219342,-0.07152088,0.12999633,0.26309073
4437,-5.667275,-0.5030837,-1.0912846,-0.54760164,-0.5416329,0.16883211,0.39191562,-0.1203701,0.1112048,0.7527522,0.31173918
4438,-4.223859,-0.2907751,-0.7633374,-0.53773165,-0.32874116,-0.39559776,0.16651762,-0.027156046,-0.09028445,0.22843263,0.38882643
4439,-4.0897975,0.0010662461,-1.15711,-0.41735825,-0.17267855,-0.08602747,0.15169355,-0.3697807,-0.13917826,0.57397634,0.08686974
4440,-4.5734067,-0.073397905,-1.0001475,-0.27499017,-0.022744743,0.30776727,-0.026195213,-0.62243676,0.030537099,0.27719933,0.20600845
4441,-5.3415565,-0.1744589,-1.2637584,-0.8013022,0.06920196,-0.25481898,-0.28384733,0.020823035,-0.12142038,0.3668241,-0.09211095
4442,-5.8210645,-0.36362997,-1.153979,-0.85925,-0.12262971,0.049456127,0.01428538,-0.17242861,0.18914637,0.6845389,0.6862693
4443,-5.9987783,-0.0685469,-1.3719467,-0.4772741,0.013020262,-0.32600427,-0.023723673,0.2194115,0.004337131,0.5689208,0.20462717
4444,-5.450919,-0.044752147,-1.2980255,-0.2194128,-0.05779179,0.118870266,0.23472404,0.0016469592,-0.27070987,0.08673751,0.27614695
4445,-4.830283,0.078190304,-0.70394146,-0.35027528,-0.03648355,-0.23187964,-0.022060871,-0.27334428,-0.16394624,0.26627997,0.10260517
4446,-4.929407,-0.16054568,-0.9258074,-0.6698081,-0.26198402,-0.27364397,0.067200415,-0.108945146,-0.12685482,0.30981874,0.5296709
4447,-6.217439,0.06404506,-1.335261,-0.9712461,-0.04408368,-0.043344453,-0.2803638,-0.46397024,0.020843271,0.39338306,0.31920475
4448,-5.3211584,-0.17319696,-0.96379864,-0.67019767,-0.3958963,-0.17095834,0.083518066,-0.001179412,-0.35844386,0.5541809,0.37702373
4449,-5.856958,-0.024131842,-1.3551248,-0.49167675,0.010057041,0.08595129,0.18578,-0.26210326,-0.04071998,0.27750996,0.18574095
4450,-6.5676837,-0.1703249,-1.2893965,-0.06785733,-0.11822031,-0.20412965,-0.061515406,-0.12581214,-0.34218276,0.59804296,0.35729417
4451,-6.385771,-0.09445528,-1.2250106,-0.7902139,-0.35792345,0.101635344,0.32838452,0.076715,-0.058484904,0.42988163,0.78399926
4452,-4.697113,-0.1156573,-0.58474237,-0.61089355,-0.9063201,0.10862486,-0.036635857,-0.12978123,-0.12547801,0.36139998,0.36297897
4453,-5.599923,-0.1690068,-1.0070573,-0.7949478,-0.4099471,0.040331062,0.13040431,-0.35505462,-0.18828519,0.53644174,0.6531972
4454,-4.7857914,0.11480174,-0.9800252,-0.44520107,0.10520721,0.15043266,-0.021045506,-0.48053136,0.06190546,0.40653396,0.12011119
4455,-6.3235703,-0.24984951,-1.3842409,-0.8354211,-0.2080896,0.0101522375,0.16646734,-0.041416533,0.02121922,0.81199735,0.19097272
4456,-5.8667808,-0.32988843,-1.3391641,-0.76622844,0.11169946,0.14084606,-0.27303094,-0.0825492,-0.006707173,0.33441225,0.16409811
4457,-5.105441,-0.12297155,-0.9493551,-0.39721933,0.12175482,0.014123363,-0.14441776,-0.36085916,0.16408736,0.47648478,0.012872176
4458,-5.3099756,-0.26170063,-0.8807061,-0.7902515,-0.44387606,-0.3067087,-0.066013835,-0.37278268,0.12266503,0.49239525,0.82717377
4459,-7.0114384,-0.21955304,-1.362138,-0.86715955,0.08865046,0.32361907,0.29748407,-0.16601114,0.19541213,0.76075137,0.16279356
4460,-5.8241262,-0.18572749,-1.4458314,-0.36983088,-0.024283394,0.18839495,-0.008384983,-0.5227604,-0.24481313,-0.056902725,0.35037595
4461,-5.0892487,-0.0916863,-0.5391163,-0.46263883,-0.20549227,-0.0034366287,-0.3403854,-0.4793696,-0.11195569,0.43389025,0.28095895
4462,-6.000706,-0.19053672,-1.373737,-0.38177305,0.1541752,-0.08823308,0.0019633556,-0.15874518,-0.10091853,0.28000548,0.24661028
4463,-6.850142,0.010016672,-1.7229217,-1.1275827,-0.41076517,0.016228057,-0.18373594,-0.33799133,0.12102226,0.6598495,0.53190464
4464,-4.6854362,-0.32117155,-0.854498,-0.3384022,0.07616853,0.23721097,0.10610568,-0.06688025,-0.050197892,0.46814692,0.1422139
4465,-5.4190845,0.0935701,-0.90853566,-0.6411599,-0.35404816,-0.19637366,-0.019842993,-0.11934795,-0.18651958,0.25190267,0.12897803
4466,-6.482331,0.11489833,-1.3541359,-0.71780556,-0.15984017,0.3792475,-0.45705873,-0.7984798,0.22077946,0.4827904,0.064085305
4467,-5.259227,0.06777046,-1.092814,-0.46972,0.3398101,-0.27781612,-0.34514484,-0.3236499,-0.06897894,0.38564137,-0.051494777
4468,-7.167073,0.065855354,-1.7219192,-0.4682136,0.47663063,-0.23760705,-0.3399242,-0.03272987,-0.24530594,0.2595697,0.2016123
4469,-7.071263,0.05686624,-1.0971843,-0.4858726,0.100491025,-0.033648618,0.023855131,-0.17708448,-0.30831277,-0.07648836,0.19668517
4470,-6.846601,-0.086119875,-1.8085946,-1.0350829,0.0019829893,0.34143513,-0.24041994,-0.4139499,0.1900672,0.69266015,0.2527336
4471,-5.677413,-0.4034613,-1.0959969,-0.87633175,-0.5304137,0.16217567,0.07201108,-0.22026525,0.19593886,0.44025972,0.12539282
4472,-6.0075245,-0.40649223,-1.5324892,-0.9286035,0.09643266,0.21672508,-0.044062942,-0.19638015,0.12483998,0.81445473,0.3043573
4473,-4.3576636,-0.10010965,-1.126234,-0.5768715,-0.31103858,0.12085857,0.09243083,-0.0020745518,-0.18013613,0.409129,0.6943824
4474,-3.4758708,-0.031679522,-0.7125656,-0.29042456,-0.02651929,0.26023614,-0.017197207,-0.1555547,0.109165564,0.27938658,0.16662392
4475,-4.4317074,-0.0846467,-0.8646107,-0.16781902,-0.11606183,-0.13513048,0.16183554,-0.025819534,-0.24047746,0.6685348,0.20423393
4476,-5.1498322,-0.13422024,-0.7865536,-0.79335946,0.17701429,-0.013231888,-0.17176977,-0.4390287,-0.18040875,0.26702282,0.08579066
4477,-6.2350287,0.035201285,-1.0154258,-0.44596183,0.29540104,-0.19588508,-0.08752577,0.05033514,-0.16505837,0.34836245,0.28871134
4478,-6.7087708,-0.15408732,-1.5151206,-1.1604321,-0.14374346,0.19172987,-0.13115622,-0.1697222,0.47784197,0.999423,0.27278286
4479,-5.5553856,-0.25161135,-1.3995081,-0.98120964,0.083728865,0.101235054,-0.25503004,-0.25610614,0.42425624,0.5968977,0.29078552
4480,-6.863402,-0.14905708,-1.3622423,-0.81861514,-0.30646643,0.3861485,-0.07735838,-0.3913377,0.052665763,0.3472106,0.34734344
4481,-4.8966517,0.035367694,-1.0430433,-0.68400156,-0.09804658,0.08585467,0.04763747,-0.09168627,0.077433676,0.64820033,0.32592633
4482,-4.8034406,-0.07879595,-1.017929,-0.022926643,-0.1661449,0.2075915,0.09468831,-0.24549195,-0.32516214,0.57137156,0.334189
4483,-7.0335703,0.21706723,-1.0074624,-0.55157566,-0.0006483323,-0.0890554,-0.20871206,-0.35838792,-0.30603337,0.09339494,0.122127995
4484,-4.98376,0.0491209,-1.0684181,-0.53435975,0.08495973,-0.084764846,0.078097425,-0.25258866,0.045741037,0.2891674,0.060060766
4485,-6.491728,-0.2296159,-1.1568924,-0.86016345,-0.6540348,0.18439445,0.2922951,-0.43228236,-0.0897278,0.28722826,0.6028681
4486,-4.5823374,-0.1001409,-0.8891349,-0.50237125,-0.27062264,0.28307247,-0.008809197,-0.12757434,0.21328199,0.44804287,0.73016065
4487,-4.5072927,-0.036704086,-1.0608598,-0.7083404,-0.023588741,-0.011130761,-0.2893447,-0.2269325,0.11679644,0.17733623,-0.068994686
4488,-6.2763247,-0.025052693,-1.3014742,-1.0928138,0.15918109,-0.282637,-0.06595161,-0.29979935,0.27110836,0.93335676,0.2756645
4489,-4.500735,0.057587728,-1.2854518,-0.549907,0.061927646,0.118377484,0.061816238,-0.12331038,0.0004103165,0.24159361,0.52149016
4490,-5.13411,-0.13068654,-1.1186526,-0.36593395,0.2933679,-0.032485712,-0.28890428,0.17572004,-0.052657284,0.12652163,0.0050597712
4491,-6.490184,-0.051048867,-0.90065646,-0.7166768,-0.40752643,0.060812566,0.12410172,-0.026628962,-0.17553324,0.8235327,0.56486
4492,-4.5402527,-0.10981415,-0.64443874,-0.48240796,0.15933715,-0.026613496,-0.07406795,-0.076930255,0.029405601,0.4452603,0.35568887
4493,-5.7894573,-0.15287046,-1.0984054,-0.9755977,-0.0032526548,-0.015664754,0.08947823,-0.16998047,-0.1148209,0.29352015,0.3756858
4494,-7.101084,-0.2736062,-1.6753944,-0.8873473,0.18811007,0.6287569,-0.53507966,-0.6238433,0.37143275,0.70834315,-0.23106009
4495,-3.3861663,-0.29839796,-0.62927085,-0.45490023,-0.20314617,0.03944617,-0.12220911,-0.24962282,0.017876836,0.43715116,0.15300378
4496,-4.963906,-0.094482064,-0.7642155,-0.4233112,-0.24088997,-0.11056035,0.12866195,0.013886508,-0.06282473,0.46934786,0.20689993
4497,-6.110877,-0.11110277,-1.3193481,-0.8138998,-0.15631402,0.10460698,0.034713548,-0.1466203,-0.12452099,0.9090909,0.5432903
4498,-5.725106,-0.5058128,-1.2180241,-0.35067374,0.06857157,0.011059812,-0.36466953,-0.15453865,-0.26330173,0.20423043,0.09319305
4499,-7.3511987,-0.04305055,-1.5431917,-0.6280171,0.29838517,-0.12633884,0.014241933,0.022951566,-0.1799886,0.34853455,0.22785039
4500,-5.141073,-0.10948544,-0.8015175,-0.38282725,0.29754952,-0.08392716,-0.17719491,-0.14368092,-0.2298683,0.5202624,0.08524864
4501,-6.1165886,-0.10726092,-1.2588141,-0.5952536,0.12995622,0.011403182,-0.48747197,-0.008336345,-0.17111059,-0.0041036857,-0.08931619
4502,-6.429025,-0.092725985,-1.408891,-0.6213144,0.16588774,0.34217876,-0.06550813,-0.058832288,0.3459013,0.82646513,0.30881208
4503,-6.549145,-0.54693395,-0.67931855,-0.8368072,-0.5199905,0.21293664,-0.2217015,-0.125266,-0.110522196,0.69904524,0.45889857
4504,-5.6735973,-0.52246886,-1.1253674,-0.7580429,-0.40100157,-0.38847303,-0.15399389,-0.29501706,0.13921376,0.2708013,0.7262588
4505,-5.7033,0.008360092,-0.95938444,-0.48064223,-0.3192293,0.019968009,-0.025701188,-0.21287198,-0.1523522,0.29034102,0.19672644
4506,-5.218752,0.043448385,-1.1762516,-0.8047882,-0.27385366,-0.047696006,-0.03295121,-0.28689665,0.16683154,0.75842863,0.6666649
4507,-4.9207654,-0.10466632,-0.7668499,-0.3013863,-0.25242558,-0.22129261,-0.07761536,-0.16920333,-0.36706954,0.11245654,0.1974707
4508,-5.7391195,-0.04642102,-0.85296476,-0.31004938,-0.20660415,-0.042377703,0.2753175,0.07642008,-0.25017652,0.6575861,0.18267447
4509,-7.929579,-0.19425933,-1.2591405,-1.1632824,-0.6452701,0.020550422,-0.031884495,-0.114318565,-0.22518311,0.7616063,0.7626712
4510,-4.931075,0.071385294,-0.7125215,-0.37742266,-0.09412208,0.53531384,0.2129228,-0.6688038,-0.016059307,0.23600361,0.10937429
4511,-5.5271773,-0.2950747,-1.2156017,-0.8343587,-0.22435252,0.0073727584,0.19326892,-0.2053251,0.06994642,0.34606674,0.09654428
4512,-8.794077,-0.32161447,-1.2716614,-1.0759989,-0.44295755,-0.06458284,0.12759987,0.13313538,-0.7483706,0.4111362,0.60948074
4513,-4.9954906,-0.23193465,-1.0645319,-0.38839728,-0.30688313,0.13548775,0.19452605,-0.3432456,0.044300467,0.63777244,0.60735136
4514,-4.9606166,-0.03528899,-1.0421835,-0.59932125,0.10291068,-0.4450943,-0.12653086,-0.13387796,0.102899835,0.6833901,0.15077299
4515,-6.525639,-0.30691788,-1.4072441,-0.91578597,-0.20040937,-0.27680206,0.04034377,0.017458677,-0.0055324845,0.7897358,0.62499315
4516,-7.4684067,-0.2695016,-1.480668,-0.8266597,0.11461973,0.40371257,-0.32148048,-0.43601096,-0.017495612,0.3264736,0.46741375
4517,-6.2564893,-0.27348128,-0.9132014,-0.6969451,-0.44655493,-0.43350917,0.008864673,-0.07350866,0.09958881,0.54503924,0.09461083
4518,-7.4973993,-0.2847823,-1.2553947,-0.6729378,-0.29451653,-0.01085989,-0.11218342,-0.61817384,0.001280603,0.4282567,0.34901085
4519,-6.0429225,0.060821805,-1.1761705,-0.3611036,-0.6127022,-0.024121024,0.31804612,0.054943927,-0.24101998,0.4927806,0.33502266
4520,-5.6338034,-0.10539216,-0.75966835,-0.34706286,-0.13100575,-0.19646901,-0.19963056,-0.18893324,-0.054188922,0.1199576,-0.005021372
4521,-3.9153502,0.022432797,-0.80818945,-0.3563198,0.106518455,-0.117963135,-0.123909615,0.20586444,0.030334122,0.20000309,0.19754167
4522,-5.5479,-0.12721154,-0.97803336,-0.462822,-0.10776534,0.41894746,0.55882293,0.006977337,0.017882043,0.65493244,0.4969946
4523,-4.601939,-0.16646709,-1.0280513,-0.5081904,-0.03366035,-0.31453162,-0.2059199,0.08300681,-0.070000626,0.47842756,0.30936128
4524,-7.8317666,-0.42385504,-1.4734448,-0.86522603,-0.2573324,-0.24464019,-0.08449497,-0.4377478,0.1811224,0.5740406,0.53933
4525,-7.074409,-0.10819529,-1.1650975,-0.35891932,0.50349313,0.26457244,-0.2560407,-0.4680778,-0.32507443,0.1049724,0.036462445
4526,-4.3265243,-0.10321805,-0.9019506,-0.28455362,-0.08718884,-0.15203485,0.2019028,-0.109903835,-0.02031049,0.35473862,0.193785
4527,-6.054343,-0.21135168,-1.0026466,-0.4012529,0.13751774,-0.31258136,-0.4909468,0.04370594,-0.33585265,0.6777902,-0.23771268
4528,-6.1306357,-0.24092634,-0.9695703,-0.8162229,-0.4032068,-0.06981524,0.021085275,-0.1110727,-0.3385437,0.018643916,0.0922608
4529,-4.6958346,-0.007796564,-0.8782808,-0.4541139,-0.14598122,-0.04357311,0.08826506,0.106834516,-0.34135905,0.28720316,0.33162072
4530,-4.4204087,-0.16741166,-1.0197061,-0.8788398,0.27417988,0.19593194,-0.122397,-0.40498,0.31700248,0.15803742,0.39537215
4531,-6.222808,0.051844545,-1.0514787,-0.58096087,-0.1899511,-0.08429738,-0.0009218715,-0.1677296,-0.13682167,0.26411188,0.5790832
4532,-7.967604,0.10591956,-1.5292509,-0.8109661,0.105204985,-0.11216821,-0.12581764,-0.35653102,-0.33926055,1.0206631,0.27711704
4533,-4.5774245,-0.038017698,-0.83002776,-0.2958283,-0.37154722,-0.13765368,-0.05867002,-0.23755229,-0.040333733,0.35336128,0.19622152
4534,-7.6844344,0.121843845,-1.1225656,-0.8416758,0.21824571,0.09570431,-0.28421628,-0.5170407,0.11050668,0.5695242,0.41847757
4535,-6.1950293,-0.18054186,-1.204889,-0.67665607,-0.0026850984,-0.07601499,-0.24169947,-0.40662134,0.036796723,0.4052135,0.23589955
4536,-5.69194,-0.22024854,-1.1572331,-0.809049,0.0274788,-0.029238626,0.17919697,0.28700247,-0.011638433,0.19004348,0.7443852
4537,-5.452426,0.107484646,-1.015772,-0.5674747,0.28262714,-0.09607343,0.093079776,0.13543315,-0.17717256,-0.04167752,0.26577508
4538,-5.8162413,-0.043782316,-1.0494466,-0.81638765,-0.42773768,0.05545537,0.08767904,-0.19151755,0.07463655,0.251112,0.39833114
4539,-5.514947,0.10449593,-1.0711604,-0.4619247,-0.04707116,-0.11346217,0.1383554,0.19138758,-0.15745068,0.6880659,0.15536048
4540,-8.783284,-0.42810476,-1.3322431,-1.2767966,-0.40723825,-0.55553097,0.18267006,-0.67239344,-0.2625138,0.466984,0.7476278
4541,-5.4558682,-0.17455691,-0.90678936,-0.7201875,-0.043887194,-0.16027749,-0.04821876,-0.06399068,0.038181677,0.72043616,0.10030171
4542,-5.0945754,-0.30714968,-0.81921643,-0.39449498,-0.14101422,0.16385391,-0.16856506,-0.1185836,-0.19516875,0.31765312,0.27972358
4543,-6.303155,-0.33853933,-1.8716451,-1.1082149,0.44820824,-0.11882134,-0.45403507,-0.089804254,0.40862128,0.57836664,0.08334648
4544,-7.2777085,-0.063365124,-1.273062,-1.0235355,-0.4953223,-0.26852375,-0.026888534,0.1189681,-0.15433137,0.44137502,0.5962786
4545,-5.8946853,-0.090077356,-0.97551876,-0.82198435,-0.29809028,-0.29794902,0.1894814,-0.14057264,-0.2929582,0.62251616,0.56155264
4546,-4.7360573,-0.24259262,-0.8120993,-0.5596565,-0.23387635,-0.35772562,0.1514242,-0.116138466,-0.1840805,0.4455125,0.16222145
4547,-5.9914856,0.024430376,-0.95878845,-0.58671093,-0.3231963,-0.04271033,-0.03275932,-0.01592597,-0.5405623,0.4789175,0.14671475
4548,-5.1922455,0.16315982,-0.8715181,-0.58976305,0.13131265,-0.32580227,0.15973558,-0.11664816,0.0071658697,0.44558814,0.28099856
4549,-5.371488,-0.37827158,-1.0258085,-0.57536685,-0.3909009,-0.105510816,-0.20494054,-0.19271255,-0.010059549,0.44523886,0.6363811
4550,-5.154655,-0.03233138,-1.2174858,-0.23398279,0.33050326,-0.22730306,-0.30524164,0.084937,0.07017867,0.45218107,-0.073295146
4551,-5.9876194,0.16800152,-1.0633883,-0.31974104,0.03273549,0.2620963,0.19789284,-0.3965094,-0.25689587,0.24918061,-0.043049496
4552,-5.3339896,0.06956498,-1.159549,-0.27231717,0.29456088,0.24822101,-0.05386027,-0.1668715,-0.16096462,0.23078853,0.09505636
4553,-4.5903006,0.015339885,-1.2524776,-0.6148203,-0.058779217,0.022231549,-0.122185044,-0.13652718,-0.013155514,0.23033881,0.1641842
4554,-6.6756616,-0.2474774,-0.8561508,-0.5570248,0.16127089,-0.2290469,-0.23817767,-0.15309426,-0.06792951,0.5393324,0.14254223
4555,-4.6455507,0.026292983,-0.99288106,-0.42827895,-0.15743151,0.15744318,-0.121412344,-0.29210588,-0.06713402,0.31424138,-0.058751695
4556,-5.905564,-0.19689286,-1.1770145,-0.7075488,-0.49612778,-0.120542035,0.118922785,-0.3427874,-0.007960567,0.51253515,0.6472918
4557,-5.6025844,0.012693035,-1.012313,-0.63097924,0.038407918,-0.038305838,-0.47134587,-0.3337644,0.08220155,0.77001715,0.091551445
4558,-4.944209,-0.25024635,-0.9156119,-0.63746685,-0.38040683,0.024151538,0.17118068,-0.12672174,-0.022927081,0.31458008,0.5236693
4559,-5.708401,-0.6003529,-1.340739,-0.30735412,0.12590824,0.50066483,-0.28602216,0.019139532,-0.00031473488,0.42178044,0.25426862
4560,-4.1205955,-0.05643173,-1.0684915,-0.56006235,-0.18050048,0.15444112,-0.03784423,-0.62894094,-0.08018322,0.052044436,0.22538212
4561,-5.0277514,-0.2996535,-1.1228222,-0.6866927,0.114368334,0.46205527,-0.1309461,-0.37635246,0.13248108,0.1887191,0.12760854
4562,-5.934114,-0.0455714,-0.96058416,-0.3950457,-0.048032884,0.06303753,0.25480208,-0.05231089,-0.20408249,0.2671878,0.124343716
4563,-5.375128,-0.39706552,-1.2196547,-0.35926753,-0.26997808,-0.19336578,-0.2508572,-0.5012445,-0.22662865,0.42243528,0.51784194
4564,-4.8222256,0.034379896,-0.8653037,-0.69772416,-0.15928228,-0.1996104,0.39131775,-0.28454128,0.18592206,0.44650644,0.3710407
4565,-5.854347,0.015421692,-1.0817813,-0.49037123,-0.31698725,0.18641238,-0.44802064,-0.17428334,0.104180306,0.71329033,-0.052815862
4566,-5.090994,0.010845624,-1.0326331,-0.5841869,0.2503241,-0.047901075,-0.09666294,-0.17666821,0.17726286,0.15921661,0.058240592
4567,-6.991148,-0.32966495,-1.34709,-0.8886707,-0.84992254,-0.21446323,0.7161706,0.091918685,-0.27355018,0.61699533,0.7087166
4568,-7.3739076,-0.14557002,-1.4405707,-1.3109283,0.628895,-0.08440093,-0.39406505,-0.41272128,0.22321948,0.37177,0.18483183
4569,-4.3462377,-0.19769585,-0.7132543,-0.4794366,-0.43198422,0.17920876,0.04735976,-0.27450192,-0.19408976,0.707124,0.3647268
4570,-5.064883,0.099483065,-1.1031235,-0.50698364,-0.24764434,0.08635187,0.30947214,-0.24291342,-0.048391648,0.16721645,0.35218897
4571,-6.6919384,0.38519698,-1.2184262,-0.49224693,0.053814024,0.5798439,-0.15199104,-0.22310984,-0.096611634,0.37401,0.14750345
4572,-4.91103,-0.20211397,-0.76226586,-0.4883933,0.03724702,-0.14642848,-0.15761925,-0.10750279,-0.08375858,0.39557678,0.17499341
4573,-5.471374,-0.0886547,-1.0762798,-0.46050993,0.0011693868,0.15184699,0.234178,-0.12527955,-0.13535026,0.48070613,0.3861016
4574,-7.2634935,-0.03977368,-1.9263068,-0.7907669,-0.2026057,-0.22213309,-0.09842251,-0.29259115,-0.025321322,0.11272146,0.60212857
4575,-4.9615135,-0.01350537,-0.8013675,-0.37396076,-0.22168304,-0.05577196,0.30689523,0.13912894,-0.24613668,0.26064926,0.45102802
4576,-4.980231,-0.042685587,-1.0122888,-0.7672908,-0.05874934,0.13774067,0.047351025,-0.35294938,0.25986558,0.46501595,0.35416618
4577,-5.2349424,-0.3345391,-0.9896972,-0.41314688,0.19266546,-0.008470146,-0.42449865,0.13219579,-0.05473283,0.47563368,-0.11516268
4578,-7.180974,-0.5414404,-1.7199272,-0.9556739,-0.1455486,-0.08006221,-0.06844912,0.098932,0.2640499,0.860317,0.3840312
4579,-5.832794,0.029412918,-1.261658,-0.22010238,-0.2969388,0.13812238,0.06332867,-0.09499794,-0.30697715,0.3583516,0.59740895
4580,-5.293746,-0.18111925,-1.1470286,-0.7619946,-0.030292192,-0.21828829,0.019920086,-0.20618257,-0.11485791,0.47507194,0.084609464
4581,-4.6842895,0.058603905,-0.7790315,-0.48154238,-0.22348924,-0.3492865,0.26479632,-0.14439146,-0.1606615,0.30173504,0.2600881
4582,-7.7858496,-0.4115358,-1.2371855,-0.8348276,-0.39005563,0.0008890922,-0.06507552,-0.10908032,0.37039098,0.67097145,0.3945785
4583,-6.3005114,-0.16995811,-1.179457,-0.41215748,0.28818595,0.34635556,-0.04559549,-0.41284144,-0.14686027,0.1931756,0.24010845
4584,-6.667982,0.0838326,-1.5783122,-0.67516565,-0.110788494,-0.037982777,0.0344051,0.0934133,-0.21631303,0.05733618,0.47309467
4585,-6.366047,-0.29558477,-1.466899,-0.4237006,-0.24409145,-0.008699695,0.47040707,0.40226474,-0.1685734,0.6361898,0.571593
4586,-6.9503202,-0.54009056,-1.6286452,-0.6017641,-0.15690465,0.880912,0.26437747,-0.25554818,-0.07636972,0.4994225,0.4151042
4587,-8.695204,0.070536226,-1.4161152,-0.5593745,-0.108920895,0.032612566,0.118785344,-0.023170484,-0.32515073,0.4924068,0.43325654
4588,-5.5274515,-0.003390695,-1.2551699,-0.6222234,0.028719118,0.03434845,-0.26798227,-0.3194344,0.016547712,0.3534766,0.2518484
4589,-5.1138234,-0.22670847,-1.1753756,-0.5034755,-0.2161969,0.19133763,-0.14797436,-0.42089462,-0.19412789,0.56320643,0.45285583
4590,-3.77647,-0.17933612,-0.82162285,-0.7070943,-0.24128032,-0.11254153,-0.06869787,-0.13921586,0.1307732,0.35185283,0.47223613
4591,-5.07067,-0.20907769,-0.9602548,-0.6874062,0.023500556,-0.12987061,0.19371274,0.11386942,-0.1018007,0.46142107,0.4412301
4592,-5.5025477,-0.43079844,-1.1689659,-0.6314748,-0.22149794,-0.16276395,0.13118319,-0.14106643,-0.09515851,0.43384567,0.6267327
4593,-6.788699,-0.36349136,-1.0731361,-1.0450569,0.049164757,-0.18186156,-0.05688484,-0.5987716,0.38446212,0.44238305,0.7559222
4594,-6.9226255,-0.22246984,-1.3198992,-0.16780227,0.29053506,-0.26972282,-0.15685666,-0.06536253,-0.38243186,0.25393668,0.15659276
4595,-5.240727,-0.01532849,-1.2983263,-0.44996172,-0.21279417,0.055521026,-0.2472281,-0.22961746,0.068456374,0.6292501,0.18940513
4596,-5.179654,-0.24111177,-0.92603034,-0.77479106,-0.28478205,0.30478585,0.36615652,-0.41063294,-0.1305029,0.22748478,0.3613936
4597,-5.112439,-0.10401261,-0.97714615,-0.45567787,-0.1617633,-0.31110632,0.03529031,-0.25836483,-0.0164294,0.27917045,0.5101128
4598,-4.3976264,-0.35151508,-1.0362984,-0.5867964,0.09435054,0.029075453,-0.18418495,0.014471214,0.044514257,0.64030564,0.22196452
4599,-5.565322,-0.2873729,-0.8228437,-0.69227535,-0.21058898,-0.020205982,0.06623162,-0.015199825,-0.0094715245,0.42849845,0.4594228
4600,-6.501723,-0.23713595,-1.5747035,-1.4291229,0.32031643,0.036094166,-0.44081858,-0.5987154,0.51799065,0.4641334,0.24324058
4601,-6.5238695,0.099329464,-1.5368234,-1.0257467,-0.2105346,0.33358008,0.35447654,-0.24301538,0.065441586,0.95258033,0.6428585
4602,-6.846054,-0.35896882,-1.432686,-0.71637046,-0.029126344,-0.25495386,0.028582275,0.17236342,0.000100770965,0.5289155,0.16335931
4603,-5.4201784,-0.08742739,-1.0820135,-0.7641208,-0.39266175,0.15295364,-0.28013045,-0.11392162,0.37737682,0.51510644,0.46877757
4604,-7.6876507,-0.027837332,-1.5403987,-1.1812661,-0.17013785,0.4663952,0.30136925,-0.38595715,0.29868367,0.8625078,0.51461583
4605,-5.962929,-0.24047911,-1.2944915,-0.23303533,0.25855085,0.1738015,-0.07201801,0.26808745,-0.11499436,0.610339,0.26287198
4606,-5.7909346,0.0052702567,-1.1336755,-0.9535779,-0.18930785,0.06812985,-0.08081244,-0.29854363,0.36731657,0.78728515,0.8206195
4607,-4.3273835,-0.13126405,-1.0802587,-0.4102617,0.34263122,0.08602662,-0.20801194,0.051819548,-0.11354394,0.491071,0.13253029
4608,-5.954192,0.013405511,-1.4822618,-0.9344551,-0.25920913,-0.1963226,-0.14203334,-0.00090880785,0.03464551,0.6328417,0.28131303
4609,-4.0174427,0.11297388,-0.71279633,-0.43033993,-0.2985904,-0.13770752,-0.07081045,-0.18160743,-0.13186666,0.122693166,0.31437525
4610,-6.1972957,-0.09917023,-1.4784515,-0.8361448,0.04277277,-0.011038659,-0.30133677,-0.03970447,-0.120998085,0.35678333,0.39461544
4611,-7.499369,-0.26650062,-1.1123387,-0.6274035,-0.386596,-0.11767554,0.26947328,-0.35551044,-0.6059863,0.21035336,0.571352
4612,-6.2706957,0.029649429,-1.38174,-0.7798032,-0.37591127,-0.582849,-0.034882948,-0.23899367,-0.2282008,0.37866467,0.4165889
4613,-5.405429,0.0016509416,-0.90695465,-0.41356993,-0.13395657,-0.12796973,-0.104292884,-0.57866186,-0.26067606,0.23480447,0.5154716
4614,-4.9143696,-0.16683632,-0.8572468,-0.48430914,-0.5015849,-0.14135419,0.09439779,-0.33125156,-0.27003583,0.37781864,0.3618248
4615,-5.8477674,0.13166882,-1.0508503,-0.358733,0.06702978,-0.1477445,-0.100437514,-0.13479051,-0.0052888915,0.5834379,0.31421298
4616,-8.010731,-0.5951984,-1.5269248,-1.0778055,0.5141299,0.4427603,-0.63659704,-0.82899237,0.41247615,0.5311464,-0.15883216
4617,-6.325807,0.20829563,-1.4103018,-0.8579338,0.12824439,0.33795536,-0.17928308,-0.49658754,0.12955499,0.44197503,0.44988692
4618,-5.8091073,-0.03298303,-0.86012584,-0.46143657,-0.3441647,0.071474664,-0.12680556,-0.6239556,0.04009962,0.21914703,0.22219151
4619,-5.4533067,0.08283469,-0.9354176,-0.31238228,0.12637933,-0.5347874,-0.18000956,-0.049759857,-0.06982782,0.43256295,-0.035330903
4620,-3.5769017,-0.035954967,-0.8747143,-0.31382626,0.066526644,-0.100589015,-0.016639598,-0.11576923,-0.05791994,0.23316027,0.13282533
4621,-5.767867,-0.026784547,-1.1179606,-0.7870186,-0.54795784,0.21084194,0.38377535,-0.24366531,0.15590791,0.6475709,0.4738599
4622,-5.739322,-0.3130215,-1.1319913,-0.75366324,-0.2482242,0.14070284,-0.1626829,-0.55039597,0.08662206,0.4458368,0.40950403
4623,-9.529121,-0.6043899,-1.6922504,-1.1932379,-0.28223372,0.22674409,-0.2373333,-0.087552495,-0.34881243,0.9564602,0.766481
4624,-3.7712805,0.08752936,-0.841437,-0.5387885,-0.4870253,-0.051752456,-0.02646492,-0.07921911,-0.006830765,0.42002344,0.22242773
4625,-4.648391,0.10355442,-0.9757541,-0.66681695,-0.31121996,-0.23703584,-0.08860597,-0.46460807,0.053021215,0.25473887,0.41922092
4626,-4.593566,-0.34633514,-0.9566875,-0.8065304,0.047821887,0.0024517053,-0.14411221,-0.1514796,0.29626814,0.7740076,0.15064752
4627,-5.181866,-0.103672884,-0.90073663,-0.8111779,-0.092373714,0.28832358,0.27973473,-0.31305075,0.06814686,0.26713693,0.63044685
4628,-5.9746184,-0.44445336,-1.2107273,-0.83844346,-0.3694377,-0.019052329,0.03331582,0.066934675,-0.08717404,0.5966103,0.2581314
4629,-6.728783,-0.22518717,-1.2524998,-0.42708588,0.23281384,0.07377812,-0.11237314,-0.09901133,-0.32119736,0.058787808,0.16342314
4630,-5.335401,-0.1173992,-0.9419568,-0.6404114,-0.30698958,-0.104405776,0.3915332,0.117681496,-0.12254278,0.33197212,0.51767653
4631,-6.2640243,-0.0278336,-1.0724274,-0.7732659,0.05799156,0.22816828,0.13960274,-0.10740841,0.20540442,-0.08504157,0.4331417
4632,-4.937109,-0.15700893,-0.7667375,-0.70041513,-0.100703016,0.06439217,-0.13304554,-0.50526834,0.02984874,0.40226877,0.23401907
4633,-6.939148,-0.05963854,-1.7808515,-0.4370445,0.0069720624,-0.20277534,-0.07458863,0.10546572,-0.41947967,0.41654134,0.17241374
4634,-6.6934953,-0.46231464,-1.2478285,-0.9686793,-0.03111613,0.44468528,0.042221725,-0.4698192,0.20800728,0.66053265,0.5016766
4635,-4.658816,-0.115395196,-1.0901774,-0.5746027,0.25360978,-0.105991095,-0.16095181,-0.26753023,-0.20732151,0.5282039,0.13676637
4636,-7.040998,0.13470581,-1.1087079,-0.76324874,-0.53994876,0.0029046284,-0.08185426,-0.78035814,-0.2800253,0.2806153,0.60740215
4637,-4.697433,0.13370714,-0.98736584,-0.7511423,-0.26553014,-0.03470329,0.13021262,-0.6133086,-0.009628642,0.23963697,0.0875434
4638,-7.8227963,-0.36132836,-1.3646228,-0.84689116,-0.3731302,0.21657953,0.18338853,-0.2652757,-0.12012276,0.49127546,0.7220266
4639,-6.3020988,-0.08539279,-1.3713526,-0.9927658,-0.22589436,-0.08044901,0.27465907,-0.27177525,0.28616118,0.76684576,0.30107123
4640,-5.5368385,-0.2605904,-0.99245715,-0.96114606,-0.5150646,-0.34756923,0.14992912,-0.5210788,0.2317137,0.6380315,0.22217838
4641,-6.2395496,0.13030708,-1.3879886,-0.4983657,-0.3756106,0.33022922,-0.24699046,-0.107823044,-0.085382745,0.6132313,0.289389
4642,-7.510426,0.20288743,-1.5208423,-0.6493516,-0.07301822,-0.17728484,-0.06747289,-0.3280905,-0.111755684,-0.10601028,0.486091
4643,-5.5555577,0.03555264,-1.4287416,-0.57260627,-0.014211055,0.3346675,0.018583754,-0.35282862,-0.2169167,0.35178167,0.36149132
4644,-5.2898297,-0.23220588,-0.75336224,-0.70740265,-0.5262634,-0.03261073,0.45479774,0.0028963033,-0.42873898,0.24644881,0.46569034
4645,-5.6124806,0.12835969,-0.969135,-0.2683325,0.2314816,-0.16724288,-0.20086604,-0.22124736,-0.23903732,0.15131533,0.10595346
4646,-7.184248,-0.2675804,-1.4383842,-1.2080528,0.10005604,-0.15904059,-0.08942475,0.06889303,0.39427888,0.7752492,0.2805085
4647,-5.1019077,-0.14069404,-0.892302,-0.4451278,-0.028179577,0.26478934,-0.13191336,-0.37746337,0.1312975,0.39395076,0.55721647
4648,-6.8227677,-0.57177967,-1.4104487,-0.84854966,-0.64924014,0.16025417,0.10422434,-0.1261866,-0.044548362,0.71051204,0.6857199
4649,-3.738422,-0.23479584,-0.7463969,-0.55155385,-0.0698077,0.13573414,0.16078319,0.07871814,0.025022779,0.59496593,0.18676896
4650,-6.322569,-0.34889498,-1.252608,-0.729641,0.048365165,0.11554149,-0.027010344,-0.13874955,0.04435501,0.7915644,0.43634206
4651,-5.804935,-0.1848116,-1.1681372,-0.6760205,-0.008174591,0.15996073,0.20125046,-0.09261612,-0.049832165,0.52083707,0.54120666
4652,-5.357919,0.099554285,-1.3173852,-0.63574064,0.080260776,0.15024915,-0.33394483,-0.491653,0.41687128,0.5515067,0.20678933
4653,-6.2531805,-0.0118147945,-1.3585273,-0.9103583,0.33103034,0.30423254,-0.093434125,-0.09650586,0.23208514,-0.038538676,0.054482725
4654,-5.4959226,-0.106404774,-0.9245815,-0.69114375,-0.33369914,0.22484428,0.0039928323,-0.44361803,0.13639043,0.60505676,0.44780654
4655,-5.2369127,-0.119236216,-1.2080774,-0.67263776,-0.51432407,0.13804461,0.3736167,-0.0790625,-0.32975286,0.90095156,0.37239957
4656,-5.991904,-0.50053394,-1.1775825,-0.8259183,0.121907994,-0.29289126,0.27307662,-0.18390304,0.056368716,0.1610272,0.28366783
4657,-7.142867,-0.27783674,-1.5734258,-0.9935169,-0.46755633,0.21467318,0.086955756,-0.38313615,-0.1126297,0.30615172,0.8822435
4658,-5.885302,-0.029854823,-0.9443139,-0.60064936,0.09923829,0.10284053,-0.11847105,-0.60478634,-0.058691964,0.3331843,0.24508615
4659,-5.776714,-0.32315066,-0.8820209,-0.6829714,-0.4466646,-0.2521683,0.063426845,-0.49886957,-0.07033258,0.72351885,0.053442135
4660,-5.748516,-0.10122361,-0.80095315,-0.64789295,-0.17745306,0.022289928,-0.124462865,-0.159973,-0.18780597,0.10072753,0.31753683
4661,-5.3107886,-0.20550333,-1.1962864,-0.73725486,-0.08520442,0.16021404,0.08197185,-0.097252496,-0.16575147,0.69654125,0.2543304
4662,-6.5440593,-0.32580188,-1.2158961,-0.7383544,-0.15549003,0.039981544,-0.1796448,-0.1360397,-0.052183986,0.46710145,0.96164966
4663,-6.070339,0.047964964,-0.99975115,-0.8292554,-0.6147184,-0.5442884,-0.011833924,-0.16945249,-0.19072944,0.2818565,0.6316465
4664,-4.4841237,-0.328578,-1.204496,-0.5312473,-0.26373842,0.0015022927,0.01399472,-0.12873831,0.023217842,0.6055631,0.35441345
4665,-6.082097,0.234433,-1.4922321,-0.9205737,-0.024335856,0.04987833,-0.09889056,-0.4469834,-0.14205782,0.65073395,0.444707
4666,-4.9791646,0.1273636,-1.0623643,-0.6073085,-0.24811319,0.20970418,-0.2441508,-0.37491837,0.15719356,0.41002062,0.13105324
4667,-3.662352,-0.1923862,-0.7881393,-0.3729116,-0.14533617,0.17232916,-0.18860972,-0.031490356,0.08817411,0.46283695,-0.045024075
4668,-6.5264688,-0.42694002,-1.189826,-0.9301434,-0.15345284,0.049982585,0.27458513,-0.18388572,0.18146393,0.7269574,0.16879287
4669,-8.025539,-0.21035749,-2.0763657,-0.5130453,0.10739898,-0.03632437,-0.28462455,-0.024498811,0.002488615,0.15500896,0.44622427
4670,-5.032376,-0.16470708,-1.4394684,-0.47426665,0.07923417,-0.02202707,-0.10438505,-0.007660825,0.06896934,0.19711758,0.5715075
4671,-4.563921,-0.07958112,-0.7367356,-0.32030657,-0.19491671,-0.05493413,0.2351118,0.15841284,-0.13731036,0.35214826,0.51574737
4672,-4.7189026,-0.23437212,-0.6931772,-0.6857099,-0.19131477,0.036594763,0.11919713,-0.15266523,-0.10397277,0.37742472,0.21400154
4673,-5.3498483,0.16888382,-0.83743805,-0.47865862,-0.024242887,0.2921598,-0.10415934,-0.47958285,0.023143131,0.31352305,0.018045807
4674,-4.6353035,-0.11968501,-0.744128,-0.58958644,-0.25105542,0.18327019,0.013615384,-0.11189987,-0.009933857,0.7691664,0.42419752
4675,-5.5945244,-0.25028044,-1.3320498,-0.8906264,0.40889302,0.121373594,-0.08577947,-0.03477581,0.3470163,0.27996156,0.35926488
4676,-4.8264465,-0.22546157,-1.0962759,-0.5752358,-0.22645235,0.25722757,0.007547602,-0.37036234,-0.009329574,0.36868945,0.18246995
4677,-4.814884,-0.03129794,-0.9520867,-0.56383073,0.0708499,0.116662405,-0.12142869,-0.42549554,0.1131233,0.1646501,0.25598183
4678,-6.6210766,-0.5157574,-1.333735,-0.8460359,-0.2723477,-0.14704798,-0.06299311,-0.14566799,0.28751597,0.8394514,0.61107254
4679,-4.914262,-0.16290648,-1.0720726,-0.6987767,-0.3247874,0.097729236,0.00059966184,-0.39626724,0.1982675,0.3943442,0.4312347
4680,-5.387742,-0.25055534,-1.3419894,-0.4330778,-0.40667194,-0.22217686,0.11469962,-0.09098235,-0.29075256,0.28812528,0.44687942
4681,-5.610508,0.12409755,-1.2936792,-0.82583636,-0.08597664,0.22225927,-0.18791537,-0.43825403,0.27000883,0.5769101,0.28439313
4682,-5.7890415,-0.10803574,-1.3241525,-0.63253343,-0.049714863,-0.009235226,-0.061971217,-0.17963149,0.36476326,0.6490643,0.510115
4683,-6.5613127,-0.17449225,-1.3743802,-0.86237484,0.059979994,-0.16006999,-0.10628276,-0.03488677,-0.028935896,0.5918878,0.4108955
4684,-4.623974,0.24633628,-1.1531945,-0.7827233,-0.11207394,0.024997039,-0.17080262,-0.5290179,-0.23729204,0.37888426,0.16462132
4685,-6.314867,-0.15585828,-1.6533593,-0.11811364,0.33248574,0.16974744,-0.122695915,0.24297474,-0.20611237,0.40737763,0.11882504
4686,-4.944774,0.022201648,-1.0697359,-0.6364528,-0.35984308,-0.3399837,-0.14431477,-0.29155144,-0.013930302,0.3966291,0.51130754
4687,-6.1166787,0.020686701,-0.90003574,-0.41940585,-0.4728249,-0.38431233,0.35713515,-0.29018828,-0.2596976,0.05170144,0.41752854
4688,-4.689541,-0.10923206,-0.809138,-0.68422353,-0.28887883,0.2938847,0.024347581,-0.4694298,0.14987,0.7003918,0.1940223
4689,-5.8086014,-0.04050119,-1.3149508,-0.76190704,-0.01581006,-0.10402194,-0.10424272,-0.004103234,0.17425731,0.42714992,0.06718048
4690,-4.112007,-0.049194127,-0.7417487,-0.37449837,-0.33204353,-0.15042898,0.12801689,-0.14162639,-0.21362506,0.41937757,0.10669863
4691,-7.2365065,0.07984048,-1.3575205,-0.55929685,0.2628589,-0.069873005,-0.14893994,0.025410376,-0.17961067,0.52235174,0.38626936
4692,-5.519247,-0.15354942,-1.2743399,-0.9149512,0.19387817,0.0902603,-0.26052234,-0.11579583,0.4288794,0.5181164,0.2797406
4693,-5.671065,-0.00021270942,-1.2487786,-0.45539132,-0.3058385,0.23641013,0.03954965,-0.29618287,-0.16622807,0.0015051262,0.17945361
4694,-5.0598407,-0.15250242,-0.98607314,-0.44911578,-0.09457769,-0.061277866,0.026995763,-0.090890065,-0.19651447,0.35106507,0.33645487
4695,-5.827636,-0.0679722,-1.3992451,-0.3755157,-0.14793561,0.2102823,-0.14231202,0.037021067,0.07224936,0.5924712,0.115317024
4696,-7.132065,-0.23097776,-1.2035664,-0.7157807,-0.12449329,-0.100970015,-0.18280785,0.0052524176,-0.0849416,0.24155156,0.86444426
4697,-5.813955,-0.38503376,-0.8716975,-0.6400858,-0.27091363,-0.25612414,0.039461236,-0.038107023,-0.26423997,0.40313002,0.46465436
4698,-5.061425,-0.030068446,-1.1699604,-0.7343587,0.1606589,-0.37969595,-0.31760675,0.08647428,-0.06808587,0.47923523,0.06455933
4699,-4.6818357,-0.16327955,-0.8802124,-0.47085002,0.1714707,0.17051363,-0.09581495,-0.40471554,-0.03733047,0.088769466,0.108722374
4700,-4.2689176,-0.13271727,-0.7632676,-0.56336844,-0.18713206,0.052780475,-0.01029935,-0.35198668,0.2158557,0.2920827,0.5310429
4701,-6.703237,-0.2885418,-1.3675236,-0.8829016,0.2600906,0.36655575,0.0015978189,-0.45699564,-0.019243138,0.10478971,0.30853024
4702,-6.637757,-0.1480808,-1.1756985,-0.8776723,-0.4280199,-0.34720218,0.1456461,-0.4435172,0.021652784,0.22968687,0.44135526
4703,-6.013454,-0.061186615,-1.2736584,-0.60945517,0.17118733,0.11594503,-0.34782177,-0.27252877,0.072298765,0.2520205,0.11292096
4704,-4.705175,0.04731022,-0.86959344,-0.31788495,0.27780452,-0.27526873,-0.117163025,-0.009856299,-0.17139745,0.006206277,0.37459564
4705,-6.495705,-0.026831768,-1.4298823,-0.72480834,0.07270639,0.08079047,0.039012834,-0.50465477,-0.29131162,0.25450432,0.36981246
4706,-5.8280306,-0.06879389,-0.9243665,-0.52772725,-0.388488,-0.23765409,0.27187598,-0.19226852,-0.24241798,0.5103757,0.74476624
4707,-6.70767,-0.26526967,-1.0729319,-0.75986516,0.30989188,0.30678153,-0.29562616,-0.58613324,0.25424606,0.52470297,0.025641412
4708,-5.7548537,-0.20241643,-1.295157,-0.9512275,-0.29080713,-0.010801621,0.13042557,-0.020669296,0.28021738,0.6072381,0.2966233
4709,-4.837917,-0.04114738,-0.7514737,-0.80612504,-0.21436681,0.2431434,0.2388434,-0.24404699,0.002417882,0.36360493,0.5842944
4710,-5.637925,-0.09528039,-1.50178,-0.84668297,-0.45934358,-0.1292513,-0.11989377,-0.20927027,0.04477217,0.63000435,0.4542171
4711,-5.326505,-0.112911835,-0.8712528,-0.95083547,-0.60371554,-0.12980954,-0.0693828,-0.34835172,-0.100392856,0.5054647,0.4410617
4712,-5.1027393,-0.3980052,-1.1291536,-0.5273559,-0.8784137,0.10866161,0.31203026,-0.1718596,-0.14686698,0.34988225,0.4920724
4713,-4.574634,-0.079958834,-0.45044643,-0.48035145,-0.4246818,-0.21120904,0.06169169,-0.16453579,-0.14961386,0.12534189,0.23056234
4714,-4.2484846,0.0047534104,-0.906163,-0.3224359,-0.17600022,-0.20188993,0.38369837,-0.14041911,-0.1625963,0.17767926,0.29424712
4715,-6.6027465,-0.120725185,-1.351335,-0.7092238,-0.14645122,-0.18871911,-0.13218333,-0.04278758,0.17379668,0.77005804,0.42806432
4716,-5.29136,-0.29236794,-1.1894004,-0.41188788,-0.14245747,-0.12839305,-0.0042105773,-0.09136878,-0.015748138,0.62966186,0.2194118
4717,-5.6512423,-0.11475281,-1.3173317,-0.6673762,0.15565693,0.15590234,-0.27231354,-0.35011607,0.13502993,-0.12997374,0.2655214
4718,-5.7318983,-0.18674573,-1.194751,-1.1631308,-0.31437784,-0.13147126,0.14620526,-0.49757722,0.1540578,0.6122021,0.33621445
4719,-6.2672176,-0.09538187,-1.2694602,-0.8102462,-0.10004374,0.14271964,-0.23481014,-0.14168522,0.12041152,0.7823339,0.1128702
4720,-5.060658,-0.27676934,-0.8564022,-0.45399556,-0.21666257,-0.07229223,-0.11693766,0.08973411,0.113913275,0.6803173,0.16003247
4721,-4.907277,-0.16695832,-0.994205,-0.5254081,-0.1130962,0.3406775,-0.10458603,-0.29317206,0.07926069,0.6393644,0.20606446
4722,-5.397199,-0.3369593,-0.84676623,-0.59961003,-0.23116575,-0.4430772,0.027877126,-0.19532578,-0.063144684,0.4628311,0.080739595
4723,-6.446573,-0.11232236,-0.9124239,-0.631604,-0.25470066,0.27454245,0.085727416,-0.69132835,-0.05947613,-0.25827432,0.5404809
4724,-4.082935,0.06312037,-0.65717995,-0.394767,-0.48689485,0.13036552,0.073082745,-0.4181739,-0.12928353,0.16293901,0.4121076
4725,-6.3336425,-0.13263857,-1.3712721,-0.5996442,-0.008820314,0.2618277,-0.14861932,0.09987306,-0.10169435,0.4356043,0.7431487
4726,-7.0988173,-0.19196594,-1.055002,-0.2530094,-0.13228123,-0.32177526,0.13690017,0.002809845,-0.55527747,0.018084275,0.5619792
4727,-6.400315,0.052876312,-1.3153865,-0.5410634,-0.11301956,0.02290326,0.28087685,0.03774398,-0.025954345,0.4648598,0.2903214
4728,-6.377438,0.050197534,-1.1354231,-0.6378699,-0.1765729,-0.16704915,-0.21356247,-0.13353114,-0.06521097,0.49174264,0.4529837
4729,-5.7502074,-0.25597006,-1.3165047,-0.33421448,-0.6310929,-0.22134282,0.28718117,0.108987615,-0.21588187,0.65121335,0.68440115
4730,-6.5604877,-0.28354087,-1.3022643,-0.5586071,-0.38259768,0.40980023,-0.08604268,-0.21628845,-0.073319755,0.34542677,0.49231818
4731,-5.050603,-0.19768748,-1.0609477,-0.6821375,-0.20054743,0.11846963,0.032601476,-0.1716254,-0.10886048,0.6018932,0.35368845
4732,-5.0232463,-0.13350132,-1.1012182,-0.7425808,-0.11809196,-0.17508644,0.013148278,-0.388603,0.07182327,0.4608248,0.36498582
4733,-6.330023,-0.32833785,-1.1335906,-0.7107009,-0.60602194,-0.17533879,0.4291833,-0.26202366,-0.007944312,0.17219041,0.265993
4734,-4.879622,-0.19218291,-1.0535603,-0.7741038,0.39523175,-0.059073955,-0.16265437,-0.029751847,0.14048986,0.18260176,0.098483786
4735,-6.058547,-0.15089144,-1.3297921,-0.4144999,0.45159665,0.15611705,-0.2567787,-0.324181,-0.12739405,0.3171847,0.1576974
4736,-5.20657,0.07868204,-1.0549268,-0.55309683,-0.37121433,-0.10192941,-0.31231242,-0.33467364,-0.18668579,0.43471444,0.23218454
4737,-5.80529,-0.44394067,-1.2526666,-0.8155882,-0.26195842,0.08821284,-0.032187082,-0.069706745,0.13067657,0.24759974,0.54062027
4738,-5.292246,-0.0411899,-1.0667853,-0.46592048,-0.26346982,-0.09689875,0.0996214,-0.17355292,-0.15933889,0.20966493,0.49298817
4739,-5.385686,-0.4381292,-1.0663711,-0.7177776,0.012830056,0.26788568,0.35267177,0.10047622,0.25885746,0.8132543,0.49501237
4740,-7.0287375,-0.25611848,-0.7988708,-0.5959424,-0.7123355,0.06696847,0.29752174,-0.06799197,-0.48296124,0.41943526,0.240776
4741,-6.0913167,-0.32333452,-1.8107915,-1.0551481,0.030660024,-0.06090769,-0.42019674,-0.011848761,0.1811195,0.57499284,0.35937202
4742,-8.182784,-0.07172251,-2.2265072,-0.8633099,-0.27245638,0.78990287,-0.25626025,-0.95842475,0.11250518,0.5055395,0.3436828
4743,-5.034003,-0.18662989,-0.729143,-0.41193643,-0.07872786,0.07853339,-0.07653502,-0.36651888,-0.056746244,0.35727638,0.14989224
4744,-9.488109,-0.21078557,-1.8610007,-0.7091762,-0.27324924,-0.042988826,-0.1479277,-0.18572284,-0.25469118,0.3286794,0.61221313
4745,-5.5256443,-0.18815385,-0.9569515,-0.5478715,-0.010956436,-0.26714265,0.011070128,-0.22442941,-0.075094454,0.5970256,0.05950901
4746,-5.2647157,-0.020775106,-1.1421762,-0.4078902,-0.01175292,0.15994987,0.085031584,-0.2653013,0.06911104,0.45255655,0.24298553
4747,-5.954968,0.043747813,-0.6915315,-0.4037644,0.16141564,-0.02852368,-0.07426452,-0.15506272,-0.08154748,0.57307196,0.26382935
4748,-6.3935566,-0.041804947,-1.1213272,-0.20604374,-0.035039943,0.07779589,-0.21872516,0.3044441,0.042506147,0.30731052,0.47773492
4749,-7.9451485,-0.35398576,-2.0638752,-0.6643867,0.64999944,0.3879931,-0.4307446,-0.3217267,0.114352584,0.06624851,0.49725643
4750,-5.6771884,-0.22570539,-1.0767384,-0.9978967,-0.6128242,0.0767347,0.03356591,-0.21189661,0.104299,0.8796846,0.58876365
4751,-6.4305954,-0.34594622,-1.5056009,-0.5623523,0.04940053,-0.25818616,-0.1507777,0.018965565,-0.3672452,0.52407366,0.35481822
4752,-6.051321,-0.114219755,-1.2255658,-0.3286817,-0.3018272,-0.083576806,0.043737784,0.04694754,-0.27843666,0.14243703,0.3614074
4753,-5.393008,-0.3244035,-1.2021899,-0.4557954,0.0077089807,-0.018920213,0.029506933,-0.052375555,-0.090876795,0.2699503,0.42148444
4754,-5.7399335,-0.35918918,-1.163306,-0.61562246,-0.11697435,-0.0485318,0.10061402,-0.2122323,-0.13041978,0.44802785,0.22195366
4755,-4.69188,-0.04433275,-1.0072027,-0.5150385,-0.06274477,-0.25223172,0.07947855,0.012670837,-0.06650305,0.34180102,0.21214134
4756,-4.234222,-0.21971767,-0.79585886,-0.37459838,0.16065377,0.015743192,-0.060394593,-0.08841048,-0.14189816,0.3947246,-0.09582916
4757,-5.4093175,-0.23985352,-1.0273229,-0.71240246,-0.3531873,-0.062370278,0.16663878,-0.6164871,-0.077309534,0.48675454,0.36266434
4758,-5.4800005,0.073965654,-0.87831837,-0.80557865,-0.21026944,-0.15367174,0.001550761,-0.11383921,-0.05813899,0.45640585,0.3106126
4759,-4.900122,-0.15271153,-0.86913,-0.57189274,-0.13143069,0.14550787,0.023004815,-0.124401815,0.11055702,0.42554465,0.17729773
4760,-7.7947145,0.2048214,-1.9142563,-0.733175,-0.3333705,-0.3422938,0.17962886,-0.20080188,-0.34393913,0.30542344,0.33603352
4761,-4.525519,-0.14382932,-0.8692268,-0.5484815,-0.08890423,-0.11504383,-0.1233379,0.03471549,0.035169307,0.4635343,0.32226318
4762,-5.586936,-0.35779116,-1.4095964,-0.91009736,0.057747472,-0.23050551,-0.25650778,-0.34729955,0.1693873,0.4547156,0.3431642
4763,-5.783678,-0.121687785,-0.98114026,-0.8324903,-0.0664245,0.41177607,0.14496888,-0.46529904,-0.16446416,0.23893768,0.36582693
4764,-6.0453835,-0.29026663,-0.8496911,-0.6041892,0.12174585,0.02247994,0.12856022,0.3351277,0.049089417,0.5604477,0.4915574
4765,-6.377453,-0.16272154,-1.2912009,-0.6431533,-0.41499054,-0.19301817,0.23719595,0.184724,0.009540674,0.37561998,0.44532606
4766,-5.401141,-0.12585679,-0.8119545,-0.80886453,-0.23248714,-0.11019179,-0.041325554,-0.185275,-0.12421909,0.15712275,0.1876227
4767,-5.0622287,-0.23564343,-1.150949,0.011233053,0.05213087,0.122743964,0.05998074,0.13343596,-0.25136805,0.19214119,0.33091757
4768,-5.0339236,-0.31415415,-1.1410815,-0.8033242,-0.09145729,-0.35428828,-0.22078264,-0.45593795,-0.0005519148,0.42089224,0.59187615
4769,-6.167641,0.023325391,-1.2795186,-1.3347088,-0.16802034,0.21703377,-0.05865947,-0.19358495,0.5411611,0.5877471,0.6741563
4770,-5.072315,-0.21579905,-0.9653024,-0.8798238,-0.40844998,-0.42858672,0.44030884,0.092605606,-0.17969276,0.24640489,0.49978453
4771,-5.6758842,-0.09479154,-0.9647627,-0.6295179,0.2563715,-0.3052826,-0.5559387,-0.13365377,-0.18324995,0.5119234,0.03212665
4772,-5.879428,-0.18799897,-1.4135638,-0.7873269,0.38239,0.026685081,-0.21154802,-0.093215466,0.28917474,0.6225297,0.25023535
4773,-5.7635026,-0.1977916,-1.3604887,-0.4518863,-0.23062138,0.24153909,0.13279039,-0.19141382,0.096942544,0.7547648,0.19598985
4774,-5.390566,-0.3854965,-0.8735678,-0.61197805,-0.5936396,-0.3213454,-0.11308309,-0.43894464,-0.26378158,0.43726942,0.4239897
4775,-7.19082,-0.39740947,-0.963839,-0.9481437,-0.28756082,-0.10675166,-0.1207676,-0.57638896,0.06897687,0.4231341,0.3294388
4776,-5.9209905,-0.2541846,-1.3371302,-0.8131307,-0.3570324,-0.13528138,0.02382705,-0.4749099,0.100893594,0.71685976,0.54857695
4777,-5.40213,-0.23922347,-0.98279214,-0.4959957,-0.35373834,-0.113890156,0.0215534,-0.3800304,-0.12044273,0.24789059,0.40524957
4778,-4.2753086,0.029973913,-0.8315051,-0.51542515,-0.17191093,0.151174,0.1662915,-0.19297291,0.009902056,0.3766045,0.45114073
4779,-5.0070186,-0.0837021,-1.020294,-0.6685379,0.20217112,-0.017060686,-0.16612746,0.28655297,-0.14779869,0.15702012,0.14451481
4780,-6.8226347,-0.1399582,-1.1528646,-0.9828943,-0.13996817,-0.38844818,-0.24857812,-0.1181886,0.26278612,0.5028448,0.5109334
4781,-3.849245,-0.19829443,-0.5888049,-0.54781604,-0.1823882,0.14180705,-0.14548299,-0.44208014,0.16522801,0.116283834,0.2961754
4782,-5.561966,-0.13609275,-0.9884406,-0.39188978,0.2408874,-0.16751535,-0.1448589,-0.17874508,-0.3532316,0.29097718,0.061582845
4783,-4.7198224,-0.10422958,-0.96909755,-0.6719825,-0.3357564,0.061339177,0.09872652,-0.4769824,0.22064081,0.22472624,0.31712407
4784,-6.478028,0.06936479,-0.9070361,-0.58914757,-0.09637973,-0.16901763,-0.15232067,-0.28174913,-0.23836176,0.37569207,0.22308472
4785,-7.097682,-0.04280048,-1.1073332,-0.7352276,-0.004474847,-0.03571286,0.13384575,-0.1861178,0.09423312,0.5028999,0.3295997
4786,-4.5820837,-0.18943293,-0.86946493,-0.8332531,-0.11047491,-0.3201818,0.30456802,-0.26200706,-0.17061585,0.20528004,0.3963175
4787,-6.674083,-0.035107806,-1.2645733,-0.6103821,-0.1650933,0.3355075,-0.17553139,-0.2710419,-0.058301754,0.7085979,-0.0014543906
4788,-4.3285007,-0.011791005,-0.6081984,-0.52359015,0.01399778,0.13493547,0.047337852,-0.23362628,0.06461952,0.101840734,0.19654477
4789,-6.832855,-0.49021858,-1.5838046,-0.67916936,0.25354874,0.16022627,-0.19041453,0.2725763,0.043394983,0.6203349,0.45067263
4790,-5.169018,-0.047579445,-1.120273,-0.483589,0.3422368,-0.14125718,-0.14296448,-0.11004424,-0.14729862,0.23624472,0.3739222
4791,-8.82684,-0.052883945,-1.4389709,-0.96113515,-0.12078088,-0.35563058,0.042017136,0.13931844,-0.07588589,1.1341398,0.5131478
4792,-7.3030987,-0.21549475,-1.0206534,-0.9181336,-0.49459785,-0.13950007,0.14640456,-0.595308,-0.20562507,0.72136056,0.26258937
4793,-6.98299,-0.2807143,-1.1961491,-1.1422669,-0.7091833,0.031898603,0.014264062,-0.591524,0.12703481,0.54841393,0.8744409
4794,-4.746792,-0.37771893,-0.8741754,-0.52530414,0.2258724,0.06494783,-0.00076489337,-0.19866495,0.053624935,0.08031892,0.26330677
4795,-5.0833244,-0.08980906,-0.68422586,-0.28007725,0.3244296,-0.22860247,-0.09920442,0.24620272,-0.1637002,0.08623411,0.014170156
4796,-6.7437315,0.058067203,-1.2560105,-0.6144936,-0.14996919,0.25070676,0.0011336841,-0.35352606,-0.050063208,0.2969531,0.46588522
4797,-5.121558,-0.055077504,-0.8477231,-0.8325358,-0.11772286,0.012183104,0.03472415,-0.23623879,-0.09788215,0.3633598,0.24681695
4798,-7.014253,-0.07897099,-0.8704759,-0.44625565,0.09734281,0.1813065,0.07469695,-0.0568709,-0.30110955,0.13748854,0.38370362
4799,-5.958287,0.071492344,-1.2959521,-0.5310111,-0.34213075,-0.08670041,0.13106076,-0.047564343,-0.1949599,0.6124573,0.4156242
4800,-5.5110087,0.054861058,-1.1401986,-0.54862094,0.32446098,-0.070219494,-0.60086834,-0.1254495,-0.023416998,0.5838277,0.06421697
4801,-6.257737,-0.03618156,-1.3686389,-0.13910402,-0.0133092385,0.38495243,0.12790656,-0.39430878,-0.41150597,0.17334762,0.05865237
4802,-4.891257,-0.14268854,-1.1315751,-0.7709839,-0.37800372,0.0148507245,0.13918565,-0.30551735,0.19869599,0.6342292,0.3057307
4803,-4.495275,0.114349805,-1.0226147,-0.22602367,-0.20881261,0.22832651,0.11904985,-0.31766105,-0.2984737,0.26366767,0.062449373
4804,-5.989997,-0.1298272,-0.96754855,-0.5586153,0.09948222,0.22062196,-0.27146587,-0.18673506,0.17135356,0.58634096,-0.031081516
4805,-6.0538907,-0.21660015,-1.1042601,-0.64287436,0.42863765,-0.21337801,-0.43239862,-0.21259947,0.08554069,0.5673529,0.1974056
4806,-4.832635,0.08444883,-0.7348452,-0.66932434,0.13665031,0.07369838,-0.0049672564,-0.2159969,0.18523726,0.50529844,0.26458114
4807,-5.8023176,-0.18353261,-0.8748151,-0.7154946,-0.10839915,0.24419595,-0.05471459,-0.5821354,-0.087575704,0.22799236,0.09781067
4808,-5.4388323,-0.25335938,-1.0229511,-0.8374017,-0.6099202,-0.038651932,0.048547428,-0.14472865,0.006432294,0.55209816,0.71584934
4809,-5.1702027,-0.0074012456,-0.9474357,-0.70490474,0.16329765,0.26239133,0.09027772,-0.19876824,0.4459191,0.81201506,0.2113927
4810,-7.2164044,-0.07556587,-1.2374701,-0.75860786,0.21945447,-0.19539447,-0.36681622,0.13646795,-0.21105245,0.8374163,0.5907517
4811,-4.9744096,-0.4381834,-1.1275795,-0.45813262,0.33156344,0.14675792,-0.3198079,-0.19119498,0.1610641,0.3681754,0.03942135
4812,-6.5478606,-0.10276196,-1.6181687,-0.60631675,-0.009421775,-0.18712105,0.27040267,0.12382438,0.03500484,0.41740415,0.19456226
4813,-7.3727593,-0.3421671,-1.0911247,-1.0031165,-0.077887855,-0.05231243,0.010342994,-0.046866983,-0.21529177,0.6727551,0.42306626
4814,-4.817301,-0.017073467,-1.0416392,-0.66136754,-0.15884808,-0.15694357,-0.07154454,-0.16341397,0.0074133873,0.8756906,0.20115137
4815,-5.3059072,-0.2574097,-1.2583925,-1.048165,0.022521334,0.04927825,-0.2566605,0.13060112,0.08452001,0.48324022,0.16696008
4816,-5.357573,0.11596669,-1.0331231,-0.045544107,0.1918901,-0.076359175,-0.51842934,-0.005080592,-0.27236962,0.7548022,-0.005143459
4817,-5.6708875,-0.18404585,-1.0941346,-0.342205,0.060109448,0.020460155,0.015218543,0.119893104,0.0610739,0.4860481,0.16544221
4818,-6.6182404,-0.07280355,-1.4376628,-0.4301293,-0.18451548,0.12827599,-0.09842756,-0.23139644,-0.12395413,0.9140313,0.16476732
4819,-5.763283,-0.1686354,-1.0639012,-0.5474483,-0.26025704,-0.48574477,0.29523355,-0.10611778,-0.11166561,0.12621327,0.35128143
4820,-5.771986,-0.24120195,-1.1332045,-0.85195035,0.27028343,0.015747448,-0.16611531,-0.134139,0.11171352,0.3623944,0.015028005
4821,-7.6472774,0.015236956,-1.519868,-0.9815256,-0.13207883,-0.01375225,-0.2533977,-0.29391116,-0.11543797,0.41711864,0.43900034
4822,-3.6704993,-0.16243587,-0.529953,-0.6172852,-0.42650104,0.31851548,0.16068566,-0.07334409,0.0790001,0.66876704,0.42517257
4823,-5.7901716,-0.102993116,-0.95244855,-0.45736694,-0.3424876,0.081134476,-0.08657104,0.05839914,-0.12747194,0.35454637,0.3789327
4824,-4.7099595,-0.19466864,-1.0205175,-0.28141832,-0.3042941,-0.062153123,0.21380578,0.01857017,-0.36239165,0.29447222,0.34460738
4825,-6.1971326,0.025628727,-0.97551346,-0.26017058,-0.5290842,-0.07639672,0.3014,0.05906444,-0.17740087,0.63675904,0.4171575
4826,-3.9936516,-0.26132002,-0.72621596,-0.38818505,-0.25939435,0.15967984,0.090394996,-0.23710616,-0.3004682,0.44145733,0.27419007
4827,-5.6261415,-0.10446539,-0.8972644,-0.91410774,0.19357643,-0.27235168,-0.29004782,-0.25415805,-0.018927323,0.25249204,0.075517386
4828,-5.1076994,-0.13714956,-1.3568784,-0.7036859,0.0958131,0.018836787,-0.08303493,-0.34752864,0.17273362,0.35349265,0.31136438
4829,-5.1930275,-0.09412562,-0.73258954,-0.26723462,-0.31058758,0.08246091,0.4426047,-0.07930959,-0.27078238,0.48373118,0.5411196
4830,-5.6431856,-0.2411374,-1.1133432,-0.7978944,0.17787197,0.14352542,-0.04920301,-0.29933855,0.40353036,0.71148044,0.16689694
4831,-6.2815466,0.0623294,-1.118769,-0.2952223,0.19157062,-0.09253853,0.02007927,-0.10511023,-0.41200808,0.31617227,0.25174063
4832,-5.7513385,-0.07973806,-1.2200861,-0.28070292,-0.10122883,0.44569087,0.2813578,-0.08192834,-0.14783087,0.35757017,0.09190933
4833,-6.4282303,0.086951986,-1.4603521,-0.3945297,-0.16637066,-0.04119075,0.15145373,0.22004047,-0.08405434,0.5881759,0.41608799
4834,-7.495762,-0.43473557,-1.2777177,-0.8824352,-0.17747684,0.45335752,0.22400296,0.07763808,0.068004414,1.2047355,0.3067051
4835,-6.1274056,-0.24345566,-1.1069669,-1.2009951,-0.17952292,-0.2688793,-0.16306232,-0.31526056,0.46737304,0.58373094,0.6491687
4836,-5.6164,-0.11923918,-0.83521926,-0.6712629,-0.11570639,0.20549598,0.20797037,-0.106065765,0.074354656,0.7615474,0.43154636
4837,-6.97733,-0.2309095,-1.4962562,-0.86530846,-0.0548952,0.4819407,-0.037141625,0.032261163,0.1392009,0.42115247,0.48872045
4838,-6.4943595,-0.28011298,-0.7464751,-0.9826962,-1.1722922,0.28358233,-0.03978555,-0.57630986,0.014762434,0.3472201,0.6659182
4839,-3.833499,-0.23172447,-0.74608326,-0.5733533,-0.17917116,-0.097135656,-0.05344732,-0.28353572,0.11162137,0.3054404,0.27746427
4840,-6.280771,-0.6084485,-1.16729,-0.8747835,-0.6985225,-0.019313602,0.11666896,-0.48486426,-0.017625062,0.84004873,0.87224966
4841,-6.1297812,-0.30149028,-1.3397819,-0.9185817,-0.4059737,-0.03886216,0.15527458,0.10928415,0.25699946,0.798765,0.3713119
4842,-4.2832265,-0.039057154,-0.6334778,-0.32220596,-0.26555246,-0.040791243,-0.093782276,-0.12940013,0.0097544715,0.4100987,0.39215726
4843,-3.1537535,0.0008164849,-0.55248487,-0.38302636,-0.28702882,-0.060963117,0.22866745,-0.24555135,-0.088602364,0.19235992,0.08907995
4844,-5.0628157,-0.14736508,-1.2926649,-0.7081317,-0.28794008,-0.076541215,0.20404896,-0.44991276,-0.023641983,0.56949496,0.23787026
4845,-6.17982,-0.048086863,-0.92047495,-0.42116997,-0.12317357,0.2926649,0.3588375,-0.6160216,-0.2262355,0.55905306,0.5915305
4846,-3.7866116,-0.044147413,-0.5536982,-0.4508797,0.12049971,-0.21381932,-0.040205598,0.094735675,-0.090185836,0.4382289,0.08408493
4847,-4.8185577,-0.14032584,-1.1440107,-0.6754959,0.29125744,-0.1572682,-0.28861472,-0.12491766,0.06949455,0.22499798,-0.07833409
4848,-5.284221,-0.250811,-1.0307711,-0.97337556,-0.2241405,0.1411674,-0.34011474,-0.50436676,0.017349456,0.3052659,0.21608557
4849,-5.9576335,0.09881045,-1.4261156,-0.4686702,0.33006254,0.40743715,-0.16776183,-0.3161947,0.21070258,0.078631744,0.20880292
4850,-4.96906,0.066766866,-0.94654006,-0.72373515,0.0074224463,-0.054171816,-0.10644575,-0.62461865,0.3524691,0.30743548,0.32803228
4851,-6.6280904,0.014432736,-1.2275827,-0.46162868,-0.733298,-0.02123279,0.43800244,-0.33353707,-0.37359673,0.5318706,0.31344905
4852,-7.1442533,-0.27012673,-1.7002887,-0.46926612,-0.441619,0.3611195,-0.015228582,0.15335035,-0.21529838,0.33174938,0.7854618
4853,-5.8649826,0.020013325,-1.2662368,-0.7753906,0.5590984,-0.12026174,-0.41914684,-0.06736656,0.17600451,0.56368786,0.21557978
4854,-6.5396295,-0.40088063,-1.1446289,-0.6788808,0.15675,0.30316716,-0.10022103,-0.35313448,-0.118688434,0.71725756,0.04631017
4855,-6.7544727,-0.21283868,-1.6397582,-0.7159336,-0.39616162,-0.001966576,0.026264377,-0.15479518,-0.044750653,0.44147974,0.2713774
4856,-6.4725094,-0.14839973,-1.3509548,-0.38323095,-0.21482213,0.350694,-0.29586908,-0.10424062,-0.1371657,0.35607335,0.1783237
4857,-6.0936074,-0.26195258,-1.0646523,-0.9125896,-0.32417315,-0.14236061,0.14368452,-0.42158476,0.0029106159,0.33644852,0.87550557
4858,-5.014445,-0.11353717,-0.96864694,-0.5053729,-0.060216404,-0.2358452,-0.1001363,-0.26163703,0.050431713,0.14969939,0.19482881
4859,-5.812988,-0.13769323,-0.7969092,-0.6335478,0.045791455,-0.09971562,-0.12755017,-0.3262973,-0.1482631,0.33495975,0.14239816
4860,-6.832145,-0.36467642,-1.5509086,-0.49064773,0.27370042,0.44223034,-0.07994805,0.25818327,-0.25873765,0.9883722,0.38796735
4861,-6.0536914,-0.08863093,-1.0726708,-0.35266063,-0.23037171,-0.17586452,0.10253579,0.01611892,-0.2648307,0.4443909,0.4009657
4862,-4.6217637,-0.26902723,-0.9542751,-0.43259108,-0.2579082,0.25688866,0.11136592,-0.16510203,0.026460681,0.4835116,0.4149393
4863,-5.9274297,-0.16486324,-0.92914915,-0.67243254,-0.30276677,0.2413945,-0.1196541,-0.24300888,-0.1553114,0.37797838,0.42979476
4864,-6.3819795,-0.20990942,-1.3808432,-0.8406577,-0.12567651,-0.26298916,-0.054855414,-0.20498957,0.21644448,0.5691932,0.3500722
4865,-8.783763,-0.64318275,-1.828322,-0.7366453,-0.5966682,-0.3066094,0.08248845,-0.24991179,0.03982112,0.7337089,1.0212815
4866,-6.0308495,-0.042112898,-1.6270661,-0.9019535,-0.12405128,-0.25395256,-0.1890821,-0.20560838,0.024072405,0.3978946,0.25570676
4867,-5.5715313,-0.39478263,-0.9253295,-0.8515656,-0.32267362,0.02354538,-0.10066543,-0.2688622,0.27583563,0.7093024,0.531964
4868,-6.4227834,-0.123141736,-1.3565321,-0.61671734,0.049835306,-0.063935824,0.09538555,-0.20967661,-0.21936098,-0.0586317,-0.023718528
4869,-5.2208343,-0.30163747,-0.94228065,-0.79209584,-0.44123152,0.49835336,0.1921755,-0.37704647,0.36799136,0.6961061,0.64800197
4870,-4.7678537,-0.16729063,-1.1543951,-0.26790667,-0.041971076,-0.35978746,-0.2716864,0.17884773,-0.31073818,0.35915902,0.06033654
4871,-6.1797605,-0.10794727,-0.83146995,-0.5300415,0.19704348,0.3728969,-0.22206149,-0.382992,-0.13099045,0.3258264,-0.07616985
4872,-7.003543,-0.145494,-1.067035,-0.91725963,-0.15495665,-0.24102995,-0.0027928278,-0.18062249,-0.05202897,0.34961718,0.24126585
4873,-6.032073,-0.09816957,-0.879541,-0.62002915,0.11404806,-0.09780492,0.06372617,0.009773228,-0.10188882,0.23885213,0.30231175
4874,-5.667397,-0.17029233,-1.0540189,-0.94195616,-0.18936229,0.030125938,-0.052175306,-0.0115970895,0.27457774,0.63894254,0.3175165
4875,-5.547724,-0.10405353,-1.1323657,-0.59814364,0.036817856,0.024210472,0.3907901,-0.0014297115,0.061715737,0.5012257,0.17643814
4876,-6.2352757,-0.09073873,-1.3524476,-1.1634923,-0.66725016,0.35059738,-0.14338423,-0.5264642,0.2841972,0.8256568,0.44141957
4877,-5.7714996,-0.16354024,-1.2220984,-0.84439635,0.17183119,-0.11704368,-0.007805084,-0.32034066,-0.0011345968,0.49057466,0.16265294
4878,-6.43636,-0.11384751,-1.5868486,-0.6506738,-0.43167257,0.21630596,0.45343143,-0.09409198,0.107083045,0.674328,0.3682053
4879,-3.4993985,-0.17396766,-0.48587632,-0.45290664,-0.24680597,-0.230123,0.04057534,-0.16513288,0.058187112,0.24675937,0.5383352
4880,-6.472191,-0.1305972,-1.2236716,-0.44247466,-0.3828334,0.117253646,0.016085368,0.056033753,-0.21754041,0.49201834,0.33340374
4881,-6.4400597,-0.26324293,-1.5842868,-0.6073498,0.26670155,-0.028296512,-0.22317657,-0.06796082,-0.028902428,0.6847633,0.16331059
4882,-4.591333,0.0022614542,-0.89463085,-0.42778897,-0.006485484,-0.011595041,0.24291877,-7.0231035e-06,0.10159253,0.6529885,0.21083598
4883,-6.7362046,-0.056539413,-1.3528227,-0.96683353,-0.41141728,0.116516806,-0.31286213,-0.78514206,-0.0916543,0.10041167,0.023817461
4884,-6.3961506,-0.17109497,-1.3968965,-0.805713,-0.22748123,-0.21849042,0.12821592,0.14434335,-0.23851062,0.77040863,0.32184395
4885,-4.465354,-0.09509883,-0.9678394,-0.5397498,-0.10749072,-0.1196087,0.067061335,0.027780388,0.02214352,0.40141708,0.23912983
4886,-5.026923,-0.1020408,-1.0803843,-0.7056577,0.04118017,0.23200707,-0.07934236,-0.22402713,0.076337166,0.52863115,0.1226572
4887,-5.7268314,0.087298356,-1.2710212,-0.5110631,-0.03955455,0.46122164,0.17653207,-0.48684567,0.040127393,0.0676656,0.14889902
4888,-4.149098,0.068911366,-0.97089005,-0.42708302,-0.028790696,-0.0030229772,-0.15936123,-0.18571526,0.08961688,0.22685306,0.17813316
4889,-6.585505,0.15786396,-1.7149769,-0.66110045,0.15343244,0.008508459,-0.3508978,-0.65769583,-0.37676308,0.4724942,0.23419821
4890,-5.46407,0.11517384,-1.3341388,-0.59352356,-0.10610117,-0.27069587,-0.07226293,-0.1645554,0.0034705587,0.61659217,0.45004013
4891,-7.5115104,-0.18820648,-0.8915075,-0.8381904,-0.8836069,-0.43029845,0.48235518,-0.18293726,-0.18158416,0.8026515,0.704683
4892,-6.5003533,-0.12127659,-1.1747524,-0.7285265,-0.44858453,0.09807422,0.025015226,-0.17471638,-0.058877066,0.58106285,0.38932604
4893,-4.2961435,-0.21360826,-0.7067206,-0.46966264,0.09277125,-0.137445,0.09247497,-0.10585893,0.13383432,0.35377485,0.51218903
4894,-5.279773,-0.28909427,-1.3564883,-0.33345667,0.29518673,-0.018857794,-0.118856244,-0.08704373,-0.1215553,0.08558201,-0.000100756064
4895,-5.2833896,-0.34139127,-1.4841673,-0.8338022,-0.28537124,-0.38585103,-0.2588759,-0.121598236,-0.086742364,0.4377626,0.3021188
4896,-3.8634913,-0.25012323,-0.70526314,-0.51541024,-0.31068605,-0.17031497,-0.09052703,0.00742212,0.0032974984,0.57206774,0.31365407
4897,-5.5915604,-0.3540002,-0.85925627,-0.8466281,-0.35507572,-0.1763732,-0.047294106,-0.27251694,0.14036925,0.71884924,0.56158847
4898,-5.2052636,-0.28872776,-1.0436412,-0.99926424,-0.4319498,0.47935456,0.0668464,-0.17707053,0.29572448,0.77731246,0.69219327
4899,-6.7425675,-0.0043066256,-1.5539978,-0.3904976,-0.119520016,0.1368768,0.04050473,-0.3644201,-0.18009156,0.6057883,0.56953454
4900,-6.222378,0.09348656,-1.3690357,-0.8235908,0.0360671,-0.091881014,-0.2725792,-0.48466647,-0.06731166,0.10719337,0.15328512
4901,-4.8274846,-0.13069214,-1.3563961,-0.3722775,-0.13402,0.21384583,-0.12741505,0.08481754,-0.24313857,0.41800612,0.29482383
4902,-5.6737638,0.048264056,-1.0278084,-0.6839508,-0.26653793,-0.40563613,0.030626338,-0.1608948,-0.20590754,0.15688297,0.41901073
4903,-5.1944838,0.02217472,-0.89447516,-0.6165925,-0.03360891,0.22781207,0.41312015,-0.0641416,0.021438962,0.8052649,0.2471178
4904,-5.1864805,-0.09479424,-1.1977818,-0.6796259,-0.07901358,-0.29832125,0.07688443,-0.09970519,0.0049178293,0.32839066,0.036253024
4905,-6.5381427,-0.19280125,-1.1332276,-0.7217443,0.35944825,-0.1823913,-0.28724736,-0.051884137,-0.06806906,0.72128224,0.045022123
4906,-6.561443,0.034062184,-0.79218525,-0.61155456,0.025536086,-0.07560894,-0.24715252,-0.45060286,-0.21191964,0.13370812,-0.12856244
4907,-4.1378126,0.033841934,-0.6265927,-0.5961407,-0.27968246,-0.23432407,0.10331232,-0.15029028,-0.18952638,0.33234018,0.27384803
4908,-4.4488688,-0.20673653,-1.0339206,-0.42618775,0.19021076,-0.10995374,-0.2952013,0.11305226,-0.27349305,0.36684686,0.039718445
4909,-6.217272,-0.2247067,-1.7500192,-0.97268087,0.3322031,-0.00600122,-0.41594267,-0.14740027,0.50805175,0.5466406,0.19367176
4910,-5.1372533,-0.28565273,-0.7245422,-0.66390795,-0.33537468,-0.17542489,0.112534985,0.16607967,-0.03056811,0.572142,0.58428943
4911,-7.406316,0.024221756,-1.5335474,-1.0410308,-0.19994575,0.5690173,-0.33290958,-0.8303608,0.37485385,0.7050927,0.66079205
4912,-4.5657754,-0.22478867,-1.139273,-0.73938906,0.067164175,-0.09094496,-0.16735074,-0.008778136,-0.039548084,0.3517951,-0.14900364
4913,-7.194545,-0.09623447,-1.2230806,-0.79021704,0.12630628,-0.22211598,-0.17176123,0.0061615244,-0.034378417,0.7485248,0.32721752
4914,-4.7377443,-0.26981336,-1.0642207,-0.5599772,0.0023297574,-0.2419492,-0.11513566,0.10365766,0.07543239,0.45322984,0.32399166
4915,-5.74556,-0.40158263,-1.3527752,-1.022024,-0.13231353,0.09637581,-0.070697054,0.13314599,0.20528157,0.70700085,0.07619485
4916,-6.971598,-0.08868041,-1.0286107,-0.7370531,-0.5094582,0.2266088,-0.13173191,-0.22300786,-0.19280082,0.7088123,0.43054226
4917,-4.113607,0.07152145,-0.75135326,-0.27149513,0.0730471,-0.08793707,-0.10726957,-0.17829958,0.07896804,0.23787601,0.31546056
4918,-5.1651425,-0.05987597,-0.86012167,-0.32667172,-0.33879054,-0.0050004143,0.06906114,-0.29130918,-0.2798349,0.43792796,0.5319969
4919,-7.4391923,-0.38610274,-1.2550597,-0.74575555,-0.14652139,0.85593826,0.14672764,-0.76045704,0.14628734,0.17647375,0.38440976
4920,-7.092849,0.113124005,-1.6353922,-0.75336665,-0.16946082,0.15328683,-0.65571773,-0.35074812,0.14796415,0.4508186,0.06979827
4921,-6.256511,-0.5780881,-1.131068,-0.927099,-0.29541403,0.059281748,-0.32193056,-0.50373214,0.27842277,0.6032629,0.40398362
4922,-6.0414414,-0.27360937,-1.0781906,-0.6739908,-0.053686444,0.10195472,-0.36862674,-0.0240175,-0.1237015,0.68164825,0.1366502
4923,-5.626062,0.056944054,-1.4210968,-0.679338,0.114165545,0.06435807,0.06273701,-0.39153418,-0.083995864,0.22066614,0.63810444
4924,-4.3482766,-0.15974203,-0.6596456,-0.4724824,-0.26272544,-0.12188646,0.22494453,-0.45141008,-0.02022593,0.34482172,0.419717
4925,-5.0976872,-0.030263443,-0.9902025,-0.8380923,-0.11014192,-0.059959985,-0.0021940991,-0.31334868,0.05784741,0.4647659,0.4289305
4926,-7.1058574,-0.0031550638,-1.4173398,-0.53287804,-0.120244674,0.40365672,0.22141764,0.04264033,-0.16409905,0.5488546,0.56221163
4927,-4.3171415,-0.17158288,-0.5736569,-0.34375656,-0.24916646,0.026021142,0.090380445,-0.23137006,-0.18396987,0.5906859,0.3795274
4928,-5.9192715,0.114008605,-1.4123772,-0.59332067,0.33980528,-0.104021125,-0.26776862,-0.09151401,0.20293652,0.22971562,0.061990365
4929,-4.6044607,0.11171564,-1.154175,-0.7295168,-0.31239584,0.23454969,-0.07844486,-0.45606712,-0.03863859,0.68831265,0.36593068
4930,-4.2502666,-0.2137592,-0.99796385,-0.4439842,0.1619249,0.27211124,-0.22955583,-0.3526731,0.079055026,0.29255667,0.17341916
4931,-4.880163,0.064112276,-1.1700467,-0.8806706,0.012190756,-0.17010888,-0.12166201,-0.06643151,0.1926843,0.44626838,0.13248296
4932,-5.299614,-0.25259742,-1.1196505,-0.85033935,-0.18128891,0.44388556,0.15043296,0.04434593,0.32831633,0.7242345,0.41919586
4933,-6.5579896,-0.08199275,-1.3527317,-0.34514707,0.022225834,0.08229213,-0.17309017,-0.12090891,-0.30659828,0.23484902,0.40422854
4934,-6.4422927,-0.065749094,-1.4135286,-0.89167446,-0.37119985,-0.3131346,0.3074257,-0.37744468,-0.3188317,0.4754254,0.44040596
4935,-5.6175156,-0.23375742,-1.0989356,-0.9923887,-0.16992533,0.27823633,-0.16438314,-0.46088538,0.088271745,0.28686255,0.1622389
4936,-6.2080417,-0.32369846,-0.95233333,-0.75418913,-0.5769436,0.0021006376,-0.049016796,-0.16648637,-0.17738996,0.23573841,0.47288448
4937,-5.8171563,-0.25955644,-1.054607,-0.7590406,0.20292576,-0.22266375,0.014025891,-0.39047286,0.0068791937,0.5569489,0.07075871
4938,-4.5596037,-0.036569733,-0.89096516,-0.6431577,0.06663682,-0.15317808,-0.17759947,-0.010635084,-0.2085596,-0.055807907,-0.07541074
4939,-4.467562,-0.05399972,-0.6159925,-0.29131317,-0.005306184,0.057926044,-0.15235634,-0.13804474,-0.3398668,0.18408518,0.22131675
4940,-7.8389564,-0.17953607,-1.2863141,-0.97368234,-0.3280379,0.020437632,0.10528537,-0.30968088,-0.14134619,0.16607,0.4454157
4941,-6.21235,-0.5085423,-1.0394976,-0.45633772,-0.051371325,0.5183565,-0.19246984,-0.25212353,-0.027719723,0.5439697,0.56557274
4942,-5.2238655,-0.08791338,-0.69563276,-0.68765616,-0.38878667,-0.08443851,0.18651028,-0.25439128,-0.1816059,0.29086253,0.6590097
4943,-4.1361356,-0.29601043,-0.87278163,-0.76547384,0.03852156,0.11727513,0.06646781,-0.2440798,0.1941749,0.4841761,0.10307642
4944,-6.1115265,-0.25861946,-0.92576,-0.785919,-0.12820193,-0.015942663,0.07399118,-0.41042247,-0.22208987,0.15130162,0.71575606
4945,-9.209803,-0.55917245,-1.3875651,-1.1739533,-0.65260917,-0.6392648,0.1075115,-0.054882474,-0.12167944,0.8653531,0.5446283
4946,-6.141105,-0.31788152,-1.3299844,-0.87009984,-0.03203206,-0.29796267,-0.33343393,0.05797167,0.16896163,0.5891696,0.41259548
4947,-4.61884,-0.12460601,-0.98766875,-0.3954037,-0.08995826,0.4040619,0.21888591,-0.08214854,0.098054945,0.4135093,0.17168958
4948,-5.495078,-0.31313616,-1.0130324,-0.901566,-0.20292641,-0.061292686,-0.13944459,-0.007590892,0.2729197,0.90731055,0.148762
4949,-4.981692,-0.018632442,-0.812008,-0.57401174,-0.51655215,0.03329946,0.033848587,-0.6061834,-0.14192991,0.37663832,0.44418678
4950,-5.993689,-0.3411979,-1.3132676,-1.018028,0.03935448,0.3010218,-0.13588391,-0.825814,0.064250484,0.26382118,0.24443233
4951,-5.0833807,-0.008420042,-1.1995392,-0.5923322,-0.17972977,0.08372556,-0.027373277,-0.5207822,-0.12332405,0.49154633,0.4767893
4952,-7.5316978,-0.1725199,-1.47255,-0.6448528,-0.4594498,-0.121605575,-0.15397158,-0.2972683,-0.12010427,0.576731,0.40709838
4953,-5.6605687,0.03481423,-1.0438313,-0.5237793,0.40362024,-0.34184223,0.06960162,0.28260562,-0.16616933,0.32970014,0.19692998
4954,-4.113397,-0.10982324,-0.8091515,-0.36788252,-0.14172955,0.09570872,0.057037797,-0.38316897,-0.12119895,0.056737985,0.2588418
4955,-6.2172875,-0.20815572,-1.2633744,-0.7072199,-0.13873395,0.30418396,-0.052499905,-0.4420264,0.15960255,0.8556718,0.18387586
4956,-5.24142,-0.20948566,-0.6199397,-0.23707259,-0.4836397,-0.19971505,-0.04607211,-0.25372255,-0.46176836,0.65610987,0.2082381
4957,-4.166648,-0.041708782,-0.7779952,-0.57548493,0.10421201,0.12370611,-0.12944578,-0.26713556,0.09145256,0.34973934,0.21109362
4958,-3.366679,-0.2511197,-0.86573994,-0.48568112,-0.04944687,0.13385212,0.1483902,-0.15324202,0.09338947,0.22824594,0.089864835
4959,-4.130749,-0.41367993,-0.69466317,-0.777813,-0.22313476,-0.00699299,-0.07450717,-0.22756983,0.3552964,0.72952,0.30921188
4960,-7.030797,-0.1213173,-1.6747303,-0.85792863,-0.15866163,-0.48231208,0.007800034,-0.15923502,-0.1354474,0.21371536,0.21357062
4961,-5.5490427,-0.037563495,-1.4868096,-0.64720327,-0.15801288,0.093037225,-0.26838806,-0.3141519,0.1391868,0.52273965,0.156842
4962,-3.2914386,-0.21574366,-0.5775568,-0.42421004,-0.012424244,0.013159213,-0.008736984,-0.25151375,-0.059763424,0.3631067,0.14505535
4963,-5.276388,-0.09197385,-0.7665743,-0.8404306,-0.098949194,-0.19472885,-0.3584885,-0.49432763,0.20171475,0.3934272,0.19873853
4964,-3.9472337,-0.07288395,-0.9515456,-0.56673306,0.015315123,-0.20556353,0.070920646,-0.007450223,-0.021691846,0.1918655,0.11764077
4965,-5.643865,-0.22909321,-1.2203146,-0.77051663,-0.3216843,0.12658301,-0.07650719,-0.45804378,0.02818716,0.25574216,0.058018636
4966,-4.3397665,-0.20020252,-0.8496592,-0.48848736,0.2194565,0.051491834,-0.08343595,-0.27451426,0.22827208,0.25320727,0.003306185
4967,-4.5104365,0.01482458,-0.9553494,-0.31714585,0.07467737,0.16998862,-0.123911895,-0.35989767,-0.06497821,-0.08623941,0.22442111
4968,-6.484204,0.091568366,-1.1428933,-0.61141753,-0.70441633,-0.32876348,-0.16026972,0.08687398,0.15892087,0.68215555,0.452156
4969,-6.578807,0.17698923,-1.147249,-0.70985824,0.14713669,0.10759756,0.041675255,-0.21597964,0.02933981,0.37225372,0.5274817
4970,-7.791943,-0.19107586,-1.0322157,-0.9801827,-0.046899058,-0.06496598,-0.38869056,-0.33083323,-0.4154606,0.4650036,0.25742987
4971,-5.006833,0.03739824,-1.2572824,-0.62970823,-0.15466689,-0.20638618,-0.4937376,-0.043105483,0.062883705,0.3613183,0.2375167
4972,-5.3546667,-0.0006480394,-1.2684165,-0.4221444,-0.086764015,0.24268633,0.25976205,-0.21072353,0.064240076,0.28432322,0.26180306
4973,-4.306225,-0.049746115,-0.6456166,-0.46272916,-0.21233013,0.0025193454,0.17689766,-0.1664762,-0.11693697,0.39160073,0.4438839
4974,-5.795506,-0.09776259,-1.3048351,-0.6725084,-0.62126,0.08644655,0.17682695,-0.10750136,0.057682984,0.36379284,0.58460176
4975,-6.519019,-0.033734303,-0.7734454,-0.5162877,-0.46865517,-0.24627654,-0.033435952,-0.2640775,-0.2087194,0.53916126,0.36612988
4976,-6.5340576,-0.2577479,-1.2535646,-0.532729,0.12969689,0.80342335,-0.12547617,-0.32078555,-0.04971859,0.33387542,0.1020135
4977,-4.754536,-0.16334146,-1.0775392,-0.5010382,0.012146872,-0.190695,0.008342126,-0.16804464,-0.17978421,0.41535375,0.1793473
4978,-4.519611,-0.3277729,-1.1455944,-0.44585505,0.005888591,-0.017593786,-0.12005002,-0.10947239,-0.12478094,0.58853006,0.24925089
4979,-5.4893446,-0.10104729,-0.6961535,-0.8884862,-0.6536393,-0.18380624,0.1689791,-0.637636,-0.1198964,0.13955474,0.7275657
4980,-6.4619675,0.19874842,-1.06353,-0.4668624,0.010804754,-0.33549523,-0.51268643,-0.39209014,-0.0996344,0.27724934,0.23829989
4981,-4.874684,0.13808322,-0.6785528,-0.26964656,0.21009041,-0.2564839,-0.066290334,-0.26044583,-0.13672048,0.051189207,0.14920262
4982,-3.7213998,0.11343287,-0.86762595,-0.5031427,-0.21443614,0.04612929,-0.09987061,-0.1491292,-0.061629698,0.3417087,0.08137607
4983,-8.624184,-0.115701854,-1.4442835,-0.8022907,-0.13708824,0.089927115,0.46232873,0.17797098,-0.2310287,0.1446134,0.6455082
4984,-6.124786,0.20524809,-1.1912766,-0.62183076,-0.25131488,-0.2843209,0.09300416,-0.4895203,-0.2440889,0.1811901,0.59074724
4985,-5.36973,-0.13973248,-1.1884265,-0.5971605,-0.31528068,0.21431541,0.16015281,0.008531666,-0.31033456,0.71489835,0.3614479
4986,-5.715331,-0.25385407,-1.1276534,-0.7428875,-0.36482447,0.12337142,-0.09354451,-0.16281144,0.13000332,0.70201325,0.53151274
4987,-6.5549927,-0.21938951,-1.3046743,-0.7469421,-0.17854162,0.082267635,0.09498016,0.18542297,-0.23010026,0.31646928,0.5620755
4988,-4.990712,0.017804947,-1.1042528,-0.6055817,-0.08140145,-0.24574877,-0.13386604,-0.21631703,-0.108751245,0.31448895,0.042360187
4989,-7.8296924,0.19018684,-1.0373913,-1.0691749,-0.4340095,0.23972492,0.16116013,-0.55497146,-0.058309138,0.8646602,0.8572404
4990,-4.8286915,-0.14814135,-1.1102159,-0.45755258,0.10394314,-0.055633254,0.089350015,0.20683368,-0.20243666,0.49907753,0.16023071
4991,-5.3489914,-0.2265372,-0.87531596,-0.50949025,-0.49271864,-0.42092776,0.10104766,0.1380102,-0.45030224,0.11920995,0.60264987
4992,-6.846062,0.052951157,-1.4817688,-1.0033082,0.16467315,-0.161375,-0.2718656,-0.5687789,0.24873538,0.5184455,-0.047594182
4993,-4.5178065,0.0150926495,-1.090061,-0.18124704,0.15094185,-0.07384664,-0.22446795,0.23754303,-0.16251232,0.121968605,0.17902523
4994,-8.316421,-0.6034998,-1.4558446,-1.0399206,-1.0436108,-0.27631587,0.4696007,0.085600615,-0.44445917,0.49893063,0.6598342
4995,-4.698349,-0.011087305,-1.1148101,-0.81093675,-0.139515,0.032104194,0.01350345,-0.4596602,0.16255035,0.3550815,0.16401172
4996,-3.9086642,-0.075269304,-0.82836187,-0.5372895,-0.2754052,0.029321378,-0.14242038,-0.116884686,0.2166499,0.40334287,0.07691334
4997,-6.3071585,-0.16899471,-1.6045132,-0.92213297,-0.1823041,0.38535792,-0.3166057,-0.74635875,0.12286298,0.42544904,0.5356863
4998,-5.717708,-0.14103727,-1.1681165,-0.803043,-0.14534073,0.40396816,-0.13361613,-0.50004,0.49905518,0.6863187,0.25698856
4999,-4.8163147,-0.29615638,-0.8538209,-0.56246686,-0.40535262,-0.4071949,0.29095143,0.305902,-0.0039722156,0.47862262,0.54225093
5000,-6.6859384,0.051189914,-1.0543576,-0.7203421,-0.12124743,0.5006458,-0.26729238,-0.16608611,0.058328487,0.7874228,0.3592421
5001,-4.9368796,-0.08657867,-0.8756637,-0.80909824,-0.22471775,-0.019519914,-0.087723576,-0.47427732,0.12255757,0.71006167,0.08537137
5002,-5.3763676,-0.20762579,-1.1269261,-0.68603337,-0.12266893,0.3986212,0.24393323,-0.1782443,-0.013318699,0.8338638,0.19305044
5003,-5.925223,-0.23847365,-0.83270794,-0.71112096,-0.4292434,0.050505534,0.10741436,-0.08123946,-0.44458097,0.05867753,0.36224967
5004,-4.7235975,-0.06107312,-0.5716473,-0.27634057,-0.14082852,-0.047809035,0.013163895,-0.14509161,0.0011034049,0.52153224,0.37070644
5005,-5.5819674,-0.052772675,-0.66607404,-0.23049551,0.06539597,-0.19978537,0.20082165,-0.1542732,-0.36432415,0.29629987,0.13388008
5006,-5.6602297,-0.08590829,-1.2252985,-0.6216699,-0.23342398,-0.026478346,-0.11138368,-0.5296525,-0.13904282,0.20096447,0.443939
5007,-7.12624,-0.41408107,-1.0577697,-0.6873337,-0.21963401,-0.003457238,0.29732737,0.04396315,-0.33953145,0.2848309,0.46075645
5008,-5.941256,-0.396508,-1.4904085,-0.8581866,-0.08167842,0.016862676,0.10338962,-0.19582587,0.06218771,0.26213267,0.57825595
5009,-3.9342604,0.048862632,-0.6468119,-0.4821985,-0.23015974,0.10878476,-0.14252616,-0.30129462,-0.13671431,0.591566,0.038071517
5010,-7.2902584,0.053692255,-1.6991757,-1.092759,0.5078028,-0.020328315,-0.3928228,-0.21836627,0.17565665,0.34504157,0.06281094
5011,-5.769219,0.021078728,-0.8951646,-0.6941799,-0.17439014,0.24224797,0.12970023,-0.06955683,-0.19004036,0.8891346,0.20457412
5012,-6.199092,-0.19136314,-0.8285043,-0.9203191,-0.06660364,-0.20182943,0.0031188764,0.028381461,-0.04066281,0.28652638,0.116889685
5013,-5.012473,0.07945288,-0.8722579,-0.55310845,-0.19146226,0.18108174,-0.016696755,-0.10336189,0.0058198934,0.30906147,0.42130125
5014,-5.6751823,-0.09614082,-1.3033724,-0.6302482,0.16532998,-0.16898811,-0.24230944,0.032141507,-0.21548367,0.25981015,0.13530836
5015,-6.2036834,0.037333895,-1.1055466,-0.1845943,0.4559093,-0.074746825,0.02671275,-0.18451487,-0.36717537,0.50444865,0.15726782
5016,-5.992357,-0.07172235,-0.9433716,-1.1155597,-0.2663693,0.098010905,0.019068308,-0.36707687,0.4291227,0.673089,0.6548303
5017,-4.6096787,0.08853944,-1.2677084,-0.33898792,0.20289573,0.11000919,-0.19216818,0.05011624,-0.047413483,0.1837412,0.21833685
5018,-6.3392196,0.09365796,-1.4361441,-0.54030967,-0.6272676,-0.017493103,-0.02175077,-0.06622289,0.22111666,0.84326994,0.19801442
5019,-9.151539,-0.69014007,-1.5946145,-1.1658962,-0.10619054,-0.44021612,-0.11010194,-0.4203442,0.0054121576,0.28570578,-0.022198629
5020,-6.10866,0.1317902,-1.4451872,-0.5440414,-0.20671883,0.084599346,-0.23068151,-0.52364135,-0.1425776,0.20757852,0.48137152
5021,-5.9398956,-0.30835208,-1.0296444,-0.6972259,-0.021334568,0.01170034,-0.08963238,-0.13535699,-0.33345407,0.6800083,0.47000578
5022,-6.7314243,-0.31266925,-1.1430498,-0.71232986,-0.15670957,0.048765797,0.0842709,0.3530219,-0.38116226,0.44610184,0.67008024
5023,-7.2233887,-0.18312933,-1.6650814,-0.49038315,-0.6393328,-0.18358786,0.15805951,-0.1627532,-0.3331668,0.12575068,0.65941364
5024,-5.2318196,-0.14441949,-1.035358,-0.23440078,-0.074230514,-0.0061264047,0.18321492,-0.16626832,-0.27848402,0.7258192,0.24477957
5025,-8.0527115,0.114404894,-1.529831,-0.72331214,-0.1487667,-0.18366359,0.1068495,-0.2854495,-0.30501544,-0.123766616,0.3496862
5026,-4.0743527,-0.18356219,-0.8229809,-0.7398148,-0.3466305,0.010963029,0.01584926,-0.21232781,0.26285014,0.73459065,0.5938766
5027,-4.9905663,-0.29991278,-0.78235346,-0.58314013,-0.25273123,-0.15630032,0.088020936,0.19835424,0.0011952138,0.55638933,0.34765756
5028,-4.9070897,-0.069676414,-0.95712477,-0.4395715,-0.067355596,0.18734778,0.09370732,-0.34476587,0.034267962,0.36786863,0.34404367
5029,-4.807768,-0.40416583,-0.9075944,-0.7042002,-0.4436662,0.4836622,-0.05276425,-0.70032525,0.25383735,0.4967474,0.613182
5030,-6.80092,0.22318809,-1.674061,-0.3117402,0.43463266,0.10594463,-0.15318643,-0.27461663,-0.056950636,-0.022669781,0.253452
5031,-6.140466,0.038756885,-1.4888849,-0.5638678,-0.112190135,0.23875616,0.15030207,-0.1274746,-0.16370542,0.28616208,0.74032384
5032,-4.9818344,-0.020652018,-1.1998292,-0.585944,-0.13465315,-0.1657948,-0.066111125,-0.25851876,0.03169867,0.11337944,0.37831724
5033,-5.351561,-0.14939508,-0.92673093,-0.36938953,-0.07968695,0.3420424,-0.04135393,-0.25426862,-0.06568362,0.28037912,0.18894479
5034,-5.6953225,-0.053853583,-0.9935902,-0.7352004,0.18071873,-0.012803784,-0.2294733,-0.17084466,-0.1327045,0.16746335,0.17223412
5035,-4.7797403,-0.04586678,-1.4146036,-0.48221776,0.010524962,0.117931195,-0.0023999615,0.024025526,-0.12241192,0.27305704,0.40018687
5036,-5.8017154,-0.0521504,-0.80777967,-0.55070937,0.11170657,-0.12392613,-0.42616472,-0.033823773,-0.11751576,0.55749655,0.31164256
5037,-4.4077177,0.031209376,-0.7014119,-0.41501725,-0.16615658,-0.14087181,0.03261624,-0.23616765,-0.2345631,0.24991904,0.18657406
5038,-4.355575,-0.27061844,-0.8922706,-0.5579021,0.155065,-0.11466968,0.07524792,0.1589476,0.021614011,0.15890123,0.24780317
5039,-6.434203,-0.056222063,-0.93895644,-0.6361892,0.07959383,0.054398894,0.33422136,0.015732875,-0.1256328,0.139548,0.09265768
5040,-6.5398307,-0.23308973,-1.258783,-0.45455807,0.29329756,-0.16854317,-0.16938196,-0.08169451,-0.06948957,0.27609897,0.2586628
5041,-7.021505,-0.4085408,-1.4379133,-0.79958,-0.09938469,0.19528373,0.021776449,-0.10723395,0.2551043,1.1374876,0.70541847
5042,-7.3553324,-0.040382493,-1.5541092,-0.4893542,0.21032517,0.0599378,0.21994309,0.09942499,0.06072244,0.6595473,0.5293292
5043,-4.2758827,-0.14389469,-0.95088744,-0.36779052,-0.21712431,-0.13536908,0.18929023,0.012538731,-0.027181504,0.44114465,0.11931699
5044,-6.0513864,-0.38642767,-1.0517896,-0.66414225,-0.69393057,-0.41030633,0.24938613,-0.2571733,-0.13527472,0.2508168,0.9357919
5045,-5.812572,-0.052119173,-1.1197894,-0.6025742,-0.14838329,0.17671028,-0.3368509,-0.4737222,-0.13325325,0.08020524,0.27014148
5046,-5.1300526,-0.22682455,-1.3342533,-0.8348653,-0.100498565,-0.01441437,-0.3358792,-0.2956743,0.2711615,0.7236471,0.13780293
5047,-4.73162,-0.09404256,-1.0465078,-0.5693399,-0.33991987,0.11902579,0.09012229,-0.0058847293,0.22160248,0.3235181,0.19820268
5048,-6.3370943,-0.04832221,-1.1840036,-0.6010907,-0.006504862,-0.18187685,0.116872065,-0.0622715,-0.1274487,0.18697768,0.4664623
5049,-4.5702724,-0.3203806,-0.7317486,-0.37443703,-0.5350235,0.11730497,0.05082138,-0.37404898,-0.15472814,0.20962335,0.16272828
5050,-5.2993684,-0.11951862,-0.9723761,-0.29262775,-0.7358478,-0.17829801,0.5058673,0.1397719,-0.54425496,0.37165606,0.4399561
5051,-6.015529,0.10794773,-1.4545777,-0.44381237,-0.45263338,0.08089428,-0.1315266,-0.04015767,-0.034819335,0.5266987,0.4692506
5052,-4.695749,-0.17292713,-0.98829377,-0.46914256,0.32009912,-0.19930612,-0.28519836,-0.06405866,-0.006885806,0.2896187,0.06081735
5053,-4.905593,-0.24410872,-0.7849715,-0.29029152,-0.34194896,0.13764812,-0.26296863,0.06831206,-0.19409743,0.34256876,0.18786582
5054,-4.943846,-0.22567448,-0.8259248,-0.8157018,-0.46634856,-0.32990777,-0.24314298,-0.56148,0.34440318,0.3935338,0.27949393
5055,-7.8811526,-0.42366156,-1.7433139,-0.6288067,0.09323382,0.036192644,-0.42143974,-0.42988473,-0.20053871,0.7021297,0.6453752
5056,-5.5302515,-0.058303025,-1.3067055,-0.58512294,0.024906399,-0.1675354,-0.12267036,-0.14505441,0.029667301,0.22357985,0.10694644
5057,-5.7597766,0.028805885,-1.2132757,-0.502716,0.015256884,-0.099234134,0.17058513,-0.0824644,-0.14735046,0.021723237,0.50937444
5058,-6.683795,-0.102121025,-1.1690218,-0.72110665,0.47343388,-0.42690337,-0.32727042,0.0022909888,0.09424508,0.544963,0.32851878
5059,-5.027395,-0.3955752,-1.0498863,-0.52011776,-0.091349445,0.4059674,-0.16264582,0.11574994,-0.091993056,0.95532465,0.22556953
5060,-7.257719,-0.07006238,-1.6897702,-1.1220608,-0.5307068,0.24095432,-0.06686236,-0.19512205,-0.27941623,1.0944229,0.7486594
5061,-5.9389224,0.049341664,-1.1921842,-0.40651885,-0.2487365,-0.63849765,0.10426112,0.24292418,-0.35327742,0.14688575,0.4349498
5062,-5.746038,-0.053468313,-0.94885486,-0.4773352,0.011359452,0.006253562,-0.0981351,-0.00229502,-0.17644602,0.7815762,0.41250503
5063,-6.210024,0.11510509,-1.0261258,-0.44770393,-0.12177954,0.022779949,0.05992015,-0.43685558,-0.36276343,0.21984571,0.055301733
5064,-3.8848426,-0.1852126,-0.5964396,-0.3610855,-0.13025562,-0.110272974,-0.057907775,-0.12007887,-0.11543113,0.34608358,0.14779091
5065,-6.6095557,-0.042644847,-1.2691798,-0.4192365,-0.09001984,0.09959813,-0.26508126,-0.5717557,0.04605933,0.10141696,0.2934194
5066,-5.315229,-0.34129393,-0.758567,-0.7574925,-0.43456316,0.08135079,0.014925192,-0.38008,-0.15881418,0.42270845,0.57905275
5067,-6.6543584,0.13716264,-1.7827848,-0.18907377,0.5063949,-0.032246534,-0.22653316,0.16825412,-0.31863672,0.21553564,0.39448076
5068,-5.4612756,0.026277848,-0.96007526,-0.414443,0.16012886,0.23567702,-0.16834281,-0.09893232,-0.2911507,0.107916206,0.12774555
5069,-5.3221574,0.020661745,-1.0446544,-0.41053778,0.10359641,-0.3789782,-0.08629589,0.017532732,-0.1728231,0.2900833,0.267891
5070,-8.050399,-0.46624246,-2.1939921,-0.7287251,-0.078002945,0.23168817,-0.24276571,0.002910297,-0.02332803,0.7010988,0.47980455
5071,-5.829002,0.41206482,-1.2660813,-0.388371,-0.2305727,0.025302079,-0.07050943,-0.1221625,-0.10959926,0.40201682,0.14089647
5072,-5.3929534,0.1171187,-1.1319462,-0.43905768,-0.19023386,-0.2131797,-0.28835312,0.16379653,-0.24934597,0.6022113,0.122397125
5073,-5.208311,-0.19262779,-1.4712622,-0.56563926,-0.39952728,-0.0414195,0.26045743,-0.13355802,-0.23879083,0.40113753,0.77127427
5074,-5.7654543,-0.091513075,-1.3969936,-0.37471658,-0.12193308,-0.044974256,-0.10508377,0.12800458,-0.050107993,0.62887704,0.4488582
5075,-4.943396,-0.09473679,-0.9544167,-0.40393296,-0.47723112,-0.20436165,0.024216846,0.2201414,-0.16190913,0.4023555,0.40602514
5076,-5.5266795,0.014302343,-0.85655177,-0.21035504,0.3352425,0.016248856,-0.501857,-0.41504017,-0.19075896,0.17122516,0.024074176
5077,-4.6552095,-0.033929758,-0.915751,-0.4187128,0.2189102,0.056012444,-0.053842098,-0.15139271,-0.016390277,0.11913549,-0.12977166
5078,-5.9849763,-0.1123276,-1.3419528,-0.41756207,-0.28554276,0.1354956,-0.048568044,0.2710877,-0.23669963,0.2354322,0.4538909
5079,-4.11179,-0.29677954,-0.87151116,-0.4479857,-0.010226963,0.28111833,0.019880444,-0.25971448,-0.08881133,0.29450154,0.17087506
5080,-5.5097227,0.11125887,-1.1772867,-0.95191973,0.27117932,0.012446886,-0.17552635,-0.4266355,0.32742777,0.7702062,-0.06577378
5081,-5.4022784,0.113788486,-1.0212948,-0.24425423,0.055132166,0.14835857,0.04258666,-0.21726099,-0.23571382,0.29969442,0.28707337
5082,-5.0681367,-0.3051467,-0.8191856,-0.5081356,-0.32690385,0.20722024,-0.19996881,-0.31152722,-0.19047062,0.38997763,0.22900732
5083,-5.1628466,0.15462317,-1.0921724,-0.4512417,-0.24297379,-0.0988604,-0.19603543,-0.5275469,-0.25665364,0.42664468,0.20736134
5084,-5.584281,-0.046013776,-1.1755304,-0.70409036,0.30675954,-0.4995706,-0.19631606,-0.14275609,0.03372517,0.40508494,0.10731417
5085,-4.707408,-0.030171327,-0.94006,-0.1473694,-0.30949858,-0.3096122,0.25241733,0.27576634,-0.3247826,0.43057287,0.35571373
5086,-6.485107,-0.14940277,-1.5097737,-0.30998227,-0.058257252,-0.06353245,-0.11501772,-0.18561657,-0.33488187,0.59874517,0.1491898
5087,-6.910992,-0.13924085,-1.3239796,-0.79501027,-0.40452248,0.031769007,0.020143416,-0.50789523,0.18150097,0.35051337,0.7885479
5088,-3.6446478,-0.23430867,-0.7736657,-0.30586976,-0.017062208,0.16982473,0.06775482,-0.06440275,-0.07689607,0.33198923,0.18783337
5089,-4.88623,-0.277754,-0.8048353,-0.48504093,-0.31015646,0.33100688,-0.06928915,0.11290186,0.028291665,0.6425373,0.52704257
5090,-6.0646553,-0.010630705,-1.5046525,-0.6962756,-0.11782633,-0.049025558,-0.07347546,-0.21117376,0.23688826,0.3139306,0.16476889
5091,-4.4678273,-0.22899702,-0.8396918,-0.5198501,-0.03473497,0.35916245,0.29752374,-0.30716768,0.02807865,0.16476002,0.39157027
5092,-6.822962,0.03534176,-1.2967021,-0.2692935,-0.5754017,-0.046110574,0.35955942,-0.065031976,-0.09347352,0.27801704,0.40765116
5093,-5.820457,0.090558216,-1.1418846,-0.5493163,0.22891821,-0.21647696,-0.30301204,-0.24970806,-0.11627489,0.70333165,0.10038238
5094,-5.4864426,-0.0452831,-0.83765745,-0.6306498,-0.13944943,-0.29538256,0.25143984,-0.23480295,-0.16247247,0.3882292,0.5853254
5095,-5.4941444,-0.17494091,-0.98192596,-0.8326558,-0.6252099,0.09415066,-0.15223262,0.07425014,0.259779,0.6269584,0.40962297
5096,-5.4529934,-0.042606663,-1.0146103,-0.8083571,-0.3377813,-0.011299795,-0.106756255,-0.1573764,0.16678666,0.52103835,0.35785487
5097,-5.5659976,0.10853371,-1.1621596,-0.53042585,0.10774656,-0.30214578,-0.2880754,-0.018354002,-0.14255431,0.21493262,0.30430052
5098,-7.287197,-0.06492476,-1.4185258,-0.9173757,-0.1106346,-0.29387408,0.01152999,-0.5523559,-0.09729601,0.29941618,0.45890352
5099,-4.88112,0.0010975841,-0.8630663,-0.1854019,-0.13066654,0.08993599,-0.16376981,-0.2462846,-0.3585529,0.03842697,0.22444515
5100,-4.148547,-0.1382461,-0.81799656,-0.5889671,0.26735812,-0.017726269,-0.14781953,-0.20032893,-0.061412558,0.13138145,-0.03374148
5101,-6.861215,-0.4582547,-1.121915,-0.82497704,-0.5442478,-0.11633453,0.14406149,0.051719427,-0.22718078,0.54320073,0.5775581
5102,-5.5498223,0.011936153,-1.0063753,-0.5080235,-0.3202149,-0.3457092,0.27826878,-0.1260162,-0.3002435,0.5082168,0.28211957
5103,-4.724092,0.10984499,-0.71395224,-0.32691258,0.054151054,-0.12618132,-0.015514002,-0.33110902,-0.20789494,0.50131935,0.2227394
5104,-5.7612944,-0.12683451,-1.1801915,-0.26355806,0.27580127,-0.08257009,0.12674917,0.069759116,-0.017013593,0.14549282,0.32531148
5105,-6.207957,-0.016414955,-1.0668346,-0.28738922,0.4294178,-0.2997753,-0.42242485,0.06837974,-0.3197876,0.38964498,0.10947183
5106,-5.6403046,-0.257785,-1.0990599,-0.7877855,-0.25321192,0.12432737,0.107888564,-0.33598247,-0.14726962,0.83891755,0.7419666
5107,-6.584803,0.11986374,-1.3336021,-0.676586,-0.5876628,0.2703309,0.20625992,-0.26950017,-0.13858517,0.17475535,0.6764032
5108,-7.484774,0.17236471,-1.3189188,-0.8043827,-0.19765005,-0.52314985,0.32067806,-0.3105167,0.13920954,0.6032113,0.5239915
5109,-6.3095455,-0.020278592,-1.5400354,-0.8747908,0.0281435,-0.035177942,-0.26510537,-0.060946204,-0.19749829,0.40800902,0.35725018
5110,-5.5438986,-0.2568046,-0.8906634,-0.68158334,-0.424613,-0.30888397,-0.16192044,-0.0461502,-0.24799065,0.7351837,0.33582494
5111,-4.9545736,-0.048271645,-1.2476277,-0.81474495,-0.14886877,0.3885994,-0.079081714,-0.33330917,0.15767255,0.37031484,0.2560501
5112,-6.176945,-0.040171925,-1.3790351,-0.7757668,-0.08581114,-0.23898782,0.10699445,-0.20631592,0.14712422,0.13190946,0.49327922
5113,-6.4024453,-0.014906925,-1.4357511,-0.35118997,0.50891584,0.3660227,-0.108862855,-0.2645534,-0.12072264,0.6080911,0.079323426
5114,-3.9572084,-0.022702247,-0.43457487,-0.3728517,-0.22374573,-0.18548004,0.081876,0.112555064,-0.23443757,0.27033085,0.39079627
5115,-7.4215627,-0.052081786,-1.6665775,-0.7921893,0.3822129,0.3264376,-0.09569943,-0.15793192,0.26086634,0.3386498,0.34868747
5116,-6.961132,-0.21228573,-1.389334,-0.56572056,-0.018979123,-0.15398611,-0.08600542,0.27964142,-0.1837901,0.24679187,0.611357
5117,-4.888289,-0.38975766,-0.7490277,-0.72486705,-0.11511542,0.010974538,-0.050660018,-0.16708998,0.15756251,0.44687417,0.63902533
5118,-7.305672,0.13581645,-1.3229989,-0.9779322,-0.7472586,-0.493747,0.2113512,-0.027645158,-0.2351832,0.63625157,0.5198515
5119,-6.817499,0.11918767,-1.0697311,-0.95166665,-0.5320839,0.013282651,-0.022080924,-0.11482813,-0.05469601,0.59069484,0.47350436
5120,-5.4198413,0.052328113,-0.98123604,-0.5062719,-0.09289776,0.15711415,-0.014873077,-0.18624866,-0.0914509,0.4368076,0.21248977
5121,-6.715535,-0.4682136,-1.5090648,-0.6129714,0.170657,0.41257596,-0.430319,-0.17024983,0.14524806,0.32293773,-0.21509461
5122,-4.882819,0.16556019,-1.010961,-0.5377024,0.07637315,-0.063701496,-0.22488485,-0.31644163,0.006327099,0.031507365,0.07041133
5123,-5.467414,-0.3000196,-0.7986337,-0.58715963,-0.27889633,0.26788116,0.44872817,-0.06941924,-0.086635716,0.5360832,0.6249739
5124,-5.049401,-0.15337761,-1.308986,-0.8413146,-0.25720918,-0.28423512,0.06889565,-0.2852525,0.101088345,0.3627562,0.49070573
5125,-6.101757,-0.08420789,-0.621174,-0.75918263,-0.7167443,-0.23260716,0.10992324,-0.028135529,-0.32128108,0.3839146,0.49361488
5126,-5.3506675,-0.0047566546,-1.2835963,-0.72163796,-0.18362716,0.25205392,-0.026643459,-0.106383786,0.32568383,0.5875278,0.2056567
5127,-5.286107,0.09781815,-1.0175059,-0.71558297,-0.10695289,0.097931504,0.21898673,-0.02637737,0.16751307,0.5666063,0.19370165
5128,-6.4282155,-0.5574634,-1.179837,-0.67278874,-0.023770887,0.09772041,-0.103670456,-0.09933208,-0.0155122075,0.6480749,0.35499343
5129,-6.146824,-0.18864004,-0.92868614,-0.26670155,-0.21303172,0.28693676,0.08550289,-0.22992586,-0.18138324,0.9050694,0.56563646
5130,-7.7157364,-0.35881534,-1.5606259,-0.6374421,-0.55828416,0.6399571,0.16960889,-0.3282793,-0.27511412,0.38583106,0.16020091
5131,-4.2054863,-0.04005401,-0.67477775,-0.18565606,-0.021210425,-0.23923574,0.044977564,0.038461633,-0.21495634,0.33462694,-0.0427995
5132,-6.724225,-0.16691071,-1.163443,-0.9399691,-0.18948995,-0.08136599,0.06474398,0.1433305,-0.13044281,0.64332604,0.7816438
5133,-6.1336675,-0.242821,-1.5148631,-0.78913003,0.114953525,-0.083064154,-0.29352385,0.31039155,0.044037394,0.5267021,0.38959315
5134,-5.9791007,-0.18725531,-1.203989,-0.43767744,-0.024787787,-0.042374715,-0.0664579,-0.23030193,-0.2577473,0.37052542,0.66690433
5135,-5.263188,-0.47521806,-0.7487591,-0.58383626,0.023332216,-0.012303473,-0.0042698607,0.070385076,-0.015628954,0.4960932,0.43921572
5136,-5.6720243,0.0027291798,-0.77442247,-0.51312596,-0.3426484,0.097452514,-0.01261307,0.024206595,-0.057806626,0.5575574,0.4899032
5137,-4.6471977,-0.36853635,-1.0163063,-0.41463324,-0.37272257,-0.05775845,0.16357885,0.27723527,0.08395536,0.5420602,0.61909
5138,-5.626003,0.06456454,-1.0450332,-0.52545935,-0.017654506,0.4003607,0.22131759,-0.16409984,-0.32315025,0.28016102,0.41370684
5139,-5.8574796,-0.29250455,-1.1981559,-1.0073204,-0.2232081,0.013360973,-0.036366325,-0.63943297,0.20997371,0.5115188,0.35841584
5140,-7.442434,-0.055309515,-1.4329071,-0.72017753,-0.13110213,-0.030189902,0.24438807,0.05334276,-0.31224263,0.92009544,0.30586034
5141,-5.2058296,-0.04825045,-0.9621066,-0.6565482,0.20188348,0.009278028,0.08759141,-0.23744473,0.0967095,0.38718107,0.46505663
5142,-5.5271735,-0.07287375,-1.0906341,-0.51056874,-0.39441022,0.24164847,-0.0245267,-0.09658114,-0.2698101,0.62074685,0.41316023
5143,-5.735414,-0.16886353,-1.0677998,-0.47314897,0.6026842,0.09213077,0.12155961,0.21714115,-0.018149363,-0.10824583,0.40879786
5144,-5.27616,-0.06430741,-1.4108921,-0.8311728,0.066852674,0.0036990806,-0.102552906,0.17795205,0.28160158,0.50835,0.3886027
5145,-4.271645,-0.25719717,-0.9897877,-0.46832234,-0.32167667,0.06092186,0.12386947,-0.0952586,-0.12918513,0.20649105,0.36714306
5146,-5.2401266,-0.47083297,-0.8252728,-0.4964242,-0.12786272,0.062119402,-0.0500288,-0.25044551,-0.23402436,0.52705634,0.23257515
5147,-3.9446282,-0.046829607,-0.91859555,-0.4400599,-0.07779032,-0.0056769624,-0.19414026,-0.37592003,0.20498228,0.1758802,0.34540993
5148,-4.342341,-0.194228,-0.71882933,-0.6419745,-0.3310732,0.09885058,-0.05788093,-0.3025285,0.1335414,0.4245675,0.4028997
5149,-5.786522,-0.2506533,-0.8880987,-0.57350206,-0.18027514,0.10357076,0.30983713,0.14274824,-0.105075546,0.43764687,0.41146123
5150,-5.288097,-0.06822294,-1.1241738,-0.63170224,-0.16106711,0.113538325,-0.060096882,-0.20785184,0.122606106,0.32366717,0.58745694
5151,-5.038946,-0.17324568,-0.73226684,-0.59804875,-0.20553291,-0.123680726,0.049808875,-0.029747905,-0.18537842,0.13339493,0.30751756
5152,-4.313672,-0.21583752,-0.5593942,-0.51792395,-0.28348854,0.098141275,0.68121207,0.067545116,-0.18501405,0.21483226,0.20382069
5153,-6.0694747,-0.33536035,-0.9735796,-0.6620042,-0.32260144,0.3305819,0.06055855,0.02693581,-0.2711254,0.5164101,0.40115714
5154,-3.6015518,-0.13630962,-1.0063623,-0.43353766,-0.020422159,-0.025424019,0.029021472,0.03383127,0.06514352,0.23670286,0.23101658
5155,-5.5787134,0.00016160775,-1.0817559,-0.38357002,-0.14429663,-0.3356008,0.18157785,-0.026595874,-0.25419265,0.35995102,0.2648976
5156,-6.091696,-0.25113478,-1.1957244,-0.94092286,-0.006997664,-0.12547955,0.18538359,-0.13593116,0.1448648,0.84993804,0.2685472
5157,-6.5341988,-0.36043254,-1.0306945,-0.82589424,-0.56186306,0.20161429,0.14159717,-0.3361035,-0.05114802,0.69757235,0.6739861
5158,-6.5817003,0.24327184,-1.1840389,-0.42138144,0.18988843,0.12885836,0.06049343,-0.12459455,-0.17069322,0.10171227,0.14452729
5159,-5.4345303,-0.22934544,-1.3062012,-0.5801821,-0.06278677,0.13335001,-0.031042129,0.101317115,0.028273959,0.5182537,0.28322548
5160,-6.212427,-0.42862043,-1.0059532,-0.2573313,0.02710321,0.0027303086,-0.10135708,-0.30197585,-0.22687393,0.48403484,0.5647185
5161,-6.309386,-0.217378,-0.92531174,-1.0762279,-0.38820913,0.11558583,-0.031139094,-0.09073936,0.08059913,0.70031095,0.20376003
5162,-5.7625294,-0.05399136,-1.1947825,-0.002690359,-0.07688119,0.04016846,-0.06398393,-0.3295857,-0.2564155,0.2841419,0.1654517
5163,-5.9431496,-0.10480325,-0.85238165,-0.5757017,-0.33886132,-0.09652266,0.038320415,-0.12156836,-0.0559825,0.58777636,0.06296751
5164,-3.5317152,-0.116451725,-0.9691023,-0.28087792,-0.092257775,0.064532384,0.3404478,0.22182435,-0.10832168,0.25584945,0.30838177
5165,-4.544384,-0.07759615,-0.83093935,-0.60452926,-0.08678861,0.22146699,0.031782616,0.03063859,0.14495033,0.65980554,0.3693643
5166,-4.756915,0.070073225,-1.0506217,-0.3011729,-0.058529407,0.21307881,0.20536274,-0.3062658,0.12072125,0.16421625,0.10573503
5167,-5.2643023,0.002899161,-0.88327235,-0.568449,0.28755438,-0.090517886,-0.09980619,-0.3902389,0.0068035284,0.4330591,-0.041951675
5168,-3.669022,-0.08492965,-0.5218656,-0.45787093,-0.30380166,-0.12472305,0.17806782,-0.20050567,-0.031431697,0.44552526,0.34631646
5169,-4.204736,-0.21113215,-0.93990237,-0.7075495,-0.36403972,-0.0022930857,-0.08639485,0.10570124,0.0054221572,0.5929571,0.4705669
5170,-5.3268714,0.088486806,-1.1847157,-0.7981714,-0.23224254,-0.14118311,0.06287382,0.04443255,-0.18544249,0.44829848,0.38534966
5171,-5.299922,-0.15073198,-1.0328202,-0.7325964,-0.17522907,-0.012848239,-0.17441346,-0.6084385,0.35563508,0.5324608,0.26040617
5172,-4.7423835,-0.16156004,-0.7186365,-0.7293826,-0.071090974,-0.10725167,0.061244294,-0.5600714,0.09543221,0.37068102,0.2541214
5173,-6.412111,-0.14954895,-1.4378592,-0.86807394,0.30846253,-0.0042191735,-0.105402514,-0.35719958,-0.06973929,0.6300463,0.4930364
5174,-4.6875944,-0.18322502,-1.2415758,-0.76175106,-0.48351237,-0.035604887,0.082565576,-0.27353567,0.086685866,0.39327413,0.35512924
5175,-6.716528,-0.30902436,-1.0927091,-0.33041114,-0.06963629,0.3517447,-0.4012596,-0.35836902,-0.118748635,0.09916778,-0.02327916
5176,-4.161765,-0.12142436,-0.81390446,-0.39545786,-0.44308218,0.004676422,0.08513442,0.022788849,0.072104394,0.48487744,0.39591756
5177,-5.2810187,-0.18877035,-1.1513343,-0.36660329,0.068807974,-0.25299346,-0.22412626,-0.091368295,-0.085872956,0.5423003,0.20127387
5178,-5.3988557,-0.21273726,-0.9958444,-0.63124573,-0.17699246,-0.3319993,0.022963516,-0.2597842,-0.1708163,0.27937016,0.3399796
5179,-5.7744474,-0.14762224,-0.98959154,-0.5274735,-0.05902811,-0.26897252,0.39457977,-0.015804341,-0.1111853,0.32482457,0.46500865
5180,-4.596554,-0.20384373,-0.9878962,-0.4237364,-0.32010362,0.100882575,-0.10662918,-0.3099479,-0.106437676,0.3690795,0.18376806
5181,-6.4476633,-0.14675976,-0.90860885,-0.7964833,-0.16362591,-0.00013206946,0.14621264,-0.5580115,-0.03445193,0.09385513,0.63100237
5182,-4.624041,-0.10852538,-1.168117,-0.78497523,0.009258587,0.24398082,-0.18118472,-0.38004783,0.15550983,0.27392754,0.5051202
5183,-4.5244274,-0.09550287,-0.84549415,-0.47481912,-0.45539108,0.23933382,0.0031625219,-0.554832,-0.13834406,0.14610513,0.29134816
5184,-3.999658,0.02991828,-0.8466512,-0.2846895,-0.15978375,0.09692281,0.15741733,-0.16206387,-0.11300996,0.3233666,0.27282256
5185,-5.727216,-0.22854942,-1.3005933,-0.6839265,0.19421414,0.0800625,0.004051711,0.029927565,-0.048023455,0.81396455,0.21734552
5186,-5.8700914,-0.035063095,-1.1915683,-0.40834796,-0.27585337,-0.16579218,0.2141921,0.20929396,-0.17754655,0.4723559,0.3571528
5187,-7.593097,0.11149014,-1.1159611,-0.768905,-0.4006246,-0.48280442,0.13452739,-0.018860532,-0.46207798,0.3505137,0.41537377
5188,-4.009799,0.008899615,-0.86784935,-0.6624507,-0.018609984,0.011725357,-0.17591698,-0.41198003,0.18605694,0.12067053,0.37765643
5189,-6.9082284,-0.10622382,-1.0769821,-0.6501594,-0.53719443,-0.03649012,0.27419338,-0.42776057,-0.05608684,0.5031878,0.66802984
5190,-5.1707797,-0.10381289,-1.2403865,-0.9977981,-0.23999974,0.18374318,-0.0353583,-0.5555445,0.2248325,0.8176772,0.013104114
5191,-4.7998285,-0.18881659,-1.197535,-0.7851,-0.009138491,-0.051747058,-0.017338824,-0.23285581,0.031301957,0.34781206,0.2787032
5192,-7.1610413,-0.049195405,-2.1503005,-0.85922587,0.25372437,0.051154096,-0.16506568,-0.2972821,0.02348461,0.663931,0.28376436
5193,-6.5991473,-0.23636974,-1.0782422,-0.36167583,0.27461973,0.047668345,-0.559376,-0.042825148,-0.18753883,0.58312964,0.34815907
5194,-5.8993807,-0.13889232,-1.0380772,-0.5885964,-0.053106464,0.21433496,-0.112554036,-0.5463742,0.033331178,0.3567513,0.33259737
5195,-3.806776,0.013512721,-0.9040667,-0.22068094,-0.17094691,0.01037995,-0.13075733,-0.09705624,-0.32364053,0.36388287,0.1023353
5196,-4.7140093,-0.03136247,-0.7561992,-0.43512174,0.05963705,-0.022868555,-0.0051180245,-0.1335453,-0.041346736,0.4412666,0.31221303
5197,-6.019735,-0.2714441,-1.1786711,-0.8545768,-0.017807709,-0.1235123,-0.043202337,-0.47361878,0.015756387,0.34304148,0.34301767
5198,-5.8868995,0.12300611,-1.1138334,-0.5749177,-0.4339271,0.10632849,0.088710226,-0.31425297,-0.092419975,0.3174868,0.32138714
5199,-5.305481,-0.065047055,-1.2349786,-0.4237319,0.31263933,0.19013534,-0.46127704,-0.35624537,-0.16921909,-0.041059036,0.011805235
5200,-5.06473,-0.021882456,-0.78868234,-0.39123908,-0.1454189,-0.17282642,-0.13365391,-0.08953548,0.07347464,0.25826433,0.4075598
5201,-5.8065667,0.009069483,-1.2787366,-0.704437,-0.29047924,-0.11195319,-0.1676811,-0.46138453,-0.36664656,0.32337674,0.30195206
5202,-5.2767453,-0.17065841,-1.1072569,-0.45419943,-0.4583212,0.033875473,0.10811561,-0.31986025,-0.18381852,0.3537618,0.32244086
5203,-4.204023,-0.10100794,-0.94827265,-0.6285747,-0.2952512,0.21007517,-0.07308056,-0.3015865,0.04613717,0.62464005,0.46248826
5204,-4.055385,-0.09230682,-0.5582004,-0.42555657,-0.07786034,0.06343804,0.027645465,-0.17276612,-0.054622635,0.4078158,0.1473309
5205,-4.9353337,-0.43808204,-0.95892787,-0.523456,-0.33178172,0.05887216,0.07894669,-0.24538836,0.0054211095,0.36303672,0.48355368
5206,-5.323289,0.030679572,-1.0804527,-0.3587892,0.0056221657,-0.21529652,-0.023936786,-0.115827166,-0.23614405,0.37652603,0.0050471425
5207,-6.417082,0.012991713,-1.46085,-0.66219336,0.6115206,-0.115247674,-0.34422863,-0.2540811,-0.023941604,0.5263853,0.100455
5208,-5.0068774,-0.25937358,-0.823882,-0.66233444,0.013476828,0.1985753,-0.17975678,-0.24131054,-0.08777707,0.26729333,0.18264107
5209,-7.7226987,-0.14482424,-0.9480034,-0.5677702,-0.23044693,-0.054137785,-0.35475796,-0.064797476,-0.25276503,0.2741881,0.13709684
5210,-5.2527676,-0.16231239,-0.55626994,-0.86914444,-0.43646514,-0.106659666,-0.014393146,-0.30559707,0.14521351,0.63224876,0.4065931
5211,-7.0060983,0.071369275,-1.3757112,-0.478434,0.59617406,0.31907856,-0.21959648,0.05138755,0.13258167,0.35808194,0.12208059
5212,-5.6930256,-0.05834448,-1.188327,-0.69930196,-0.4060239,-0.37854618,0.22787824,-0.22782779,0.043024853,0.30317238,0.35820442
5213,-5.07385,-0.25159186,-1.0735387,-0.38992563,-0.28710195,-0.043218784,0.21281771,-0.20100038,-0.6044039,0.14717266,0.27135462
5214,-5.8787603,0.017639454,-1.3529526,-0.25516045,-0.2985054,0.210364,0.18255323,-0.27078512,-0.43899435,0.65186346,-0.008868438
5215,-6.200051,-0.60578674,-1.0722257,-0.66136575,-0.08525699,-0.054276258,0.023709703,0.3286662,-0.015454249,0.9016883,0.59505934
5216,-6.199284,-0.021522053,-1.1029344,-0.73747253,0.080656506,0.21424894,-0.13153557,0.055473045,0.0065971827,0.17716032,0.3579914
5217,-4.820669,0.032483064,-0.980319,-0.28243086,-0.25057182,0.1980458,0.057879597,-0.10033135,-0.09477584,0.281251,0.09708567
5218,-5.3107615,-0.037054695,-1.0168099,-0.4491175,-0.11059712,0.16491018,-0.20378041,-0.43009168,-0.1298532,0.28729755,0.25431415
5219,-6.0780973,-0.103534125,-1.1926422,-0.8570809,-0.010877594,-0.1454563,0.10538685,-0.1768975,0.21967998,0.66729707,-0.042148378
5220,-7.6751003,-0.4418419,-1.58925,-0.29997322,0.42659676,-0.057742707,-0.3272086,-0.26386598,0.004120445,0.45560533,0.3751019
5221,-5.1046247,0.1626191,-0.9217768,-0.29724032,-0.46722326,0.12074922,0.052005753,0.079453334,-0.35753876,0.18061881,0.27255172
5222,-8.058198,-0.085249685,-1.8396553,-0.8507518,-0.32813308,0.30454087,-0.297618,-0.08925292,-0.13914907,0.57906777,0.54159206
5223,-5.6224904,-0.107961096,-1.0656592,-0.7662933,0.1394067,-0.36442852,-0.09455578,-0.036260985,-0.093892485,0.53523743,-0.076212086
5224,-5.775602,-0.14793621,-0.7353704,-0.6709442,-0.0146028865,0.36755186,0.016646642,-0.29270968,0.1377751,0.73572874,0.4447888
5225,-6.383348,-0.36188045,-0.9297103,-0.91395813,-0.07484979,0.061336044,0.29323635,0.13281415,-0.06232878,0.7553263,0.6226163
5226,-5.285481,-0.17049159,-0.80730706,-0.8716647,-0.8072757,0.14221437,0.20559698,-0.7162509,0.111306116,0.34231994,0.84209704
5227,-4.539181,0.023811419,-0.75491047,-0.49962044,-0.22123352,0.026222993,0.007704737,-0.16707134,-0.1315758,0.5379808,0.13020387
5228,-6.5421004,-0.20541461,-1.1296471,-0.798712,-0.020315621,-0.10408491,-0.11481009,-0.2736806,-0.07823825,0.46514115,0.7416511
5229,-6.0902877,-0.27016497,-1.2739998,-0.501117,-0.45508012,0.37348574,-0.11675345,-0.5894651,-0.18835205,0.25755316,0.41169804
5230,-4.4706078,0.08968224,-0.6181253,-0.4727457,-0.06361884,-0.06470669,-0.122303806,0.023403054,-0.1396795,0.32614887,0.36033478
5231,-5.878839,-0.109654464,-1.0388628,-0.7188585,0.3165343,-0.300537,-0.1407033,-0.18500003,-0.04481934,0.07010581,0.31953746
5232,-6.060599,-0.032472245,-1.1309,-0.4232099,0.17227328,-0.08576218,0.12471094,-0.05252628,0.021767277,0.047229044,0.15820444
5233,-4.5657187,0.027480494,-0.9210626,-0.0709757,-0.4629376,-0.17394175,0.27456427,-0.029438661,-0.42821962,0.033671167,0.4068027
5234,-5.265638,-0.2284353,-0.99061793,-0.5638733,-0.62600106,-0.1431862,0.5014779,-0.29182172,-0.37123054,0.54301107,0.31068018
5235,-7.852233,-0.15313478,-1.3561952,-0.75028884,0.070297055,0.24981649,0.06513295,-0.066798836,-0.22490194,0.40421894,0.06549825
5236,-4.5523305,-0.16921481,-0.5273254,-0.44869924,0.088057265,-0.10999871,-0.029622208,-0.18541725,0.020608464,0.2912766,0.06446233
5237,-4.667198,-0.23801188,-0.8645275,-0.6725637,-0.1186068,-0.10325986,0.031229295,-0.30294377,-0.08282285,0.34418467,0.36790428
5238,-4.716411,-0.33788347,-1.3560054,-0.7436778,-0.10091916,0.20408122,-0.17677917,-0.2941975,0.05211231,0.5324079,0.48289168
5239,-5.3466797,-0.10694405,-0.9705643,-0.95206463,-0.34010676,-0.17426611,-0.06427002,-0.1053748,0.1145597,0.50509924,0.7195192
5240,-4.7001476,-0.15112385,-0.55970633,-0.48336187,-0.1917194,-0.1901153,-0.016724143,-0.1425693,-0.05036299,0.48666996,0.17153709
5241,-4.4251084,-0.26734993,-1.0286632,-0.6577462,-0.12631111,0.08846225,-0.0023105172,-0.21877079,-0.018782606,0.25994214,0.21296328
5242,-5.3263283,0.07600427,-0.98480374,-0.29964414,-0.11267104,0.14638889,0.23700756,-0.444474,-0.18602917,0.05654608,0.24453625
5243,-6.573795,0.102115266,-1.3457067,-0.5097802,-0.1065458,-0.43298602,-0.45040298,0.27336812,-0.14371632,0.4471466,0.43657404
5244,-4.729301,-0.0013210652,-1.1388692,-0.37235144,0.040832486,0.14491688,-0.11136563,-0.06810839,-0.11354427,0.101316415,0.24065152
5245,-4.3357935,-0.044577695,-0.9231643,-0.28362072,0.069616735,0.23935953,0.15648606,-0.0030751405,0.080915876,0.5486712,0.17828514
5246,-6.8313947,-0.2781633,-1.4755775,-0.48796996,-0.35352546,0.55692875,0.50847346,-0.15092741,-0.010160094,0.4528745,0.4148352
5247,-5.763984,-0.050971735,-1.2529844,-0.6251864,0.44266573,0.1410929,-0.2590605,0.03695405,0.11142569,0.58185494,-0.07990403
5248,-5.29474,-0.35285375,-1.2556489,-0.8596484,-0.30826923,0.032438338,0.001040414,-0.1096984,-0.22551207,0.3310073,0.75953794
5249,-5.064788,-0.29671925,-0.82423747,-0.14768228,0.17564717,-0.040694356,-0.09643431,0.2054387,-0.22874174,0.20477004,0.34580886
5250,-5.3014736,0.15780215,-1.0167885,-0.67073584,-0.18291377,-0.16364467,0.2788119,0.07879139,0.026213631,0.19035245,0.48347792
5251,-5.136288,-0.10660779,-0.8965324,-0.3321706,-0.14469203,0.08619818,0.16259357,-0.0933611,-0.19847094,0.5236029,0.3215318
5252,-6.181477,-0.32192656,-1.580369,-0.7682367,-0.104873456,0.42438895,-0.26361892,-0.22059737,0.3648607,0.76839525,0.10229293
5253,-6.6353126,-0.18393381,-1.2557526,-0.63606614,-0.0029134792,0.1493516,0.06346366,-0.6302115,-0.020062825,0.32964486,0.15139623
5254,-5.664973,-0.30836654,-0.84377015,-0.55378634,-0.07204105,-0.15751563,-0.20507339,-0.11481837,-0.26318142,0.37768307,0.39286003
5255,-6.1811275,-0.35594195,-1.573509,-1.012994,-0.9283349,0.0042480202,0.49506024,0.018446453,-0.15835504,0.56829965,0.86653817
5256,-6.346671,0.07468003,-1.4433347,-0.6000143,-0.30613565,-0.14810017,-0.2803462,-0.25424623,-0.3298065,0.4208693,0.13984707
5257,-5.6310625,0.08918038,-0.7811004,-0.5269289,0.14067966,-0.08430665,-0.009774613,-0.3550551,-0.06042248,0.20740573,-0.032901015
5258,-7.1424823,-0.10967227,-1.1293399,-0.66802007,-0.3846472,0.17168514,0.38507646,-0.0754422,-0.15746684,0.5563807,0.7408325
5259,-4.4138994,-0.26751092,-0.72704995,-0.55671483,-0.49311516,0.08722548,0.4128451,-0.066131234,-0.20693785,0.2641,0.6224352
5260,-5.114966,-0.033572175,-0.9812205,-0.7118611,-0.05138028,0.39929193,-0.121528886,-0.20429885,0.03213644,0.7748567,0.1297663
5261,-5.728633,0.087809555,-1.1957312,-0.69857323,-0.072062716,-0.2192649,-0.0034632199,-0.31215167,-0.1921331,0.20768577,0.15520369
5262,-5.30752,-0.5202786,-1.2476252,-0.7120187,-0.1349932,0.08766055,0.0853985,-0.53666395,0.002045257,0.63151795,0.66851705
5263,-6.551875,0.06769388,-1.3216194,-0.4613828,-0.41395116,-0.122859284,0.06132362,0.22105783,0.07955158,0.5171568,0.41404876
5264,-6.293838,0.025130428,-1.3039926,-0.7211578,0.0130902855,0.028662255,-0.26241732,-0.6346396,0.24408318,0.43777674,0.14062054
5265,-7.445685,-0.49382678,-1.1857477,-0.88762945,-0.8877001,0.391266,-0.13747893,-0.7107139,-0.09442093,0.5312679,0.69996744
5266,-7.0779705,-0.51554006,-1.5801872,-0.39865106,0.039831787,0.45549536,-0.3611925,-0.11897396,-0.13191013,0.55978847,0.3357221
5267,-5.761507,0.030772097,-1.2303522,-0.3211087,0.17751366,-0.04564176,-0.24334817,0.03677603,-0.04038465,0.21553609,0.1645247
5268,-4.6411924,0.039880294,-1.0861373,-0.45945725,-0.0139531065,-0.14029406,-0.09893639,0.26213536,0.05424954,0.3423496,0.20120384
5269,-5.9003706,0.0041630263,-0.9033433,-0.6413651,-0.41056815,-0.11766416,-0.17565483,-0.05676598,0.039098673,0.52507293,0.32267973
5270,-5.925713,-0.14951788,-1.1730907,-0.5891313,-0.15261209,-0.4027428,0.05396794,0.16162676,-0.46941823,0.43735585,0.49766883
5271,-5.47409,-0.1992559,-1.1832216,-0.59398043,-0.030657513,-0.31958425,-0.25670314,-0.13289109,-0.16417317,0.6144787,0.5544971
5272,-4.4566092,-0.02241186,-1.0055174,-0.47532883,0.19147022,-0.18111561,-0.28801548,-0.03573586,0.04359313,0.14663376,0.21874844
5273,-6.1907706,-0.05083225,-1.253993,-0.56670725,-0.09211466,-0.5903081,-0.029160634,0.23282284,-0.22996521,0.5874309,0.4046697
5274,-3.9406672,-0.07144963,-0.6928663,-0.41993442,-0.056704424,-0.2103757,0.072866194,-0.25012377,-0.049382597,0.15570274,0.06568152
5275,-4.9862566,-0.38552216,-1.2114171,-0.77885914,0.3010819,0.09298905,0.008761571,-0.00095751695,0.046466,0.4714092,0.23576625
5276,-4.8040776,-0.042383727,-0.72174376,-0.19397709,-0.39159194,0.37587208,-0.039984263,0.034553055,0.10377614,0.3666005,0.3826303
5277,-5.477224,-0.43164137,-0.886928,-0.7830213,0.13105486,-0.06579261,-0.2543298,-0.09459319,0.19925295,0.8242299,0.25697076
5278,-5.2894664,-0.13856182,-0.9989882,-0.70838934,0.027531136,-0.23604043,-0.09651352,-0.20639707,0.06486597,0.24015023,0.5406301
5279,-6.0142694,-0.41306436,-1.0577985,-0.6322786,0.053095415,-0.22872418,-0.14970338,-0.104319364,0.09823655,0.5021354,0.705817
5280,-5.905173,-0.18935947,-1.538407,-0.95682365,-0.51162374,0.12809247,0.16599175,-0.12565118,0.08620766,0.49906474,0.66052234
5281,-4.9854503,-0.15499148,-1.0406519,-0.6352232,-0.047929604,0.10545784,0.18197536,-0.19093297,0.03855869,0.6616234,0.38937414
5282,-8.463241,-0.558118,-1.9821752,-0.41061112,0.4333351,-0.3845225,-0.40944317,-0.24329314,-0.27359745,0.5344725,0.27075425
5283,-5.228644,-0.32093054,-1.1075315,-0.7853283,0.13117348,0.24396712,-0.18401173,-0.47871763,0.02206013,0.1763167,0.11780014
5284,-4.9781466,-0.2982455,-0.9729619,-0.6375374,-0.05515865,-0.23978025,0.047678992,-0.40578476,0.212426,0.30078438,0.4787636
5285,-6.2274466,-0.13943474,-1.8487608,-0.7439491,-0.12244371,0.2251564,-0.14175367,0.029379547,-0.16482617,0.46817157,0.43202025
5286,-6.348535,-0.23332651,-0.9093869,-0.8317167,0.064609274,-0.06336849,-0.07304699,-0.02073075,-0.17832899,0.33328494,0.16067249
5287,-4.191078,0.045644764,-0.7616214,-0.5853592,-0.083853506,0.2327452,0.041195296,-0.29270142,-0.10465558,0.23243184,0.19449733
5288,-5.7054844,-0.003434632,-1.2530268,-0.83299786,0.0050303536,0.167652,0.13575347,-0.25267425,0.2538587,0.58046436,0.15482977
5289,-4.9786196,0.030914582,-0.7492405,-0.57628495,-0.6056022,0.09725083,0.0684434,0.26700145,0.07751813,0.4444632,0.35727772
5290,-5.17974,0.08446485,-1.2941164,-0.6130391,0.43414935,0.20367692,-0.29669064,-0.38238078,0.12306164,0.07415008,0.012040314
5291,-5.7818646,0.15437417,-0.9973808,-0.29486817,-0.11374381,-0.49971592,-0.04615042,0.0039274623,-0.19797468,0.1931389,0.34846213
5292,-7.9828005,-0.18535207,-1.577299,-1.2973075,-0.7371709,-0.1148904,-0.16589805,-0.55961376,0.0009141378,0.5635103,0.8026684
5293,-4.146989,-0.042342417,-0.889469,-0.25727817,-0.05142387,0.45552313,0.03798773,-0.18125996,-0.018782822,0.4698727,0.29110035
5294,-5.260976,-0.070937395,-0.87781465,-0.49678582,-0.39125708,-0.03723266,0.1264699,-0.23257762,0.033446804,0.38959804,0.44609103
5295,-6.0929008,-0.3382987,-0.9884592,-0.39200783,-0.23657677,-0.008218586,0.059605423,-0.23220947,0.11821923,0.12529002,0.22271758
5296,-5.0967984,-0.22355852,-0.64946264,-0.5885945,-0.3558577,-0.5961954,0.34292278,-0.0053292233,-0.26976892,0.2820192,0.42227688
5297,-4.814495,-0.16646689,-0.7888844,-0.9850317,-0.13928567,0.011773368,0.26109055,-0.012713956,0.18205176,0.61599517,0.45728797
5298,-6.3224792,-0.37841234,-1.5945966,-0.6393195,0.25243697,-0.07200414,-0.10082021,0.12752998,0.052048653,0.6688145,0.25476316
5299,-5.5655365,-0.28602266,-1.0238575,-0.64893866,-0.42596102,-0.365277,0.15183373,-0.23042159,-0.265792,0.40614954,0.49038294
5300,-6.196398,-0.11202784,-1.2444768,-0.9983628,-0.45830905,-0.06932361,-0.13272376,-0.5829356,0.505197,0.7273943,0.45626393
5301,-5.4223523,-0.07098786,-1.3287172,-0.3445522,0.14457542,0.220726,0.110285014,-0.029538048,0.108221434,0.60747707,0.27533194
5302,-5.04155,-0.1328349,-0.928799,-0.54088026,-0.36654314,0.34985006,-0.074704476,-0.40616137,-0.07163976,0.42802155,0.040694103
5303,-5.613127,-0.20164481,-0.8176934,-0.6875631,-0.4328784,0.3918295,-0.022425938,-0.09152172,0.12123913,0.40944064,0.666298
5304,-6.0785427,-0.016092937,-1.5350945,-0.5198967,-0.09836285,0.23832588,-0.18583462,-0.15399916,0.26562664,0.31446746,0.31318504
5305,-5.1865177,-0.22742675,-1.3455966,-0.38361415,-0.19109271,-0.1483158,-0.046460975,-0.09498082,-0.2081643,0.49336466,0.31390557
5306,-6.3169074,-0.29381993,-0.8990619,-0.8550252,-0.08636082,0.24488127,-0.02279704,-0.3656696,-0.14518112,0.55386204,0.21509981
5307,-8.180267,-0.33108437,-1.8357317,-1.3750516,0.3335191,-0.42567444,-0.5661894,-0.092383444,0.37964177,0.91516787,0.07154741
5308,-4.9897394,-0.095126174,-1.0253415,-0.5533424,0.07090992,0.012238378,0.29747948,0.22917603,-0.37858203,0.38507214,0.32376373
5309,-5.093852,0.24001609,-0.7763397,-0.67378956,-0.059874296,-0.243885,0.269804,-0.20176134,0.15621413,0.5359442,0.22574072
5310,-5.2724257,-0.2755358,-0.6473894,-0.6055493,-0.15616494,0.054281943,0.046633575,-0.056251347,-0.29881546,0.2460909,0.42224848
5311,-4.965208,0.0681163,-1.3025852,-0.96505654,-0.36157975,0.28611612,-0.28039336,-0.36851236,0.36508206,0.55261505,0.4836176
5312,-4.339873,-0.21991526,-0.8688075,-0.6134838,0.08920672,-0.32682943,-0.36972675,0.051733032,-0.1725625,0.338998,0.17245705
5313,-5.362067,-0.30320308,-1.1951439,-0.45464903,-0.18802837,0.2558046,0.26659334,0.40027964,0.0053275954,0.7620049,0.45486322
5314,-4.7768407,-0.08738836,-1.0892211,-0.5438155,0.093132935,-0.0614549,-0.3171722,-0.49495706,-0.19403674,0.41923246,0.030811757
5315,-5.3488774,-0.013195829,-0.90560657,-0.5258541,-0.16363417,0.3647402,0.032886952,-0.39339685,-0.07011129,0.44473544,0.050931938
5316,-5.1158333,0.17186931,-1.3054632,-0.67026174,0.101866014,0.23662609,0.14359972,0.056827366,0.089284934,0.25291845,0.32299852
5317,-5.3891783,-0.100514494,-1.2905449,-1.0637897,-0.4936957,0.03884285,0.03550493,-0.43522206,0.1084721,0.45065114,0.23450695
5318,-6.346277,-0.0742583,-1.2849374,-0.46241772,0.11429915,0.16770811,-0.31099692,-0.010820312,-0.02904985,0.44842795,-0.026548617
5319,-6.79853,-0.31515148,-1.4176586,-0.6044239,-0.3984683,0.37972343,0.06683728,-0.4199416,-0.07339463,0.43144825,0.64587486
5320,-6.3646264,-0.24699439,-1.4650366,-1.1585506,0.05113581,-0.35995018,-0.07535578,0.051339217,0.22706853,0.42292142,0.05685246
5321,-5.1277046,-0.43550593,-1.1568359,-0.5007984,-0.38465092,-0.25240052,-0.20005469,-0.32219756,0.09853294,0.63952214,0.63400054
5322,-6.477535,-0.30479836,-0.9807424,-0.89550954,-0.11463567,0.29912072,0.17672858,-0.093961656,0.16542813,0.8315261,0.11894257
5323,-5.8710766,-0.09257225,-1.1989154,-0.6252706,-0.5394733,0.02002431,-0.00436591,-0.56644076,0.21858954,0.37664297,0.4081087
5324,-4.478984,-0.18683688,-1.1830945,-0.5928406,-0.36255392,-0.33558726,-0.03661558,0.17293927,-0.06618034,0.5306877,0.31728896
5325,-5.8817453,-0.20643288,-0.9557375,-0.65705377,0.30494595,0.25276804,0.26286268,-0.8893436,0.17021526,0.42915827,0.41336328
5326,-5.836597,-0.3086099,-1.147952,-0.386356,0.11017739,-0.0076614665,-0.3854764,0.1544453,-0.06811999,0.39590073,0.4138203
5327,-4.8446455,-0.0411171,-1.0732262,-0.27643588,-0.02692821,-0.009949185,-0.019644015,0.06108424,-0.14952591,0.37731716,0.032121405
5328,-4.6645536,-0.105773635,-0.75377065,-0.6861177,-0.063880354,-0.29418898,0.2647028,-0.15246128,-0.08050415,0.28742152,0.290036
5329,-5.570558,-0.104868524,-1.1304739,-0.42829964,-0.34959114,-0.1091314,0.23964658,-0.071508385,-0.045928076,0.57693744,0.4387018
5330,-6.1209145,-0.28095773,-1.2106451,-0.66097057,-0.26441562,0.037504293,-0.23511311,0.02338837,0.033736184,0.6010843,0.32822162
5331,-5.9956284,0.22281449,-1.415697,-1.037412,-0.12780446,-0.47310126,0.042787462,-0.20705742,-0.15278424,0.803544,0.06313665
5332,-6.076146,-0.15421525,-0.96108055,-0.7527556,-0.19624323,0.27876854,0.4221522,-0.2156312,-0.3693273,0.20716898,0.52258915
5333,-5.463481,-0.33512887,-0.8103588,-0.573007,-0.46507972,0.08740822,-0.16839312,-0.13289715,-0.22558671,0.26517168,0.22361208
5334,-4.86564,-0.07507373,-1.1086463,-0.7483001,0.0010651848,-0.05505468,-0.24652125,-0.23583426,0.3290489,0.53901273,-0.049825154
5335,-4.7057943,-0.30900928,-0.7403492,-0.56559473,-0.053731505,0.069618165,0.04870313,-0.1869014,0.040336505,0.44450125,0.6096285
5336,-5.679975,-0.05259231,-1.1610677,-0.60753787,0.16670929,-0.08334447,-0.28052402,-0.051432975,0.057837896,0.32382876,0.18514128
5337,-4.7029963,-0.12501207,-0.6373641,-0.18273914,-0.17536116,-0.21553965,0.13190088,-0.18647172,0.0693764,0.08073129,0.32834128
5338,-5.6796784,-0.39965722,-1.6290283,-0.6692503,0.3713802,0.0838446,-0.47759545,-0.3932694,0.23151223,0.094885714,0.6329361
5339,-5.5704365,-0.40835756,-0.83386725,-0.8719435,-0.14867376,-0.0948623,0.1200295,-0.03004369,0.19255848,0.58035386,0.5137679
5340,-5.104894,-0.12731032,-0.9096453,-0.6343969,0.057377115,0.05517634,-0.115187414,-0.38722962,0.0035567237,0.2637102,-0.030839235
5341,-4.937157,0.02160975,-0.8480166,-0.3944284,-0.2716331,-0.052824464,-0.049964163,-0.4371715,-0.101183325,0.44251567,0.30509928
5342,-7.3811703,-0.49226055,-1.123494,-0.54091084,-0.2449544,0.089521095,-0.1270618,-0.114166796,-0.20918393,0.40674385,0.242178
5343,-5.07726,-0.26631722,-1.0964562,-0.6063586,0.09607317,-0.13948603,-0.33131063,0.052171893,0.0003643632,0.5715386,-0.106819265
5344,-5.6705236,-0.08894523,-0.98859584,-0.5271715,-0.48294342,-0.24000692,0.15577026,0.06439716,-0.095690176,0.2988811,0.5176721
5345,-5.994541,-0.17029306,-0.86730707,-0.61828566,-0.2404267,-0.2878676,0.2709792,0.23701844,-0.4258597,0.5205467,0.46434885
5346,-5.5894675,-0.036278553,-0.92049515,-0.4811409,-0.17516628,-0.22683586,0.13669321,-0.1547439,-0.09397438,0.2999087,0.30702475
5347,-4.8363366,-0.07592143,-0.87372303,-0.5865323,-0.32247338,0.10754466,0.10450893,-0.46051472,-0.07814432,0.46185273,0.35865778
5348,-6.5798635,-0.0046208575,-1.5327244,-0.932391,-0.030475484,-0.009447431,0.26708895,-0.12994108,-0.006100824,0.30276027,0.31787756
5349,-6.692074,-0.080384865,-1.45482,-0.48760134,-0.0067856866,0.15036094,-0.0070762923,-0.357596,-0.0025283322,0.6831243,0.31027788
5350,-6.4729257,-0.38713944,-1.0424753,-0.7543029,-0.11986185,0.3248139,0.2605174,0.2246959,-0.20373897,0.25857735,0.5942437
5351,-6.668578,0.044126257,-1.4691324,-0.9679474,0.13824962,-0.059459873,0.00758598,-0.118297406,0.37163606,0.7032843,-0.015261917
5352,-4.9271283,0.0807725,-1.0021294,-0.5289869,-0.23594294,0.3047818,0.0028178468,-0.33682263,-0.063309535,0.42906168,0.36845985
5353,-6.844562,0.14982432,-1.5251775,-0.23695089,-0.012196869,0.054683555,-0.0422737,-0.0994653,-0.28297862,0.6257127,0.02598776
5354,-5.042949,-0.2570625,-1.2661991,-0.45171672,0.17895056,0.087955184,-0.24963956,-0.37319803,0.18762487,0.21751425,0.07727377
5355,-4.5057087,-0.17400578,-0.79639244,-0.5402518,-0.04081766,0.42665648,0.0043594823,-0.3102267,-0.06941654,0.18820778,0.25077763
5356,-6.2676044,-0.14746909,-1.3337111,-0.94849783,-0.07063113,0.37957132,-0.18478158,-0.46058384,0.11675624,0.43077576,0.3254727
5357,-6.0868564,-0.12485652,-0.9154347,-0.9018075,-0.4955014,0.26757133,-0.10527573,-0.24858621,-0.20774257,0.40717793,0.2603654
5358,-6.5151477,-0.18124226,-0.90927625,-0.8379415,-0.5225257,-0.069808125,0.29750016,-0.04645578,-0.16886967,0.54310924,0.7058222
5359,-5.56446,-0.15962058,-1.0636569,-0.92595625,0.22958474,-0.03033724,-0.19970192,-0.048658073,0.14946653,0.34935293,0.44642904
5360,-5.4497514,-0.117791116,-0.9298157,-0.7414038,-0.69494504,0.022787804,-0.20251742,0.13847536,-0.049475655,0.44629765,0.41601622
5361,-5.071751,0.07764439,-1.0503865,-0.17736402,-0.1974449,-0.26778632,0.23324992,-0.0800205,-0.22272481,0.22540915,0.32392764
5362,-3.8348386,-0.24185528,-0.536559,-0.54001963,-0.5683477,-0.082973726,-0.08232203,0.003970404,0.012512237,0.4845154,0.42452735
5363,-5.6559367,-0.21757641,-0.9647771,-0.44956467,-0.31652984,-0.2624669,-0.073025964,-0.25909817,-0.37049404,0.5197356,0.55840486
5364,-6.951397,-0.48831052,-1.3952912,-0.582601,0.30678466,0.51182353,0.0055463417,-0.2962173,-0.11446154,0.6785836,0.54706347
5365,-5.3971143,0.15725349,-1.0045922,-0.57499313,-0.21068707,-0.1917048,0.3280914,-0.14299059,-0.10940163,0.3995028,0.10906913
5366,-6.2487774,-0.17239174,-1.1662958,-0.5239719,0.10422405,-0.2569427,-0.53892255,0.11938767,-0.085724115,0.61542106,0.13621494
5367,-4.170215,-0.02267341,-0.71697634,-0.5291938,-0.102855586,-0.11810793,-0.19942915,-0.056671716,-0.10866137,0.23722368,-0.09192783
5368,-6.36561,-0.4276734,-1.1761283,-1.0435847,0.054672003,-0.022584854,0.14689931,-0.18121085,-0.05381783,0.4513848,0.3898133
5369,-4.386835,-0.2851959,-0.8679532,-0.656707,-0.3840634,0.0891485,0.048091162,0.11302741,0.117228344,0.6876113,0.35852307
5370,-4.255933,-0.3034639,-1.0281444,-0.6357363,0.09030116,-0.20175269,-0.09833019,-0.17202464,0.34792027,0.34356284,0.44811743
5371,-4.249497,-0.3457741,-0.86144304,-0.7067401,-0.29122096,-0.10901934,-0.117542915,-0.36312383,0.02606023,0.67070025,0.34721497
5372,-4.938123,-0.23788792,-0.7418023,-0.7411574,-0.09994881,0.12430844,-0.12838975,-0.15962599,0.10735923,0.43691644,0.101451516
5373,-5.801832,0.1610787,-1.1966991,-0.5483542,-0.05542682,0.1468741,0.08966956,-0.20446725,0.055071652,0.2521826,0.2967042
5374,-5.123696,0.011972743,-0.9824055,-0.35589454,-0.38366982,0.01671781,0.27856964,-0.07683287,0.0362446,0.26488534,0.24644515
5375,-4.3675237,-0.20741327,-1.1070744,-0.60734767,-0.21820074,-0.1178458,0.12752922,-0.30587897,-0.012407204,0.46691608,0.17599829
5376,-4.888183,-0.04889079,-1.0093746,-0.51053554,-0.17365219,0.3264765,0.1108054,-0.26846275,0.25988522,0.5334027,0.21526174
5377,-5.5621614,0.01570764,-1.220449,-0.44118977,-0.08564578,0.048678227,0.042151265,-0.2315023,-0.03508223,0.3969467,0.15019123
5378,-5.587907,-0.20391631,-1.1984416,-0.6052095,-0.09584465,0.26039183,0.123663016,-0.31849936,-0.05851786,0.2833176,0.27708325
5379,-7.5917716,-0.05258555,-1.7530309,-0.5048259,0.45734832,0.119865805,0.0019627037,0.14533745,0.20504522,0.63186663,0.22824149
5380,-4.047151,-0.08895049,-0.76310825,-0.5285701,-0.22402088,0.016062364,-0.037067603,-0.6158784,0.033924002,0.448081,0.33926475
5381,-5.807596,0.04230786,-1.058303,-0.5226776,-0.10358124,0.3062477,0.026176298,0.42578733,0.09480166,0.4658862,0.5981457
5382,-6.3760757,-0.0053296667,-1.15014,-0.8343603,-0.17217192,-0.07474872,-0.13337101,-0.33758005,0.088791065,0.5072453,0.2345325
5383,-5.218101,0.06698006,-1.0590826,-0.6710921,0.25493973,0.027404616,0.119008556,-0.11775891,0.23541467,0.84124196,0.09728076
5384,-6.790167,-0.01133746,-0.92252254,-0.789984,-0.29952446,0.3561383,0.35793254,-0.49938294,-0.16133353,0.1420255,0.32960847
5385,-5.802606,-0.26900488,-0.9957389,-0.4958763,-0.04544806,0.46253324,-0.037160087,-0.20121123,-0.038733102,1.0276504,0.18477485
5386,-3.9843342,-0.16344334,-0.79058653,-0.7315505,-0.2787176,-0.055225655,-0.1881099,-0.3988698,-0.007913522,0.36731085,0.47395632
5387,-4.0978355,-0.15709393,-1.0350039,-0.33398393,-0.18680596,0.09126628,0.12724192,0.015847176,-0.13737096,0.45428655,0.41700184
5388,-7.352582,-0.023160037,-1.948778,-0.7737444,0.40178102,0.23167555,-0.039871417,-0.19083571,0.13927443,0.25805193,0.28894573
5389,-4.7975225,-0.1697575,-1.1363407,-0.7048339,-0.3549113,0.110732354,0.22690985,-0.1995022,-0.11667758,0.31135198,0.24671112
5390,-5.8207493,0.074151605,-1.0869275,-0.4590396,-0.25504923,-0.2476931,0.054453354,-0.21978697,-0.20365259,0.22584426,0.11918145
5391,-5.911109,-0.24298076,-1.3894439,-0.65532005,-0.07999063,0.43462342,-0.32873031,-0.5842369,-0.0034229178,0.60375434,0.073270254
5392,-5.9584165,-0.19455658,-1.0851145,-0.50027007,-0.35878792,0.5713439,0.4198677,-0.38036865,-0.025642233,0.584017,0.39883754
5393,-4.859429,-0.103480764,-0.98672163,-0.51156956,-0.165416,-0.22255312,0.047747638,-0.24920413,-0.18888482,0.3665794,0.43228415
5394,-5.7331553,-0.17301966,-0.87823945,-0.46658513,-0.17271474,-0.084149644,-0.03053721,-0.102602266,-0.31356746,0.326753,0.44624212
5395,-6.4389224,-0.13407934,-1.5739273,-1.3287492,-0.010832975,0.3320297,-0.22429387,-0.39937335,0.2985653,0.38444614,0.74758905
5396,-5.6977606,-0.19319074,-0.75654066,-0.8019312,-0.28711358,0.1426913,-0.19533807,-0.20064126,0.19292541,0.4287378,0.6717364
5397,-5.9649196,0.10888663,-1.1377536,-0.6960557,-0.23546305,0.11795427,-0.074752204,-0.39291778,0.03583695,0.24615051,0.47222868
5398,-6.2970066,-0.094489105,-1.3347578,-0.9444966,-0.22284113,-0.11055316,-0.20185213,-0.2553191,0.35317641,0.7214522,0.3554593
5399,-5.0430408,0.015027333,-1.0904319,-0.66562486,-0.17801318,-0.06925677,-0.15521769,0.037278615,-0.09215854,0.4770676,0.15620008
5400,-4.2521677,0.028441355,-0.7108832,-0.534328,-0.12797056,-0.034849964,-0.13353755,-0.09659007,0.18717264,0.525916,0.0955659
5401,-4.334972,-0.15409517,-1.0392315,-0.80193096,-0.05157621,-0.03790454,9.737909e-06,-0.030266,0.0003899131,0.5012597,0.18496439
5402,-5.8662333,0.055076867,-1.1177678,-0.5576227,0.0003392538,-0.09637828,-0.12497721,-0.33413693,-0.58150053,0.17440267,-0.25834718
5403,-5.540885,-0.20801316,-1.096613,-0.6434703,-0.4199657,-0.2595201,0.1382741,0.24255018,-0.13959964,0.5155628,0.2633634
5404,-4.8814545,-0.060599435,-1.0380152,-0.28705943,-0.0012853458,-0.35807687,0.108181685,-0.014014982,-0.09974937,0.38266438,0.0403377
5405,-5.495936,-0.3487967,-1.16471,-0.55998087,0.078651376,0.07873079,0.25715896,-0.104037784,-8.2653016e-05,0.9038494,0.5294337
5406,-4.614371,0.09471495,-1.4130769,-0.71747273,-0.031514026,-0.069907956,0.07015787,-0.327274,-0.32910985,0.055128537,0.022085743
5407,-3.9541745,-0.17992094,-0.76837987,-0.46279675,-0.23607546,0.25292367,0.14155905,-0.39234507,0.030458964,0.2791736,0.4035065
5408,-5.6396093,-0.43646303,-0.973222,-0.5060059,-0.45746478,0.17428358,-0.040999193,-0.5749424,-0.14159574,0.7661549,0.424143
5409,-6.250582,-0.12466572,-1.0042583,-0.34760818,-0.25891265,-0.24427234,-0.18560037,0.291735,-0.49369216,0.68676126,0.26010916
5410,-7.072372,0.031529244,-1.6271567,-0.7432999,-0.55917937,-0.1357439,-0.099977784,-0.69081515,-0.2330223,0.57878923,0.3334045
5411,-5.812304,0.14100136,-1.0828465,-0.6269246,0.22109833,0.029331876,-0.1255231,-0.272644,0.055414446,0.38608146,0.08786969
5412,-5.8017535,0.038100142,-0.71993035,-0.69542986,-0.3221446,-0.14274909,0.07260838,-0.32320917,0.21617466,0.41818064,0.36600864
5413,-4.6538715,-0.004939818,-0.6748803,-0.11457576,0.1548962,-0.19301152,-0.12733077,0.10445249,-0.2542831,0.19315307,0.048709113
5414,-6.1661716,-0.12881222,-0.92943174,-0.4180375,0.33195746,0.17738603,0.16954195,0.3272562,-0.055657342,0.12298766,0.20780051
5415,-5.448499,0.07086209,-0.9563282,-0.5247619,-0.3434194,-0.34158397,-0.024234977,-0.19754247,-0.2926313,0.2909129,0.25778756
5416,-4.8895807,-0.15826835,-0.9968044,-0.32924494,-0.1407466,0.35097933,0.18888986,-0.33154333,-0.15138659,-0.076794855,0.35966662
5417,-4.570953,-0.106084995,-0.8016627,-0.34869674,-0.19587289,-0.024069846,0.020396374,-0.06887556,-0.024164056,0.069022544,0.24838753
5418,-4.6429768,-0.067714415,-0.70182014,-0.43174666,-0.06262587,-0.12768213,-0.09011528,-0.020546796,-0.21996403,0.031291448,0.43751016
5419,-7.086919,2.6067719e-05,-1.8156596,-0.9579512,-0.15733057,0.5664693,-0.14496683,-0.86185765,-0.025109192,0.5557457,0.18683332
5420,-4.864079,-0.12950498,-0.8885079,-0.58191395,-0.281101,0.16759314,-0.10831464,-0.3558173,0.0001943428,0.31269872,0.42816094
5421,-5.1140285,-0.28984752,-0.91555846,-0.7115587,-0.20258799,0.10098894,-0.17801721,-0.27992648,0.21809533,0.84328735,0.08237576
5422,-5.7479196,-0.10319725,-1.2852293,-0.60081524,-0.056475118,0.18281606,0.07202409,-0.27361253,0.1767959,0.2128671,0.21767284
5423,-6.0522346,-0.28963602,-0.8009287,-0.7742438,-0.2960417,0.21433467,0.06297465,-0.335696,-0.42464533,0.16978964,0.25587118
5424,-5.5658174,-0.0548635,-1.3595065,-0.7282368,0.028553408,0.22048877,-0.14097933,-0.4467222,-0.22671379,0.27882224,0.292062
5425,-5.792817,0.07022691,-1.208299,-0.8580706,-0.3005509,0.41702944,0.043351017,-0.2252286,-0.09304895,0.52174705,0.57757413
5426,-6.3162627,0.21262603,-0.61472404,-0.47153327,0.1084231,-0.42618638,0.22302185,0.06957593,-0.22824638,0.21167764,0.46181354
5427,-5.1438165,-0.18178765,-1.0520476,-0.88800406,0.040430672,-0.15959908,-0.44976982,-0.5066389,0.13773097,0.19185261,0.15529208
5428,-3.5988548,-0.096714094,-0.7616165,-0.4387289,0.037874416,-0.20044486,0.03971032,-0.2090178,-0.21153755,0.082798034,0.19550751
5429,-5.291446,0.064636335,-1.3582866,-0.82623374,-0.14169416,0.05458957,-0.21152095,-0.38587332,0.27067235,0.8404832,0.35471764
5430,-4.96656,-0.033911712,-0.8250548,-0.6060834,-0.2400839,-0.25815517,-0.10512027,-0.00784592,-0.23157918,0.27031508,0.36690974
5431,-5.7055306,0.13032736,-1.1658624,-0.86858374,-0.24796376,-0.040141385,-0.38776284,-0.6169298,0.0372693,0.6454055,0.24350166
5432,-4.008239,0.06512443,-0.554426,-0.36222944,0.062971815,-0.16708533,0.14478788,-0.2808233,-0.0958882,0.23717532,0.17912038
5433,-3.3436604,-0.17532778,-0.6784959,-0.45263237,-0.12574859,-0.12858646,-0.0034015728,-0.17695121,-0.11937933,0.4319078,0.045656294
5434,-5.8339887,-0.11157868,-0.9843577,-0.59305376,-0.45655364,0.24420552,-0.093400195,-0.21881102,0.15318257,0.8802259,0.38869417
5435,-4.5804834,-0.14138588,-0.8684779,-0.2782046,-0.031361215,-0.2928148,-0.2565029,0.13950045,-0.23937215,0.1454979,0.09806298
5436,-5.6998143,0.10076609,-1.0536585,-0.6170404,-0.1963916,-0.041585576,-0.032117315,-0.30120152,-0.06614686,0.20388287,0.3145344
5437,-5.0533814,-0.15662724,-1.1659347,-0.19998297,0.0032584155,-0.01953501,-0.12666062,-0.1444911,-0.38535506,0.64207906,0.073312365
5438,-4.8210855,-0.264032,-1.4186753,-0.1873328,0.26889694,0.09048973,-0.27243546,0.009911036,-0.3020163,0.32393664,0.11206387
5439,-4.8865023,0.025598846,-0.76008344,-0.5363102,-0.14044118,-0.09328799,0.14360179,-0.28000736,-0.11928119,0.31221017,0.50407696
5440,-4.436722,-0.24120127,-0.987774,-0.66872925,-0.15140294,-0.19904391,0.18521346,0.18382886,0.044418994,0.394914,0.13325138
5441,-5.5956554,-0.05732083,-0.942317,-0.5841943,-0.121254586,-0.08368246,0.025111064,-0.21922119,-0.21808237,-0.005201298,0.20309347
5442,-6.430597,-0.10128348,-0.85599285,-0.3285777,-0.72454876,-0.4486127,0.41873643,-0.14151539,-0.5919556,0.47268382,0.60741484
5443,-5.561348,-0.13005124,-1.2812101,-0.65776205,-0.89836067,0.051724058,0.4568098,-0.51581407,-0.28697994,0.55239666,0.7197309
5444,-4.586378,-0.013199807,-1.0473197,-0.62024784,0.049210623,0.14455566,0.039537318,-0.23628454,-0.0122386925,0.5589115,0.14329928
5445,-5.329622,-0.14802618,-1.024582,-0.81008893,0.07103449,0.010070579,-0.115153156,-0.39080024,0.0053294273,0.33209157,0.20992832
5446,-5.23537,-0.32819334,-1.0109693,-0.27428854,0.07982936,0.09019957,-0.3813095,-0.022392211,-0.160212,0.35061643,-0.07059831
5447,-6.5839643,-0.108102545,-1.1074036,-0.7597666,-0.47750628,0.07797826,0.006661751,-0.08697259,0.013979988,0.56472063,0.7824768
5448,-5.01482,-0.009621623,-1.2164469,-0.3256924,-0.06115509,0.51142347,-0.0032674437,-0.4136947,0.023632579,-0.08835725,0.25035757
5449,-6.9429126,-0.21314502,-1.5071558,-0.69167143,0.6003409,0.19391823,-0.29705542,-0.03213735,0.23667471,0.4694085,-0.0883143
5450,-6.364696,-0.017549355,-1.3524019,-0.7713506,0.31090522,-0.21153747,-0.35802382,-0.25661778,0.31449535,0.5058312,0.14664578
5451,-5.817357,-0.0094295805,-0.924972,-0.81248385,-0.28193673,-0.1165487,0.11970769,0.043109067,-0.015340725,0.56653017,0.445181
5452,-6.0792837,-0.20974709,-1.1792451,-0.7045911,0.32434854,-0.25916952,-0.16641885,-0.12336462,0.25639758,0.39215198,0.42368352
5453,-4.9714193,-0.058312085,-1.0930482,-0.6065004,-0.18148509,-0.11716901,0.083408765,-0.15548612,-0.121007964,0.39880818,0.20257866
5454,-5.6532555,-0.029176641,-1.4868044,-0.3758181,0.3194077,0.13189095,-0.20546931,-0.35943794,-0.1877799,0.2976895,-0.020362798
5455,-6.8899994,-0.10049828,-1.7189013,-0.7500712,0.16253945,-0.06323483,-0.25118878,0.27933592,-0.051275387,0.28068972,0.28831157
5456,-5.358211,-0.01177225,-1.0605103,-0.43867382,-0.26068938,-0.076306,0.09912916,-0.43254963,-0.18899196,0.395775,0.19330226
5457,-6.387741,-0.28082293,-1.1814177,-0.14215772,0.47988507,0.23984541,-0.3890121,-0.018538537,-0.15329415,0.17603217,-0.006157738
5458,-5.559688,-0.076605886,-1.1852963,-0.11972879,0.24354598,0.25085455,-0.35781324,-0.124415316,-0.35430473,0.72721624,0.18267669
5459,-4.439928,-0.22851576,-0.9417378,-0.7164522,-0.33626682,0.09850711,-0.007965351,-0.26567343,0.12509634,0.47656798,0.3599098
5460,-6.2247562,-0.14436404,-1.3549093,-0.38112292,0.12176016,0.116239674,-0.06871732,0.05364953,-0.16221125,0.66701955,0.19325031
5461,-4.0483704,-0.04629821,-1.0487732,-0.64607716,0.017238393,0.18119481,-0.0128500415,-0.27367043,-0.033698916,0.31202736,0.18976906
5462,-3.5318754,-0.13529934,-0.6315249,-0.3158941,-0.14386794,0.06820894,-0.10109627,-0.044091932,-0.08581061,0.53666306,0.2655685
5463,-4.68165,-0.023111172,-0.946904,-0.23575056,0.057206634,0.057108685,0.04658207,-0.3148557,-0.12310998,0.14525765,0.35499662
5464,-4.619074,-0.12142292,-0.86040944,-0.38439047,-0.14896242,0.2783386,0.1261184,-0.26559648,0.04056231,0.17569512,0.16097422
5465,-6.464836,-0.16300243,-1.0890094,-0.92047536,0.10125926,0.41658092,-0.26873797,-0.08948122,-0.03690163,0.44581974,0.34254658
5466,-4.360725,-0.212672,-0.8705768,-0.71724313,-0.068411425,-0.008186661,-0.44018412,-0.37653255,0.09763816,0.2761615,0.219879
5467,-5.748726,-0.05587237,-1.0911984,-0.4844962,-0.30331975,-0.25244302,-0.06639978,-0.39070025,-0.09565488,0.3205062,0.18776466
5468,-5.682756,-0.17413941,-1.252631,-0.4400988,-0.40049452,-0.071896695,0.16628268,0.088304795,-0.30063558,0.56660795,0.5659921
5469,-4.522949,-0.07144857,-0.65451515,-0.4387482,-0.03565537,-0.24806218,0.1181712,0.04999964,-0.29548573,0.46087602,0.14618209
5470,-5.8805428,-0.12833895,-1.3616922,-1.0031393,-0.01796033,-0.15901606,-0.13022038,-0.30698973,0.28483444,0.25655156,0.3894915
5471,-5.6168513,-0.01799889,-0.97645754,-0.3304214,-0.24902168,-0.46754217,-0.16975076,0.16195291,-0.51657516,0.109810606,0.22188236
5472,-6.6730423,-0.23740958,-1.4993892,-0.5045023,0.3009408,0.19421901,0.08697231,0.22334984,-0.10808829,0.18999633,0.4060528
5473,-6.524107,0.20635991,-1.1650946,-0.9615458,-0.5886447,-0.32733935,-0.21299136,-0.587582,0.12014344,0.80970126,0.47694927
5474,-4.4496636,-0.29710174,-0.9367926,-0.5250105,-0.2065298,-0.16497529,-0.061348252,-0.01504275,-0.00041478872,0.6798217,0.3284514
5475,-6.4450364,-0.23095712,-1.43355,-0.23021288,-0.32395482,-0.07067351,0.026584908,0.017375086,-0.2271325,0.62029815,0.23468716
5476,-5.340223,-0.047367483,-1.2785791,-0.7676569,0.12336827,0.27163386,-0.34582558,-0.44388115,0.234104,0.36269796,0.18258834
5477,-4.743693,-0.024405584,-1.2036251,-0.755738,-0.019499924,-0.034920663,0.040911827,-0.22827463,-0.18259117,0.13840672,0.40720958
5478,-4.996898,-0.17892611,-1.1606872,-0.28918076,0.32199687,0.29169834,-0.18200235,-0.38078895,0.10058179,0.12551315,0.15716237
5479,-4.5761404,-0.06629439,-1.0903249,-0.41531652,-0.36310363,0.12238278,0.024540871,-0.42014202,-0.18713523,0.32846177,0.37914854
5480,-5.2801533,0.19924566,-0.7281847,-0.4054107,-0.29126695,-0.24344493,-0.070109606,0.0951012,-0.09803109,0.50916404,-0.0895568
5481,-5.2362385,-0.27637804,-1.33554,-0.55979705,0.10271991,-0.19179648,-0.09703516,-0.2328661,0.26486465,0.68908757,0.047661595
5482,-4.9818144,-0.028189905,-1.1222773,-0.4562585,-0.07634525,0.06127322,0.018293254,-0.23058982,-0.11308546,0.42917955,-0.049760908
5483,-6.6765976,-0.20040083,-1.328497,-0.30129653,-0.08683513,0.5346391,-0.0039040828,-0.3274922,-0.21224694,0.09566505,0.4030398
5484,-5.6053743,-0.057977315,-0.69625646,-0.84557563,-0.12418675,0.086804144,0.09324076,-0.19924027,0.32721773,0.72403187,0.17657633
5485,-7.2127438,-0.14376773,-1.8165741,-0.9135459,0.014147993,0.042296577,-0.09086194,-0.21748327,0.21428071,0.8355437,0.3307412
5486,-5.8183956,0.15070514,-1.6784881,-0.3722861,-0.25100613,-0.22508508,0.34451148,0.35319468,-0.14660485,0.28077024,0.4481269
5487,-6.3596115,-0.32842,-1.5373913,-0.64879364,-0.051625982,0.06440206,-0.18315397,-0.1593965,0.07922615,0.7212746,-0.041269556
5488,-5.251094,0.12136851,-1.0190642,-0.56081134,0.0726044,0.049070958,-0.14991494,-0.014287079,-0.12547603,0.41593254,0.28721195
5489,-6.662674,-0.22434886,-1.7070303,-0.78045475,0.022061473,-0.06797549,0.110218726,0.17848021,-0.1633273,0.46221536,0.33352265
5490,-6.293897,0.15274778,-1.127542,-0.434175,0.2539958,-0.11481649,0.18109386,0.022132542,-0.25912213,0.15470812,0.41266525
5491,-5.752178,0.06684708,-1.4885362,-0.35794234,0.022836352,-0.19376199,-0.06409576,0.074034065,-0.24773864,0.14575925,0.2199983
5492,-4.3590016,-0.18725815,-0.7263719,-0.37575337,-0.1775492,-0.12060274,0.048486546,-0.18690981,-0.24808522,0.3826193,0.11425589
5493,-4.8727484,-0.3416274,-0.9526052,-0.6280631,0.2116247,-0.10745189,-0.20123447,-0.12322325,0.12214738,0.49067542,-0.20645046
5494,-4.508257,-0.03336951,-0.816454,-0.22482696,-0.09086026,0.2596264,0.020969242,-0.11566324,-0.20902511,0.31913674,0.19767097
5495,-5.302819,0.016279003,-1.1410561,-0.4935822,0.15239184,-0.2398496,-0.24744867,-0.07466394,-0.28635767,0.4163155,0.14981243
5496,-5.931974,0.0061565065,-1.2389593,-0.5483135,-0.59248763,0.010498695,-0.35279822,-0.20936166,-0.28408238,0.30856737,0.20102693
5497,-5.3340945,-0.18503316,-1.1994213,-0.69638216,0.39843833,-0.040813483,-0.14861211,-0.25951242,0.15801741,0.5725753,0.29225054
5498,-5.8253784,-0.057722833,-1.1267337,-0.3891502,-0.28962326,-0.11113693,-0.072877936,0.06873505,-0.49387598,0.2600214,0.2802064
5499,-5.050186,0.10760211,-0.9993964,-0.7947186,0.12687337,-0.08508438,0.031065557,-0.4200396,0.20292127,0.09526756,0.47647002
5500,-3.5067692,-0.12078175,-0.65233624,-0.11064269,0.06914193,0.00014316197,-0.028477434,-0.008469878,-0.10188278,0.22767857,0.21291153
5501,-5.729885,-0.22912629,-0.9193724,-0.7570568,-0.6301676,-0.2937038,0.3228689,0.13535155,-0.25651628,0.48728338,0.7059392
5502,-4.541049,-0.23875368,-1.1137823,-0.6643492,-0.120372795,0.07498626,-0.15353315,-0.28127408,-0.06205193,0.62724185,0.49427035
5503,-4.160064,-0.12720184,-0.5775161,-0.52426,-0.19348082,0.21121554,-0.19060878,-0.28698838,0.056929603,0.24136887,0.03261131
5504,-5.950491,0.026278205,-1.3047272,-0.47825387,0.33677274,0.45765543,-0.17806713,-0.094586045,0.24235095,0.6480102,0.26299506
5505,-5.24622,-0.09302869,-1.1800987,-0.7607859,0.17670879,0.17848732,-0.09353318,0.11423501,0.09900067,0.87995857,0.4660386
5506,-5.363724,0.0112003125,-1.1938626,-0.5280314,-0.0367835,-0.015768815,-0.16846049,-0.33550873,0.09165181,0.61382645,0.124360636
5507,-4.420362,-0.16609609,-0.7900907,-0.26049146,-0.07892774,0.5442167,0.016501049,-0.29921794,-0.014955953,0.4698704,0.16473618
5508,-4.786793,0.013256937,-1.0090059,-0.49730945,0.38337338,-0.01870505,-0.1734762,0.10793182,0.015847579,0.37686926,0.093137994
5509,-5.410176,-0.3200412,-1.1954358,-0.8900898,-0.23034126,-0.07889375,-0.006821013,0.046568774,0.047785968,0.63295,0.6095319
5510,-4.754561,-0.11419333,-1.0044395,-0.6886278,-0.22761074,-0.14022051,0.19280615,-0.2046316,0.06337922,0.5663526,0.15119639
5511,-8.008921,0.108505875,-1.184304,-0.42861462,0.01560057,0.30217463,-0.18757087,-0.080583565,-0.23743303,0.5854198,0.39278528
5512,-7.420194,-0.099942304,-1.4161283,-0.72952497,0.46292555,0.14481016,-0.24323483,-0.15988687,0.11582866,0.06429818,0.6057448
5513,-5.222514,-0.10290324,-1.0700084,-0.37628222,0.08286732,-0.03388167,-0.21925002,0.019501638,-0.2326798,0.39905497,0.08768529
5514,-6.2103953,-0.525896,-1.4860437,-0.6720145,-0.1139921,-0.02010885,-0.23036732,-0.15574616,-0.09285319,0.64628375,0.13347568
5515,-4.9376874,-0.076268055,-0.88156295,-0.3140155,-0.21236667,-0.03834216,-0.08714484,-0.20419638,-0.21601495,0.023084944,0.3845235
5516,-4.8225417,-0.050665174,-1.2467374,-0.59795135,0.2635344,0.016795427,-0.1072948,0.13790822,0.26165324,0.212228,0.14195472
5517,-4.78335,-0.22998711,-1.0649127,-0.39443684,-0.084010705,0.05196057,-0.15618415,0.06510704,-0.2151343,0.7710106,0.14559424
5518,-5.9698534,-0.13299242,-1.1763831,-0.73068714,-0.14953019,0.3120855,-0.22660322,-0.64357764,-0.09553074,0.5471457,0.27618647
5519,-4.679469,-0.041195307,-1.0931674,-0.5556897,-0.12410224,0.22857496,0.10601832,-0.25447097,-0.004467251,0.36501956,0.26812232
5520,-5.870074,-0.22154011,-0.9641783,-0.67445946,-0.34203628,0.4125489,0.2726563,-0.2339818,-0.01674212,0.465212,0.5883929
5521,-5.133978,-0.2079182,-1.1422668,-0.4995947,-0.20840271,0.13848764,-0.20901832,-0.2747883,0.03394338,0.69987965,0.35686752
5522,-5.448029,-0.3448149,-1.127363,-0.43783885,0.3816899,0.036481302,-0.13168941,-0.35348624,0.0744392,0.3071339,-0.117500745
5523,-4.758072,0.06397989,-0.7298697,-0.23639458,-0.13835314,0.049427178,-0.10913842,-0.21604645,-0.19569223,0.01851536,0.19686587
5524,-8.007525,-0.2449872,-0.9002438,-1.0984526,-0.23277631,-0.40335113,-0.085033484,-0.23261482,0.02282757,0.43297327,0.11515532
5525,-4.1823697,-0.2758124,-1.0329018,-0.5728828,-0.20943621,-0.03227059,0.38370582,-0.24797353,-0.029366022,0.38728324,0.4225485
5526,-5.466602,-0.28905225,-0.8724825,-0.42630994,-0.07779432,-0.0665593,0.29838595,0.30688438,-0.121951535,0.5691935,0.45229053
5527,-4.3181367,-0.097925395,-1.0276057,-0.68958145,-0.19072548,0.06493207,-0.11751451,-0.08671732,-0.033061616,0.5100487,0.22436106
5528,-6.103967,-0.049635664,-1.0795742,-0.49775904,-0.19656198,-0.27601928,0.15660302,0.10211375,0.15080076,0.44303307,0.61600405
5529,-5.26429,-0.100225165,-1.1392177,-0.477073,-0.064575374,-0.39284307,0.109500274,0.07368423,-0.0014895741,0.23851074,0.29481602
5530,-5.2000713,-0.06833662,-1.1401073,-0.23344459,0.23596966,0.06347279,-0.08169967,-0.37752995,0.018713249,-0.11862011,0.18078803
5531,-6.513583,-0.081790425,-1.5692484,-1.2493519,0.0070978585,0.18553182,0.10839993,-0.39924055,0.1334164,0.39428645,0.3236153
5532,-7.12417,0.059784524,-1.253636,-0.10704903,0.2968159,0.14820963,-0.22377549,-0.38968477,-0.32327288,-0.04903281,-0.14190073
5533,-5.5402117,-0.20466988,-1.480255,-0.9392381,-0.27419817,-0.16503942,0.090310924,0.07822048,-0.34121004,0.38650018,0.48989722
5534,-6.2319927,-0.08399849,-1.5187052,-0.39248365,-0.2181988,0.098725595,-0.013852357,-0.041480757,-0.019755619,0.28222796,0.39440283
5535,-5.983177,0.3092908,-1.5561708,-0.47875056,-0.10416753,-0.006230252,-0.13506342,-0.09775495,-0.20149696,0.33550683,0.14813443
5536,-5.9728966,-0.27066365,-1.1720793,-0.88615173,-0.30278075,-0.15539381,0.14498757,-0.18477172,0.08826607,0.6167074,0.14284833
5537,-5.248944,-0.21847898,-1.1288465,-0.3947808,-0.0011841739,0.08609751,0.076432444,-0.019805985,-0.083858,0.38229647,0.13650998
5538,-4.8858595,0.03438788,-0.7934931,-0.73678666,-0.34234485,0.02292195,-0.009963189,-0.29370144,0.10914642,0.5417787,0.2039726
5539,-7.7945585,-0.21115014,-1.1305068,-0.5700069,0.25943875,-0.45750046,-0.55467445,-0.40473765,-0.21894345,-0.19380756,0.5296444
5540,-6.8173275,-0.49604526,-1.4095925,-0.6575337,0.22973807,0.06333353,-0.11204449,0.23318227,-0.082088865,0.52390885,0.282763
5541,-6.9088326,-0.5773111,-0.9253325,-0.92603725,-0.46405986,0.43325263,-0.1225832,-0.55137753,0.07711294,0.42415813,0.8880356
5542,-4.2355275,-0.113215,-0.8961231,-0.25286785,0.07741624,0.28261703,-0.08382031,-0.012129607,0.031074446,0.63870084,0.1843781
5543,-6.471321,-0.06969214,-1.0783914,-0.83079517,-0.55398697,-0.018616043,0.16483423,-0.18663076,0.06392218,0.6699173,0.6372662
5544,-6.4498153,-0.30530456,-1.5092051,-1.2432432,-0.23495275,0.37405133,0.13918364,-0.5659548,0.42270863,0.81528836,0.5415847
5545,-5.1800604,-0.33154365,-0.9367445,-0.78893083,-0.11678314,-0.04014228,-0.26851305,-0.29477444,-0.07181309,0.41170773,0.18340783
5546,-7.9488583,-0.36815524,-1.2145505,-0.805838,-0.06350073,-0.03767784,0.11416628,0.6357444,-0.050708435,0.5107545,0.4448714
5547,-5.46997,-0.18134117,-0.8590184,-0.40324396,-0.12825225,-0.029685382,0.08924024,0.20068891,-0.25314212,0.36568284,0.3257542
5548,-5.252633,-0.3150763,-0.98523116,-0.63042086,0.15072286,-0.22901069,-0.033563085,-0.11969634,0.050507843,0.6413047,0.03437308
5549,-5.6410046,-0.121955976,-1.430105,-0.36053097,0.24477121,0.0067290906,0.089562096,0.088541664,0.03937546,0.28409755,0.17606594
5550,-8.322035,-0.48176154,-1.6240934,-0.9473713,0.109885044,-0.05652629,-0.2985164,-0.14899454,0.052620076,0.22017835,0.7399703
5551,-6.2031446,-0.08178735,-1.4602777,-0.34330925,-0.21348166,0.1180239,-0.0983639,-0.06817939,0.037249252,0.6029528,0.1314672
5552,-6.033422,0.08989155,-1.3244814,-0.29270107,0.22210933,-0.14759375,-0.17873685,0.26786613,-0.11850399,0.29815602,0.16357476
5553,-6.794055,-0.31605572,-1.6741451,-1.2184511,-0.58648044,0.24260308,0.21375717,-0.22096775,0.38984895,0.71126044,0.67077726
5554,-4.388881,0.0066974116,-0.7026668,-0.22938526,-0.27879778,0.07305105,-0.010027268,0.044344053,-0.047222085,0.3872221,0.19375996
5555,-5.9461293,0.20853049,-1.4403335,-0.34179366,0.03607184,0.08350513,-0.12672758,-0.22049078,-0.20703615,0.42932102,0.13301867
5556,-7.037961,0.11395279,-1.3628114,-0.49592644,0.017037936,-0.09090946,-0.32044303,-0.1748273,-0.15753253,0.5599377,0.07247158
5557,-9.055309,-0.18072526,-1.3342276,-0.96353036,-0.30451387,0.36700445,0.023058847,0.0938877,-0.31917858,0.018738493,0.32957065
5558,-5.733577,0.18858185,-1.2615492,-0.63373303,0.05035115,-0.3188355,-0.32025942,-0.4483471,-0.10868979,0.23225662,0.10577019
5559,-5.311188,-0.03808627,-1.1350048,-0.5061053,0.002481721,0.018808395,-0.028741546,-0.05971314,-0.109114304,0.36025733,0.15047634
5560,-6.5215,0.116092466,-1.3720627,-0.48920983,0.33412638,0.17246513,0.04162326,0.187236,-0.10806819,0.2522661,0.2153713
5561,-5.5386953,-0.34967318,-1.0632653,-0.08431967,-0.25022668,0.04348141,-0.060443625,0.37825626,-0.3243719,0.35136464,0.1640361
5562,-4.4170556,-0.19302389,-1.0958434,-0.4871942,-0.07164132,0.1450448,-0.20926464,-0.0136571005,-0.11654997,0.5569429,0.25064424
5563,-4.629306,-0.27356115,-1.0226113,-0.35158452,-0.25598565,0.15771234,-0.07247052,-0.14812733,0.040501334,0.30481446,0.48932022
5564,-4.8744698,-0.19255638,-0.9343579,-0.45642617,-0.17449167,0.18368606,0.31927487,-0.09598873,-0.18127203,0.30888245,0.62057453
5565,-7.696573,-0.12416668,-1.807834,-0.8149478,0.6632722,0.42576033,-0.54199684,-0.20996681,0.40516838,0.6924673,-0.08538561
5566,-6.1894364,-0.20804647,-1.2542557,-0.69632846,-0.45972046,-0.31449723,0.03412233,0.10323359,0.14700244,0.42854452,0.5386066
5567,-5.4329643,0.18162605,-1.3095683,-0.63079077,0.083325125,0.048316494,-0.23360303,-0.18754472,-0.0215368,0.42841816,0.11805594
5568,-7.665632,-0.40564662,-1.3108356,-0.9416042,0.2427173,0.698792,-0.27565607,-0.10152119,-0.15260296,0.29591876,0.55944353
5569,-4.7585163,-0.09363049,-1.0756611,-0.38086548,-0.099787764,0.06722286,0.046984155,-0.23405571,0.08871716,0.33431318,0.10405238
5570,-4.820963,0.07274156,-0.92155075,-0.5419763,0.0009995601,0.4693871,-0.02016728,-0.22759071,0.2627837,0.42323482,0.2539074
5571,-4.7890863,-0.07297027,-0.95372045,-0.4322286,0.008604839,0.04414599,0.1815755,-0.070992485,-0.18066053,-0.001169459,0.31274647
5572,-5.00824,0.05304664,-1.2087138,-0.45010844,-0.19222264,0.31155598,-0.08047104,-0.29203585,0.1353507,0.2865158,0.17724463
5573,-5.357608,-0.050345402,-1.0175824,-0.6284447,-0.42721215,0.020212816,0.076421276,-0.277183,0.0075397957,0.4718909,0.4993469
5574,-6.0370245,-0.29343638,-1.5914108,-0.8778623,0.1196627,-0.17334792,-0.26957446,-0.08286268,0.22984266,0.5660704,-0.0071916906
5575,-6.3178387,-0.21213463,-1.0469524,-0.6825272,-0.48567548,-0.03917124,0.45117176,-0.033332877,-0.1609768,0.26333392,0.5257042
5576,-7.1099305,-0.06744795,-1.3608496,-0.74691856,-0.56397116,-0.4528318,-0.31108826,0.3501513,-0.075554326,0.87732834,0.5016371
5577,-4.3556514,-0.19451447,-1.0875231,-0.34084362,0.19552056,0.088220455,-0.10177487,-0.047050714,-0.012925878,0.54628825,-0.00092586223
5578,-7.531263,0.1031867,-1.5329639,-0.56185484,-0.036606602,0.1378675,0.17825252,0.17771642,-0.12843794,0.33780432,0.5550859
5579,-6.107375,0.07973429,-1.0318295,-0.38250223,0.26022205,0.29553646,-0.2574653,-0.1586361,-0.11928238,0.47548622,0.2527437
5580,-4.4287434,-0.23042177,-0.8788081,-0.90719634,-0.15624516,0.18368192,0.06964922,-0.25421515,0.1753242,0.57260406,0.4657456
5581,-6.319471,0.109041534,-1.1919636,-0.5956617,-0.06942708,0.18054023,0.10843872,0.18168312,-0.11373976,0.44566035,0.60164815
5582,-5.091372,0.059955012,-1.1283317,-0.52053684,0.25748396,0.14530241,-0.15584862,-0.24482405,-0.26515034,0.46109724,0.079382956
5583,-8.765516,0.017747622,-1.2892115,-0.92629784,0.04576145,-0.07851528,-0.26348743,-0.30656806,0.034460366,0.07979052,0.0383495
5584,-7.922036,-0.40092096,-1.9204037,-1.0938879,0.23458062,0.2826649,-0.32846048,-0.36022708,0.18603292,0.24315257,0.21000041
5585,-4.7561727,-0.41485107,-1.3929094,-0.8161361,-0.104972124,-0.019767849,-0.18708295,-0.21585834,0.3693625,0.6484531,0.48711032
5586,-6.254422,-0.19273886,-1.2123395,-0.5412346,-0.19798599,-0.5034547,0.10339483,-0.24502707,-0.4733783,0.33089432,0.45241705
5587,-7.0054536,-0.15050834,-1.2125725,-0.8941306,-0.90825784,0.47279423,0.11389296,-0.378536,-0.027844297,0.44341373,0.7281313
5588,-6.3160477,-0.23816824,-1.4780263,-0.42620233,-0.6302307,0.21723376,0.30370486,-0.36834285,-0.20150927,0.2181965,0.769954
5589,-5.101808,0.31117484,-0.98188204,-0.3774196,0.061215103,0.16277471,0.25677827,-0.20387003,-0.09588937,0.28286952,0.41789466
5590,-4.1836443,-0.18289213,-0.81451875,-0.4510173,-0.31393465,0.1613254,-0.030662097,-0.33823267,-0.21612714,0.21803646,0.30439728
5591,-6.4733577,-0.18645166,-1.2336202,-0.7075306,-0.0889658,0.3352604,-0.04829894,-0.40270004,0.09430427,0.99618983,0.34016252
5592,-5.6259704,-0.26897463,-1.2337302,-0.4930678,-0.0023186724,-0.016673768,-0.002629132,0.48149535,-0.073167115,0.47204152,0.50013494
5593,-5.500218,-0.08035812,-1.1418678,-0.6592363,-0.10844776,-0.27890843,-0.0024550585,-0.08700861,-0.04617212,0.26269674,0.3118142
5594,-4.8476233,-0.07622957,-0.823215,-0.4488639,-0.052584916,-0.024461795,-0.53513116,-0.12133733,-0.12956282,0.3793448,0.18044284
5595,-5.8901544,-0.06516654,-1.1399643,-0.15869252,0.335751,0.0875352,-0.16593255,-0.22752869,0.04138875,0.5934408,-0.009981939
5596,-5.3670096,-0.35624263,-1.0868336,-0.53979737,0.4436555,0.06211037,-0.4595424,-0.18732113,0.02954451,0.3131704,0.33636472
5597,-4.8145127,-0.33133188,-0.78002006,-0.80311,-0.3294176,0.066118814,-0.13817404,-0.10244817,0.091306165,0.35116145,0.76921856
5598,-7.3364844,-0.2653877,-1.256259,-0.682913,0.02247455,0.30860478,-0.39557427,-0.15927574,0.16224895,0.33990884,0.4962832
5599,-4.710256,-0.1666595,-1.0082859,-0.07562935,-0.36560133,-0.26042557,0.11075825,0.027167888,-0.3871883,0.21402226,0.39601892
5600,-4.049078,-0.11141759,-1.0576478,-0.4371614,-0.36982313,0.050418034,0.24838817,-0.49325237,-0.041237183,0.44567168,0.20592986
5601,-4.9009776,-0.30152696,-0.74788773,-0.5948381,-0.108324885,0.014193131,-0.0008769138,-0.16903925,-0.24589323,0.2021535,0.30374184
5602,-4.507501,-0.029547557,-0.82543105,-0.42713347,0.0003334009,-0.093090855,-0.095850304,-0.03163594,-0.06257973,0.45500758,-0.07059394
5603,-5.8560534,0.023079325,-1.1038374,-0.23559457,0.083847165,-0.28467852,0.18816504,0.0373877,-0.48413062,0.2756248,0.3971818
5604,-5.5325146,-0.18424496,-1.0708292,-0.1836387,-0.1854642,-0.022017092,0.108167015,-0.018452927,-0.06158095,0.5089778,0.47525308
5605,-4.353329,-0.06003688,-0.8137395,-0.6048586,0.16542087,-0.3257833,-0.21950133,-0.11771081,-0.06554777,0.46115947,-0.08856099
5606,-6.953677,-0.12999402,-1.6175864,-0.7191726,0.22909956,-0.34979516,-0.52100533,0.010373503,-0.017833473,0.32872158,0.06303666
5607,-5.075186,-0.38145968,-0.8895021,-0.49982846,0.0537639,0.37075394,0.08259407,-0.18881284,0.08376447,0.73420656,0.30589142
5608,-5.165242,-0.12527722,-0.92374164,-0.44950745,-0.5607631,-0.23259707,-0.1345779,-0.39830884,-0.24288349,0.29008183,0.43235478
5609,-6.3071647,-0.038455866,-0.92228335,-0.5155785,-0.33975926,0.2654212,0.3873541,-0.21792331,-0.046562426,0.47619462,0.6933756
5610,-8.475687,0.17804706,-1.6639199,-0.6645515,0.10056685,0.317423,-0.25649166,-0.7080881,-0.18529335,-0.071376,0.5359583
5611,-8.805626,-0.68996495,-1.2190546,-1.6353295,-0.18515415,-0.49668938,-0.20114382,-0.56369513,-0.13931909,1.1314437,0.34173626
5612,-6.015313,-0.34810975,-1.0302848,-0.91478646,-0.26475444,-0.30197728,-0.007636714,-0.30848056,0.16689062,0.6074378,0.4765009
5613,-4.204628,-0.25633436,-0.77414334,-0.36996403,-0.24821171,-0.030151777,0.21669258,0.12731364,-0.16184533,0.4058731,0.5759881
5614,-5.068049,-0.062978946,-0.99949044,-0.6173228,0.04427582,-0.1600544,-0.08092994,-0.17338294,0.21218093,0.67395157,0.04848678
5615,-5.158013,0.014840834,-0.8045423,-0.2818478,0.2271212,0.2936241,-0.11705955,0.099344246,-0.16676776,0.18132314,0.055549894
5616,-6.1663923,-0.2821252,-1.6049336,-0.60054344,0.4486412,0.021509029,-0.02580025,0.024389833,0.15325205,0.44624877,0.33395898
5617,-5.9536476,-0.22323245,-1.1874148,-0.5096423,0.14127034,-0.07556525,-0.12109197,0.17235054,-0.047161564,0.20185013,0.20119788
5618,-4.7397003,-0.28123134,-0.6865659,-0.57046974,-0.5502906,0.14819698,0.054280464,-0.10163103,-0.18203378,0.29662892,0.5415492
5619,-5.771892,-0.26209706,-1.1690043,-0.84824777,0.11155032,-0.26886004,-0.21800518,-0.078482576,-0.10451733,0.40987408,0.2366314
5620,-4.8734074,-0.034633324,-1.0116305,-0.6844336,0.15039136,-0.13093603,-0.2901608,-0.06737723,0.029109547,0.39020193,0.1601621
5621,-4.7554936,-0.04057595,-0.99375737,-0.063863195,-0.03185361,-0.11774209,0.18564525,0.21641243,-0.1504256,0.46761915,0.35343292
5622,-6.7262583,-0.34419537,-1.1076994,-0.7875019,-0.06013471,-0.509229,-0.19788349,-0.1949546,-0.11660656,0.5473263,0.26105052
5623,-6.2615557,-0.26195452,-0.8678005,-0.6952615,-0.33173922,-0.22011921,-0.03129488,-0.22102329,-0.1837931,0.65181404,0.739834
5624,-4.5522194,-0.16308601,-1.2062042,-0.7450544,0.01109843,0.041303467,-0.031549264,-0.33828232,0.022255262,0.68368495,0.38162655
5625,-5.2502675,-0.1322683,-0.80901784,-0.41424513,0.059127357,-0.11245656,-0.12446455,-0.083885506,-0.16760142,0.33609757,-0.020149566
5626,-4.887411,0.08419826,-1.0367197,-0.4423544,0.3819655,0.14836957,-0.062176034,-0.043409966,-0.13893774,0.4549013,0.26213324
5627,-6.0191755,-0.16265883,-1.5652127,-0.9148515,0.35061312,0.20859477,-0.15399231,-0.15325598,0.37806684,0.6689047,0.17510463
5628,-5.7986393,-0.17513056,-1.0678005,-0.46559218,-0.22189279,-0.09332197,-0.12970825,-0.11990114,-0.36987597,0.5936744,0.4425904
5629,-6.381919,-0.33954406,-0.8735444,-0.58324206,-0.87424976,-0.23084208,0.2877452,-0.018030962,-0.49052167,0.28502977,0.81932235
5630,-6.673723,0.16921292,-1.07039,-0.71799415,-0.20597735,-0.28373337,0.18042177,-0.2094589,-0.065680206,0.7359928,0.34254745
5631,-4.4176598,-0.20086287,-1.0017443,-0.34836373,-0.022387877,-0.07270674,-0.12966299,0.11152262,-0.10758361,0.4626372,0.10317613
5632,-3.9902475,-0.2094829,-0.8614058,-0.38399452,-0.21091263,0.005219179,0.014806633,-0.03208948,0.0022732662,0.52169913,0.35677603
5633,-5.1735296,-0.22698708,-1.1416619,-0.4262114,-0.13151883,0.3178268,0.05945249,-0.38784534,0.03924751,0.41402397,0.15021163
5634,-6.8399005,-0.011470095,-1.4179137,-0.8063453,0.32658872,0.13568823,-0.49633828,-0.38923815,0.085242264,0.5620387,-0.19348508
5635,-5.980389,-0.13568005,-1.2170547,-0.75556123,-0.5305974,0.26834118,0.008510396,-0.25421846,0.34736335,0.797744,0.64476013
5636,-4.4666657,-0.22318028,-0.7019699,-0.28748763,0.13152154,0.006542897,0.060976632,-0.0845306,-0.11345418,0.4091126,0.39598936
5637,-6.231191,-0.29017505,-0.7212694,-0.6474327,0.0012872247,-0.13336402,-0.21215019,-0.08260276,-0.098243296,0.15899758,0.5030556
5638,-5.128927,-0.08142573,-0.9979705,-0.46330693,-0.49105042,0.023041666,0.43854162,-0.28720504,-0.2404569,0.7557283,0.5233591
5639,-4.791977,-0.20396246,-0.83112633,-0.7100163,-0.10513373,0.039056372,-0.020245947,-0.3159973,0.053792924,0.29315716,0.21181558
5640,-5.410364,-0.12296423,-0.9266949,-0.5649931,-0.36054918,-0.07267021,0.22543176,-0.026378306,-0.09640327,0.44085652,0.4244737
5641,-6.5566077,-0.0891554,-0.9359078,-0.61632234,-0.14741646,0.22368942,0.16554719,-0.46183175,-0.12593365,0.3244383,0.5042443
5642,-8.513283,-0.38075295,-1.3623388,-0.76382655,-0.09091795,0.8618826,-0.18209626,-0.3278273,-0.2959417,0.34637767,0.04682027
5643,-5.6404934,-0.22666565,-1.1080521,-0.5477745,-0.35857555,-0.105879866,0.1258255,0.31603152,-0.11317362,0.43127623,0.61184126
5644,-5.1480646,-0.10085792,-1.0404,-0.84745395,0.2934093,-0.02345736,0.080724664,-0.43355563,-0.03224174,0.353674,0.24996747
5645,-5.681432,-0.050451882,-1.029032,-0.24046418,0.22862273,-0.10461001,-0.12135909,-0.05573737,-0.26474577,-0.0133163715,0.12566102
5646,-5.017675,-0.10921425,-0.9852977,-0.68768615,-0.23059586,-0.01032876,-0.038623273,-0.14867355,0.2920233,0.77074873,0.14322986
5647,-5.1363583,-0.14004491,-0.9431253,-0.55112857,-0.17092897,-0.23268735,-0.16638133,-0.38945127,0.06117548,0.30981734,0.4608506
5648,-4.9969435,-0.17952313,-0.9055053,-0.47131798,-0.107792884,0.0108705405,0.3198973,-0.14482966,-0.20627898,0.6446463,0.21698134
5649,-5.64382,-0.40776312,-0.87703484,-0.9884634,-0.21654934,-0.08175011,-0.10729549,0.225889,0.023426082,0.6608315,0.48543733
5650,-5.5965233,-0.21995349,-0.8257496,-0.65296805,-0.46214527,-0.1332087,0.29422802,0.04379502,-0.14779887,0.3110619,0.6387293
5651,-5.090466,-0.23670132,-1.2829502,-0.9377859,0.30480313,-0.018516582,-0.2702489,-0.17773658,0.18102527,0.55717415,0.19123611
5652,-5.5736485,-0.015836205,-1.1850731,-0.89912033,-0.08028406,0.29880297,0.012275081,-0.35281354,0.018838776,0.7446208,0.20100036
5653,-5.730756,-0.2814224,-1.2913283,-0.9757173,-0.19073324,-0.3762809,-0.104603365,-0.020781647,0.045119546,0.67591345,0.04142534
5654,-5.8820996,0.02577252,-1.3095986,-0.44510752,0.102072924,0.05859874,-0.038754553,-0.042244077,-0.33479935,0.6764844,0.28866544
5655,-6.075512,-0.15445666,-0.81173635,-0.7789898,-0.31347066,-0.079285115,-0.009518792,-0.037045307,-0.38364494,0.21682633,0.52623993
5656,-6.600527,-0.21167165,-1.4895997,-0.975002,-0.051363368,-0.41887218,-0.2291561,-0.08014254,-0.01738731,0.31556162,0.24422391
5657,-4.921548,-0.27257946,-1.3999338,-0.47964224,0.315218,0.0027075582,-0.18597935,-0.0065651033,-0.08358471,0.20116319,-0.0038538566
5658,-4.2339625,-0.2113802,-0.6085049,-0.6634193,-0.2872652,0.020654988,-0.04582809,-0.02364417,-0.062069625,0.27782783,0.3215084
5659,-5.4498544,-0.1271003,-0.64484185,-0.44518957,0.033030387,0.40290588,-0.16038956,0.1464334,-0.083760604,0.64433634,0.20255336
5660,-6.3146276,-0.03376734,-1.4494519,-0.47897592,-0.11147731,-0.009483861,0.17157485,-0.12434747,0.07267164,0.522426,0.56734174
5661,-6.655841,-0.4737648,-1.1671485,-0.85820335,-0.14337438,-0.2644062,0.047657467,0.049986318,0.007781064,0.66889507,0.052815456
5662,-5.626033,-0.28184268,-1.049275,-0.58478624,-0.14249778,-0.23713699,0.021993177,-0.09841949,0.009460411,0.64008,0.09359775
5663,-6.8162513,-0.0884559,-0.9852965,-0.67119044,-0.14546,-0.074798755,0.3064786,-0.20110197,-0.3456452,0.4504046,0.4061449
5664,-3.908047,0.060321786,-0.86439496,-0.26924282,0.15914771,0.0069901347,-0.10307046,0.055147573,-0.15957595,0.18763848,0.093899995
5665,-6.009539,-0.1620671,-1.0615072,-0.5523423,-0.018756654,0.033642255,-0.08077188,-0.067725755,-0.0786152,0.3887582,0.066858426
5666,-5.6688576,-0.15805663,-1.2300396,-0.50755614,0.077856556,-0.0024690367,-0.17550212,0.2304363,-0.07311533,0.67149484,0.047402073
5667,-5.87406,-0.35704315,-1.247688,-0.7339347,-0.4293328,-0.029367197,0.24696273,-0.5081965,0.05505459,0.45295686,0.56472313
5668,-4.851416,0.14266036,-1.1417319,-0.6670398,-0.009628804,0.04521783,-0.08256833,-0.079674184,-0.14532338,0.08249048,0.25481045
5669,-5.4784536,-0.37367192,-0.91445726,-0.8273213,-0.035361905,-0.1833708,0.35106838,-0.08577163,-0.00031086802,0.25473696,0.48411673
5670,-4.473296,-0.0683256,-0.6655971,-0.5766342,-0.19973889,0.021044184,0.054749914,-0.35577226,0.0016822936,0.1906365,0.43274152
5671,-6.0294604,-0.14099525,-1.2405674,-0.55934966,-0.05858417,0.11278695,-0.1987477,-0.11220454,-0.10411325,0.8252223,0.5491188
5672,-6.8251224,-0.40832943,-1.2093261,-0.40173888,-0.6105423,-0.16468827,0.4821656,0.113023706,-0.4638663,0.39163098,0.60155094
5673,-4.4973035,-0.30492803,-0.6419282,-0.25039586,0.11979431,0.324242,-0.22216845,-0.18588322,-0.1399859,0.3349496,-0.004955468
5674,-5.0401535,-0.12810157,-0.92896914,-0.55853343,-0.057031006,0.30518496,0.17117357,0.10632196,-0.12093975,0.4579384,0.39451066
5675,-4.875794,-0.24210168,-1.2107711,-0.8250991,-0.1445779,0.32053125,0.014575354,-0.6171776,0.21426399,0.40651995,0.3389004
5676,-5.7978277,-0.2254963,-1.3355087,-0.67228043,-0.010331936,-0.17575003,-0.22150123,-0.29098925,-0.0139264185,0.22061688,0.24616095
5677,-7.1001205,-0.13152479,-1.5518008,-1.1998228,0.22496085,-0.13548398,-0.5533668,-0.51657903,0.41217557,0.6394479,-0.15665701
5678,-6.332903,0.08551773,-1.5052551,-0.41757324,0.042543214,-0.36598116,-0.25772962,0.03357781,0.17979173,0.45589507,0.22683808
5679,-4.774408,-0.3997653,-0.81897956,-0.48429626,-0.11018479,-0.075532,-0.018552866,-0.31383425,-0.015998749,0.5007144,0.34375426
5680,-4.2211795,-0.05855717,-1.1539766,-0.4916001,0.29759204,-0.06904128,-0.14893639,-0.06291072,0.0038547441,0.19922751,0.088642485
5681,-5.221253,-0.4940131,-1.186543,-0.83635765,-0.0014351341,-0.051769115,-0.4007384,0.03491703,0.08859926,0.54884243,0.047290906
5682,-6.2865396,-0.34252685,-0.9942264,-0.6195495,-0.53082603,-0.07221426,0.11126074,0.087059945,-0.09054898,0.74108267,0.4011429
5683,-6.680285,-0.07630785,-0.4892186,-0.7511397,-0.361212,-0.24246527,0.12640671,-0.07822429,-0.3105107,0.04291947,0.34275967
5684,-4.7761145,-0.17323256,-0.9722089,-0.808349,0.1257172,-0.24778433,-0.16512229,-0.07945328,0.20166045,0.37444568,0.33667362
5685,-6.780707,-0.18715653,-1.5018548,-0.8565188,0.038895402,-0.14211261,-0.3954198,0.032787226,0.044567153,0.8379564,0.21022533
5686,-5.664039,-0.2681705,-0.79025036,-0.99310493,-0.4863175,-0.28397334,0.21363206,-0.52894616,-0.15209904,0.24509013,0.59378403
5687,-5.5314198,-0.18194997,-1.6403294,-0.63600737,-0.029915271,0.18133397,-0.112476,-0.09930355,0.04001818,0.50084376,0.4219971
5688,-6.7110434,0.017205043,-1.0986143,-0.79262185,0.011246859,0.08057137,0.117106214,-0.7139409,-0.28202987,0.11715881,0.6203107
5689,-5.2051873,-0.2327178,-1.2267777,-0.63022035,-0.2103885,0.07955407,0.03175712,-0.070590556,0.04843563,0.27447274,0.22669622
5690,-5.464665,0.024800874,-1.0489379,-0.7288074,-0.162143,0.383564,-0.0041070487,-0.53390235,0.16517429,0.43814188,0.26851934
5691,-4.5643144,-0.20902173,-0.7916262,-0.50262374,0.116839014,-0.14478175,-0.25053883,-0.08886073,0.020104762,0.33079273,0.2079545
5692,-7.869581,-0.3785207,-1.6849874,-0.6819256,0.22369589,0.026713079,0.06188294,-0.020053511,-0.18630853,0.30163756,0.44162226
5693,-5.768241,-0.1753992,-0.6152026,-0.53236294,-0.04577,-0.24426518,0.36998236,0.10247713,0.047479615,0.36783507,0.07324035
5694,-5.7416267,-0.1677983,-0.963493,-0.5451368,-0.3173041,-0.017353734,0.120183595,-0.12454408,0.3217021,0.71572477,0.4223409
5695,-6.851102,-0.21730287,-1.2018034,-0.7534954,0.07946947,0.27956098,-0.38338152,0.113290876,-0.17917946,0.14206833,0.3439552
5696,-4.069317,0.24773243,-1.0838337,-0.41887417,-0.020119527,0.050060414,-0.009757335,-0.1240376,0.081080705,0.12029993,0.19202733
5697,-5.4842377,-0.16540219,-0.6592884,-0.3772064,-0.21993107,-0.114504255,0.271255,0.21892072,-0.2867353,0.19147626,0.50511175
5698,-6.5961347,-0.4446711,-1.0209879,-0.7742159,-0.59171075,-0.25957787,-0.054912694,-0.26610687,-0.2379622,0.6191871,0.46698964
5699,-6.2281404,-0.068226375,-1.5677202,-0.81325585,0.29020232,0.39190686,-0.42527938,-0.7462197,0.26070136,0.16722865,0.24325058
5700,-4.955426,-0.20102513,-1.2371101,-0.6114548,0.24056588,0.3304665,-0.1574952,-0.30418417,0.3483173,0.3341028,0.0771361
5701,-6.725056,-0.23888835,-1.0689741,-0.7070956,-0.03291446,0.7864561,-0.33957928,-0.08921345,0.0101408735,0.3877453,0.08568597
5702,-4.395787,0.10622858,-0.78711313,-0.3285962,-0.14812027,-0.09011056,-0.15134187,0.24416864,-0.10732322,0.28720012,0.035840224
5703,-4.8214736,-0.08358951,-0.7968573,-0.52611154,-0.087323606,-0.15925074,-0.3176978,-0.41841778,0.041046772,0.4035298,-0.020173311
5704,-5.8271723,-0.16959223,-1.0791197,-0.533995,-0.22737288,0.1276777,0.050180804,0.24412227,-0.4870401,0.59254444,0.1959318
5705,-5.1174955,-0.03517403,-1.2558831,-0.24211356,-0.05772616,-0.13658415,-0.10888456,0.093121216,-0.15278013,0.1363076,0.14226572
5706,-6.726252,-0.49176744,-1.1762425,-0.6393135,0.025656441,0.13114001,-0.057669908,0.19369791,-0.07057872,0.55876935,0.7264834
5707,-5.4008107,-0.13092075,-1.2184948,-0.60050666,-0.44963557,0.3281287,0.34186,-0.06860845,-0.11926459,0.38786957,0.5541097
5708,-5.4319677,-0.005491794,-1.2594835,-0.75081336,-0.37095153,-0.08493613,-0.0871351,0.1711199,0.05905526,0.5197374,0.50303125
5709,-6.4815664,-0.20894651,-1.3700899,-0.76733524,0.10724048,0.18987057,-0.096636094,-0.7443129,0.045876004,0.41989687,0.3761342
5710,-5.859247,-0.017556753,-1.5442343,-0.014643918,-0.24953526,0.08757243,0.19006567,-0.042941175,-0.37437025,0.41626912,0.7211418
5711,-6.0954113,-0.15451622,-1.2900252,-0.520942,0.19472244,0.013093721,-0.13236757,-0.25378934,-0.05863689,0.33436623,0.27770752
5712,-6.322866,-0.18100353,-1.2520669,-0.9393337,0.26199594,0.3309685,0.005510739,-0.31419742,0.17222749,0.64018595,0.35468954
5713,-5.4448924,-0.019917488,-1.4059074,-0.94850737,-0.28519693,-0.12334593,-0.21660155,-0.3738205,0.22337165,0.77623713,0.7386969
5714,-5.7516055,-0.05834661,-1.0476589,-0.6836535,-0.24318421,-0.09209791,-0.07053524,0.2316948,-0.095563345,0.35226867,0.30860555
5715,-5.089582,0.041109122,-0.7460303,-0.5389297,-0.21909992,-0.1913974,-0.122262515,-0.2923918,-0.22707187,0.6728086,0.46189058
5716,-5.904263,-0.19325748,-1.2187184,-0.39927015,-0.24964243,-0.17003572,0.027283866,0.17388937,-0.3189695,0.6534762,0.6207749
5717,-7.9992847,0.092361845,-1.4099735,-0.6980211,0.37464455,0.24519953,-0.25281,-0.34764758,0.39254725,0.41336283,0.18879503
5718,-6.385553,-0.21881661,-0.91922474,-0.7384592,-0.15362461,0.28285742,0.025708163,-0.5368307,-0.047101468,0.47075492,0.35733905
5719,-8.450367,0.018153131,-1.7854755,-1.0967677,-0.43146497,0.3011363,0.07800582,-0.16919589,-0.17960203,0.48429915,0.78976643
5720,-5.2592287,-0.38775247,-1.1608355,-0.62211096,-0.13615878,-0.18810825,-0.3170673,-0.39097077,-0.15718399,0.46261522,0.5396617
5721,-4.9737263,-0.27908346,-1.126021,-0.4437037,-0.26017728,0.20217085,0.16020969,-0.15492734,0.10366581,0.5895996,-0.012284796
5722,-7.4554296,0.05608981,-1.439988,-0.36727908,0.25377136,0.2506203,-0.23504369,-0.2297386,0.09787903,-0.024885096,0.11419923
5723,-6.355384,-0.046908718,-1.5810791,-0.8998206,0.009324595,0.1236056,0.15158595,0.111867964,0.1414578,0.707749,0.46159738
5724,-5.23037,-0.31044522,-1.259074,-0.54612976,0.006577884,-0.11790921,0.010073782,0.1123742,-0.3369265,0.5042615,0.3440044
5725,-4.369403,-0.067056395,-0.7090435,-0.3665466,-0.20210394,-0.036762726,0.1474937,-0.15390253,-0.012180567,0.24878179,0.44250128
5726,-7.682261,-0.14180624,-1.8142253,-0.36707214,0.13162057,0.3548727,-0.075387225,-0.15336044,-0.26405162,0.6631966,0.3562099
5727,-4.1323967,-0.2112874,-0.905058,-0.5652145,-0.39527243,-0.111144975,0.16378373,0.10509453,-0.21836145,0.2954754,0.27312365
5728,-3.5524106,-0.0270572,-0.81204253,-0.38745987,-0.014892606,0.35924184,0.06689028,-0.22914504,0.007846056,0.2450678,0.18532112
5729,-7.3971534,-0.029927365,-1.5860744,-0.80294365,0.050627638,0.27841705,0.43056774,-0.30439726,-0.13275923,0.4151281,0.40107363
5730,-6.164804,0.28472158,-1.2611563,-0.5135538,-0.0481404,0.067388475,0.067018904,-0.6046611,-0.05702264,0.19473727,0.35876873
5731,-4.726862,-0.21966113,-0.8540578,-0.42477688,-0.39094943,0.46333295,-0.03311614,-0.4002294,0.088475816,0.5321822,0.15924412
5732,-5.7929063,-0.053342197,-1.2297573,-0.51798123,-0.039398894,-0.22761168,0.08200335,-0.18321407,-0.19669917,0.27371663,0.39640567
5733,-4.7207413,-0.24909128,-0.86438036,-0.38868436,-0.47321627,0.2421973,-0.17100635,0.056192487,-0.011620913,0.45753428,0.3195653
5734,-6.5274625,-0.16849753,-1.1699604,-0.5694339,-0.42766035,0.15599822,0.12206297,-0.3237845,0.12932386,0.35402125,0.51813126
5735,-5.3029084,-0.12238555,-0.9454674,-0.82592,-0.42873716,-0.032934215,-0.19001557,-0.45826337,-0.025933342,0.45665613,0.1335704
5736,-5.4866986,0.12786007,-0.8866264,-0.76357156,-0.27064866,-0.16313648,0.35164252,-0.33301875,0.03701625,0.48109102,0.48235056
5737,-5.9753203,-0.15887195,-1.0905967,-1.0492598,-0.35930607,-0.35279918,-0.12841873,-0.26275557,0.24825306,0.6025248,0.22606325
5738,-5.39923,0.05841905,-0.94299614,-0.94164884,-0.06743536,0.05494774,-0.1820735,-0.38622922,0.08949068,0.53974247,0.16796474
5739,-6.876613,-0.1442116,-1.0671374,-0.7965238,0.034018323,-0.23615798,-0.06859779,-0.02238719,-0.50608176,0.034754332,0.35699385
5740,-6.1567793,-0.48308194,-0.9154322,-0.91768247,-0.31024292,0.059938934,0.13171373,-0.33208555,-0.352124,0.28744802,0.42760035
5741,-5.8342433,-0.10538231,-1.3928308,-0.6765609,0.28860685,-0.18468674,-0.28787804,-0.3310808,-0.10374883,0.513321,-0.0022195615
5742,-5.4540033,-0.056092042,-1.200264,-0.6723683,-0.012755208,-0.0957404,0.022285197,-0.25869682,-0.07637636,0.5391127,0.347434
5743,-5.767109,-0.26273212,-1.35468,-0.8709322,0.3343381,-0.18373775,-0.35963914,-0.11640317,0.22466426,0.76279575,0.24408214
5744,-6.789358,-0.23966242,-1.3461709,-0.8938734,-0.12103783,0.20449525,0.12783901,-0.25534424,0.21808112,0.87412745,0.37830207
5745,-5.4860272,-0.25835624,-1.3412519,-0.9254135,-0.05390705,0.050661065,-0.24130459,-0.6026472,0.20461667,0.37710983,0.6273979
5746,-6.2022176,-0.43980256,-1.3548003,-0.59420586,-0.023960372,-0.17359269,0.14418763,0.28463024,0.042952634,1.17956,0.29262096
5747,-7.081659,-0.16839153,-1.1079715,-0.593379,0.33227697,-0.25223172,-0.22238101,0.05567561,0.013675271,0.31437773,0.31919026
5748,-4.60474,-0.23790018,-0.7097327,-0.40923917,-0.30155945,0.01981229,-0.27911812,-0.1781626,-0.23207676,0.20752463,0.08881978
5749,-5.7697716,-0.029166456,-1.0341501,-0.9271461,-0.08427071,-0.12729095,-0.4048246,-0.13258585,0.13022679,0.8749123,0.37729585
5750,-6.066716,-0.046557713,-1.406171,-0.95304555,0.18263234,-0.065140314,-0.25145787,-0.29403108,-0.060735278,0.91588056,0.39864764
5751,-6.021003,-0.02573806,-1.2895328,-0.8865078,-0.26914468,0.11647428,-0.0018254509,-0.41866317,-0.019513948,0.6415694,0.18199772
5752,-6.0852556,-0.13793412,-1.2065668,-0.44118446,-0.20758045,-0.13050878,0.28266945,0.08578729,-0.37604973,0.54356474,0.19449043
5753,-6.007251,-0.24396472,-1.0866249,-0.87963116,-0.046253037,0.12146848,-0.23985066,-0.1649391,0.22175233,0.9381636,0.033205442
5754,-5.7686963,-0.0009083962,-0.9133515,-0.50801945,-0.4923124,0.22931083,-0.19490711,-0.274703,-0.12709415,0.47856495,0.22942275
5755,-7.288024,-0.09588972,-1.524222,-0.72269404,-0.282823,0.32752848,0.09699001,-0.37543258,0.17702486,0.87999856,0.50766814
5756,-5.3671656,-0.3016387,-1.4865651,-0.6847345,0.10839842,0.1227573,-0.24539416,-0.37571415,0.009137059,0.020665057,0.534849
5757,-7.6715593,-0.18867365,-1.3215079,-0.5579938,-0.2026136,0.33404136,-0.09414227,-0.29599637,-0.08751422,0.61339295,0.5490254
5758,-6.3177543,-0.0720485,-1.044792,-0.22869107,0.17540178,0.019426271,-0.09809097,-0.039318874,-0.2289284,0.341667,0.014690192
5759,-5.9068146,0.09816068,-1.2707927,-0.61538666,-0.04537353,0.08245986,-0.3462322,-0.32302293,-0.1607371,0.13455093,0.34586295
5760,-7.2434983,-0.029818088,-1.5077692,-0.614068,0.1367407,0.028828532,0.13139361,-0.25045165,-0.35182407,0.4152634,0.2809948
5761,-6.073787,-0.15160768,-1.1199409,-0.57945997,-0.27835536,-0.111604996,0.06455474,-0.10882895,-0.077373944,0.3803542,0.42418987
5762,-5.4974604,-0.3393851,-0.6679109,-0.8882843,-0.3841152,0.40388763,0.04161049,-0.018266955,0.02990469,0.9330778,0.3762671
5763,-5.7413006,-0.17504933,-1.1611818,-0.30298373,0.14891084,0.46727872,0.06596261,-0.2637176,0.023856577,0.6365824,0.20998652
5764,-5.8116837,-0.12194008,-1.1811068,-0.8267538,-0.0060491846,0.4982462,-0.14485571,-0.44318,0.16622539,0.7913589,0.37307465
5765,-5.294475,-0.45274168,-0.77014613,-0.13827485,0.014509261,0.12175838,-0.23344187,-0.38329566,-0.26920456,0.5438543,0.08558533
5766,-4.751766,0.018570235,-1.1678971,-0.68059224,-0.1935585,0.045047812,-0.20543641,-0.2112457,-0.031455867,0.76005715,0.2861708
5767,-4.4652724,-0.2431445,-0.8222903,-0.5665892,-0.3996681,-0.10292324,0.06134026,-0.20402628,0.12768303,0.45172346,0.4157856
5768,-6.223822,-0.19184408,-0.81103855,-1.134686,0.011627777,-0.23408665,-0.27944207,-0.45572057,-0.025816513,0.23525225,0.40529418
5769,-5.3449626,0.023044433,-0.8397974,-0.074974805,-0.034365524,-0.21602045,-0.14210631,0.0888867,-0.5458011,0.34559095,0.09017574
5770,-5.476396,-0.031840663,-1.2731223,-0.42659977,-0.069336556,0.114550516,-0.07440524,-0.27330112,-0.05500707,0.282225,0.25509363
5771,-5.1979313,-0.114128016,-0.84939444,-0.45931664,-0.42531765,0.02149062,-0.0038565462,-0.13728036,0.15643576,0.51558316,0.23187168
5772,-5.338413,-0.017308649,-1.1990153,-0.6199879,0.013343887,0.0028122938,-0.05693201,-0.012022296,0.22723502,0.33594814,0.3443482
5773,-7.0052605,0.023902316,-1.3209563,-0.7838708,-0.05500042,-0.0740371,-0.23085585,-0.46612644,-0.33514088,0.15872166,0.25109965
5774,-7.22575,-0.34877297,-1.6538086,-0.25993443,-0.036094844,0.97052324,-0.018055651,-0.42485237,-0.15087345,0.6152949,0.46524155
5775,-5.0621676,0.18655986,-1.2837124,-0.347204,0.28832936,0.11951363,-0.19366531,0.07421486,-0.07473423,0.26412565,0.18050891
5776,-4.761475,-0.1976658,-1.1731359,-0.5180685,0.4200742,0.11427794,0.07494029,-0.39910707,-0.076500006,0.14489077,0.44577542
5777,-4.609194,-0.2576685,-1.0977266,-0.7678214,-0.10199538,-0.050059874,-0.16802667,-0.3384696,0.3949533,0.44196305,0.14887004
5778,-5.051327,-0.11369988,-1.3187144,-0.6413046,-0.1424931,-0.3071872,0.24793024,-0.04682079,-0.28975928,0.2346399,0.270608
5779,-6.5354023,-0.09688116,-1.1675378,-0.5827381,0.16308983,0.22633915,-0.29367566,-0.25532827,-0.21283317,0.6798854,-0.21384303
5780,-5.2727313,-0.34783044,-1.2614777,-0.55151695,-0.269459,0.10866268,0.12347344,-0.24342415,0.016796306,0.5955022,0.18759935
5781,-6.175652,0.2455885,-1.3901227,-0.48931223,0.058782328,0.2498257,-0.013398956,-0.06986301,-0.0385584,0.42860088,0.50142753
5782,-6.2705817,-0.52310765,-1.248464,-0.40258688,0.24086903,0.31079054,-0.17432636,-0.51882905,-0.1319362,0.546089,0.29549924
5783,-6.446093,-0.23421922,-1.1474328,-0.47458464,0.033437487,0.34404188,-0.25054783,-0.57621896,0.013326416,0.077256456,0.16109225
5784,-4.4929233,-0.11362431,-1.0426155,-0.27265373,-0.23564628,-0.24441074,0.11996119,-0.43970084,-0.15588133,0.20773832,0.47351614
5785,-5.208747,-0.21867864,-1.0909001,-0.7810631,0.19782539,-0.020042595,-0.04387586,-0.22642438,0.21411817,0.41640905,0.006827331
5786,-5.3686633,-0.09695017,-1.1929187,-0.15521711,-0.050225656,-0.013985092,0.1811466,0.27255023,-0.27802822,0.5654425,0.3636817
5787,-4.125197,-0.3049352,-0.8603449,-0.24592564,-0.28941527,-0.16877276,0.052256465,-0.0115987025,-0.30270952,0.26798445,0.21029972
5788,-5.13634,-0.08152174,-1.0113715,-0.84681046,-0.21559922,0.087435655,0.0838227,-0.16239758,0.14297253,0.45258528,0.4734959
5789,-5.0071883,-0.39703378,-1.054755,-0.63808596,-0.50850403,-0.04681589,0.15673998,-0.30229446,0.13214627,0.43602294,0.25979292
5790,-6.1264505,-0.2059594,-1.2146283,-0.6610495,0.09511021,-0.0057724277,0.10627839,-0.20464057,-0.06335151,0.20950718,0.54371846
5791,-5.169684,-0.317451,-1.0845163,-0.4687178,-0.18253395,0.10563898,0.05829871,-0.16470297,0.05305109,0.5978772,0.40712428
5792,-5.468231,-0.024244789,-1.2401596,-0.45366707,0.33977544,-0.16357289,-0.1819481,-0.044085935,-0.10842105,0.35793012,0.27762735
5793,-7.0912423,-0.095644146,-1.3849633,-0.58859605,-0.35837486,0.37148142,-0.3672629,-0.19910179,0.13282302,0.4284824,0.26513198
5794,-4.996583,-0.23396522,-1.0942415,-0.7379642,0.14774932,-0.27979362,-0.10838159,0.17593491,-0.3004588,0.32750863,0.20876418
5795,-4.434991,-0.26737338,-0.93384814,-0.69841826,-0.19139336,0.13037087,-0.16132548,-0.39340514,0.03352066,0.48617646,0.2767664
5796,-5.811102,-0.083395444,-1.1026736,-0.8423589,-0.40824473,-0.14508736,-0.15144162,-0.29425752,0.31980968,0.41827336,0.5387296
5797,-6.3871512,-0.20558876,-1.4676294,-0.94961745,-0.24854138,0.40297925,0.19107717,-0.37410563,0.22824939,0.4859465,0.2655784
5798,-4.5376267,-0.32862613,-0.74746305,-0.5262632,-0.12754041,0.04787629,0.19073097,-0.042671748,0.2160783,0.54364085,0.37210563
5799,-6.1253133,0.061384868,-1.33275,-0.8491088,0.022865938,0.5300049,0.2660925,-0.24606591,-0.00064782985,0.2789567,0.31899476
5800,-4.7599096,-0.06485367,-0.69951993,-0.4075867,-0.24935952,-0.23338892,0.059759814,-0.090164796,-0.29028377,0.29603073,0.19742216
5801,-6.4115047,-0.09126509,-1.2211022,-1.0371389,-0.5981853,-0.21510212,0.22707324,-0.51114404,-0.08331631,0.75972825,0.5776751
5802,-4.374204,-0.2200569,-1.0934653,-0.35234725,-0.5101354,0.02807369,0.33758155,0.21402732,-0.16235204,0.44080696,0.40193126
5803,-5.91162,-0.4083088,-0.8304155,-0.6945904,-0.9458228,0.1005076,0.4685018,-0.3294149,-0.2794443,0.35907146,0.8976207
5804,-5.213477,-0.24275975,-0.8107318,-0.51031953,0.23829842,0.15804718,0.12879713,0.032040905,-0.119415954,0.2152724,0.38692406
5805,-6.0729628,-0.083525166,-1.3364184,-0.350975,0.0006055371,-0.15227982,0.31440043,0.110103324,-0.4386526,0.5787488,0.32919547
5806,-6.243619,-0.25899196,-1.3074944,-0.7058351,0.35728487,-0.49235344,-0.4609703,0.48864582,-0.18864964,0.30168277,0.14827074
5807,-4.6692877,-0.020781644,-0.9444693,-0.37251115,-0.065715514,-0.1301585,0.16697621,-0.07284651,-0.15006845,0.109424524,0.38508472
5808,-5.2165766,-0.055914883,-0.8887818,-0.64471465,-0.085371286,0.37945276,0.27670208,-0.0032262458,0.058999583,0.21689102,0.246152
5809,-5.8169293,-0.18818384,-0.7124547,-0.75843906,-0.40409312,0.2907806,-0.13324481,-0.46153516,0.010622717,0.33248252,0.40088746
5810,-5.706462,-0.31165853,-0.749372,-0.5271305,-0.006127251,-0.23104028,-0.039970215,-0.26589692,-0.43385002,0.43129855,0.47875294
5811,-7.865946,0.047965933,-1.8782787,-0.60764587,0.23148483,0.115233816,-0.36067382,0.05177989,0.0406655,0.6143624,0.11804501
5812,-3.6689272,-0.049409807,-0.69123006,-0.4582177,-0.032818783,-0.010606719,0.04135128,-0.22608112,0.006430665,0.1773843,0.3513972
5813,-4.984198,-0.15959166,-1.2434286,-0.35681304,-0.32798907,0.041716885,-0.25340906,-0.089572504,-0.17542297,0.39073482,0.37375593
5814,-5.4613566,0.17517377,-1.3744106,-0.7364351,-0.14482278,-0.30473268,-0.16346276,-0.11205807,-0.04425884,0.47752416,0.47880393
5815,-5.3934703,0.111120716,-0.91307735,-0.21868427,-0.15822251,0.06419246,-0.078830294,-0.33007056,-0.2695498,0.08540596,0.1592168
5816,-4.7959104,-0.06443772,-0.7838242,-0.780971,-0.3365168,0.006924608,0.10460262,-0.2136579,-0.13950934,0.42732805,0.27591714
5817,-6.0353703,-0.23714204,-1.3197551,-0.8674615,0.049597163,-0.3994004,0.14570263,-0.065368816,0.04284759,0.37460455,0.17653413
5818,-6.262401,-0.39450046,-1.1996094,-1.0203831,0.23208109,0.23311903,-0.18970285,-0.5605368,0.20454958,0.59262955,0.32929036
5819,-7.1113687,0.27198774,-1.211052,-0.35490048,-0.15635414,-0.2006241,-0.027947929,-0.17026179,0.0021647448,0.16096458,0.42218393
5820,-5.9691095,-0.19263925,-1.4034313,-1.033341,-0.18595138,0.2504937,-0.13354206,-0.6818235,0.29905573,0.48527026,0.5979141
5821,-4.3034205,-0.20270541,-0.8874433,-0.45488602,0.1815453,0.16923964,-0.1407598,-0.46742323,-0.016028522,0.18654308,0.15129253
5822,-5.769338,-0.17954944,-1.6361014,-0.3799745,0.075214885,0.28305537,0.07926678,-0.14093408,-0.3115759,0.14861484,0.747438
5823,-6.8516293,-0.50618213,-1.3416382,-0.31114477,0.28411895,0.25119543,-0.5034725,-0.5297883,-0.21957096,0.049977962,0.31560516
5824,-5.742457,-0.1813208,-1.5174932,-0.81262404,-0.47489953,0.34147483,0.01740413,0.02643682,0.40939048,0.7387564,0.58163816
5825,-4.7377925,-0.15643467,-0.88977414,-0.40492147,-0.07588635,-0.012560423,-0.19082046,-0.25434938,-0.10111106,0.308855,0.20306829
5826,-3.7115283,-0.19220732,-0.8345257,-0.30346343,0.04234417,0.01227604,-0.07413163,-0.09004866,-0.2533274,0.25803596,0.08485618
5827,-7.95667,0.05142206,-1.5791514,-1.0640643,-0.41586947,-0.18461458,-0.055024043,0.21615599,-0.20176917,0.86436343,0.65927655
5828,-4.42904,-0.04216915,-1.0794158,-0.6709285,-0.4052593,0.041449446,-0.27716368,-0.22642848,0.070184395,0.41073403,0.24676718
5829,-6.374341,-0.12805736,-1.4365635,-0.58002365,0.107966304,0.051893003,0.20845734,0.5424651,-0.14953382,0.34232315,0.41243866
5830,-5.73708,-0.23499104,-1.2324623,-1.1707047,0.05568725,0.14713356,-0.16947292,-0.14687996,0.22304113,0.37330565,0.32062078
5831,-5.883732,-0.34665865,-1.0996485,-0.9877851,0.02830123,-0.07566413,-0.12313568,-0.41228196,0.14597158,0.57411945,0.08343956
5832,-6.457449,-0.0699754,-1.567592,-0.59872377,-0.21232165,0.47596622,0.124581136,0.27780163,-0.060288347,0.43253428,0.7495249
5833,-5.5495505,0.21288237,-1.0249722,-0.45788872,0.062984355,-0.06979533,-0.047203127,-0.29952067,-0.30335176,0.2257103,-0.06098689
5834,-4.604597,-0.00957355,-0.86647576,-0.44019574,-0.020047687,0.10151276,-0.04819134,-0.16667674,0.032986313,0.36614752,0.14711985
5835,-5.990005,0.09324042,-0.8982169,-0.7230273,-0.24288669,0.07804144,-0.13744843,-0.3415936,0.22318909,0.82279575,0.12068403
5836,-6.614557,-0.14924756,-1.1663587,-0.6631323,-0.8414732,0.029788038,0.18990107,-0.098473825,-0.44294107,0.19460191,0.44495973
5837,-4.812738,-0.22795822,-0.8242419,-0.56784636,-0.3292935,-0.09842402,0.031772595,0.36057007,-0.086223245,0.5022344,0.4319861
5838,-4.691595,-0.20846891,-1.1843516,-0.6151659,-0.2502206,-0.005917223,0.09790869,0.0785485,-0.11768004,0.25802547,0.49666917
5839,-5.5440927,-0.077218436,-0.943316,-0.22242646,-0.0883932,-0.10371788,0.010866473,0.036963597,-0.09232928,0.32087308,0.37847683
5840,-5.009345,-0.07442728,-1.3291303,-0.5225625,0.057536032,-0.13003196,-0.09544471,-0.32135746,-0.25330237,0.41234997,0.34775618
5841,-5.281737,-0.009661735,-1.0198808,-0.7353874,0.061108254,-0.004593214,-0.17937352,-0.605836,-0.15657675,0.10113926,0.21145265
5842,-5.0738564,-0.15649857,-1.4061118,-0.49194682,-0.0144291725,-0.042190954,-0.19060144,-0.16163874,-0.06964402,0.25522694,0.37018844
5843,-7.125303,-0.12678091,-1.3643153,-0.68207455,-0.26170233,-0.16122845,0.30135918,0.26681224,-0.06606361,0.5983869,0.45461887
5844,-6.959872,-0.60094213,-1.0627621,-0.9770736,-0.6617094,-0.39335227,0.06396891,-0.093150645,-0.055064358,0.8468458,0.821541
5845,-4.753713,-0.20741817,-0.57552654,-0.46267742,-0.08829492,0.35484576,-0.010310617,-0.43336615,-0.08383536,0.19852096,0.15612482
5846,-6.5223513,-0.03511731,-1.3847576,-0.7764528,0.09890206,0.095792174,-0.36687258,-0.17508146,-0.06750911,0.5975505,0.5350535
5847,-6.62889,0.16397229,-1.9385543,-0.45630515,0.48723963,-0.0061272504,-0.1977336,-0.03662189,-0.12685877,0.111118555,0.28357622
5848,-7.131082,-0.47023124,-1.1316801,-0.81087554,-0.12176675,-0.025991883,-0.033672333,-0.7350255,-0.028850706,0.23673722,0.76707953
5849,-6.450304,-0.006108354,-1.4756984,-0.50787026,-0.030511258,0.1991903,0.15036556,-0.15985098,-0.09081848,0.5609731,0.50046504
5850,-4.9633374,-0.33852014,-0.78645825,-0.032023676,0.04869014,0.08707728,-0.0824987,-0.2055081,-0.29159045,0.26063815,0.2872862
5851,-5.5415606,-0.020482928,-0.7494852,-0.68960303,-0.23494045,-0.03683042,-0.106713004,-0.064666204,-0.0640288,0.23960435,0.21162738
5852,-5.46814,0.12354793,-0.9919097,-0.45776457,0.11146069,0.005588863,-0.12006565,0.03091275,-0.28050157,0.37781456,0.15934344
5853,-4.868606,0.07780522,-0.98276675,-0.39015472,-0.29931402,0.1391955,-0.098722555,-0.085281104,-0.065484405,0.5131225,0.251363
5854,-6.450402,0.2770265,-1.2330264,-0.38332254,0.012364925,-0.042917047,0.103361435,0.063751504,-0.34047008,0.09138112,0.13690299
5855,-5.7505,-0.20580855,-1.0353984,-0.4130993,-0.26160806,0.06754869,0.061734095,-0.13301745,-0.2200082,0.049681697,0.5419222
5856,-3.5987155,-0.11310076,-0.7920765,-0.41645223,0.04636379,-0.04805786,-0.25070146,0.13041927,-0.16915911,0.1723681,-0.09562726
5857,-4.8528137,0.102069855,-1.0099522,-0.51858014,-0.21489865,-0.13420393,0.19166358,0.04789038,-0.052622423,0.46065146,0.65735996
5858,-7.826638,0.07523943,-1.4317214,-1.0989298,-0.29397488,0.19893487,-0.48087785,-0.92246747,0.2220053,0.320407,0.332374
5859,-5.7874594,-0.32142848,-0.93067086,-0.60953957,0.4346039,0.057245366,-0.15280434,0.059484877,-0.09777835,0.39896375,0.52639574
5860,-5.7644744,0.041456968,-1.0433712,-0.14743124,-0.27923247,0.6233177,0.18370798,-0.6225809,-0.04919356,0.40408903,0.24373381
5861,-6.9715548,-0.41913256,-1.5779601,-0.475471,0.22214046,-0.10585036,-0.22427563,-0.19827801,-0.30804053,0.38104433,0.03512762
5862,-7.36706,-0.16719581,-1.5801398,-0.70320046,0.04352982,0.40104163,0.08601254,0.15066233,-0.37814108,0.07780486,0.79593366
5863,-5.3300996,-0.13910638,-1.1930037,-0.5187434,0.025730874,-0.21313588,-0.09014213,-0.14539863,0.03261597,0.51472425,0.20615381
5864,-4.938803,0.027672905,-0.9053468,-0.37902707,-0.32601768,-0.041858245,0.3895792,-0.57986003,-0.3297643,0.5960083,0.45946434
5865,-6.2822123,0.019296624,-0.859719,-0.68504584,-0.34576538,-0.18613602,-0.123752914,-0.40227187,0.16992018,0.5656212,0.1615782
5866,-5.808413,-0.09261619,-1.0531143,-0.27017424,0.08920221,-0.057365544,0.019637857,-0.041473933,-0.046207227,0.72832483,0.3483758
5867,-5.287368,-0.14183067,-1.1253633,-0.37353605,-0.03872068,-0.09373944,0.009411796,-0.07539728,-0.08566969,-0.051677395,0.29881772
5868,-7.3391385,-0.33332986,-1.4871541,-0.6461826,-0.23707607,-0.36412835,-0.025344573,0.15158154,-0.21818705,1.0963979,0.23216687
5869,-5.399173,0.2853968,-0.9451535,-0.6310186,-0.119939245,-0.11906996,0.0029087146,-0.058830217,0.02951641,0.3224889,0.33324042
5870,-6.32182,0.09543035,-1.3071406,-0.7202028,0.1958238,0.52361774,-0.3785821,-0.6883557,0.30378348,0.39056024,0.014988984
5871,-4.438159,-0.24165906,-0.99535245,-0.567668,-0.13476811,-0.10976547,0.04834862,-0.35969132,-0.03536232,0.21500173,0.35166872
5872,-5.0151243,-0.3487931,-0.9920879,-0.9286858,0.05898146,0.10562914,0.025025086,-0.314956,0.18723795,0.659119,0.086211115
5873,-5.9267316,0.013541462,-1.5740367,-0.41097167,0.2795075,0.287179,0.14633718,0.023754,-0.0073538106,0.40704784,0.19898318
5874,-4.7428265,-0.12518667,-1.0784718,-0.50349903,-0.0025860476,-0.07600974,-0.0772065,-0.025693906,0.18924817,0.38469452,0.19880478
5875,-5.0574102,-0.18880449,-1.2919595,-0.8200166,-0.20175901,-0.04580151,-0.027569216,-0.07303406,-0.13580328,0.35751975,0.3312598
5876,-5.7427278,-0.075995244,-1.2036213,-0.64402735,-0.13089666,0.42455816,-0.33644643,-0.6722492,0.041115828,0.2775848,0.21540076
5877,-5.7725015,0.0012008147,-1.4538751,-0.8730292,-0.4581066,-0.08989221,0.30183515,0.1426392,0.082419455,0.7487074,0.7177666
5878,-6.1256013,-0.33128816,-0.8964674,-0.8954363,0.009230297,0.3191948,0.070866235,-0.24141595,-0.11552596,0.47700876,0.57410747
5879,-5.7288213,-0.44658023,-0.79671854,-0.7169431,-0.5278999,-0.22653292,0.050821267,-0.12555046,-0.46131697,0.50186676,0.6601211
5880,-5.3316507,-0.18532427,-1.1480045,-0.8524858,-0.2501376,-0.24614204,0.22855183,-0.24929121,0.027274845,0.32478094,0.35622388
5881,-6.6985283,0.24797544,-1.2208731,-0.91320616,-0.0641151,-0.04455004,-0.050633047,-0.43056214,0.11018046,0.351254,0.28664446
5882,-5.9252777,-0.286576,-1.2732097,-0.6907893,-0.19584283,-0.03320217,-0.17412405,-0.58644253,-0.06950198,0.3677937,0.5372166
5883,-4.914531,-0.17194341,-0.9780301,-0.6796851,0.09981613,-0.25450432,-0.09117737,-0.23091555,-0.043831788,0.42993262,-0.021371182
5884,-5.7522707,-0.14373977,-0.99211764,-0.6664089,-0.14159742,0.017772641,-0.038643297,0.06653981,-0.00065386854,0.681889,0.26827428
5885,-7.294006,-0.6643242,-1.122181,-1.034997,-0.9068447,0.5637673,0.12779889,-0.109611474,0.10363882,1.1392349,1.064868
5886,-4.566637,-0.016056329,-0.75352395,-0.38729137,-0.17377594,-0.23771273,-0.13555345,-0.2989065,0.049161732,0.24213922,0.21639933
5887,-4.7694345,-0.060341213,-0.8561195,-0.5855285,-0.25727648,0.089622445,-0.19722512,-0.19979477,-0.26499724,0.26700875,0.3576408
5888,-5.164468,0.086354814,-1.2113435,-0.38533902,0.07700535,-0.2654987,-0.0055417595,0.041761056,0.039467007,0.16990836,0.23894186
5889,-6.389344,-0.39169353,-1.3088732,-0.1372086,0.23205006,0.20228672,-0.15663409,-0.13564314,-0.15814692,0.09837267,0.3488242
5890,-6.3593087,0.09956475,-1.2728372,-0.8609927,0.06711377,-0.26719642,-0.109650545,-0.3867719,-0.13549949,0.49350238,0.099451564
5891,-4.570247,-0.17530124,-0.8712944,-0.4150556,-0.47000608,-0.37114233,0.20094052,-0.005958451,-0.21883072,0.3591797,0.25499827
5892,-7.0108438,-0.2398767,-1.0460184,-0.77216864,-0.58759433,-0.23511082,0.24306388,-0.106538646,-0.42130572,0.23398171,0.58853483
5893,-5.169622,-0.12274638,-1.0598915,-0.59070426,0.06010696,-0.25647599,-0.047370464,-0.3505194,0.42862004,0.58265543,0.60850006
5894,-3.953559,-0.085050784,-0.85858124,-0.6499151,-0.078310445,0.0510432,0.091496624,-0.3289248,0.1589971,0.08785981,0.6140107
5895,-7.2970734,-0.25339028,-1.4891744,-0.96580905,-0.3577355,-0.35650402,0.33611724,-0.26623288,-0.25936598,0.7904724,0.35820803
5896,-5.8391094,0.22264338,-1.1517535,-0.45845544,0.07370193,-0.022693178,-0.027391996,-0.08446457,0.032168984,0.2435315,0.43928495
5897,-5.6746902,-0.01079194,-1.0102596,-0.49325138,0.23473616,0.13161483,-0.05369278,-0.3215176,-0.05731403,0.3428332,0.0702219
5898,-5.585885,-0.08410657,-1.2266717,-0.997501,-0.2977245,-0.2925834,0.36250645,-0.21766421,-0.10838473,0.33218795,0.31881925
5899,-5.147975,-0.2937049,-0.95658815,-0.5535191,0.14140946,0.25202894,-0.014217543,-0.0042372765,0.16714847,0.8415892,0.35554424
5900,-4.3696117,0.071966894,-0.8259904,-0.41167504,0.19804336,-0.13081719,-0.31509045,-0.046605363,0.09393498,0.59394103,0.07527163
5901,-5.5927505,-0.16312292,-1.2867723,-0.7691361,0.12542228,0.3307994,0.11574766,0.028415048,0.0947161,0.124588825,0.36924517
5902,-6.0102954,-0.020069625,-1.318595,-0.6316988,0.1720612,-0.37703037,0.018193303,-0.15303743,-0.42395738,0.15106341,-0.010653156
5903,-4.121885,-0.0063649304,-0.5995576,-0.43182543,-0.06520809,-0.23807976,-0.0984254,-0.4254344,0.028401405,0.40462646,0.43958858
5904,-6.0636954,-0.12946045,-1.2325841,-0.82055485,-0.28474045,0.37139314,0.2541963,-0.17292145,0.038716584,0.7803854,0.7850798
5905,-5.2744503,0.093041815,-1.032376,-0.58717144,-0.13865605,-0.19742857,-0.055076994,-0.06821858,-0.04069589,0.37696382,0.3057972
5906,-5.6647115,0.097050756,-0.7686616,-0.52375454,-0.6058177,-0.2923057,-0.24723454,0.23296702,-0.09095945,0.5173463,0.13454248
5907,-6.5094686,-0.0852791,-1.5231185,-0.8099689,0.25631493,-0.19075392,-0.024393331,0.42638648,0.1128937,0.5300937,0.526255
5908,-3.95096,0.034118287,-0.95410794,-0.6303809,-0.15637957,0.08263335,0.116666354,-0.41104737,-0.023194151,0.08631553,0.18471189
5909,-6.3064876,-0.45094562,-1.0962715,-1.2115852,0.1475251,0.32900417,-0.06171494,-0.39633223,0.4325158,0.3341559,0.5635836
5910,-6.813493,-0.0533983,-1.4965457,-0.5300081,0.20722845,0.3699665,-0.17317589,-0.06273407,0.17129095,0.20964845,0.33747745
5911,-7.6554437,-0.46191046,-1.3411981,-0.7789428,-0.92842203,-0.029011417,0.72464806,-0.028986441,-0.35633525,0.48433745,0.40369576
5912,-3.842466,-0.27735144,-0.9523539,-0.3550285,0.060889125,0.255844,0.05416682,-0.50304323,0.020878319,0.21172945,0.11853302
5913,-6.1054935,-0.46865547,-0.9209443,-0.5432077,-0.1599561,0.007396835,-0.02047915,0.060107082,-0.20569213,0.32616594,0.45944852
5914,-6.409638,0.048000738,-0.9721025,-0.93770576,0.022594633,0.17644022,-0.22378622,-0.3821801,0.22068064,0.5166464,0.61925393
5915,-7.2887645,-0.28566515,-1.2447497,-0.950458,-0.025193093,-0.10409349,0.082097076,-0.57705265,-0.042785965,0.3967568,0.19081885
5916,-5.8478494,-0.36480716,-1.3191153,-0.69763297,-0.37324294,0.06356576,0.072602384,-0.28397018,0.068322815,0.86572975,0.42813867
5917,-6.160842,-0.19102149,-1.2084689,-0.5462577,-0.09190668,0.33321458,-0.059098296,0.21706544,-0.2021726,0.6716358,0.44901738
5918,-4.9750876,-0.32035497,-0.7219975,-0.8008821,-0.2550366,-0.25574183,-0.2394238,-0.30687305,0.25093788,0.6982798,0.43396154
5919,-6.0898867,-0.20875934,-0.98270744,-0.44885868,-0.32984364,-0.08457644,0.12173217,-0.18585727,-0.29643473,0.29204762,0.4105902
5920,-6.3288116,-0.12062313,-1.6164994,-0.89642966,-0.023325423,-0.10432568,-0.18181945,-0.54177123,0.16238149,0.80634564,0.5886148
5921,-4.672909,-0.053946335,-0.91218895,-0.18774307,-0.21552739,0.20596445,0.015738923,-0.22835289,-0.24943332,0.31809145,0.08593959
5922,-4.3502746,-0.009171397,-0.8379158,-0.58169717,-0.17002238,0.11864772,0.06783786,-0.6564433,0.20403662,0.46935531,0.17367868
5923,-3.7222507,-0.12314549,-0.56914705,-0.42144048,-0.15283054,0.100044176,0.17216575,-0.061310627,-0.21561082,0.4251401,0.29072022
5924,-6.799362,-0.14573702,-1.0708766,-0.69924337,-0.56529665,-0.23047943,0.48049194,-0.10449198,-0.48028564,0.36755177,0.5286762
5925,-4.1147113,0.064776786,-0.78614885,-0.408684,-0.47249264,-0.26299495,0.21734282,-0.116454296,-0.1643632,0.34662303,0.20998573
5926,-6.9863973,-0.37116438,-1.0797552,-0.8608449,-0.55323493,-0.08739188,0.096381694,-0.2579319,-0.091085315,0.34344885,0.43091324
5927,-5.3469257,-0.17915553,-1.1028742,-0.4945777,-0.2754649,-0.5053458,0.339993,0.009736382,-0.23217711,0.34039107,0.43672627
5928,-4.2339683,0.04953917,-0.80282456,-0.5920419,0.014505247,-0.09245979,-0.26166528,-0.22705378,-0.13411571,0.50682896,0.07071049
5929,-2.6203237,-0.09313243,-0.6017788,-0.11478037,-0.08745879,-0.071678035,-0.110635825,0.09146485,-0.099387385,0.27628404,0.14730658
5930,-6.861262,-0.05148433,-1.6045672,-0.5980567,-0.45690668,-0.03680726,0.027441215,-0.3550492,-0.2762809,0.06435919,0.6979641
5931,-5.754089,-0.07279072,-0.9090957,-0.6764075,-0.12071822,-0.21255374,-0.0955524,-0.29041344,-0.15334138,0.51506996,0.35225493
5932,-7.8722477,-0.09922991,-1.4129591,-0.6289329,-0.6156903,-0.0449857,0.16778284,-0.19823694,-0.07099294,0.62830865,0.32044366
5933,-5.856341,0.0018402264,-1.1143701,-0.615332,0.04570078,-0.26593083,0.11028767,0.15040605,-0.2992149,0.15694074,0.045191914
5934,-5.33431,-0.20745446,-1.6335876,-0.83936554,-0.18392381,-0.084812246,-0.010133228,0.019357946,0.09833664,0.6416593,0.69885904
5935,-4.1889033,-0.11140529,-1.0669103,-0.46842107,-0.27769566,-0.16120838,-0.024754874,0.095596105,-0.037943073,0.3542052,0.26331782
5936,-6.068733,0.10408627,-1.2597498,-0.42996743,-0.10826256,-0.19989778,-0.2157042,-0.011472054,-0.074883066,0.51777154,0.19042681
5937,-5.008511,-0.33025753,-1.2210581,-0.91820973,-0.2690632,0.29349458,-0.024818543,-0.07905969,0.26800606,0.7258406,0.712654
5938,-7.1356683,-0.22718336,-1.1454595,-0.81085014,-0.5461904,-0.04592505,0.28088847,-0.38300353,-0.22363243,0.09698461,0.34739143
5939,-5.442911,-0.035956208,-0.8499499,-0.6896601,0.07376056,0.44857365,-0.16187006,0.08294738,0.03478229,0.49057314,0.106986076
5940,-4.8916206,-0.07034525,-0.7482715,-0.6839461,-0.07570929,-0.118278444,-0.43299,-0.12369018,-0.17910223,0.31027696,0.083833955
5941,-5.610061,-0.15101604,-1.2167796,-0.5745135,-0.31743848,0.37414724,0.035760816,-0.14663339,-0.15067986,0.20838514,0.35872132
5942,-4.260356,-0.020802137,-0.8614985,-0.57573706,0.22379175,0.20619968,0.07999817,-0.08463774,0.028087381,0.25430503,0.2715684
5943,-6.7195334,-0.20095442,-1.2606493,-0.86766297,0.16635707,0.47206926,-0.19192667,0.16864644,0.22003561,0.6876141,0.41727316
5944,-6.069823,-0.07539882,-1.1206731,-0.8387122,-0.33071452,-0.1210558,0.15306833,-0.007836875,-0.111489445,0.6186469,0.4679071
5945,-4.8919315,-0.03841367,-0.8542019,-0.7348839,-0.1466995,-0.20392357,0.046278957,-0.0052456725,-0.118787885,0.31539226,0.29255468
5946,-5.8941236,-0.33879086,-0.84990877,-0.96608037,-0.19794708,-0.48262644,-0.053085163,-0.42831153,-0.21123396,0.28782842,0.30893797
5947,-4.8697686,-0.03921447,-0.9842429,-0.52215606,-0.046870947,-0.19990209,0.17824353,-0.4781022,-0.05684656,0.18672144,0.22827902
5948,-5.0806046,-0.16583332,-0.9836887,-0.9094711,-0.35370865,-0.24682383,0.22872587,-0.24765128,-0.13273112,0.36059457,0.2134281
5949,-4.5911336,-0.16612357,-0.6424617,-0.37553465,-0.5980557,0.255944,0.037911624,-0.29178146,-0.224421,0.48168513,0.50100976
5950,-4.3794513,0.10145595,-0.6983623,-0.5748238,-0.32621276,-0.03895459,0.017410066,-0.15406562,0.056787647,0.41200817,0.1637022
5951,-4.6504574,-0.16229987,-0.95341426,-0.33668777,-0.3324473,0.09701222,0.07465096,-0.1985822,0.11253481,0.11787049,0.28688782
5952,-6.6558514,-0.15593874,-1.3033589,-0.9847953,-0.07851413,0.39134204,-0.33537355,-0.6264342,-0.23055568,0.11071239,0.2933458
5953,-4.9877977,-0.048811447,-1.0685135,-0.7250867,-0.16414486,-0.13174038,0.15253478,-0.1861476,0.12075542,0.7340177,0.15491714
5954,-5.9925275,-0.2723564,-1.1341212,-0.8229694,-0.5433024,-0.18226534,0.26218143,-0.015809832,-0.16588233,0.6048773,0.31135088
5955,-5.0424104,-0.020274755,-0.9046943,-0.48652947,0.060564753,-0.077713616,-0.030703928,-0.4415072,0.014977873,0.24540298,0.48632118
5956,-5.752502,-0.31557092,-1.4166167,-0.6670114,0.19647129,-0.39595515,-0.32753372,0.06373747,-0.15349472,0.6980445,-0.09056749
5957,-4.6627235,-0.12621881,-0.88599885,-0.50204355,0.016291201,0.16696547,-0.1601736,0.002384317,-0.004991686,0.66129375,0.261294
5958,-6.0932097,-0.111724004,-0.9614775,-0.7369322,-0.3044087,0.32759655,0.096206196,-0.5328893,-0.24793501,0.5362769,0.35828897
5959,-5.7839937,-0.14483804,-0.77095485,-0.552343,-0.1148613,-0.23930559,0.0010493295,0.032082904,-0.09278143,0.5818121,0.29099867
5960,-5.625977,-0.09102221,-1.5698646,-0.7910129,0.07017173,-0.1495334,-0.3039228,-0.18501261,-0.03768111,0.5568625,0.42062855
5961,-6.9824014,0.019235961,-1.5776557,-1.1533648,-0.45431635,0.5528592,0.24071163,-0.32402724,0.15827425,0.47202328,0.5062541
5962,-4.3882556,0.03756165,-1.0120903,-0.38865966,0.25992525,-0.062975615,-0.14060517,-0.36953562,-0.2967119,0.04963936,0.04475569
5963,-4.4037075,-0.35057056,-0.7908826,-0.23202692,-0.4327855,0.048400983,0.24660875,-0.44271934,-0.21952397,0.4202449,0.33138806
5964,-5.5781016,-0.30545396,-1.1083354,-0.74610215,-0.08168087,0.047834948,-0.17970648,-0.29921043,0.23488168,0.18278845,0.29335743
5965,-5.6579027,-0.00916409,-1.071922,-0.5876812,-0.20748095,0.11091092,-0.080305494,-0.351032,-0.11073516,0.03120812,0.3372172
5966,-6.790075,0.02959134,-1.1778755,-0.36169034,0.1686258,0.1675035,-0.26401168,-0.15919612,-0.26519364,0.35119182,0.3888685
5967,-5.409996,-0.1582622,-0.8670199,-1.0215378,-0.15270366,0.20401478,-0.28893173,-0.18189341,0.22542486,0.9268852,0.76620364
5968,-7.452907,-0.20158647,-1.3951705,-1.2491016,-0.7142115,0.04027351,0.31760052,-0.086311296,-0.03637123,0.6487991,0.624169
5969,-4.9380927,-0.04310456,-0.8962123,-0.5889941,0.14294589,0.11863226,-0.0070141433,0.072053455,-0.12225567,0.5206192,-0.027386583
5970,-4.892117,-0.027644109,-0.93473256,-0.67841876,-0.092717916,-0.22107153,-0.07896644,-0.18158847,0.02586903,0.20903008,0.31660387
5971,-7.6235394,-0.29961297,-1.4565278,-0.8846202,-0.9274585,-0.38288134,0.472749,0.1343424,-0.07949906,0.504034,1.029458
5972,-4.8889966,-0.27384788,-0.82798946,-0.71613896,0.016482258,0.4205917,0.12677698,-0.65413964,0.07237235,0.13384545,0.2473675
5973,-8.406952,-0.39178067,-1.550708,-1.2563506,0.01747137,0.6083756,-0.08340959,-0.7143847,0.19834128,-0.00011863001,0.4131712
5974,-4.8200617,-0.13674653,-1.1774701,-0.649419,-0.38227844,-0.22895406,0.08112902,-0.08509079,-0.22591916,0.33143756,0.23912631
5975,-5.885816,0.101118945,-1.4966177,-0.53269166,-0.48849908,-0.086200856,0.106262185,-0.102303796,-0.18226273,0.29808626,0.50111085
5976,-5.04051,-0.27995738,-0.9021787,-0.47128507,-0.34022987,0.054186862,-0.039118025,-0.17250773,-0.058614105,0.5648363,0.35749504
5977,-6.5621605,-0.20461781,-0.9664115,-0.5974434,-0.25436854,-0.109796874,-0.38697362,-0.4967985,-0.25060827,0.27680808,0.30591103
5978,-5.1264,-0.1280353,-0.84956646,-0.61975163,-0.06308548,-0.09286268,-0.016740054,0.0428366,-0.005874075,0.3593626,0.47613782
5979,-6.5019703,-0.040446244,-1.4547225,-0.8103213,0.14189555,0.0945297,-0.19522999,-0.45759574,0.2939336,0.39078885,0.16393895
5980,-4.372278,-0.034414265,-0.69910985,-0.32993525,-0.27642554,0.015348227,0.29606783,-0.3477431,-0.2621875,0.15115398,0.12176422
5981,-6.456598,0.13682939,-1.1973429,-0.4655099,0.059461843,0.16557565,-0.058369093,-0.57574415,-0.1482835,0.4572123,0.24655302
5982,-6.1374297,0.096820116,-0.9204579,-0.18317485,0.12458537,-0.38347983,-0.3417975,-0.20072149,-0.38507712,0.117514506,0.090354495
5983,-6.639998,-0.4218691,-1.0687069,-1.0714406,0.13405403,0.18028383,0.102274805,0.0152957365,-0.069646,0.799003,0.56229734
5984,-6.6545544,-0.1315327,-1.4003904,-0.5627456,-0.05617154,-0.57983243,0.114820346,0.02491041,0.060434498,0.21661903,0.4324525
5985,-4.271238,-0.20476675,-0.62801105,-0.3213941,-0.4744316,-0.1280909,0.18927109,-0.013170177,-0.21806163,0.5018634,0.45322096
5986,-5.6237593,-0.15532126,-1.0381497,-0.89704424,0.032685947,0.040306684,-0.0771598,-0.12447915,0.13381784,0.29531434,0.30244297
5987,-5.68953,0.088245496,-1.1548599,-0.6581671,-0.2752493,0.0979537,-0.21669148,-0.24285915,-0.19186331,0.42392585,0.29465723
5988,-6.292051,-0.07574357,-1.0639092,-0.90804285,0.33245438,0.08134325,-0.4159188,-0.35270372,0.18517113,0.2919899,-0.01754504
5989,-7.8155546,-0.03117698,-1.7892784,-0.42668745,0.0860349,-0.09357611,-0.00054563954,-0.024296893,-0.024829151,0.4376073,0.3874831
5990,-6.308835,-0.3035851,-1.3156198,-0.91960156,-0.49198708,0.16928954,-0.041888673,-0.09066561,0.024821334,0.646264,0.44137862
5991,-6.4586525,-0.29634184,-1.3525892,-0.622692,-0.3270582,0.5680636,0.26295626,-0.35237518,-0.0813423,0.9725126,0.596714
5992,-5.2979727,-0.15263562,-1.0145622,-0.65933704,-0.055458743,-0.13475476,0.17212218,-0.19123575,-0.021601783,0.74027574,0.25180426
5993,-5.377868,-0.20672137,-0.7774377,-0.46322057,-0.19060154,-0.48173958,-0.03348377,-0.059574567,-0.30148518,-0.004560075,0.23438069
5994,-4.5854325,-0.12145296,-0.9526529,-0.4387934,0.28931445,-0.041455112,-0.2010206,-0.28245068,-0.022733377,0.30014822,0.07642949
5995,-4.4969993,-0.029083304,-1.0859846,-0.5066647,-0.35093436,-0.02323773,0.24026255,-0.027131772,-0.0927246,0.35359365,0.34433654
5996,-5.420117,-0.038831513,-1.1619341,-0.9955268,-0.18709767,0.050218932,-0.1377472,-0.4754241,0.22844414,0.5847705,0.16727686
5997,-5.1852746,-0.037154067,-1.5381356,-0.6249226,0.32144216,0.0173745,-0.24363054,0.0064152367,0.12122677,0.25453424,0.035478007
5998,-5.8122454,-0.032542627,-0.68628484,-0.31904915,0.09337779,-0.11890516,-0.2935764,-0.29780298,0.019276729,0.39291328,0.23697247
5999,-5.157064,-0.039037745,-1.1053962,-0.32928032,-0.36686516,0.27356052,-0.08870888,-0.56619865,-0.2762947,0.24876986,0.0013527572
6000,-6.1332874,-0.26514804,-0.8604076,-0.8602409,-0.120182596,-0.07706451,-0.014364836,-0.13698529,-0.20827526,0.32774708,0.57835037
6001,-4.997666,-0.44775596,-0.8588586,-0.61566216,-0.3469891,-0.07604304,0.08536094,-0.26496044,-0.039606288,0.54401755,0.35054097
6002,-7.8261204,-0.13638045,-1.4620643,-1.3291969,-0.10398244,0.56263864,-0.15947829,-0.8130056,0.3692048,0.5621381,0.8627743
6003,-5.8194146,-0.08855834,-0.95544606,-0.58502185,-0.36154443,-0.19427241,0.28839886,0.12650931,-0.4498635,0.36170572,0.3402426
6004,-5.463122,-0.1497191,-1.4815724,-0.71166354,-0.42319426,0.1704044,0.41712207,-0.06260837,-0.18482657,0.24787818,0.35130155
6005,-5.8765035,-0.34380057,-1.3459033,-0.777292,0.10617137,-0.06871251,-0.2104689,-0.32777768,-0.05525832,0.23030886,0.43932366
6006,-6.1001263,-0.16115564,-1.6020938,-0.9444018,-0.29211238,0.0012576934,0.07627272,-0.47915906,-0.14265952,0.45938686,0.6017603
6007,-5.152069,-0.10806437,-1.1758971,-0.38545203,-0.12031635,0.1875257,-0.21830848,-0.25658247,-0.09796606,0.11154123,0.03976447
6008,-4.1752386,-0.055210967,-1.088617,-0.42495975,-0.03083091,0.38294905,-0.18112731,-0.40843967,0.08495798,0.3695799,0.11357318
6009,-6.261894,-0.16895926,-0.97258276,-0.5389857,0.19814822,0.09223174,0.5584716,0.2121477,-0.3247872,0.14975922,0.5360832
6010,-6.9826727,-0.21705502,-1.3020126,-0.69801515,-0.02848489,0.3198508,-0.12782107,-0.6534629,-0.17798409,0.07033966,-0.08135978
6011,-7.1758146,-0.39007849,-0.80139124,-0.52125126,-0.33931702,-0.3684262,-0.16418344,-0.21766542,-0.024698472,0.38257116,0.44659007
6012,-4.928079,-0.13539003,-0.81318027,-0.44523466,-0.2807291,0.04913919,0.08169448,-0.08543202,-0.15376347,0.37394366,0.29970163
6013,-3.946227,-0.09326328,-0.87707126,-0.58459705,-0.27357456,-0.053899907,0.23088384,-0.15993984,-0.031641714,0.2698695,0.14278401
6014,-7.539328,-0.38690665,-1.2557824,-1.3015566,0.07294841,-0.08820203,-0.038383327,0.0038026818,0.050079145,0.74343723,0.52034265
6015,-6.785488,-0.2419299,-1.4348893,-0.7991338,0.25854164,0.603682,0.0054833936,-0.5006834,0.24788669,0.6514172,0.3022159
6016,-6.8517303,-0.25872213,-1.1599026,-0.6989347,-0.30044833,0.05726077,-0.059290044,-0.2476893,-0.2900326,0.5223378,0.5828732
6017,-4.4992356,-0.116401,-0.76750445,-0.13215628,0.2816676,-0.09773694,0.06034832,-0.07320627,-0.19464661,0.45302033,0.1779403
6018,-6.52285,-0.14634857,-1.0929314,-0.910541,-0.074651726,0.1899852,-0.012564869,-0.4601895,0.1321691,0.43877643,0.62085307
6019,-5.1704936,-0.02055246,-0.90749687,-0.3071679,0.019800967,-0.27493376,-0.42920855,0.2958952,-0.23791082,0.46305138,0.097131915
6020,-4.3783255,-0.033683646,-1.0886672,-0.46130028,-0.043809157,0.16804555,-0.008778504,-0.05807223,0.072011925,0.39849418,0.18230885
6021,-5.433281,-0.118810266,-1.2471638,-0.4444275,-0.2821733,0.20034972,0.21201809,-0.49031284,-0.010578517,0.540875,0.11793054
6022,-5.988121,-0.018612642,-1.1106588,-0.87056005,-0.27126622,-0.28685534,-0.20691364,0.25845,-0.034707494,0.51358074,0.26958704
6023,-5.684063,-0.24358292,-0.9156995,-0.89318484,-0.52797174,-0.11655732,0.31053543,0.2338974,0.114724495,0.6858909,0.48486006
6024,-6.8308287,0.06103244,-1.4038616,-0.4829944,0.27011412,-0.17427912,-0.35351133,-0.031147143,-0.18366478,0.111222014,0.07043173
6025,-6.2157,-0.0982696,-1.0031732,-0.8062083,-0.5214825,0.23702706,0.0044578235,-0.44378248,0.22499795,0.48742098,0.6873348
6026,-5.905157,0.13399209,-1.1396401,-0.82671297,-0.1700319,0.02474547,-0.16214196,-0.06957158,0.443888,0.4889504,0.17348368
6027,-5.919531,-0.092901416,-1.2132277,-0.51328504,-0.6060425,-0.11903538,0.050275035,-0.21452057,-0.017489122,0.4973226,0.3713922
6028,-5.9477997,-0.0282843,-1.2256464,-0.69972867,-0.2797746,-0.20968525,0.16924962,0.32112795,-0.33922637,0.51208544,0.84293276
6029,-8.4679785,-0.55063033,-2.3390083,-0.81098294,0.545572,0.8112287,-0.41035947,-0.44232416,0.2723324,0.4091867,0.16477719
6030,-4.8230333,-0.060660895,-1.1433146,-0.10667162,0.2964541,-0.10099429,-0.16534582,0.22627558,-0.15912671,0.12160674,0.16401687
6031,-9.93019,0.2850955,-1.847354,-0.5273892,0.24304055,-0.4671222,-0.02729654,0.45434627,-0.39295447,-0.14716841,0.90152496
6032,-6.135097,-0.16084732,-1.1640869,-0.45943323,0.22261655,-0.1719872,-0.37233236,0.05974952,-0.18875474,0.2695282,0.16553935
6033,-5.428374,-0.12674037,-1.0221381,-0.26663586,-0.45804447,0.2266569,0.23917532,-0.11311939,-0.46102518,0.39966246,0.29225236
6034,-7.4990544,-0.3207181,-1.4756972,-0.6311783,0.06908611,-0.055447683,0.03148331,0.031023858,0.13612588,0.81134516,0.6046751
6035,-5.5913916,-0.099570885,-0.82698464,-0.7293861,-0.7101789,0.18354692,0.046979688,-0.29651007,-0.21199833,0.42597073,0.3446758
6036,-4.9472322,0.054108407,-1.2694243,-0.75633246,-0.04988552,0.26278323,-0.08678382,-0.45675212,0.33676016,0.21275769,0.31181923
6037,-5.7879143,-0.53825444,-1.2114831,-0.71313626,0.5469299,-0.01762969,-0.28733903,-0.32357207,0.20953527,0.72210455,0.004295595
6038,-6.753406,-0.321382,-1.5385501,-0.69404274,-0.22114487,0.025302764,0.19002432,-0.31427765,-0.08685432,0.31160814,0.27603036
6039,-7.1885676,0.15659747,-1.2149342,-0.76647073,-0.3148783,-0.31508344,0.17249483,0.0016855719,-0.48118502,0.51725745,0.35568115
6040,-4.8467946,-0.15461633,-0.9478425,-0.17017815,-0.6465112,-0.27977186,0.44875202,0.13524131,-0.39258564,0.122215115,0.6448806
6041,-5.19438,-0.22766386,-1.0341567,-0.34127194,-0.39003322,0.07269463,0.10937695,0.025225122,-0.22911586,0.25129727,0.5279731
6042,-5.784123,-0.4332746,-0.8689668,-0.70554405,-0.46178642,0.2564913,-0.19267884,-0.13741754,-0.010787725,0.41588804,0.48523816
6043,-5.2613735,0.03939598,-0.754761,-0.67584205,-0.0041503278,0.14127877,-0.040586628,-0.18666205,0.1509734,0.4933982,0.44456843
6044,-5.0545444,-0.21531051,-0.7452554,-0.34409744,-0.09409489,-0.054417685,0.057859004,0.2477742,-0.070517235,0.4563342,0.2976452
6045,-4.3718996,-0.013732352,-1.1415448,-0.5012234,-0.03287855,0.26847124,-0.14427873,-0.46249697,-0.05257582,0.5126087,0.23455864
6046,-5.281903,0.10221554,-1.2766639,-0.6537983,0.2506131,0.176592,-0.25970295,-0.26389256,0.17681527,0.66335255,0.21457565
6047,-4.709586,-0.09565542,-1.1633934,-0.6516311,-0.14813906,-0.15384144,-0.1728836,-0.15563424,0.14902662,0.3052928,0.090931356
6048,-5.707382,-0.16200988,-1.1342244,-0.18188018,0.19423145,-0.20383707,-0.089176446,-0.18592861,-0.16765039,0.106620654,0.39086634
6049,-6.6590066,-0.1617671,-1.1172289,-0.5540918,-0.033530436,-0.096689336,-0.15862401,-0.02300592,-0.26450697,0.6045331,0.3707211
6050,-4.5692,-0.043250203,-0.8908347,-0.29505986,-0.05455284,0.10555618,0.2575737,-0.2793728,-0.28327152,0.22648425,0.12152263
6051,-4.882658,-0.108109206,-0.9734972,-0.40928987,-0.27801013,0.037858523,0.058467083,-0.42149794,0.02846412,0.42664874,0.26108986
6052,-6.007566,-0.10234879,-1.0565425,-0.8427536,-0.38503414,-0.09309829,0.1624619,-0.13922144,-0.1830024,0.547368,0.42252064
6053,-5.881172,-0.15036163,-0.97244936,-0.90122616,-0.25835627,-0.15497659,0.45244318,0.014156234,-0.31489453,0.46474835,0.40060827
6054,-7.311573,-0.2827367,-1.6991396,-0.41498673,0.17358199,-0.5003123,-0.4488986,0.27371722,-0.15164953,0.58140683,0.07374004
6055,-5.4081426,-0.0068018464,-0.67447895,-0.53029585,-0.26631677,-0.06307064,0.34890616,0.16322786,-0.16930884,0.602163,0.33297575
6056,-3.918868,-0.24826737,-0.68277997,-0.60923934,-0.11764391,0.04346903,-0.020465977,-0.0011942135,-0.1950325,0.3457637,0.27247697
6057,-5.1059575,-0.017674744,-1.2548512,-0.5797916,-0.010146871,0.13041538,0.026117984,-0.011799717,-0.022610078,0.457147,0.40311515
6058,-6.8527036,0.081576414,-1.7491809,-0.21562794,0.30604264,0.25238326,-0.021486543,-0.058876544,-0.1949348,0.102615096,0.45030102
6059,-5.525415,-0.28520352,-0.9297453,-0.970872,-0.1935777,0.4593997,-0.16696432,-0.5564521,0.4329506,0.8558751,0.3265728
6060,-5.55031,-0.19043112,-1.062192,-0.67169464,0.25676486,0.20166972,0.07808093,-0.06885953,0.056284383,0.44707835,0.49481463
6061,-7.102201,-0.26440224,-0.78233796,-0.76781905,-0.68843764,-0.14462194,0.25305256,-0.3443636,-0.35651731,0.30119532,0.70083565
6062,-4.5585165,0.29810447,-0.89236265,-0.20883253,0.017587375,0.22545564,0.022863798,0.08944621,-0.2563588,0.20795988,0.21238333
6063,-6.531684,-0.111691326,-1.657564,-1.2427238,-0.09008289,0.008240587,-0.13585176,0.11456849,0.37252715,1.1119735,0.39408097
6064,-7.351115,-0.007775304,-1.3888793,-0.7418264,-0.21954867,-0.18693303,-0.1966632,-0.11674235,-0.2308221,0.17695832,0.63332754
6065,-4.7921696,-0.24265234,-1.0535495,-0.7696181,-0.02455219,-0.03766445,-0.014953545,-0.25652424,-0.0998299,0.22502242,0.059613038
6066,-6.7145414,-0.24051864,-1.343311,-0.8446934,-0.4728454,-0.19991015,0.17071478,0.29996806,-0.2636569,0.9010747,0.7378809
6067,-6.995389,-0.33462203,-1.3173088,-0.80682373,0.020140512,0.35992962,0.18511334,-0.3627815,0.10793595,0.44509467,0.5669758
6068,-4.3297405,-0.110149,-0.8733357,-0.4775877,-0.19024259,0.22583215,0.053784553,-0.45538157,-0.04230611,0.1690331,0.013220509
6069,-4.752898,0.007353664,-1.1495674,-0.79914343,-0.16444835,0.25314528,-0.02176673,-0.26550207,0.24040055,0.6271561,0.30012944
6070,-4.6523857,-0.085262716,-0.6933611,-0.25508392,-0.50941324,-0.16985105,-0.02810308,-0.017992698,-0.34563476,0.42082462,0.3665052
6071,-4.685634,0.038460594,-0.8187391,-0.3660916,-0.007677539,0.042600386,-0.021664027,-0.23816812,0.011666266,0.21532635,0.39005542
6072,-5.718383,0.015641032,-1.2855412,-0.742509,-0.023423696,0.07475717,0.0042531863,-0.18627024,-0.048530757,0.5104467,0.3136423
6073,-5.4452167,-0.15788566,-0.8205204,-0.56423545,-0.47668535,0.045405697,0.43054464,-0.117765285,-0.18537024,0.44046775,0.5992537
6074,-4.872518,-0.24117275,-0.9242717,-0.74013567,-0.29050764,0.36454803,0.35407773,-0.070838764,0.123554476,0.41936016,0.2753309
6075,-6.0169168,-0.13774128,-0.99478775,-0.65980667,0.3621383,0.029654253,-0.34576234,-0.38990033,0.14305812,0.5285192,0.0068894834
6076,-3.9168024,-0.043675113,-0.76793104,-0.4829678,-0.010692315,-0.30372912,-0.1291385,-0.21353629,0.07175261,0.2022245,0.25310838
6077,-5.398759,-0.108133115,-1.341043,-0.19741315,0.0075755464,-0.35584754,0.06276247,0.41056144,-0.1628897,0.2852202,0.2684624
6078,-6.818311,-0.25051016,-1.6438028,-0.97492063,-0.1661111,-0.00520513,-0.09521689,-0.22140168,0.5234623,0.92454237,0.49322128
6079,-5.088089,-0.12894478,-0.9038058,-0.72372276,-0.2955338,0.068949535,-0.35673687,-0.2663319,0.14206232,0.4427415,0.0064033982
6080,-5.7858224,0.0110724885,-0.997456,-0.6587118,0.29795656,0.21364401,-0.12978196,-0.026087066,0.0054368023,0.53707683,0.1544782
6081,-4.6363454,-0.10942911,-0.7848893,-0.6264142,0.02463098,-0.3626433,0.09624565,0.037625358,-0.04227881,0.2784222,0.006337296
6082,-5.660428,0.08688343,-0.86334467,-0.7342749,-0.2483756,0.07000227,-0.2575123,-0.04830368,0.15192242,0.61145884,-0.006044154
6083,-6.599257,-0.15823562,-1.3858571,-0.7840158,0.45956007,-0.17071646,0.09112235,-0.18376994,0.32014504,0.2523546,0.18647975
6084,-4.555816,-0.23004887,-0.7431578,-0.4399766,0.14695577,0.19452958,-0.24014293,0.15065011,0.094382495,0.41035226,0.24442375
6085,-7.4995604,0.015207944,-0.9082959,-0.7238758,-0.54204243,0.018260812,0.18940791,-0.067218184,0.04337012,0.60822874,0.68482023
6086,-5.4434595,0.1718148,-1.0521759,-0.57648593,-0.10512265,-0.11633621,0.28758928,-0.42409357,0.017559132,0.22388339,0.32589158
6087,-5.2667146,-0.113032386,-1.0547789,-0.323811,-0.21415074,-0.11897789,0.10044626,0.24358067,0.04549492,0.35220864,0.43169183
6088,-5.6225615,-0.094631016,-1.0113574,-0.35397908,0.45006958,-0.07758905,-0.4753268,0.0049493206,-0.06095148,0.43967152,-0.03746902
6089,-7.7847724,-0.028071433,-2.027846,-0.6239694,0.095932424,0.2977658,-0.45181036,-0.10202149,0.2988023,1.0630628,0.029134847
6090,-5.651291,-0.28011125,-0.75279623,-1.1264184,-0.65666044,-0.1499814,0.27383003,-0.18310323,-0.07305923,0.31262243,0.6367983
6091,-6.0886393,-0.21555533,-1.0752758,-0.5521808,-0.44437143,-0.24277331,-0.014167479,-0.35095504,0.0025905184,0.3533406,0.6932482
6092,-5.000725,-0.30115843,-1.3038373,-0.7290147,0.33462808,0.08810135,-0.17619161,-0.21574408,0.48233306,0.5214513,0.32619697
6093,-6.1161003,0.24285053,-1.4575266,-0.5120598,0.2158928,0.0005878415,-0.083606035,0.09683606,-0.33961692,0.4312554,0.40318015
6094,-6.246303,-0.009755964,-1.3634583,-0.9927783,-0.24696124,-0.0858252,-0.3116245,-0.857079,-0.14163397,0.4254314,0.22893718
6095,-4.5093594,0.013802922,-0.85345066,-0.36217654,-0.2563921,-0.063866,0.23264213,-0.2130887,-0.19072919,0.105867326,0.16184275
6096,-4.2397594,-0.17920038,-1.0924529,-0.57522947,-0.3678392,0.14281264,0.23898034,0.045436397,0.08288737,0.6686282,0.54450756
6097,-5.127618,-0.03494846,-1.1178001,-0.5765517,-0.27083367,-0.2676465,0.0753616,-0.15719886,-0.37533474,0.12638186,0.022354033
6098,-5.909962,-0.09000562,-0.93279517,-0.36286142,-0.21225537,-0.22318476,0.17402226,-0.19263065,-0.16802897,0.054168854,0.42644766
6099,-9.1723585,-0.0071098255,-1.9129843,-0.8646681,-0.2632292,-0.20563664,-0.2397856,-0.034776084,-0.039351188,0.33860824,0.38559005
6100,-7.438458,-0.07312662,-1.7821381,-1.0084032,-0.057063848,0.58513075,0.1618214,-0.6074228,0.37726957,0.8106469,0.42291036
6101,-3.7644987,-0.15188982,-0.58028615,-0.39511186,0.005049456,-0.15888335,-0.06631155,-0.11067742,0.017554794,0.23572692,0.35010663
6102,-4.2205324,0.07153162,-0.4780174,-0.54691505,-0.35695356,-0.22152734,0.3637819,-0.12256547,-0.18684182,0.27440602,0.5392603
6103,-5.0939918,-0.14308895,-1.2167603,-0.5694863,-0.030500034,0.018147385,-0.0969628,-0.0974942,-0.15262434,0.2786443,0.4364874
6104,-5.8919992,-0.035810824,-1.356342,-0.22934236,0.344362,-0.07691779,-0.17373028,-0.14615597,-0.1879896,0.56620353,0.21306089
6105,-4.1260014,-0.13229162,-0.96395105,-0.6700942,-0.12574857,0.05044774,-0.28064108,-0.15333998,0.1041878,0.41929984,0.21509059
6106,-5.1138654,-0.12038174,-0.8286069,-0.48754448,-0.13476573,-0.32098603,0.05966198,-0.047547653,-0.13501915,0.307882,0.31372315
6107,-6.4292374,-0.22803417,-0.90380806,-0.677474,-0.6035191,0.013436047,0.006279886,-0.43759015,-0.18321665,0.27622995,0.59907174
6108,-5.367042,-0.26565295,-1.3099159,-0.77151996,-0.41029337,-0.22720405,-0.02070054,-0.38119814,0.06553554,0.598246,0.31193206
6109,-6.451648,0.09114031,-1.2159345,-0.74916875,0.1270954,-0.09337174,-0.25098023,0.13823488,-0.16665325,0.40546116,0.34018967
6110,-7.073424,-0.3236642,-1.1203134,-0.68198586,-0.053672727,0.20384377,-0.4069933,-0.118075214,-0.06718099,0.5567432,0.37490234
6111,-3.8545697,0.003954565,-0.9103453,-0.35707545,-0.15768467,-0.047129963,0.0136950165,-0.19864382,0.0931084,0.3058877,0.20394626
6112,-4.7972245,0.028454993,-0.9293484,-0.8410297,-0.26191318,0.3061157,-0.064407855,-0.36507395,0.10679578,0.6224726,0.39645952
6113,-5.078421,0.022642126,-1.0846193,-0.7461264,-0.15382202,-0.026196353,0.00923003,0.06461957,-0.043671705,0.36922267,0.68633765
6114,-5.154901,0.068136096,-1.0136462,-0.59708333,-0.012904398,-0.065056354,0.14684594,0.072081394,-0.14179301,0.5352014,0.24983302
6115,-6.5065928,-0.28259176,-1.092651,-0.6559052,-0.3300481,-0.23938799,0.120408714,-0.04538186,-0.34213197,0.4940405,0.6629762
6116,-4.2241316,-0.14326292,-0.86398673,-0.34830824,0.1135595,-0.37288392,0.030183613,0.08344226,-0.088340774,0.23082331,0.11617683
6117,-5.59136,-0.061436605,-0.7647866,-0.4630219,-0.39391753,0.0073381374,-0.218523,0.2266354,-0.03792382,0.48935756,0.30627692
6118,-5.675988,-0.39287135,-1.6084839,-0.8456939,0.2659461,-0.07205163,-0.39844012,0.0018513212,0.40507564,0.65929013,-0.109367326
6119,-8.480177,0.29859072,-0.91662794,-0.7920801,-0.14873457,-0.039746974,-0.025461644,-0.47167304,-0.39973798,0.25776032,0.3791711
6120,-7.043688,0.020130426,-1.2811314,-0.6780963,-0.37111002,0.022370022,0.53124154,0.08480044,-0.32364163,0.44319737,0.69983494
6121,-5.987109,-0.36306682,-1.2683381,-0.6643179,0.2911398,0.058163833,-0.3676919,-0.39035964,0.037339903,0.41101918,0.04702568
6122,-3.734453,-0.2314555,-0.9064784,-0.4586461,-0.37519258,-0.009209391,0.013550542,-0.01714279,-0.06365786,0.44786555,0.28534964
6123,-7.0947537,0.114108264,-1.5053673,-0.7487308,0.0058879424,-0.34034628,-0.37416622,-0.4111353,-0.14700134,0.022637874,0.15051126
6124,-5.008973,-0.20462511,-0.88800496,-0.67588216,-0.11337547,0.0645082,-0.104906715,0.15407667,0.19007917,0.68916494,0.07056802
6125,-4.9645934,0.10489791,-0.765998,-0.559476,0.12777098,-0.123633996,-0.19951552,-0.41782582,-0.015615432,0.25832996,0.14935273
6126,-6.7831736,0.15506639,-1.2400371,-0.7240827,0.27905938,0.0022792239,-0.14497407,0.09511414,-0.0635188,0.25051728,0.45028505
6127,-5.4203444,-0.22370054,-1.2829028,-0.20348224,0.10147415,0.40167505,-0.091583796,0.00134918,-0.18201208,0.6020403,0.3908649
6128,-6.7954392,-0.16138567,-0.8852128,-0.34158447,-0.44733444,-0.31799746,-0.02060138,-0.06168568,-0.46533895,0.5769352,0.67544204
6129,-5.7407894,-0.33121145,-1.182285,-0.9391354,-0.07865076,-0.12094034,0.08256169,-0.20008068,-0.11323598,0.6354337,0.33379537
6130,-4.2990513,-0.2330599,-1.0752618,-0.71774346,-0.27600196,-0.28211743,-0.13357301,-0.193854,-0.05379051,0.37254968,0.163134
6131,-4.4145117,-0.0006809728,-0.94200915,-0.50924975,0.012156833,-0.0006966451,-0.11229386,0.017601715,0.027489152,0.40804324,0.045557797
6132,-5.7980657,-0.1907804,-1.1631277,-0.64022934,-0.4864428,-0.07233177,0.14743328,0.22212522,-0.3116506,0.6342768,0.50455886
6133,-4.337973,-0.24346788,-1.332077,-0.86704016,-0.27353567,0.44801897,-0.15084012,-0.45484465,0.2093608,0.6098768,0.38522053
6134,-7.4741697,-0.5245063,-1.2480386,-0.67472357,-0.69222665,0.44233352,0.52408713,-0.41603258,-0.2498243,0.9484248,0.73914987
6135,-3.1851885,-0.094790556,-0.69137675,-0.33135742,0.20940891,0.11951602,-0.09310547,-0.076602876,0.01013039,0.3203255,0.096137896
6136,-5.827507,-0.05368079,-0.9179343,-0.46532205,-0.5382185,-0.11689894,0.07594975,-0.3059412,-0.19217592,0.3711077,0.45319003
6137,-5.2134986,-0.13152227,-0.9730741,-0.6610319,-0.23523535,0.13012582,-0.0901516,-0.655402,0.004491957,0.42115113,0.41181067
6138,-5.268093,0.11510563,-0.99389124,-0.7540988,0.08965364,-0.25072622,-0.25398925,-0.2029832,0.16261059,0.42128477,-0.06231796
6139,-6.073842,0.07106762,-0.8816134,-0.600743,-0.31638107,-0.14897674,0.19592838,-0.23477073,-0.36173064,0.23640925,0.2689004
6140,-5.8487062,-0.12536639,-1.0184265,-0.5357978,-0.0018732431,0.19628292,-0.34228933,0.109340966,0.19631398,0.651481,0.24176204
6141,-4.2688117,-0.16262414,-0.9714938,-0.15753737,0.06966855,-0.016380366,-0.06719343,-0.02396197,-0.15151522,0.13192156,0.17645766
6142,-5.937133,-0.20751643,-1.4867339,-0.5368781,-0.05895254,0.2935208,-0.2081433,-0.3083344,0.017732471,0.23487116,0.14471564
6143,-5.621627,-0.15351719,-1.0256014,-0.8278201,-0.3069258,-0.10193067,-0.07383133,-0.42248878,0.18371585,0.40403703,0.5937445
6144,-6.44337,-0.30323255,-1.0708787,-0.8972662,0.15819372,0.03383503,-0.08030025,-0.026560174,-2.7284026e-05,0.17266649,0.41804227
6145,-6.128416,0.020005856,-0.9563406,-0.58925754,0.11025995,-0.062132657,-0.06097757,0.022539234,-0.25048223,0.5613658,0.21279907
6146,-4.795323,-0.06796189,-0.7854879,-0.46941248,0.2267322,0.06690732,0.3840764,0.02434019,0.16341303,0.5315196,0.28847405
6147,-5.944421,-0.053515647,-1.2097437,-0.38706708,0.070332386,-0.20067365,-0.33975825,-0.2973346,-0.26127946,-0.0033844644,0.15195024
6148,-5.2395663,-0.2447715,-0.8129514,-0.66425097,-0.4080864,-0.12031385,-0.21009028,-0.31947106,-0.10097962,0.46306798,0.27953932
6149,-5.95131,-0.2557198,-0.9664519,-0.9848437,-0.046783216,0.433837,-0.26641223,-0.4575038,0.08962386,0.3451235,0.1953922
6150,-6.0950537,-0.05042169,-1.236854,-0.40419444,-0.19585665,0.24483328,0.24981388,-0.4603565,-0.2997096,0.2275977,0.5010795
6151,-5.548004,-0.23248127,-0.8378221,-0.5728726,-0.5451395,0.06553075,-0.1495358,-0.017081318,-0.006980296,0.49880633,0.5398737
6152,-6.2276406,-0.22557855,-1.4708054,-0.6365397,-0.21839349,0.1123492,-0.10612085,-0.77549326,0.054850012,0.5475183,0.3922525
6153,-5.9527273,-0.09845982,-1.2393019,-1.0879604,0.17084156,0.07171497,0.2083517,-0.5571667,-0.008840375,0.20062654,0.47197762
6154,-4.3670363,-0.018227883,-0.5646203,-0.5787054,-0.29546782,-0.19155556,0.03349033,-0.23819104,-0.3082792,0.21374258,0.35592434
6155,-8.125984,0.07841813,-1.5179912,-1.2435335,-0.19465753,-0.22642738,-0.4841793,-0.23148978,-0.01674497,0.19984318,0.82745385
6156,-4.949042,-0.17307968,-0.92678255,-0.6138328,-0.27375275,0.15554564,0.03643798,-0.10152151,-0.08804324,0.33568642,0.12683275
6157,-7.2202682,0.015930839,-1.6333804,-0.46191445,0.11398301,-0.1391276,-0.31107765,0.35829598,-0.20042236,0.4587185,0.23504925
6158,-4.3879743,-0.24839784,-0.87687933,-0.3074194,-0.079277314,0.15594609,-0.26282552,-0.20987038,-0.17551064,0.13148534,-0.10003577
6159,-5.7782826,-0.08211851,-1.1382205,-0.78290015,0.022845495,0.29226476,-0.09789497,-0.06626273,0.08364748,0.35564873,0.3377602
6160,-5.6356826,0.011117803,-0.60665214,-0.44581625,-0.2540332,-0.27256012,0.05483383,-0.08688436,-0.3030396,0.34538954,0.5816255
6161,-6.1885543,-0.08766332,-1.2651993,-0.72674674,-0.09138243,-0.2278993,0.07608977,-0.06834071,0.0070597567,0.6358491,0.002675538
6162,-5.93156,-0.23597959,-1.1147314,-0.678476,-0.03658626,-0.29018176,-0.2977112,-0.32717842,-0.067126684,0.31848633,0.2158469
6163,-6.860267,0.03029349,-1.010762,-0.7744358,-0.46637118,0.14082876,-0.07881157,-0.35786238,-0.3712144,0.27492583,0.62439084
6164,-4.804762,-0.15063877,-1.0982953,-0.16271466,-0.08120138,0.26432407,-0.100774005,0.099321894,-0.07987339,0.77698463,0.15534618
6165,-5.6542783,-0.03123973,-1.0015212,-0.8196753,-0.4458125,0.44375926,-0.116030775,-0.14659674,0.018437818,0.53694344,0.4731817
6166,-7.0162926,-0.3556847,-0.8823931,-0.9471535,-0.4560947,-0.35639435,-0.09769314,-0.51125544,-0.15596923,0.29538488,0.7315788
6167,-4.909083,-0.030861944,-1.2402662,-0.43776843,0.0687141,0.15750417,0.010328815,-0.18596306,-0.03809701,0.28783432,0.24012105
6168,-7.933536,-0.21691808,-1.793647,-0.6951373,0.43997243,-0.13129175,-0.1588976,0.3229855,-0.3488761,0.5272716,0.0328849
6169,-5.1987114,0.023515303,-1.0924947,-0.42804444,0.18089798,0.18675816,0.20820926,-0.19899489,-0.29571745,0.059083197,0.2642067
6170,-5.446059,-0.093649924,-1.230684,-0.5715016,-0.26740175,-0.11845937,0.029761646,0.16666844,0.0035566986,0.678976,0.5277675
6171,-5.244766,-0.118466645,-0.81861514,-0.54892576,-0.42361623,-0.059878744,0.21676098,-0.239886,-0.26357663,0.057559103,0.41387814
6172,-6.452356,-0.0060939034,-0.9852701,-0.78702885,0.03472358,-0.42341083,0.09539101,-0.049244903,-0.512764,0.09607889,0.41428748
6173,-5.942719,-0.26322758,-0.7706101,-0.68641526,-0.16817337,-0.082289815,0.15795407,-0.18970087,-0.119077936,0.25936744,0.81702536
6174,-5.129269,0.05191022,-0.86824554,-0.7017909,-0.18487196,-0.073429964,0.12978797,-0.42106575,-0.08069602,0.34935963,0.26299995
6175,-5.7291675,0.07568778,-1.113813,-0.5996553,-0.385703,-0.10228423,-0.023518957,-0.20497143,-0.067940965,0.33857003,0.48779655
6176,-7.013593,0.23518057,-1.2693976,-0.38840252,-0.3556615,-0.0018020626,-0.4238939,-0.099919185,-0.14710163,0.17894875,0.15923524
6177,-6.425563,0.017968737,-1.2170776,-0.5046064,-0.27377754,-0.0065473467,0.2797884,-0.106945485,-0.07316154,0.68812215,0.35025737
6178,-4.7989507,0.030480392,-1.064802,-0.53839076,0.008604325,-0.32373065,-0.038369246,-0.39277008,0.031704687,0.16188699,0.3979029
6179,-6.9165053,0.0029623006,-1.2387778,-0.83379835,-0.33600992,0.50038934,-0.18238632,-0.6667503,0.057085834,0.4546504,0.4717653
6180,-5.366008,-0.023532134,-0.92052937,-0.58761376,0.054701146,0.17457598,0.10210327,-0.19249184,0.04217755,0.34360054,0.23979004
6181,-4.428131,-0.08511516,-0.7507873,-0.676293,-0.28845686,-0.021244869,0.2723985,-0.021482984,0.085744396,0.4315043,0.51937443
6182,-3.4171097,-0.2237719,-0.7889904,-0.20870902,0.04928878,-0.20441137,-0.08615044,-0.004601606,-0.11648686,0.243235,0.2971777
6183,-4.5875864,-0.033918835,-0.5736399,-0.57667077,-0.24455622,-0.17416877,0.1259772,-0.19424476,-0.09928985,0.373142,0.15305004
6184,-6.3994994,-0.09962524,-1.3521144,-0.75091773,-0.033817336,-0.041323952,0.0983018,0.11774886,0.17365637,0.30736518,0.42189497
6185,-5.54451,-0.06830088,-0.9629036,-0.69521487,-0.08758714,0.10214168,0.5030503,-0.22379619,-0.3643169,0.27232397,0.36634028
6186,-4.1370606,0.085992195,-0.88754225,-0.21381813,0.16946599,0.030603923,-0.2802386,0.026953615,-0.18796112,0.47165552,0.018584587
6187,-4.678377,-0.043437187,-1.0423493,-0.5192693,-0.20370357,0.30284375,-0.03673153,-0.3548518,0.04896038,0.5463774,0.060479447
6188,-5.7936335,-0.38255557,-1.0338011,-0.44505593,-0.26578224,0.23906371,-0.14172812,-0.3659527,-0.10359029,0.39884007,0.08001376
6189,-6.8770285,-0.20396142,-1.3228339,-0.6345638,-0.17604676,-0.19531117,0.2564807,-0.06667155,-0.08009327,0.89254874,0.37310404
6190,-4.8690844,-0.2635922,-1.0746223,-0.82647026,0.09844426,-0.14356786,-0.33568385,-0.102217615,0.382838,0.36994037,0.2895197
6191,-4.266897,-0.056895953,-0.8052414,-0.49648386,-0.36120522,0.061945472,-0.16130108,-0.33899242,0.1677964,0.44968367,0.113700196
6192,-5.695872,-0.23959987,-1.1877087,-0.6463459,-0.60125285,-0.17703596,0.0676469,-0.49609992,-0.5931677,0.5983391,0.3131632
6193,-5.1547327,-0.08473123,-0.82863486,-0.7048004,-0.08294617,-0.09463707,-0.08390633,-0.36529306,0.013217391,0.5733611,0.15825734
6194,-7.0195637,-0.23095018,-1.2924528,-0.59003955,0.20640942,-0.053135782,-0.28019643,0.00024404097,-0.06667905,0.44234297,0.5583719
6195,-6.3553767,-0.41240132,-1.2042764,-0.88940716,-0.12457829,0.24722546,-0.09938784,-0.2006744,0.21793982,0.85694635,0.09869425
6196,-5.8445883,-0.09137356,-1.3888834,-0.3248125,0.39320052,0.14828658,0.057408087,-0.2540462,-0.07259755,0.53924555,0.07349187
6197,-7.037156,0.010353398,-1.3843884,-0.96666217,0.2619147,-0.2446586,-0.32560912,-0.8559436,0.54803646,0.56057674,0.08287723
6198,-5.259635,-0.21387482,-1.0239838,-0.2631879,0.06670007,-0.3664561,-0.18080407,0.1439119,-0.2549809,0.42838788,0.19918436
6199,-6.0825243,-0.19624612,-1.1024482,-0.3613331,-0.17300713,0.17537022,-0.26546833,-0.064565785,-0.06760706,0.814117,-0.054629683
6200,-7.114064,-0.588604,-1.6395851,-0.6903776,-0.2739344,0.18194884,-0.10305721,-0.54024065,-0.06766119,0.38786674,0.60463834
6201,-6.2228174,-0.04730128,-1.3084359,-0.51248085,-0.02973272,0.5023302,0.3611042,-0.5581423,-0.07178277,0.15227535,0.45626
6202,-6.448685,-0.24426965,-1.9590029,-1.1477185,-0.020182187,0.2271695,0.13697866,-0.2298081,0.46122465,0.7950786,0.3699749
6203,-4.9684687,-0.008812421,-0.84091413,-0.6086491,-0.1657605,-0.38076532,0.37818798,-0.3064525,-0.004139295,0.15921393,0.5923141
6204,-6.6898117,-0.09542342,-1.6154115,-0.9788098,-0.28513318,0.4301753,-0.106208235,-0.8224869,0.40090856,0.5971357,0.48577124
6205,-5.35092,0.07259224,-0.88275754,-0.16940667,-0.1214707,-0.15343302,0.08176528,-0.05644428,-0.26549494,0.1923008,0.28033635
6206,-5.623913,0.03227267,-1.1756673,-0.6556463,-0.35484853,0.056629103,0.04956733,-0.043925643,-0.14074466,0.28139663,0.47176668
6207,-7.602025,-0.086273484,-1.3550314,-1.0203086,-0.1381231,0.00168677,-0.25827512,-0.25949952,0.4708649,0.9162998,0.08603741
6208,-5.1283875,-0.18306507,-1.2439054,-0.65242124,-0.3416859,0.46454465,0.20363334,-0.42705,0.10972221,0.53527,0.40398005
6209,-4.3585134,-0.23752165,-0.9426448,-0.34782457,-0.008949423,0.0556474,0.025433913,-0.00676872,-0.16479364,0.57697,0.22570676
6210,-4.3754673,0.041464206,-1.0392281,-0.531542,-0.08400595,-0.011325039,-0.04006978,-0.108945444,-0.018395418,0.31334984,0.45197362
6211,-4.664974,-0.15148233,-1.0269476,-0.4828508,-0.15621085,-0.009931868,-0.11621446,-0.14557177,0.023962379,0.41812235,0.18010895
6212,-6.262769,-0.1878153,-1.2262529,-0.6717706,0.29826838,0.40431958,-0.25128657,-0.642602,-0.094630495,0.38286495,-0.08197424
6213,-4.8541136,0.07304124,-1.3250087,-0.37286097,0.07698539,0.05374882,0.013793049,-0.12662618,0.116148286,0.221774,0.15709893
6214,-6.106158,-0.20719111,-1.3644154,-0.5305314,0.3420533,0.24163593,-0.13974445,0.2235346,0.03623811,0.58767164,0.63102716
6215,-6.729764,0.076593235,-1.2487206,-0.9435315,0.37111774,0.026849024,-0.029301025,-0.34815702,0.36757007,0.4802012,0.1532709
6216,-6.584202,-0.052350555,-1.032531,-0.7076363,0.07072517,-0.35185575,-0.14442547,0.15293545,-0.2974142,0.41351318,0.3432983
6217,-6.3588037,-0.2393572,-1.3291948,-0.72036844,-0.93136823,0.46837783,0.025334775,-0.14992985,0.015762279,0.6612563,0.49914613
6218,-5.937602,-0.2724088,-0.99199796,-0.7551036,-0.14005165,-0.20139502,-0.014321622,-0.13887456,-0.21510112,0.57474,0.34108362
6219,-6.494287,-0.31926584,-1.2436253,-0.6354797,0.7064128,-0.1280895,-0.3446924,-0.34432307,-0.14408407,0.4766067,-0.0372425
6220,-5.628919,-0.25984916,-0.900661,-0.34483927,-0.3952171,0.20832328,0.031854857,-0.5246944,-0.01922349,0.24812834,0.5207207
6221,-5.9985685,-0.247348,-1.5760052,-0.8341025,0.0073750657,-0.22756341,-0.023994457,0.0077123865,0.1313856,0.47376615,0.34073338
6222,-4.6924534,-0.053867135,-1.3103278,-0.8736843,-0.05620701,0.25071305,0.08212737,-0.114740916,0.10947549,0.63004375,0.43598676
6223,-5.656814,0.30820215,-1.1753061,-0.47796062,0.21753351,0.023674708,-0.005844121,-0.099781595,-0.012163248,0.12617715,0.36419353
6224,-5.8474092,-0.21854004,-1.1410984,-0.68858767,-0.36917982,0.043670323,0.08063644,-0.77424896,-0.06507773,0.25463712,0.40129334
6225,-5.095928,-0.17605226,-0.616923,-0.071387395,0.055894922,0.09819549,-0.123647146,0.47751862,-0.25143155,0.5037418,0.11270159
6226,-5.3264103,-0.23847713,-1.2305654,-0.77150744,-0.061115526,0.17741391,-0.10619856,-0.23849083,0.2319736,0.57511413,0.37511563
6227,-4.504841,-0.16159213,-1.1107035,-0.6010792,-0.018125733,0.16594778,-0.22372857,-0.59850585,0.01747953,0.27011183,0.2554155
6228,-5.466897,-0.097578876,-0.88473934,-0.72943246,0.017323488,-0.07027447,0.0346252,-0.14793484,0.06699818,0.6247078,0.052289404
6229,-5.0021,-0.039561674,-1.1422044,-0.282439,0.16281076,0.00588327,-0.3168727,-0.2358762,-0.31778148,0.3915078,-0.029054042
6230,-4.63491,-0.23349226,-0.90939677,-0.362074,-0.40168905,-0.26946777,0.101530686,-0.32894388,-0.34725934,0.25858787,0.17496088
6231,-7.829008,-0.4809666,-1.3888096,-0.7431153,-0.4950468,0.21703008,0.06458729,-0.120770164,-0.22709021,0.63099414,0.63940525
6232,-4.8343935,-0.07735525,-1.1009207,-0.45508152,0.4333493,-0.1782736,-0.3973248,0.15434034,0.074710116,0.39389157,-0.09087063
6233,-5.1583076,-0.21636896,-0.76390594,-0.48220202,-0.36410886,-0.17566544,-0.04516706,0.106348865,-0.23089069,0.33611587,0.24320552
6234,-5.9450245,-0.24144526,-1.2640151,-0.40887472,-0.12652983,-0.054751467,0.27339444,-0.1988973,-0.1760195,0.90917796,0.24829873
6235,-6.3653417,-0.12288885,-1.6480801,-0.8863068,-0.32644263,-0.21043909,0.16025093,-0.14591639,0.005134207,0.6257426,0.34956852
6236,-4.747854,-0.012339546,-0.89882386,-0.17161006,0.09446293,0.027705869,-0.02853525,0.040468313,-0.26773477,0.34221342,0.09706046
6237,-5.1643114,0.047362283,-0.9319018,-0.6337888,-0.33656657,-0.0363936,0.37378997,-0.38371283,-0.007822128,0.40169626,0.09080914
6238,-6.2436585,0.07799008,-1.0925213,-0.28751677,0.023382468,-0.11314671,-0.0056668567,-0.18310204,-0.3206436,0.4104641,0.23112577
6239,-5.3539753,0.13349561,-0.9922458,-0.6222368,-0.14904673,-0.44684094,-0.029381525,0.032008722,-0.2096841,0.1622026,0.34942204
6240,-5.690842,-0.02174424,-1.099379,-0.2894644,-0.16183521,0.15094326,0.1850812,-0.027761763,-0.13423996,0.28405824,0.38589236
6241,-4.7367616,-0.17904305,-0.8792291,0.13312438,0.02602518,-0.06864781,-0.07009053,0.094484195,-0.23306353,0.3945164,0.16895823
6242,-4.624598,-0.05491783,-1.1415412,-0.49291456,0.05180244,0.19910198,-0.07797285,-0.28971925,0.011455592,0.29469064,0.18347377
6243,-6.683942,0.101319656,-0.75937045,-0.50880885,-0.27389115,-0.23987325,0.25079265,0.2434343,-0.40766516,0.3120746,0.28377345
6244,-7.308036,-0.2550215,-1.3083967,-0.5904552,0.31001946,-0.19109994,0.115482986,0.19635713,0.15336603,0.51049346,0.53855175
6245,-4.011622,-0.017554168,-0.98031205,-0.48684722,0.33546284,0.14946797,-0.008233557,0.13944755,0.07678498,0.12717193,0.22468267
6246,-5.981047,-0.20390545,-1.2782022,-0.6838885,-0.4314451,0.09163427,-0.1182021,-0.691148,-0.10949817,0.37168792,0.410586
6247,-6.4259596,-0.2933502,-1.2791319,-0.85944927,-0.16553795,0.49251533,0.44683453,-0.14637825,-0.09782477,0.57427394,0.5310597
6248,-5.276784,-0.13867478,-0.7544789,-0.32376316,-0.11261728,0.059030958,-0.20222357,-0.012552565,-0.29763174,0.26816306,-0.066157475
6249,-5.0647383,-0.06513335,-0.8267469,-0.40445676,-0.49027634,-0.20909287,0.13440444,0.2891428,-0.3507738,0.47211412,0.41450667
6250,-5.526668,0.04407926,-0.9887457,-0.85726327,-0.30363953,-0.29620034,0.25764954,-0.2858788,-0.46732503,0.25004232,0.16209623
6251,-4.538887,-0.15018193,-0.9081536,-0.1342496,0.25005272,-0.114132,-0.013073814,-0.14744905,0.13938531,0.39979973,0.4107493
6252,-6.4947357,-0.06413249,-1.5740979,-0.48508593,0.16301726,-0.059611246,-0.113579765,-0.16392432,-0.088185646,0.48196465,-0.011732998
6253,-5.223074,0.023341166,-0.67161155,-0.34032524,-0.43131247,0.34449804,-0.007589669,-0.5664539,-0.05384714,0.6812935,0.15316534
6254,-9.259466,0.1519415,-2.0325599,-1.2217753,0.5658667,-0.02675261,-0.44548622,-0.43198282,0.065554895,0.27393976,0.17551339
6255,-5.204699,-0.3544475,-0.9918192,-0.6526745,-0.4310443,-0.0021172594,0.1794636,-0.20189671,-0.08688963,0.38871834,0.63500774
6256,-3.6099143,-0.16930658,-1.062719,-0.14268272,-0.034264427,-0.08491421,0.07121237,0.12285826,-0.33269686,0.17644186,0.14257191
6257,-5.340346,-0.113574415,-0.874691,-0.15775058,0.036510486,0.48163903,-0.01687114,-0.5218008,-0.17219415,0.5455229,0.2152272
6258,-5.6691055,-0.19411898,-1.4554238,-0.9794893,-0.6129419,0.1068302,-0.074096054,-0.2815196,0.09313652,0.90717703,0.3716083
6259,-4.486316,-0.18445885,-0.66086286,-0.38804367,-0.2682712,0.2883222,-0.03738607,-0.14531115,0.038702212,0.75503105,0.12974906
6260,-5.2205396,-0.17631157,-1.1458416,-0.32686752,0.040002346,-0.18423635,0.12989111,0.089271314,-0.017724914,0.13004643,0.2843603
6261,-6.265739,-0.09461017,-1.5630763,-0.36391997,-0.00434472,0.09971444,-0.26643166,0.13936654,-0.16985233,0.42122403,0.15824482
6262,-5.8698654,-0.25798813,-0.99562246,-0.8084783,-0.0027234606,-0.048600964,-0.099136695,-0.042504877,0.038693074,0.50658154,0.032556508
6263,-4.8513417,0.01364857,-0.93721944,-0.8419437,0.11095183,0.31156522,-0.028720055,-0.21926995,0.10529723,0.2399296,0.25021446
6264,-4.64324,-0.27088323,-0.7679636,-0.6314803,-0.34279072,-0.13646051,0.2932671,-0.042730063,-0.07427438,0.4099051,0.5470555
6265,-4.830234,0.12731624,-1.2271311,-0.3653534,0.08744027,0.30939925,-0.045685824,-0.37961066,-0.16553962,0.14008418,0.25301772
6266,-6.8866053,-0.40398046,-1.4670527,-0.39268485,-0.24437687,0.036647733,0.07810668,-0.18161625,0.16895708,0.70575863,0.19729257
6267,-5.6187544,-0.17218313,-1.4770551,-0.59583104,-0.2970521,-0.2212869,0.26107094,-0.3397344,-0.1828085,0.4096701,0.5217004
6268,-5.4336896,-0.124739364,-1.1291306,-0.8413761,0.01568693,-0.068327,0.12723403,0.015592563,0.025240416,0.5117937,0.46174076
6269,-6.530837,-0.050391126,-1.0527908,-0.44088143,0.1512483,0.35222858,-0.10686663,0.13281524,0.25975254,0.7491212,0.34399322
6270,-5.3312974,-0.2047008,-1.0880117,-0.67450166,-0.3082895,0.038328763,-0.09140271,-0.11559532,-0.055908494,0.81147087,0.44959888
6271,-4.71878,-0.35186955,-0.8169607,-0.51970035,-0.33497098,-0.2752933,-0.21089913,-0.045058675,0.10482074,0.6392633,0.4517111
6272,-5.4662247,-0.19057015,-0.9779063,-0.569293,-0.28382596,-0.0067934375,0.06888731,-0.42553762,0.012078732,0.39192498,0.19995952
6273,-5.6589837,-0.2515079,-1.0224577,-0.4730626,-0.34887433,0.19320306,-0.17329091,-0.28773466,-0.012692604,0.61870867,0.30545563
6274,-4.3832917,-0.034081556,-1.2284904,-0.71210045,0.11743671,0.11034462,0.06183392,-0.33967304,-0.14683546,0.5309238,0.4130547
6275,-6.8367734,0.004660794,-1.0843837,-0.55684674,0.15814674,0.4126277,-0.26229635,-0.19948626,-0.26841632,0.46926677,0.27600014
6276,-4.3264446,-0.28362048,-0.92550653,-0.44583863,-0.1061114,-0.11117442,-0.17858103,0.104121044,0.08919529,0.29905,0.339095
6277,-7.6726418,0.1058498,-1.2913724,-0.5337022,-0.14591703,0.121556506,0.28862673,-0.14058183,-0.15189122,0.8704005,0.4189502
6278,-5.6130357,-0.24672697,-1.1913501,-0.8000071,0.15142456,0.62864363,-0.13837653,-0.49062398,0.1393849,0.084859654,0.24760169
6279,-5.061515,-0.225737,-0.6035152,-1.0177667,-0.3891096,-0.038858555,0.38041183,-0.38840702,0.015448082,0.21571183,0.52790844
6280,-4.867885,-0.10519064,-1.0129403,-0.33586213,-0.0007509086,-0.13163994,-0.15186356,-0.31337187,-0.22652209,0.40904617,0.49872422
6281,-5.2555933,-0.008095226,-0.9654497,-0.45353714,-0.2843162,-0.16652676,-0.1488341,-0.18301389,-0.21506898,0.33126342,0.41266766
6282,-5.874255,0.06787074,-1.7139184,-0.8892456,-0.30841562,0.09172501,0.12766519,-0.5062566,-0.07119227,0.24476236,0.31274652
6283,-7.0397053,-0.31877324,-1.4025638,-0.87878895,-0.20960052,-0.20979208,-0.055215433,-0.38893175,0.09168224,0.51345056,1.1744785
6284,-5.397551,-0.2815548,-1.1221626,-0.506708,-0.29132977,0.19575419,-0.19380929,-0.46579647,0.27327254,0.40641928,0.38970718
6285,-4.735812,-0.027056377,-1.0327039,-0.60584277,-0.30614275,0.08740755,-0.022293068,-0.30412936,-0.06203188,0.35804433,0.25940326
6286,-5.883707,-0.020725735,-1.2753564,-0.31860334,-0.28018382,0.35645455,0.10679688,-0.5866663,0.051916763,0.111500666,0.2397301
6287,-6.2515845,-0.036182847,-1.0507927,-0.42598528,-0.06427072,-0.431544,-0.07439826,-0.48943076,-0.087765,0.12835738,0.3565236
6288,-5.27122,-0.124337256,-0.8678808,-0.63060033,-0.5248888,-0.2369334,-0.16660185,0.27179793,0.051624328,0.52595216,0.34719893
6289,-6.557089,-0.3171183,-1.3186741,-0.85368633,0.17335922,0.6245633,-0.21677494,-0.41925505,0.36067602,0.7238042,0.06562658
6290,-7.1459827,-0.25346422,-1.3981173,-0.8882731,-0.4581943,0.09779422,0.2183515,-0.53838736,-0.16776215,0.17954625,0.6638383
6291,-5.297443,0.09989964,-1.0050851,-0.40341797,-0.15220699,-0.021990893,0.08481322,-0.11634954,-0.13392386,0.558844,0.37780383
6292,-4.6557865,-0.00012547895,-0.8592974,-0.18381488,0.2689161,-0.14210121,-0.2464632,-0.09894566,-0.11867529,0.36549488,0.120628715
6293,-6.4679213,-0.32144037,-1.8702543,-1.2574081,-0.14154918,0.09630188,-0.54436415,-0.7070251,0.4278153,0.41134056,0.3165586
6294,-6.3509464,-0.08738187,-1.1029667,-0.7856314,-0.3034085,0.11530013,-0.2054677,-0.24284413,-0.03692332,0.3958074,0.0021940526
6295,-5.2885847,-0.15105385,-1.3210194,-0.8932787,-0.278769,0.25302196,-0.14152482,-0.5052774,0.11195928,0.33638304,0.6120752
6296,-7.445547,0.37290442,-1.2596934,-1.1626642,-0.26967087,-0.47265315,-0.021979373,-0.42693105,-0.15272479,0.7703889,0.5579318
6297,-4.8850617,-0.27522984,-1.1445134,-0.9081176,-0.018911503,-0.08062679,-0.020336736,-0.1279393,0.3167829,0.57893187,0.24408194
6298,-4.734895,0.12669949,-0.69935125,-0.4276848,0.26521716,-0.26386905,-0.20066184,-0.0706234,-0.10501863,0.054713264,0.04832443
6299,-6.6822696,0.10193117,-1.2918761,-0.29284385,0.17230171,0.22670083,-0.16264972,0.021270584,-0.30558425,0.61990476,0.4545842
6300,-6.185144,-0.018139265,-1.035837,-0.6155082,-0.24446416,0.10963797,0.26359916,-0.2577629,-0.3687175,0.6327466,0.3004247
6301,-6.129764,0.118875295,-1.386722,-0.69851243,0.59080976,0.040812697,-0.06957715,-0.048135728,0.2283785,0.66220385,0.05762794
6302,-5.7623544,-0.11982131,-0.82769567,-0.73304933,-0.09407233,0.04182985,0.08643827,-0.18933068,-0.13165493,0.061444823,0.2986311
6303,-7.5726304,0.025852166,-1.6608478,-0.67435974,-0.19267713,-0.023621548,-0.4952806,-0.6002161,-0.16088212,0.5304571,0.29719105
6304,-3.597263,-0.16660589,-0.87934005,-0.39235345,-0.29505348,0.015260741,0.015632216,0.19013403,-0.112568334,0.24346866,0.38253498
6305,-5.9726996,0.0140970675,-1.1202158,-0.36481848,-0.04400774,-0.13676724,0.2453614,-0.130187,-0.08100443,0.43911502,0.3940092
6306,-6.478916,-0.25983027,-0.9922407,-0.8591992,-0.6853519,0.046745606,0.42658702,-0.4890873,-0.2530186,0.16686502,1.0041723
6307,-5.414916,0.22836319,-0.81516886,-0.51709884,-0.19451398,-0.19323117,0.09657814,-0.36661407,-0.26293194,0.05596965,0.23693639
6308,-4.714159,0.0190275,-0.9848703,-0.51822364,0.13665688,-0.086115606,-0.099047035,-0.14764795,-0.04229661,0.44372162,0.07735655
6309,-8.042246,0.042121623,-1.6891646,-0.5707478,-0.27464578,-0.28640908,0.13080959,-0.19763531,-0.008490281,0.6812109,0.56006604
6310,-6.5927973,-0.03438969,-1.2551285,-0.47474495,-0.27873397,-0.33329707,-0.076118864,-0.54638785,-0.15745474,0.40921554,0.0120441355
6311,-5.248775,-0.034117408,-1.3060726,-0.7236891,0.21046689,0.24756788,-0.083690204,-0.31277558,0.32677978,0.8792442,0.31102625
6312,-5.5407367,-0.17812912,-0.86497265,-0.76579154,-0.48453867,-0.082801715,0.32026386,-0.440657,-0.029391417,0.33561876,0.69654757
6313,-5.3406773,0.06723427,-1.1469231,-0.6313107,-0.16904001,0.14078267,0.19871914,-0.41020656,0.2863262,0.5050262,0.1179406
6314,-4.8519516,-0.041888457,-0.69786423,-0.57790637,-0.22367805,-0.20478074,0.0045223767,-0.048798934,0.14492366,0.37263495,0.47484848
6315,-5.0359907,-0.14990287,-0.8995057,-0.3052543,0.18769036,0.012416948,0.23470095,-0.28262773,0.051036894,-0.13740265,0.40845257
6316,-6.1753182,-0.2736547,-1.3735955,-0.682561,-0.035203747,0.515526,-0.107802704,-0.33693728,0.093300775,0.6867496,0.07952126
6317,-6.643396,-0.19826493,-0.9216424,-0.94544834,-0.62194693,0.1816349,0.24257657,-0.3623413,0.22809252,0.5555442,0.7251208
6318,-5.937706,-0.3756229,-1.1757239,-0.50886595,0.15581086,-0.16286868,-0.23500417,-0.22353621,0.2765536,0.618669,0.26735887
6319,-6.6233916,0.074941725,-1.0310417,-0.53683144,0.06100524,-0.18849543,0.14255105,-0.1451829,-0.30084953,0.37843704,0.38173574
6320,-6.1217017,0.16194843,-0.9198839,-0.5017669,-0.4143451,-0.51452273,0.031326447,-0.12448513,-0.24842127,0.40788332,0.36981592
6321,-5.183076,-0.108767256,-1.3035796,-0.27453592,-0.44185215,-0.13783525,0.13593535,0.15032056,-0.43934304,0.28310615,0.3880261
6322,-4.846835,-0.18282399,-0.81810313,-0.007849273,-0.23324499,-0.16983622,-0.018413592,0.1054574,-0.29015604,0.4265838,0.43484125
6323,-6.0725617,-0.12453912,-0.8511838,-0.83745253,-0.35511357,-0.313062,0.07631255,-0.16195896,-0.24167742,0.12742892,0.13637318
6324,-5.065868,0.10983975,-0.8830781,-0.31593642,-0.07186005,-0.09693639,-0.10024779,-0.038160495,-0.3080887,0.32322747,0.43612662
6325,-4.988937,-0.104986064,-1.0286298,-0.6523836,-0.42300382,0.34496218,-0.02907322,-0.12585959,0.080780104,0.5246767,0.4364162
6326,-5.6077166,0.065612525,-1.1002598,-0.54086924,0.10050437,-0.11701034,-0.10141829,0.17724787,-0.1746559,0.20772804,0.34017655
6327,-6.935304,0.32573745,-1.3942584,-0.92054766,0.18114537,-0.27238238,0.029688869,0.20027794,0.13725342,0.4049553,0.39714512
6328,-4.469334,0.11647076,-0.7626415,-0.28702456,0.08735148,-0.20984241,0.0269843,-0.12104162,0.056598276,0.25353122,0.31419125
6329,-7.0976515,-0.29483363,-1.2987963,-0.64280164,-0.42118692,0.03745684,0.019872218,0.09270635,-0.41939926,0.30308223,0.48105553
6330,-6.2727275,-0.042956673,-1.0357667,-0.7319478,-0.21394733,-0.03748923,0.27610478,0.2305351,-0.156291,0.37048024,0.36762062
6331,-6.1122127,-0.2281691,-0.86762184,-1.0860959,-0.2743939,-0.3267476,-0.12586884,-0.37425917,-0.035600506,0.36737987,0.45354256
6332,-6.0273495,-0.5018009,-1.1226387,-0.87803054,0.024425466,0.00060168514,-0.0495304,-0.5629781,-0.03363847,0.71070373,0.19303216
6333,-4.7260523,-0.15908593,-0.778603,-0.5005544,0.068027064,-0.13667223,-0.0019129021,0.05206296,-0.040708877,0.42045686,0.18584795
6334,-6.1875415,-0.06497227,-1.1974535,-0.5190711,-0.19519168,-0.096331574,-0.005972159,-0.21351618,-0.00107521,0.32858297,0.08410916
6335,-4.9056563,-0.08470783,-0.971988,-0.6350471,0.2618633,-0.061514683,-0.16983423,0.19969445,0.03180053,0.52714425,0.0057881176
6336,-4.254598,-0.12831981,-0.7550111,-0.53679454,-0.45540068,0.056710966,0.18351382,-0.1557719,-0.1689047,0.44397292,0.512621
6337,-4.732396,-0.1625274,-0.6555181,-0.29238924,-0.08083825,0.039421007,0.014283451,-0.13964131,0.2392088,0.6016479,0.22422822
6338,-4.4592423,-0.31385854,-0.59482914,-0.48388276,-0.17296751,-0.0026111724,-0.14311823,-0.07168618,-0.060300596,0.52655965,0.27818015
6339,-5.410496,-0.17887323,-1.0736094,-0.54094774,0.034582797,-0.074790716,-0.1660728,0.02940831,-0.13272604,0.49578258,0.26241916
6340,-5.8817105,-0.13690421,-1.0449016,-0.7776961,-0.37024203,-0.0009221826,0.0924646,-0.37674215,7.348135e-06,0.46462014,0.93680495
6341,-5.0215445,0.0006282171,-0.92674077,-0.7313436,0.34798485,-0.13349664,-0.080119014,-0.38167906,0.34236786,0.6152342,0.1597582
6342,-4.3824396,-0.2785958,-0.8122651,-0.6091262,-0.6515714,0.17123614,0.028989803,-0.23157999,-0.031970277,0.6153652,0.51912856
6343,-5.6288285,0.069488086,-0.5981347,-0.38086224,-0.1574924,-0.3867427,0.19161722,-0.22701904,-0.18806583,0.3656263,0.110787995
6344,-5.7651286,-0.022630401,-1.088363,-0.47318837,0.11358567,0.17224517,-0.33126116,-0.7377728,0.06854448,0.04002843,0.116089225
6345,-5.3324447,-0.1508982,-1.021237,-0.50137895,-0.31663254,-0.10526447,0.07525487,0.13628234,-0.05054768,0.39165667,0.27060226
6346,-6.089414,-0.016647816,-0.96103585,-0.7083845,-0.6961053,-0.24417834,0.258904,-0.21335617,-0.33664012,0.6318744,0.33850765
6347,-5.050031,-0.016677823,-1.1817515,-0.43464872,0.0023185136,-0.17022523,-0.18796441,0.13007395,-0.07729823,0.23724428,0.27148578
6348,-6.479365,-0.11039704,-1.7038106,-0.7392348,-0.14911512,0.0031092498,0.11134319,-0.30275092,0.16093548,0.36683214,0.48956287
6349,-7.8392963,-0.050083872,-1.5964956,-1.1762921,-0.41718805,0.18240824,0.11125391,0.22040698,0.5400004,1.1402501,0.81051564
6350,-6.030274,-0.1780711,-1.3495555,-0.5260922,0.4800661,-0.018285973,-0.39366284,-0.5536173,0.06333704,0.31031832,0.11229209
6351,-6.586032,-0.22264433,-1.3485562,-0.9012571,-0.26964846,0.19496623,0.007245578,-0.02481976,0.117522895,0.75836885,0.31975815
6352,-6.358065,-0.20391387,-1.3790516,-0.8739271,-0.12920567,-0.22005135,-0.5336127,-0.21667047,0.037039243,0.10196746,0.5600059
6353,-6.129796,0.34803677,-1.3925556,-0.4819365,0.23109658,-0.030835886,-0.43572408,0.41389763,-0.012758672,-0.0032855412,0.12069272
6354,-4.380897,-0.32500973,-1.0908084,-0.67461485,-0.034598146,0.11634349,-0.03145366,-0.19922665,0.12358176,0.3736847,0.17639868
6355,-6.2479477,-0.04136973,-1.6960543,-0.52736723,0.503059,0.14023092,-0.35386658,-0.04068026,0.0406404,0.061926942,0.35939413
6356,-5.496793,-0.19281493,-1.3092308,-0.76437014,0.1145623,-0.005768326,-0.15584594,0.065203965,0.102200516,0.66363686,-0.033611026
6357,-5.1938963,-0.22845337,-1.2141477,-0.6091631,-0.13267444,-0.0040289676,-0.15385947,-0.18433656,0.06443723,0.39174798,0.44044727
6358,-5.6651254,0.0012583164,-1.1356385,-0.85313714,0.035657663,-0.055956468,-0.18055226,-0.24463364,0.22518063,0.53755367,0.3676431
6359,-5.8606286,-0.3972349,-1.2474767,-0.3808488,-0.06611951,-0.008919952,-0.12018318,-0.47332108,-0.3414793,0.730118,0.040732127
6360,-5.081379,-0.040798083,-0.9572619,-0.74686915,0.25627884,-0.21078141,-0.33781755,-0.12332264,-0.16109568,0.26416898,0.050601352
6361,-5.1668115,-0.11631365,-1.1449314,-0.5392933,-0.07337994,-0.016487062,0.059465382,-0.02142747,-0.27775308,0.40204918,0.09997852
6362,-6.9240355,0.1345173,-1.3732013,-0.33028057,0.35065293,-0.018368447,-0.34602386,-0.09266526,-0.35913816,0.313934,-0.010632259
6363,-6.3859854,0.20323215,-1.2744333,-0.5974289,0.11438867,0.10690509,0.12580834,0.09271525,-0.0056255274,0.4082433,0.32026175
6364,-6.1105514,-0.028017137,-1.2892673,-0.72985387,-0.08720537,0.32524872,0.07911957,0.114601955,-0.14061289,0.28244114,0.49798244
6365,-5.100732,-0.024182636,-1.0496782,-0.55783176,-0.013160493,0.09352335,0.15071423,0.055553026,0.050767936,0.23247695,0.62396127
6366,-5.2297416,-0.03131818,-1.2272718,-0.5854221,-0.088156804,0.0016181506,-0.15394677,0.0036159493,-0.17058498,0.06555484,0.07780848
6367,-6.846823,-0.3512291,-1.2631617,-1.0244952,0.32250202,-0.3254254,0.012478611,-0.14480625,0.13725825,0.5982966,0.51607925
6368,-6.3884873,-0.044662785,-1.6760142,-0.87591916,0.15658066,-0.25690675,-0.091005564,0.039998643,-0.05637631,0.46991757,0.34147274
6369,-6.5801077,-0.103934154,-1.6173913,-0.59942335,0.60908175,0.048556533,-0.23021418,-0.08295742,0.15849817,0.24161631,0.18409672
6370,-5.0241585,0.13318476,-1.0296404,-0.4949414,0.077916905,-0.020089174,0.10512965,0.19351345,-0.1235555,0.32055265,0.30175525
6371,-6.211009,-0.111742094,-1.3792622,-0.60333866,-0.16839916,0.050043605,-0.07406456,-0.41408285,0.0033689402,0.5626638,0.36550745
6372,-5.7493477,0.03177936,-0.7989412,-0.66709703,-0.38667336,0.07813753,-0.07556906,-0.093073525,-0.06974679,0.28517666,0.19106199
6373,-4.3967133,-0.31987098,-1.310481,-0.33511636,0.16193862,0.119230494,-0.16622859,0.1907051,-0.016147194,0.43715546,0.27000275
6374,-4.1293774,-0.129965,-0.8251774,-0.3527258,0.091843665,-0.213779,-0.17497651,-0.18242271,0.10479406,0.0015143184,0.5219779
6375,-5.7238984,-0.19332524,-1.3067962,-0.67617065,0.040855307,-0.010179505,-0.2384529,-0.4140141,0.048995025,0.25033647,0.5152806
6376,-6.3349457,-0.095489524,-0.9414373,-0.91643506,-0.09453853,-0.3713413,-0.008672587,-0.34294203,0.14950497,0.367196,0.12965187
6377,-5.867679,0.08786028,-0.97804534,-0.66429377,-0.22400999,0.092251614,0.22826576,-0.14628756,-0.21708018,0.16889212,0.24995676
6378,-5.201372,-0.2645871,-1.0951066,-0.8560327,0.052074704,0.34766936,0.18782344,-0.5844306,0.30562675,0.2900659,0.53862125
6379,-5.4019103,-0.11306504,-1.0878772,-0.75315595,0.26248598,-0.015266985,-0.100861415,-0.10655888,0.09248105,0.24802467,0.2530451
6380,-6.582773,0.218696,-1.4652373,-0.5457981,0.21022724,-0.09261087,-0.32962346,-0.15578279,-0.10227892,0.34277728,0.45899597
6381,-3.542267,0.0017742552,-0.5986275,-0.32858613,-0.16196223,-0.11986491,0.11877567,-0.2636621,-0.18295598,0.28622302,0.17091994
6382,-7.8365374,-0.14714772,-1.7880373,-0.3203939,0.24144611,-0.25537688,-0.27455416,0.35377598,-0.3418749,0.3362746,0.27271712
6383,-7.7283254,0.07251587,-1.5214983,-0.786601,-0.13753785,0.5508429,-0.18928097,-0.21130441,0.02595447,0.095620915,0.30596673
6384,-5.577402,-0.02402892,-1.148323,-0.40779546,-0.25236666,0.12679222,0.01670456,0.048059948,-0.06789112,0.24941093,0.54951715
6385,-5.6006346,-0.2927535,-1.1357276,-0.59584343,-0.47261718,-0.5033561,0.33302397,0.053401515,-0.41986406,0.4658793,0.66399384
6386,-7.088071,-0.2844226,-1.409104,-0.8419367,0.17270096,0.1179299,-0.13578865,0.064401306,-0.096143015,0.99626076,0.27745867
6387,-4.963145,-0.30505866,-0.9639627,-0.42350486,-0.07378199,0.023203636,0.16701607,0.06256227,-0.34693706,0.3089867,0.43808043
6388,-5.331003,0.004103648,-1.3147452,-0.5998691,-0.2928066,0.13184017,0.07518233,0.010835658,0.20372346,0.45116016,0.2727307
6389,-5.439109,-0.2220887,-1.0346444,-0.5370087,-0.26282173,0.16135782,0.34381878,-0.4206181,-0.11454025,0.19737528,0.25039923
6390,-7.1776614,0.052261103,-1.5268236,-0.6784241,0.26372212,-0.3075295,-0.3061248,-0.39223716,-0.1331589,0.083488226,0.5276922
6391,-3.9926586,0.056699783,-0.54583836,-0.3129745,0.0571498,-0.01322552,0.38810548,0.20339869,0.05282957,0.30025977,0.2160469
6392,-6.4910164,0.16871957,-1.5815179,-0.4005737,0.131905,-0.037675854,-0.18751854,-0.27159628,-0.37311915,0.34257334,0.22400276
6393,-8.322373,-0.33193144,-1.5260416,-0.8827812,-0.25658667,0.32661754,0.26064953,-0.12423929,-0.1297626,0.86490715,0.8186314
6394,-3.8150322,-0.013472789,-0.869151,-0.45571727,0.16080451,0.3007843,0.12364081,-0.1798779,0.02254971,0.11289141,0.24844734
6395,-4.6603913,-0.2723212,-1.0097641,-0.5443044,-0.19800654,-0.03062845,0.20059414,-0.22637962,0.103222236,0.4300525,0.20069776
6396,-5.410046,-0.030238334,-1.0510148,-0.3549656,0.08189346,-0.20253646,0.0010223081,-0.14277309,-0.09966992,0.011890654,0.13351364
6397,-4.510026,-0.15273282,-0.9202649,-0.3601188,-0.20635165,-0.28679532,0.37933165,-0.3091501,-0.15481734,0.20611283,0.49774247
6398,-4.2066216,-0.2287265,-0.75916123,-0.54628015,-0.2183481,-0.22334766,-0.18167724,-0.057383724,-0.0120235905,0.49409327,0.049136516
6399,-4.966215,-0.3047281,-1.2693423,-0.52924395,0.20555587,0.01214893,-0.098749936,0.01412528,0.1621592,0.48410028,0.028672464
6400,-8.093181,-0.42922887,-1.5646029,-1.0251622,0.33977917,0.16140386,-0.2721875,-0.40002304,0.29353195,0.78091735,0.21394745
6401,-4.8563013,-0.4399076,-0.86379594,-0.6367951,-0.33309048,-0.3096984,0.059042316,0.009895936,-0.00049855746,0.54433364,0.35927817
6402,-4.3343983,0.20756759,-0.8901896,-0.38130286,-0.048274264,-0.028432056,0.30269498,-0.12388531,-0.18501124,0.13994959,0.14160533
6403,-5.851428,-0.42605343,-1.3436507,-0.7508316,-0.49095196,0.066027015,0.39099157,-0.03394813,0.084170796,0.8037909,0.45555487
6404,-5.7389517,0.29219064,-1.3618337,-0.5615962,-0.1873496,0.33719236,0.038519584,-0.0704375,0.032600276,0.5869364,0.50491077
6405,-5.7654266,-0.12832616,-1.0174655,-0.2813614,0.21746726,0.0055932794,0.06737051,0.027150422,-0.21925834,0.41652802,0.3008504
6406,-5.859686,-0.045456637,-1.2419345,-0.65187484,-0.24815518,0.16783659,-0.07595137,-0.21144116,0.28735885,0.34455553,0.3617313
6407,-4.4107547,-0.0034094295,-1.0743936,-0.34834677,-0.35267267,-0.26927036,0.10305003,0.03594214,-0.21561593,0.29429308,0.17981704
6408,-5.1597123,-0.097392485,-0.84649634,-0.6697573,-0.008699313,-0.016278224,-0.021174606,-0.19575126,0.019332727,0.32339728,0.5225739
6409,-5.284999,-0.37829632,-1.0706437,-0.58908236,-0.01822484,-0.20995958,-0.21908765,0.06778822,-0.14631648,0.66172564,0.3693321
6410,-6.8990335,-0.05778006,-0.93750596,-0.57687867,-0.678304,-0.07658863,-0.35352156,-0.5764047,0.0027717045,0.3470329,0.29652452
6411,-4.703482,-0.24347459,-1.0409871,-0.32096544,-0.062154494,-0.023670215,-0.09831998,-0.31339988,-0.19836882,0.16111676,0.2477611
6412,-5.337762,-0.22374538,-0.7492193,-0.5264409,-0.524962,-0.013369139,0.15087385,-0.02582301,-0.1995498,0.21733,0.6278223
6413,-5.702948,0.06480725,-1.167127,-0.66498387,0.23144095,0.32481182,-0.14899743,-0.50027287,0.28754467,0.49898827,0.19496244
6414,-6.4070463,-0.373122,-1.5493323,-1.2510347,0.21348527,0.16332847,-0.24082665,-0.24312568,0.39329535,0.41076005,0.20953104
6415,-6.3108907,-0.23482922,-1.0972259,-0.6596999,-0.87988937,-0.39636016,0.43352455,0.00827945,-0.35584834,0.4576907,0.5941551
6416,-4.15869,-0.16831593,-0.901851,-0.50603867,-0.17889084,0.3133481,-0.15658574,-0.14354005,-0.057902597,0.31458518,0.27417412
6417,-4.9675,-0.16543934,-0.90613383,-0.48419043,-0.12900695,0.28806,-0.05895724,-0.2696761,0.1729965,0.7793938,0.21901378
6418,-6.8423696,-0.016363993,-1.2966892,-0.60165524,0.0068934457,0.10001248,0.35803086,-0.30907077,-0.40749133,0.16971953,0.41923684
6419,-4.4654384,-0.15981616,-0.4971168,-0.28095347,-0.34562424,-0.21321039,0.24589945,0.119069085,-0.21192244,0.17494592,0.15706159
6420,-4.3717856,-0.34706932,-0.9494052,-0.42718676,-0.38102263,0.07947269,0.03770799,-0.33046722,-0.15467821,0.59217834,0.08646433
6421,-5.2948866,-0.27764586,-0.80067676,-0.5633555,-0.02146493,0.1660001,-0.2640085,-0.3125181,-0.038224816,0.24428695,-0.087264396
6422,-4.879505,-0.1436586,-1.0249,-0.35727936,-0.37365675,-0.15505363,-0.14585787,0.21492405,0.04412376,0.54990625,0.18848477
6423,-6.803419,-0.21036291,-1.1981676,-0.24907574,0.34127793,-0.18598215,-0.27286017,0.06881047,-0.32064098,0.57738835,0.15926273
6424,-6.131604,-0.16855477,-1.0998548,-0.710315,-0.32569054,0.42846483,-0.15944321,-0.3264893,-0.120649025,0.21528219,0.6031525
6425,-4.2323585,0.023744639,-1.0301234,-0.2222082,-0.062147595,0.033269547,0.13387278,0.17425367,-0.056002326,0.44089633,0.1775752
6426,-6.480657,-0.10077077,-1.2449634,-0.34365442,-0.11616204,-0.090569325,0.20839901,-0.08681256,-0.47942376,0.7630539,0.47983277
6427,-6.0915384,-0.061245624,-1.4366444,-0.11906381,0.33848163,0.06810486,0.011945608,0.058636844,-0.12845108,0.3312498,0.22511187
6428,-5.9157968,0.24488534,-1.1780299,-0.42337158,0.12927638,-0.037305783,0.10828991,-0.027576847,-0.085577615,0.6792448,0.33295003
6429,-4.9711323,-0.23269907,-0.91142815,-0.5517537,-0.3125704,-0.018495133,0.275561,-0.079107076,-0.09275756,0.3992885,0.7687154
6430,-5.1626964,-0.08674701,-1.0381958,-0.4604926,-0.47664034,0.06508021,-0.043630376,-0.11021727,-0.043058306,0.5863578,0.36410344
6431,-4.539151,-0.20046103,-0.77879703,-0.6529226,-0.3994474,0.033778206,0.14158851,-0.045870863,0.14880607,0.4159832,0.4070162
6432,-6.53705,-0.35224974,-1.0743442,-0.68111646,-0.55788827,-0.28164393,0.41664678,-0.18358327,-0.4807691,0.39589468,0.6678911
6433,-3.1166742,-0.058702808,-0.6931294,-0.39180908,-0.112624235,0.17915007,-0.032689657,-0.2144574,0.059112236,0.32198572,0.23203534
6434,-5.829343,0.09102646,-1.3610988,-0.4870184,-0.22990042,-0.1557581,-0.16250394,0.20560698,-0.01604038,0.5694119,0.11529703
6435,-3.996169,-0.058698084,-0.8326299,-0.4669735,0.18614504,0.0097756535,-0.2012651,-0.24735889,0.005101747,0.22278641,0.18721291
6436,-5.463043,-0.12243515,-0.83661073,-0.7259801,-0.35892308,-0.4749068,0.18207337,0.36298698,-0.33296221,0.5036841,0.4356288
6437,-5.2460604,-0.07857629,-0.8647526,-0.46771652,-0.2839431,0.28611404,-0.0567403,-0.18399608,-0.31167212,0.3316748,-0.009752651
6438,-4.9505277,-0.3918364,-0.9849181,-0.5860813,-0.4405657,-0.06992909,0.22619604,0.08047346,-0.10667747,0.46889365,0.67296994
6439,-4.287513,-0.023997892,-0.7904221,-0.58146584,-0.2258791,-0.19745399,0.034995403,-0.2214127,0.043843396,0.5463414,0.18866904
6440,-7.404833,-0.08539715,-1.1275611,-0.67402285,-0.14558522,0.043559786,0.000511053,-0.67797565,-0.03971331,0.23865782,0.48822048
6441,-5.575932,-0.09975956,-1.1300384,-0.4044896,0.37762502,-0.07282865,-0.24988051,0.1676535,-0.11382496,0.41330466,0.15651119
6442,-4.6681476,-0.27249324,-0.80288017,-0.3566154,-0.028848058,0.19991443,0.21148172,0.27409178,-0.049856976,0.6353938,0.28197098
6443,-6.5927715,-0.17687757,-0.97906196,-0.658545,-0.42104927,-0.010263532,-0.08358101,-0.4938893,0.05621981,0.54560196,0.23736337
6444,-4.906387,-0.026667085,-1.0673938,-0.6609038,-0.15328763,-0.14651802,0.0006232895,-0.17150767,0.19053975,0.4356397,0.12550381
6445,-4.9354305,0.045039188,-0.9319199,-0.3981901,-0.033221025,-0.19149198,0.069320805,-0.052376613,-0.13991964,0.25688794,0.2763801
6446,-6.639577,-0.15004805,-1.2415996,-0.5786932,0.2561738,0.24108721,-0.3159786,-0.10082552,-0.17697415,0.28107014,0.32982337
6447,-6.5502377,-0.59090805,-1.3410459,-0.5101121,0.16096956,-0.17136744,-0.10630136,-0.41515073,0.15486743,0.32841682,0.69910973
6448,-6.9698553,-0.17826605,-1.2648804,-0.41054672,-0.12799402,0.44210875,-0.03077257,-0.60241586,-0.30299172,0.20652656,0.4443269
6449,-6.728431,0.021788085,-1.3783723,-0.62030774,0.095205046,0.46641988,-0.2629471,-0.34820238,0.13056296,0.077961534,0.15885527
6450,-4.3909235,0.04089474,-0.8748305,-0.38134944,-0.1453105,-0.2576595,-0.049199242,0.04848233,-0.0679461,0.24318872,0.26352105
6451,-5.022248,-0.20419239,-0.8636927,-0.69185126,-0.033130515,0.04164746,-0.039767396,-0.37624437,0.007850452,0.14711578,0.5161317
6452,-8.0395155,0.24653625,-1.6025183,-0.5678781,-0.29413256,-0.25951368,0.39259335,-0.31118375,-0.25627458,0.21134843,0.37595397
6453,-5.6791277,0.08525809,-1.17238,-0.39298227,-0.10901364,-0.051578112,0.037422504,0.0022935458,-0.18327041,0.62886244,0.21434483
6454,-5.2792544,-0.08261573,-1.0296379,-0.49573165,0.16132765,-0.3025297,-0.10401938,-0.32041714,-0.22994395,0.25470757,0.350433
6455,-7.0200944,-0.06266123,-0.86913645,-0.7600078,-0.3657437,-0.11776315,0.22150181,-0.25202793,0.110175475,0.48790655,0.63580954
6456,-6.931843,-0.22872013,-1.3913087,-0.5883384,-0.22895762,-0.104668185,-0.25218478,-0.20921354,0.48254836,0.82829493,0.3247619
6457,-6.2677155,-0.103320904,-1.1789544,-0.39912593,-0.13406692,0.044761516,-0.2865147,-0.101796605,-0.15620406,0.38838735,0.41773406
6458,-5.884838,0.14328815,-1.138837,-0.5191929,-0.14425981,-0.022855315,0.073568486,-0.16692856,0.0486383,-0.032244183,0.50059587
6459,-5.054854,-0.2893151,-1.044838,-0.7033827,-0.17408344,-0.14280114,0.08186871,-0.27950674,0.019833585,0.4945022,0.46163377
6460,-3.7032554,-0.0199616,-0.71185786,-0.35959417,-0.033860724,-0.16064808,0.06361628,-0.12360961,0.08230164,0.33926263,0.24545617
6461,-4.543089,-0.2689921,-0.9464006,-0.4665074,-0.12088136,0.09872597,-0.016949788,-0.29874295,-0.031701863,0.34260336,0.64127755
6462,-5.692159,-0.28961438,-0.7083744,-0.64206964,-0.76669514,0.11396689,0.56102294,-0.3636197,-0.30637255,0.45138112,0.6106354
6463,-4.3732715,0.0048498046,-1.0672176,-0.39264956,0.14212203,0.103594184,0.04122639,0.056960084,-0.08448285,0.22936669,0.28498292
6464,-4.4742794,-0.0452005,-0.78288656,-0.44767895,-0.044198427,-0.11193296,0.03532443,-0.2716047,-0.039142936,0.12878744,0.2156691
6465,-4.4123282,-0.103034504,-0.66712713,-0.6191053,-0.08558128,-0.19002268,-0.29534042,-0.22410765,-0.058979787,0.538546,-0.17318253
6466,-6.8045664,-0.5373898,-1.7440761,-0.90871257,0.2262464,-0.1501258,-0.32920393,-0.23236552,0.22460765,0.7158046,0.70443106
6467,-6.5764465,-0.23149028,-1.3359902,-0.75227666,-0.009456668,0.19537051,-0.3053915,-0.39913374,0.11051595,0.6525277,0.24247329
6468,-5.3054867,-0.29686087,-1.0427365,-0.6814395,0.18881328,0.552147,0.16728432,-0.22233814,0.23488423,0.6195838,0.20461437
6469,-5.2814884,0.18386681,-1.0291938,-0.48328978,0.1558609,-0.06831021,0.03545211,0.005644566,-0.055600777,0.46584043,0.21938714
6470,-5.1210575,-0.28371513,-0.75430125,-0.7242993,-0.5192885,-0.15812792,-0.066211745,-0.40771672,0.030918274,0.55435693,0.5702327
6471,-5.8155966,-0.028860044,-0.8999409,-0.7342617,-0.08029558,-0.0702413,0.15240523,-0.58148843,-0.14111072,0.37450927,-0.08339293
6472,-6.188491,-0.24603231,-1.1276325,-0.29571223,-0.3920082,0.31974185,0.2638879,0.04411634,-0.14768243,0.37121826,0.35599008
6473,-5.6905994,0.0520541,-0.92471045,-0.21007973,-0.24306579,0.20967281,0.09597521,-0.32326978,-0.46373823,0.43668658,0.13828273
6474,-5.753859,-0.42816955,-1.4384708,-0.39445713,0.006472717,0.071983054,-0.17025839,0.035964757,-0.05783239,0.26984665,0.4996073
6475,-5.0466766,-0.038283065,-1.0296108,-0.62157285,-0.4151208,-0.3482988,0.115417145,0.008892821,0.0996231,0.30929285,0.48373583
6476,-8.22689,-0.15520361,-1.4559165,-1.0357715,-0.33057913,0.05254213,-0.072068915,-0.43265787,0.05149983,0.55100834,0.71558553
6477,-4.665514,-0.058090266,-0.7915287,-0.32881495,0.013130526,-0.0033551445,-0.21087137,-0.25000587,-0.011860078,0.40273908,-0.07199406
6478,-6.464261,-0.11328011,-1.6421677,-0.81326973,0.33305982,0.11167464,-0.2407207,-0.5675906,0.30322015,0.6183974,0.1716361
6479,-4.395633,-0.055126023,-0.7931898,-0.62571096,-0.19611628,-0.3442058,0.041689653,-0.19603138,-0.03313589,0.3539481,0.42756465
6480,-5.4996853,0.1799474,-0.98342764,-0.6227389,-0.33516407,0.009431204,-0.030293029,-0.5413992,0.04317436,0.22182256,0.3715322
6481,-7.2881813,-0.29895028,-0.99134815,-0.87933666,-0.45964724,-0.35133767,0.1820986,-0.43848532,0.07655322,0.64990634,0.8248063
6482,-5.4106464,-0.02232128,-1.1724422,-0.697054,0.30928776,-0.059632286,0.020772316,-0.2860603,0.26069537,0.40168732,0.32963514
6483,-5.860002,-0.17871553,-1.2099084,-0.82776326,-0.31600022,0.06910664,-0.1756283,0.22855571,0.05190903,0.7442575,0.51066667
6484,-7.240515,-0.047178973,-1.4209944,-0.51469505,-0.9016352,-0.08432515,0.01870119,-0.4325238,-0.21922842,0.6939706,0.6495998
6485,-6.419462,-0.20407517,-1.309177,-0.856608,-0.21125683,0.21517491,-0.086627774,-0.30050343,0.28282514,0.64239013,0.26945928
6486,-4.996778,-0.17223358,-0.817611,-0.29104635,0.07236751,-0.013922229,-0.29699925,-0.42885906,-0.10253386,0.38966414,0.36167583
6487,-3.4070191,-0.033216678,-0.6613855,-0.57565475,-0.030779267,-0.27028966,-0.037091997,-0.06485318,0.06656039,0.44815463,0.07414627
6488,-5.0889654,-0.052332003,-0.7381172,-0.54493546,-0.09922914,-0.04053708,0.04159687,-0.057194456,-0.2817342,0.24878038,0.26456422
6489,-5.8874497,-0.06320476,-1.0889596,-0.82510614,-0.052588332,-0.19339836,-0.06300888,0.009361647,-0.10298228,0.35493872,0.4464111
6490,-4.076121,0.051861867,-0.87583566,-0.5025559,-0.19823395,-0.008206025,0.08482478,-0.11553215,-0.04621028,0.011537008,0.33222732
6491,-5.7584906,-0.002547752,-1.0510166,-0.7531857,0.07927505,-0.21320641,-0.09136579,-0.24979395,0.040324207,0.27953586,0.4159554
6492,-5.6387653,0.14037764,-1.0836669,-0.45524812,-0.35820895,0.09473505,0.040311776,-0.44996974,-0.19017532,0.37380433,0.23353073
6493,-6.2738433,-0.3437743,-1.2457074,-0.68022156,-0.12653236,-0.025296751,0.09237509,-0.2416569,-0.1987533,0.3897047,0.2155878
6494,-5.7832947,-0.3625822,-0.9553371,-0.72716,0.10944196,-0.27109337,0.2827088,0.19433635,0.07935785,0.73557234,0.40225425
6495,-5.383613,-0.2335949,-1.2081805,-0.8202589,-0.49282247,-0.06868482,0.066877194,-0.24388126,0.13631214,0.6658683,0.4140628
6496,-6.805462,-0.44591516,-1.3404024,-0.89613956,-0.7023353,-0.20378658,0.25297257,-0.13980371,-0.3949892,0.61061484,0.78311604
6497,-5.6892037,0.0348871,-1.0213256,-0.93936694,-0.43631536,-0.17659037,0.022155637,0.018121358,-0.2890856,0.49183756,0.56622297
6498,-5.3110566,-0.19051172,-0.93447703,-0.49024874,-0.08547463,0.12009066,0.0013808487,0.108916745,-0.29266673,0.37915912,0.16279057
6499,-4.8659496,0.061362185,-1.1381099,-0.6119803,-0.094636396,0.11142594,-0.03819331,0.067533165,-0.08923425,0.37327546,0.42922342
6500,-5.3561115,-0.053386338,-1.108706,-0.84358793,-0.13514218,-0.08713269,-0.06432816,-0.03665586,0.017568298,0.571893,0.30698302
6501,-5.579943,-0.42550948,-1.2735702,-0.5896698,0.028858008,0.15871786,-0.25506788,-0.23346204,0.3632335,0.6839954,-0.014159056
6502,-7.250024,-0.17960791,-1.2287104,-0.67360795,0.020706017,0.19585565,-0.16837637,-0.31875515,-0.085163735,0.25977266,0.2523695
6503,-5.782594,-0.106878355,-1.2540426,-0.8443322,-0.4208682,-0.060352094,0.068370424,0.034760736,0.41232103,0.59814346,0.6416999
6504,-4.4458814,-0.30226249,-0.65268004,-0.5050686,-0.5206488,0.12021994,0.22443904,-0.18458112,-0.24163078,0.40981522,0.41689983
6505,-5.7544928,-0.26259586,-0.9469588,-0.96864194,-0.6532949,0.081840664,0.0514363,-0.18539421,0.01068297,0.26344723,0.3669704
6506,-5.139635,-0.23287024,-1.0760198,-0.80901873,-0.10343119,-0.010967001,-0.05799654,-0.35616753,0.07748614,0.35689884,0.41259578
6507,-4.2323337,-0.19645026,-0.6319728,-0.500491,-0.24467587,0.22600022,0.0175821,-0.034308143,0.14438921,0.42160073,0.203934
6508,-6.5796485,-0.024313692,-0.7791716,-0.90111184,-0.6027847,-0.3309039,-0.14520769,-0.9220503,-0.35523382,0.17663278,0.75708175
6509,-6.059484,-0.21127734,-1.2934602,-0.69824684,0.15985121,-0.44027996,-0.23945935,-0.10511933,-0.32989806,0.19243948,-0.04656066
6510,-5.457132,-0.066003636,-1.4504286,-0.110144444,0.092495956,0.19250719,-0.094682,0.01746312,-0.2792628,0.7405386,0.40532064
6511,-4.8525047,-0.4038167,-1.0561291,-0.57568544,0.041751303,-0.07433671,-0.27425548,-0.17161058,0.030653175,0.4654824,0.1472096
6512,-6.4406114,-0.23425317,-1.2990483,-0.83582,-0.30362564,-0.08127099,0.024653941,0.27852193,-0.1287714,0.7640838,0.5393842
6513,-5.1740007,-0.10536367,-1.5041304,-1.030184,-0.11450571,0.119967066,-0.033813585,-0.20555912,0.4171725,0.44339204,0.25839648
6514,-6.194073,-0.07739202,-1.3457272,-0.1977908,0.15645392,0.31676793,0.111163005,0.18138024,-0.020779105,0.4270515,0.20054282
6515,-6.0867,-0.112272166,-1.2735224,-0.894812,0.031007258,0.015277851,0.0057950867,0.018808613,0.12416779,0.5806652,0.26263386
6516,-6.7239237,-0.3121564,-1.4029337,-1.1893128,-0.21051647,-0.26543093,-0.10815477,-0.58130527,0.25957474,0.53395873,0.24061424
6517,-4.9699187,-0.30888164,-0.8750623,-0.5851278,-0.7768725,-0.10028174,0.42670643,-0.11122072,-0.2969083,0.28385824,0.66719776
6518,-6.8372965,-0.07188783,-1.2159351,-0.91784406,-0.43542746,-0.11932583,0.47670844,0.0069862274,-0.227949,0.4831175,0.50496906
6519,-4.3697324,0.08790057,-1.082555,-0.50755715,0.09260292,0.20408799,-0.015967403,-0.40632796,-0.07399656,0.2087358,0.302735
6520,-4.892126,0.035210505,-0.8921736,-0.3662956,-0.21476115,0.3405943,0.2625705,-0.26474068,-0.030530466,0.2443237,0.28244704
6521,-6.6244493,-0.41567594,-1.1923085,-0.5212727,-0.7374275,0.20613351,0.18055719,-0.18294209,-0.123680025,0.4183283,0.75376886
6522,-5.4388638,0.07123373,-1.3383164,-0.73840153,0.23941088,-0.28654158,-0.3320775,-0.28031027,0.13655926,0.48336026,0.16234155
6523,-6.8643594,-0.083176896,-1.0538453,-0.86796224,-0.2022428,0.28159416,-0.535707,-0.5042594,0.27468657,0.98885643,0.055284377
6524,-7.146508,-0.52032715,-1.324165,-1.4885873,-0.70885587,-0.121763185,-0.10796263,-0.5782976,0.6194215,0.7389054,0.5385432
6525,-5.9352474,-0.13254206,-1.3272856,-0.8930381,0.030457566,0.1630745,-0.091538794,-0.48430422,0.12133163,0.3791522,0.5914649
6526,-4.550609,-0.16318953,-0.9777678,-0.50398964,-0.17575486,-0.011496659,-0.14408618,-0.27271748,-0.19849049,0.5605859,-0.068909645
6527,-5.987944,-0.12653513,-0.9679464,-0.5348887,-0.45966154,0.2624455,0.33081177,-0.3964724,-0.08749699,0.5534729,0.5569188
6528,-6.9369473,-0.20156935,-1.3203446,-0.9041954,-0.08342901,-0.5305079,-0.1755144,-0.23373458,-0.010408986,0.3905801,0.2990106
6529,-4.5958357,0.007721429,-0.77371716,-0.30793372,-0.15002342,-0.1874473,0.2181737,-0.023888828,-0.1425346,0.18058978,0.29334977
6530,-4.9926324,-0.24246787,-0.4833418,-0.47306278,-0.12550355,-0.14162895,-0.12702306,-0.066521175,-0.059197158,0.28962103,0.50500226
6531,-6.310384,-0.39952177,-1.1719499,-0.41620043,-0.4760152,-0.20449677,0.3761358,-0.005747853,-0.2903905,0.6383164,0.44212106
6532,-5.431446,-0.26826662,-1.0407795,-0.79478693,-0.15263301,0.0037570272,0.0536128,-0.25170177,-0.030307325,0.35212907,0.20395146
6533,-5.455454,-0.036561914,-1.0546684,-0.49053425,0.21966165,0.09733996,-0.2870201,-0.10021553,-0.14991464,0.8773053,-0.09771903
6534,-5.2067337,-0.108667985,-1.266716,-0.60646176,-0.19668692,0.20424998,0.033381492,-0.51454806,0.18459386,0.4761643,0.4490736
6535,-5.3262615,-0.03655501,-0.9143826,-0.6846762,-0.27868468,-0.06992974,0.14451355,0.03255871,-0.07638169,0.5267631,0.2668432
6536,-5.0450153,-0.17423446,-0.9283128,-0.5145564,-0.24452862,-0.18763503,0.018580582,-0.17237882,0.02891806,0.46751103,0.36939988
6537,-5.4317374,-0.02358241,-0.97872126,-0.40833217,0.06824961,-0.23182788,0.042048953,0.07679077,-0.10748056,0.04581071,0.27644843
6538,-5.520971,0.0016504284,-1.4870307,-0.5897837,0.23204836,0.21599886,-0.1181199,-0.3270994,0.18156889,0.27709818,0.32565612
6539,-6.026877,0.13022494,-0.71401674,-0.50102276,0.03743556,-0.14663363,0.024118507,-0.23071131,-0.21531577,0.175619,0.17119907
6540,-5.3756585,-0.18471286,-0.94053185,-0.9707681,-0.34376928,0.3430345,0.07472818,-0.17513396,0.33939207,0.810331,0.65960556
6541,-6.4674487,0.09164584,-1.2639568,-0.63108635,0.29783362,0.049382694,-0.26144812,-0.13385317,0.02591902,0.030017395,0.27325156
6542,-6.094554,-0.08050672,-0.8026266,-0.570383,-0.28409168,-0.3324722,-0.04282056,-0.28397042,-0.060144715,0.17432754,0.30567127
6543,-5.381479,-0.030597702,-1.0769261,-0.38573003,-0.26220366,0.28185552,0.23619108,-0.27182856,-0.100938514,0.47609237,0.44652036
6544,-4.1044316,-0.13367984,-0.7011775,-0.520631,-0.21675904,-0.015902359,-0.10874536,-0.035938986,-0.028679797,0.27696082,0.18919446
6545,-6.767942,-0.10987255,-1.3954393,-0.6278985,-0.21420673,-0.48195398,-0.30969357,-0.14668389,0.1433057,0.4465062,0.2374634
6546,-4.9095874,-0.13646208,-1.2208273,-0.6086279,0.13400733,-0.40309763,-0.3418716,0.099170335,-0.002581615,0.41601828,-0.09238537
6547,-5.2094026,-0.28314435,-0.7821178,-0.7217181,-0.1428852,0.05224692,0.17235166,0.09164038,0.1823292,0.64157903,0.27808154
6548,-5.0748672,-0.16183375,-1.4806637,-0.6596745,-0.20763993,-0.13325572,0.20247443,0.06823031,-0.07709777,0.2021658,0.68714136
6549,-6.243396,-0.5598812,-1.4779527,-0.81932634,0.116670184,-0.14074272,-0.22893377,0.1935157,0.35097343,0.6348036,0.2174955
6550,-5.4997954,-0.40736336,-1.1638297,-0.82044953,-0.0033458923,0.081881724,0.029822659,-0.43001923,0.13867536,0.4706418,0.20322362
6551,-6.0935187,-0.19549277,-1.2681345,-0.82334,0.0434236,-0.41346264,-0.25031018,-0.23496577,0.04601951,0.59010017,0.111623995
6552,-5.649831,0.20209868,-1.3122083,-0.57222646,-0.14130786,0.07010381,0.05567857,-0.2539043,-0.1743551,0.16836217,0.555256
6553,-4.52101,-0.15537266,-1.0529913,-0.6524262,0.19705203,0.042681187,-0.106509455,-0.1448962,0.22901475,0.3986218,0.12012666
6554,-5.326642,-0.4548026,-0.8927034,-0.6902129,0.34673697,0.15781264,-0.36359182,-0.17680025,0.12415243,0.15123068,0.1370211
6555,-3.8218095,0.15688609,-0.6114273,-0.33882812,-0.07550666,-0.25551027,0.015590422,-0.08415144,-0.22700095,0.11149326,0.23355961
6556,-5.89213,0.0047482704,-1.094336,-0.5666933,-0.28676453,0.19879214,-0.24342205,-0.27424592,0.018575486,0.4094723,0.241668
6557,-5.898872,0.0624439,-1.0368271,-0.5737033,0.2643892,-0.11290496,-0.080779076,0.17962267,-0.119463876,0.16046809,0.26316422
6558,-3.8326275,-0.11113128,-0.88451594,-0.23582046,-0.11317983,-0.29968524,0.14762908,0.01457102,-0.23953597,-0.11866021,0.16552474
6559,-4.7275906,0.11614122,-0.9420949,-0.471032,0.11447043,0.020928226,-0.14684026,-0.36696807,0.014544204,0.3044909,0.1295447
6560,-5.9413514,0.16708875,-1.1446418,-0.64897937,-0.5646135,-0.092705935,0.1618043,-0.030522292,-0.11617459,0.6527456,0.5703071
6561,-5.749443,-0.22844748,-0.97382563,-0.96447164,-0.16947252,-0.19639696,0.32543263,-0.15717277,0.039116327,0.2195438,0.19909334
6562,-6.4411583,-0.14997026,-1.4965818,-0.79506975,0.04124772,0.29998124,-0.15940984,-0.150689,0.044203814,0.6028497,0.36955482
6563,-7.8840194,-0.14094785,-1.7475642,-1.0414157,-0.21274914,0.059524316,-0.35786647,-0.08337413,0.049623244,0.5513581,0.45931667
6564,-4.597841,0.06723582,-1.0268073,-0.16770868,0.034580406,-0.03778632,0.040605884,-0.20487857,-0.19457088,0.026658174,0.019726856
6565,-5.3391447,-0.033239167,-1.0614097,-0.34828332,0.24663095,-0.08223083,-0.15266487,-0.039914966,-0.10597306,0.24353285,0.010708037
6566,-5.3405485,-0.02319619,-0.82801354,-0.67675775,-0.27861974,0.22645156,-0.16568054,-0.19158122,-0.14005198,0.35736796,0.10568496
6567,-5.6809435,0.24409103,-0.7483832,-0.2842984,-0.23224398,-0.22292718,0.111863144,-0.06567426,-0.39939684,0.36194068,0.12314967
6568,-5.588948,-0.21194176,-1.0109786,-0.7928452,-0.36328644,-0.001745496,0.09324807,0.025640165,-0.22883162,0.63203084,0.27668545
6569,-5.441472,-0.18508402,-1.411886,-0.3097161,0.5101291,0.21872528,-0.3383852,-0.032218657,0.20205006,0.36568955,0.22446881
6570,-6.3681736,-0.107399516,-1.2553257,-0.7381635,-0.068141595,0.20043662,-0.014881649,-0.01614304,-0.1715835,0.13361736,0.32182583
6571,-5.091035,0.03501998,-0.99830776,-0.79467016,-0.18263826,0.059614923,0.06444257,-0.42864284,-0.031439334,0.06653113,0.4778992
6572,-4.9961367,-0.22568834,-1.0840838,-0.93260527,-0.1701564,-0.16889298,0.18284751,-0.15805921,0.059830464,0.42222857,0.30777377
6573,-6.2530255,-0.031403843,-1.5305293,-0.45826927,0.08771533,0.08627946,-0.37409455,0.008318785,0.07793414,0.61801666,-0.031420268
6574,-4.9423423,-0.04415587,-0.8636739,-0.66179466,-0.14042264,-0.18667501,-0.015760124,-0.10453522,-0.17895503,0.2492858,0.30442333
6575,-5.6836424,-0.053064577,-1.1240089,-0.27972823,-0.02994162,-0.006247537,-0.18671827,-0.37070322,-0.2657867,0.27551073,0.16020516
6576,-4.774864,0.099889405,-1.1289333,-0.5003565,-0.27434534,0.2837366,0.011243538,-0.5426933,-0.025403714,0.32312074,0.27005747
6577,-6.418482,-0.255552,-1.2776788,-1.2918919,0.44457397,0.26743478,-0.25501406,-0.60404885,0.34982643,0.26999375,0.5047818
6578,-5.973293,0.019989898,-0.7717849,-0.6789174,-0.47008508,0.102755465,-0.03772238,-0.4012716,-0.017436644,0.07916782,0.5875607
6579,-5.8437047,-0.04330179,-1.0990895,-0.35631633,0.09810269,0.043930773,-0.14436975,-0.2808328,-0.048956774,0.12772693,0.05736749
6580,-4.633308,-0.032604516,-0.9231077,-0.46587488,-0.17911673,-0.011164693,0.22675493,0.056238167,0.09206,0.40969926,0.14259377
6581,-4.005257,0.025904637,-0.7964209,-0.5504721,-0.13882513,-0.04585298,-0.03645153,-0.34066194,0.2798333,0.3674115,0.42479977
6582,-6.581776,-0.11173769,-1.4327111,-0.5132409,0.33511883,0.5737703,-0.0053191623,-0.0067326315,0.01738032,0.35439262,0.21811245
6583,-8.064035,-0.11821869,-1.6168741,-0.54090065,-0.64350045,-0.46826154,0.008537486,-0.097605325,-0.08263927,0.8436393,0.37005356
6584,-6.9571757,0.14679417,-1.4452766,-0.84035563,0.13321109,0.18674247,-0.30999893,-0.38362226,0.17462605,0.88878506,0.20561999
6585,-4.846501,-0.08673261,-0.8284387,-0.24038276,0.26801667,-0.24889301,-0.16510418,0.063136145,0.0750745,0.1711272,0.07525836
6586,-3.6523092,-0.09513823,-0.8488981,-0.33310896,-0.43769464,-0.23866786,0.056330856,-0.02605992,-0.22962937,0.12966907,0.114352904
6587,-5.8724747,0.11501517,-1.1992773,-0.34272003,0.08210346,0.074102916,-0.095782325,-0.021124497,-0.08537465,0.49794832,0.32457194
6588,-5.7967396,-0.30488425,-1.0781498,-1.0404344,-0.24460343,0.029428635,0.49978954,-0.30599612,-0.17706658,0.38676658,0.1584234
6589,-6.4607472,0.061597876,-1.2157583,-0.5486263,0.013219912,-0.11991194,0.16577557,-0.25824273,-0.2343327,0.3820338,0.14057367
6590,-3.8866606,-0.12854005,-0.769598,-0.29106948,-0.22708523,0.09204974,0.084542654,-0.37064114,-0.024188893,0.10383312,0.29275787
6591,-6.4386344,-0.27203983,-1.1463084,-1.089292,-0.57610863,0.028396998,0.05520575,-0.21895134,-0.02012782,0.6841173,0.5297572
6592,-6.180801,-0.5983147,-1.3785269,-0.46944782,-0.009294424,0.31369543,-0.40459448,0.028850932,-0.38955784,0.4376042,0.4986249
6593,-5.5745296,-0.28041333,-0.59199363,-0.49509174,-0.1274782,-0.11475397,-0.21405993,-0.26842034,0.06264382,0.39270937,0.6043931
6594,-7.3109303,-0.2904409,-1.2520775,-1.0323256,-0.3707664,-0.13734941,0.13197632,-0.19037963,-0.16544843,0.589227,0.5539655
6595,-5.1462336,-0.2574594,-1.0446517,-0.5509462,-0.110564284,0.08301507,0.03026687,-0.5145163,0.15300813,0.50040394,0.16239436
6596,-3.9693334,-0.090910286,-0.8446175,-0.44469115,-0.40078434,-0.12044239,0.09617881,-0.10378932,-0.16690397,0.47848418,0.44450167
6597,-5.5121393,0.06043415,-0.9963148,-0.7156765,0.04339539,-0.06825119,-0.32897452,-0.1408925,-0.20746818,0.3073055,0.25134012
6598,-3.9866545,-0.12756062,-0.9562281,-0.7406837,-0.11608312,0.11461209,-0.16155927,-0.14806508,0.074998535,0.46125466,0.39588746
6599,-5.1460094,-0.13985848,-0.9514016,-0.21060735,-0.15991431,-0.13436586,-0.087850794,-0.23937505,-0.23327978,0.17024799,0.24515228
6600,-6.0131297,-0.22315626,-1.002801,-1.038804,-0.60752463,-0.30386227,-0.0702174,-0.09033396,-0.073404394,0.73429954,0.56777877
6601,-5.6513023,-0.12814353,-1.0022385,-0.66509306,-0.59230334,-0.21352324,0.12734535,0.025583947,-0.024260363,0.5401703,0.5049215
6602,-4.6450357,0.039265566,-0.69081897,-0.28799018,-0.5532877,0.3589412,-0.08604399,-0.3584555,-0.23866235,0.2251305,0.11960996
6603,-5.914374,-0.2218573,-0.5338303,-0.58393914,-0.33787134,-0.2838902,0.18509154,-0.3445037,0.06101843,0.09679645,0.5220171
6604,-4.6762614,0.007538728,-1.177461,-0.28932366,0.023586992,0.055005543,0.12721813,0.0652583,0.0393141,0.56216985,0.351743
6605,-4.374172,0.016451815,-0.79980993,-0.23871177,-0.13060574,-0.04991177,-0.025861766,-0.22376633,-0.18417135,0.12162089,0.22434443
6606,-4.3353043,-0.04131919,-0.9451486,-0.51634866,-0.0031366847,0.29809415,-0.19056566,-0.24986023,0.17502312,0.44502327,0.0026113428
6607,-7.4160137,0.22059461,-1.7266856,-0.7216005,0.37246457,-0.22617708,-0.37628597,-0.18546608,0.3352993,0.62938607,-0.1796949
6608,-4.3343663,-0.070899665,-0.9341579,-0.37581402,-0.19096987,0.13074824,0.22210371,-0.24125639,0.040259305,0.52503735,0.25316727
6609,-6.8353734,-0.1222896,-1.3359513,-0.58709645,0.025173979,-0.11094747,-0.2041287,-0.25176597,-0.536983,0.6400978,-0.0180622
6610,-6.217237,-0.063270465,-1.4990456,-0.84361595,-0.023386987,-0.27056575,-0.12028963,-0.22646406,0.077707514,0.3194738,0.25460327
6611,-6.589316,-0.21349043,-0.8518914,-0.7893406,-0.35563058,-0.19671352,0.2569379,-0.22642587,-0.3179915,0.17994995,0.56566644
6612,-5.769237,-0.32133996,-0.990598,-0.33194658,-0.41454184,-0.15175813,0.17424132,0.14387338,-0.022221128,0.77558446,0.51037943
6613,-3.2914536,-0.1838405,-0.7522165,-0.348743,-0.15858401,-0.020349506,0.17329879,-0.106872655,-0.09838581,0.13936134,0.222408
6614,-5.2843103,-0.110504515,-1.1935759,-0.437797,-0.17843258,0.057012327,0.12634148,-0.032686062,-0.11898522,0.35635284,0.17081285
6615,-6.7815766,-0.42324126,-1.4935162,-1.028154,-0.41695628,0.3140869,0.39702764,-0.29637197,0.3731898,0.9228938,0.4472338
6616,-4.5804925,-0.38184175,-1.3907884,-0.43768317,0.33779436,0.3378914,-0.07372699,-0.2707257,0.104612686,0.2692676,0.24180378
6617,-4.0532594,-0.050004177,-0.87679106,-0.3130926,-0.23119026,0.07550805,-0.047374137,0.35042614,-0.12440699,0.46259114,0.30006188
6618,-5.962624,-0.04718509,-1.2381788,-0.8135855,-0.13733885,0.41268492,0.16800253,-0.78844386,-0.023736661,0.16894373,0.53912747
6619,-4.3497477,-0.14183635,-1.1721562,-0.5452,-0.033750977,-0.11726089,-0.014707004,-0.11155053,-0.13713008,0.31453493,0.17202735
6620,-5.594666,-0.17000468,-1.3291056,-1.00507,-0.33615416,0.46037358,-0.4410723,-0.5047646,0.40250236,0.72357243,0.26392797
6621,-4.9365845,-0.009767099,-1.1363587,-0.34949034,0.44176894,0.11809615,-0.12142869,-0.25903985,-0.123997346,0.4810159,-0.030973144
6622,-5.9193854,-0.07724036,-1.5117713,-0.903302,0.32793474,-0.2653609,-0.25017565,-0.09747964,0.33248287,0.664724,0.06457687
6623,-4.0092587,-0.040144034,-0.90302074,-0.33766654,-0.055264033,0.07736136,-0.037543993,-0.27679062,-0.19685452,0.26286528,0.07431361
6624,-6.1417246,0.08690991,-1.4203109,-0.6999776,0.19349349,-0.43462628,-0.21767445,-0.14843762,-0.05808875,0.3779646,0.4207963
6625,-5.0818024,-0.41218013,-1.116709,-0.36026624,-0.33725694,-0.17330636,-0.016595472,0.042395175,-0.38873988,0.5130582,0.31830454
6626,-5.2388215,-0.20823398,-1.2216477,-0.6080427,0.2981588,0.038033113,-0.062068418,-0.28604054,0.28425318,0.22921942,0.19015008
6627,-7.325653,-0.21764307,-1.5612217,-0.5026905,-0.11436987,-0.5570432,0.0016482072,0.1797624,-0.17611562,0.28046262,0.6740404
6628,-6.5938916,0.34979165,-1.0139544,-0.64819956,-0.4204259,-0.17183347,-0.07444477,0.016061231,-0.04165341,0.64235055,0.16443291
6629,-4.4344034,-0.05127633,-0.76876783,-0.3387307,-0.23837592,0.16520874,-0.014092387,0.12293607,-0.17497519,0.33144808,0.31733745
6630,-5.9508834,-0.027815558,-1.288137,-0.8186984,-0.12090557,0.08318571,0.10221811,-0.6157788,0.012546252,0.28578454,0.26644906
6631,-5.9283957,-0.020219643,-1.3521684,-0.8288619,0.22694547,0.1608588,-0.4289967,-0.16693576,-0.16546221,0.62774277,-0.08779145
6632,-7.4213433,-0.3767605,-1.2786773,-0.7152767,-0.29372427,0.63476974,0.07492526,-0.32765543,-0.17847142,0.7480113,0.6865559
6633,-7.4687347,-0.055004213,-1.2146597,-1.0274053,-0.32936203,0.060985733,-0.011221108,-0.3616516,-0.10911335,0.93878216,0.5232455
6634,-4.8156843,0.19389397,-0.9169519,-0.5799165,-0.16497393,-0.067247726,-0.008444368,-0.10160236,-0.08157231,0.47837436,0.1696899
6635,-5.7284164,-0.055431765,-1.1649147,-0.17649761,-0.1119715,-0.033397485,0.14485398,0.0212607,-0.30036113,-0.121460915,0.50567186
6636,-7.689647,-0.042865697,-1.4967433,-1.1593213,-0.32066268,-0.1033609,0.021477103,-0.5450172,-0.11410667,0.47500038,0.35178864
6637,-5.5624976,-0.098832056,-0.8523152,-0.56816196,-0.17323789,0.08588556,0.08693329,-0.050653115,-0.38966066,0.25968817,0.4471685
6638,-4.3071437,-0.054014225,-0.6922497,-0.29877025,-0.046736836,-0.016943065,0.4238757,-0.052478738,-0.13100229,0.19311681,0.36252862
6639,-5.0909023,-0.13435172,-1.6210914,-0.385362,0.17749721,-0.08147218,-0.051401276,-0.08451575,0.040681764,0.3014911,0.27001378
6640,-6.1522603,-0.41637126,-1.3690069,-0.44081244,0.3674953,0.10922761,-0.3426823,-0.4078542,-0.078038245,0.3846419,0.41184345
6641,-3.8563085,-0.09484815,-1.1050498,-0.73674875,-0.14648479,-0.009665396,-0.0063850796,-0.23264024,0.029204205,0.43896952,0.35106453
6642,-7.4407716,-0.4141861,-1.0637181,-1.0411164,-0.19736993,-0.08926066,-0.0056121023,-0.20526996,-0.27375704,0.3754641,0.46872526
6643,-6.2671294,0.062496345,-1.0194019,-0.45844668,-0.53584063,-0.08248522,-0.027387679,0.13465759,-0.38920385,0.46080798,0.23546952
6644,-5.6128955,-0.06696425,-1.4144228,-0.5566068,-0.32534873,-0.21367256,0.08685596,-0.31071064,-0.08961127,0.41228756,0.96739244
6645,-5.910392,-0.07082462,-1.5104464,-0.43647468,0.22096772,-0.106023215,-0.11197421,0.15275043,-0.22734706,0.28079993,0.24404022
6646,-5.9962993,0.056179352,-0.8183508,-0.5336752,-0.008364074,-0.50213367,-0.26606974,-0.24149042,-0.33434802,0.4579975,0.46296436
6647,-9.672184,-0.5260541,-2.20397,-0.8310829,0.11867978,0.1537125,-0.025972255,0.06418679,0.16185723,0.44911993,0.7737652
6648,-6.1394496,0.06349737,-1.0692457,-0.9868086,0.48695722,-0.09483347,-0.17671698,-0.3741614,0.21883902,0.48849645,0.043096554
6649,-5.234745,-0.18568632,-0.82706463,-0.43278426,-0.105919726,0.5772164,0.47131112,-0.17152387,0.11819832,0.58677024,0.44748697
6650,-5.6360626,-0.14525308,-0.8365731,-0.79765695,0.06556368,0.13650693,-0.13555576,-0.27031347,0.16750781,0.7353071,0.36585987
6651,-4.331378,-0.004471061,-0.8212506,-0.34934852,-0.018071188,-0.24258299,0.17388692,-0.023460953,-0.17310162,0.060644805,0.27114686
6652,-7.6366296,-0.119971976,-1.3202174,-0.71150166,0.1645127,0.028307028,-0.32865277,-0.7284825,0.31632334,0.28896406,0.32466605
6653,-6.6947017,-0.35572904,-1.2565607,-0.7344653,-0.30111727,-0.42748237,-0.043487318,-0.041219458,-0.16829868,0.4426477,0.16890584
6654,-5.807003,-0.081091754,-1.2566911,-1.0443658,-0.35755304,0.035096638,-0.0676738,-0.4245099,0.36340705,0.5462233,0.2907941
6655,-6.715322,-0.26209202,-1.2838302,-0.92334205,-0.3134582,-0.23766087,0.33456585,-0.17239495,-0.039236657,0.34121713,0.45502844
6656,-4.6376243,-0.32586998,-0.849897,-0.6251429,-0.25162077,-0.2670775,0.09654796,-0.22300659,-0.0857258,0.60681415,0.48386133
6657,-5.4920635,-0.048789218,-1.40468,-0.4974956,-0.016957324,-0.2379827,-0.24448474,-0.11102508,-0.14001642,0.49711198,-0.0018441109
6658,-7.320945,0.011945072,-1.1589578,-0.18950689,0.057968423,-0.37590003,-0.12685996,-0.080281526,-0.080854036,0.2268733,-0.10746057
6659,-6.176585,-0.25040546,-1.5629208,-0.8672898,0.18925829,-0.2390972,-0.1390799,-0.21761006,0.10229902,0.7137171,0.00208617
6660,-6.517198,-0.12361519,-1.2195072,-1.0002433,-0.1500369,-0.34403014,0.20931835,-0.19904548,-0.11756383,0.51024526,0.2887857
6661,-5.311693,-0.09990428,-1.3190956,-0.5364585,0.09810686,0.11765386,-0.29117885,-0.3890579,0.15610506,0.35076892,0.37922186
6662,-5.969086,0.0633404,-0.87665,-0.33322722,-0.19597553,-0.14090355,-0.12644836,-0.7012069,-0.15523206,0.35547155,0.33503985
6663,-4.7923064,-0.13475767,-0.95332915,-0.5203556,-0.054981958,-0.0584068,-0.16849543,-0.3476291,-0.16196148,0.40974897,0.27760738
6664,-7.521934,0.041191448,-1.6895504,-0.887676,0.032432396,-0.53635126,-0.097290814,-0.10930816,-0.008083658,0.5570182,0.17786181
6665,-6.279954,0.23742096,-1.1266512,-0.3451248,0.09539916,0.23962335,-0.052716814,-0.18349303,-0.11147554,0.25620383,0.12317843
6666,-4.21342,-0.22812521,-0.8897472,-0.7886015,-0.20411155,0.117007144,-0.0035256278,-0.3116036,0.1158449,0.11819424,0.31853032
6667,-7.7879763,0.1951747,-1.0370208,-0.70820826,-0.3805462,-0.117452845,-0.20548935,0.15474382,-0.31053284,0.31090534,0.35211146
6668,-6.537291,-0.16250148,-0.91478175,-0.77539545,-0.79679984,0.16003302,-0.29005492,-0.12994964,0.21713799,0.56860036,0.5545098
6669,-5.0088725,0.093677446,-1.2141767,-0.7366991,0.1617818,-0.056556575,-0.1314562,-0.21083303,0.17127818,0.4614093,0.029193569
6670,-7.840127,-0.5812999,-1.5540346,-0.8625036,0.07100189,-0.2138376,-0.37600002,-0.068801194,-0.14173172,0.86014843,0.0007358948
6671,-6.8784404,0.035892826,-1.4776136,-0.12572044,0.4478068,0.20308444,0.067567,0.16202073,-0.07440877,0.14789312,0.10791784
6672,-4.6345963,-0.28327772,-1.2558509,-0.4463494,0.00071459776,-0.040603254,-0.18971139,0.11582614,-0.018893382,0.3358788,-0.035860732
6673,-5.010546,-0.005643486,-0.9157627,-0.43027803,-0.1604112,-0.36407077,-0.22817022,-0.14190537,-0.25702766,0.3862989,0.27043435
6674,-5.2206407,-0.11724028,-1.1680709,-0.3843671,0.16108845,0.09818994,-0.25363728,-0.25654548,0.0968066,0.4832387,-0.0706035
6675,-6.30133,-0.28123933,-0.881817,-0.6632548,-0.7149482,0.3812247,-0.14933123,-0.42501226,-0.054606207,0.55878514,0.4144634
6676,-6.5791554,-0.08405782,-1.2000557,-0.769693,0.26540434,-0.18543123,-0.3309806,-0.22224261,-0.3233648,0.45957932,-0.04409268
6677,-5.0302687,-0.09468766,-0.9461717,-0.6509144,-0.16189596,-0.11386354,0.106152564,-0.16204461,0.06907824,0.49190304,0.17304829
6678,-5.0326667,-0.1378481,-0.9626561,-0.71985346,-0.5123179,0.03619042,-0.21563138,-0.050025523,-0.059480004,0.30331454,0.21149176
6679,-6.531278,-0.46604496,-1.1218959,-1.2463967,0.3465863,0.18616675,0.0841123,-0.6499468,0.0050818445,0.13410988,0.27482387
6680,-6.7869663,-0.2571811,-1.1054069,-0.6565686,0.06353881,-0.12422244,0.084700614,-0.26335993,-0.26372972,0.48663363,0.49829796
6681,-3.6513019,-0.15924601,-0.87982225,-0.30367583,0.13491367,-0.21381201,-0.0815278,-0.064899355,-0.080081,0.1708374,0.14034666
6682,-5.610308,-0.11215284,-1.0230224,-0.5428184,0.06770964,0.035780754,-0.006493562,-0.18218856,-0.17571828,0.54161084,0.39535856
6683,-4.2215376,-0.07343389,-0.77797246,-0.49862653,-0.15585852,0.12412366,-0.051052086,-0.38773593,0.040732354,0.27742267,0.20815887
6684,-4.569892,-0.19235663,-0.97736174,-0.5604151,0.007906615,0.01507139,-0.10693021,0.025789814,0.2128869,0.7464585,0.16914625
6685,-6.306204,0.22876975,-1.3495567,-0.7152825,0.3345477,0.13134164,-0.19559191,-0.21798633,0.3029654,0.43536043,0.33607712
6686,-6.0729027,0.2297755,-0.9462314,-0.48657936,-0.15310703,-0.39795893,-0.09828574,-0.23757505,-0.14772862,0.44969296,0.48324397
6687,-6.467163,0.031475227,-1.1379433,-1.0565164,-0.071761556,-0.29498667,-0.07078949,0.08019385,-0.05306389,0.43542835,0.3946522
6688,-4.4687047,0.09669312,-0.90320915,-0.35770497,-0.11857594,0.062983215,-0.10899192,-0.4903352,-0.017341563,0.08580039,0.38687825
6689,-4.5480146,-0.29105175,-1.009403,-0.66025543,-0.01986116,-0.18049045,0.10575224,-0.2997326,0.063120574,0.40098616,0.33571452
6690,-5.7131543,-0.28486025,-0.7554243,-0.64196056,-0.11558885,-0.07709508,-0.21335055,-0.112369075,-0.1747873,0.23477724,0.46703503
6691,-5.2000046,-0.16906506,-1.2602148,-0.6309213,0.08271634,-0.09457992,0.062014475,0.015283441,0.095844276,0.28057966,0.46249712
6692,-6.0816245,0.15430912,-1.4012067,-0.2775676,-0.22562419,-0.22992192,-0.014115819,0.026844202,-0.3879813,0.20926869,0.38443515
6693,-6.0658264,0.13626936,-1.1101297,-0.6729968,-0.21166769,0.07233017,0.10670549,-0.23944817,-0.10889979,0.34320405,0.17464758
6694,-3.866689,-0.08058354,-1.0576857,-0.2678188,0.033924934,-0.0054752035,-0.108569995,-0.025185408,-0.26222962,0.17743059,0.21590778
6695,-4.2780986,-0.1276168,-0.98557377,-0.39412227,0.090066254,-0.068788275,-0.05066512,-0.3344811,-0.19073915,0.2827996,0.120296344
6696,-7.877243,-0.35084507,-1.5256534,-0.85877275,0.43920937,-0.14850704,-0.46806708,0.049150527,0.07943138,1.0651501,0.087661214
6697,-5.6474576,0.13681673,-0.88865715,-0.5418069,0.021200534,-0.26652282,0.04005501,0.28280765,-0.21791486,0.33424747,0.14924268
6698,-4.5042853,-0.06633077,-0.82122785,-0.38428372,0.00016957428,-0.12864955,-0.08507992,-0.20562899,-0.16646205,0.3617406,0.2525982
6699,-5.426808,0.017153606,-1.018494,-0.54298365,-0.67294616,-0.087517284,-0.051784176,-0.41461948,0.022780914,0.38898978,0.7569199
6700,-4.8970904,-0.27081445,-1.102868,-0.3915325,-0.4682578,-0.11267666,0.27833518,-0.2451635,-0.37413153,0.7734022,0.3545785
6701,-8.669645,-0.20397912,-1.7204661,-1.0553669,-0.34036955,0.09313172,-0.13539906,-0.30349016,0.1967837,0.7275552,0.87109137
6702,-6.614465,-0.010939856,-1.2117134,-0.6371951,0.0050745723,-0.22093008,-0.09532699,0.02195885,-0.16991335,0.6630696,0.35005265
6703,-10.769549,-0.22363247,-2.659433,-0.4960512,0.6275687,0.9849092,-0.55811524,0.15990457,-0.16380559,0.13043463,0.4587881
6704,-5.74323,-0.08702472,-1.1822712,-0.48300767,-0.15145402,-0.1537897,-0.10781064,0.028880911,-0.060916886,0.6730663,0.13518672
6705,-4.589138,-0.28875518,-0.93699414,-0.4587071,0.06164434,0.06957637,-0.12292547,-0.1697704,-0.109222874,0.5853592,0.32590625
6706,-6.506552,0.25042057,-1.2668252,-0.7387289,-0.3484652,-0.18833607,0.25265634,0.10253873,-0.22800356,0.4285821,0.5218125
6707,-7.3432117,-0.44832405,-1.4426434,-1.073092,0.126918,-0.1265974,-0.13809277,-0.20891806,0.099252045,0.19548953,0.032531288
6708,-5.7137613,0.06343516,-0.7358155,-0.6361514,-0.20061639,0.10023021,0.44250044,-0.22407068,-0.031053519,0.4550283,0.29936093
6709,-6.2053237,0.0239041,-1.5057606,-0.4631087,0.017515922,0.32693386,-0.17405547,-0.302723,-0.0073388144,-0.042619176,0.15695506
6710,-6.9289875,0.37518084,-1.7787508,-0.7963463,0.1403062,-0.1921323,-0.15140246,-0.2522927,-0.13858227,0.2131616,0.24103367
6711,-5.2742243,0.022959508,-1.0242925,-0.8535368,-0.16397606,-0.24425317,-0.005898063,-0.25749245,0.04999543,0.52094203,0.41028407
6712,-6.227139,-0.07636022,-1.7852243,-1.2097186,-0.14708714,0.50343794,0.11913361,-0.5810593,0.27363548,0.3514182,0.37585983
6713,-4.061839,-0.08809245,-0.73122716,-0.31618163,0.069100946,0.014008399,-0.20429954,-0.32033122,-0.019849801,0.37706265,0.12926216
6714,-4.506176,-0.25610378,-1.3192157,-0.6083851,0.043521143,0.007859318,-0.10675027,-0.13761216,-0.1054433,0.46857902,0.52252126
6715,-6.036324,-0.26314107,-1.094952,-0.49423563,-0.5450826,0.24284326,0.17013791,0.14315712,-0.40009806,0.47719193,0.49518636
6716,-7.287634,-0.7757531,-1.4149438,-0.8791492,-0.006867834,-0.21878833,-0.1935042,-0.28482896,0.07689501,0.5106954,0.5098106
6717,-7.312682,-0.2543388,-1.4814273,-0.69777155,0.088722475,-0.30418986,-0.2778245,-0.46670303,0.006160019,0.3420014,0.37779257
6718,-5.652188,0.1484099,-1.226686,-0.6380926,0.20534185,0.45191777,-0.19307762,-0.19679186,0.049686752,0.4876854,0.40235457
6719,-6.313035,0.07802247,-1.332554,-0.8195322,-0.40898174,0.26382595,0.08039904,-0.108191304,0.1203505,0.49933523,0.5002025
6720,-5.9041758,-0.13508749,-1.3174287,-0.75023127,0.14024788,0.19502586,-0.07237753,-0.119980074,0.18893053,0.6112043,0.31551528
6721,-5.8813787,-0.2703385,-1.4609696,-0.499317,-0.28831297,-0.15680987,0.15544036,0.28979927,-0.28748873,0.88932836,0.33245963
6722,-5.1081457,0.18176174,-1.0295045,-0.3410807,0.037019007,0.21706246,0.05656005,-0.034992196,0.118904635,0.37031966,0.094704755
6723,-7.3211246,-0.108687654,-1.1935862,-1.0793909,-0.11131497,0.021708678,0.11728619,-0.55952257,-0.0106276795,0.84039086,0.4866265
6724,-5.0646133,-0.22249587,-0.81884277,-0.6685717,0.031457208,0.18198512,-0.05157317,-0.1591673,0.10086267,0.7714049,0.4226355
6725,-7.482153,-0.27094302,-1.1594206,-0.7208806,-0.31243673,0.33770096,0.1488661,-0.79778075,-0.19900995,0.37967327,0.48396003
6726,-6.1297565,0.07376553,-1.1401612,-0.80613667,-0.2600251,0.007572844,0.07197452,-0.3023583,-0.1496671,0.2435374,0.222652
6727,-6.692067,-0.23525965,-1.1960385,-0.49253166,-0.009458514,0.089509375,0.13571337,-0.07843273,-0.16987541,0.12586197,0.62531656
6728,-7.3634453,0.08009147,-1.2551274,-0.432577,-0.14920625,-0.23077393,-0.013050816,-0.4287329,-0.33385038,0.39608502,0.24356098
6729,-4.791881,0.118789785,-1.000109,-0.5229739,0.42471668,0.18137136,-0.23691608,-0.102910414,0.13944949,0.44861707,0.166724
6730,-4.6073513,-0.123054296,-1.1771557,-0.6863878,-0.23129964,-0.08711477,-0.13798943,-0.16084453,-0.19546308,0.5368542,0.22053806
6731,-4.978956,-0.13737,-1.0072491,-0.57673097,0.25431797,-0.1224187,-0.29341027,-0.44374576,-0.07064111,0.3215853,0.19299921
6732,-5.341982,-0.09826067,-0.98657054,-0.8739091,-0.2429274,-0.079706095,0.111420244,-0.28107128,-0.0669783,0.20388438,0.052888922
6733,-5.558599,-0.31293222,-0.8639962,-0.52682483,-0.33839238,-0.21503125,0.043200634,-0.4672036,-0.3504522,0.3276622,0.29947194
6734,-4.876102,0.052098457,-0.67526805,-0.6341318,0.0600856,-0.046692558,-0.01321346,-0.28696305,0.108821996,0.26732072,0.39853534
6735,-4.257233,0.09851628,-0.71964,-0.32908863,0.008466785,-0.26175278,0.043379672,0.023063488,-0.1277009,0.39656654,0.15293437
6736,-6.552609,-0.20093518,-1.3882557,-1.0717739,-0.6691434,0.1069678,0.048646353,-0.30154935,0.39976677,0.7360346,0.556279
6737,-6.3078103,-0.11412203,-0.869142,-0.9452872,-0.32409245,0.22148886,-0.06785818,-0.30885145,0.20758674,0.48895526,0.3877499
6738,-5.344877,0.040094834,-0.90082496,-0.5039749,0.032230645,-0.17177966,-0.3302614,-0.08486006,-0.2946895,0.429093,0.27775618
6739,-6.2392926,-0.0104539795,-1.4580128,-0.7808396,-0.13575773,-0.31672943,-0.11691294,-0.07469992,-0.027158791,0.39861232,0.16840175
6740,-7.175015,-0.094500646,-1.0504856,-0.07722682,-0.3184364,-0.16139415,0.25480783,-0.020583047,-0.73782825,0.44527128,0.31594664
6741,-6.2308054,-0.29632625,-1.1646304,-0.9313432,0.093747884,0.47519535,0.31361958,-0.34313267,-0.11913453,0.40408552,0.54625475
6742,-5.2116556,-0.39687902,-0.6254309,-0.4028008,-0.788864,-0.06848129,-0.20693341,-0.22372705,-0.18164504,0.28901735,0.2274243
6743,-6.73715,0.010316611,-1.3842632,-0.7052107,0.0108466465,0.42875952,-0.058035664,-0.48229703,0.18221118,0.6497931,0.28012198
6744,-6.435755,-0.35333595,-1.295994,-0.4306128,-0.24954364,0.07727986,-0.041690413,-0.14149125,-0.35862678,0.9209322,0.48248583
6745,-5.961016,-0.27241224,-0.89696,-0.5173734,-0.6383798,0.3410433,-0.29687732,-0.769332,0.32476297,0.6591526,0.44248778
6746,-4.5594296,-0.10969461,-1.1153002,-0.42328858,-0.3706064,-0.23591653,0.12932488,0.029348077,-0.106490046,0.48033983,0.3269473
6747,-4.0218124,-0.13122435,-0.6537623,-0.31275055,-0.1562104,0.0680104,0.029191803,0.027598584,0.057326116,0.34322247,0.15287809
6748,-6.1638207,-0.14711538,-1.3578869,-0.6605113,-0.13621895,0.047126494,-0.12924851,-0.2668822,-0.015938869,0.49952,0.40442842
6749,-8.202554,0.33572936,-1.942706,-0.9984672,0.37802958,0.14727049,-0.23991184,-0.3502995,0.30588758,0.35967606,0.3489352
6750,-6.3851137,-0.3608949,-1.3383139,-1.30836,-0.025018794,-0.054063167,-0.29374954,-0.6497426,0.27660912,0.437526,0.3919424
6751,-6.6159296,-0.19907932,-1.1052206,-0.7270866,-0.5034462,0.37789184,0.24891354,-0.2417438,-0.16322687,0.9460767,0.6873583
6752,-5.7104106,0.26617944,-1.4008806,-0.051573474,0.10131567,-0.017638678,0.19872738,0.34456742,-0.21397665,0.52788955,0.21964894
6753,-7.529877,-0.04862668,-1.3598691,-1.0599561,0.1613623,0.015749462,-0.22661757,-0.18975642,0.3322055,0.55953723,0.41714752
6754,-5.6283216,0.039262615,-1.2370371,-0.5612295,0.35581285,-0.15046914,0.12113363,0.23709476,0.020103058,0.1839999,0.10024484
6755,-5.1923094,-0.19795436,-0.96045023,-0.3816125,0.17697482,0.0861336,-0.10785257,-0.17955445,0.07750003,0.4124944,0.102344975
6756,-5.613431,0.2678668,-0.9046615,-0.68174577,-0.2782276,-0.3645603,0.058161072,-0.29927623,-0.079132915,0.4764327,0.43927675
6757,-5.696944,-0.35689622,-0.90451944,-0.8271424,-0.5333481,-0.031449687,0.17362031,-0.2879785,0.1261347,0.53425467,0.87686306
6758,-5.830989,-0.4698591,-1.1170129,-0.8292659,-0.6047774,0.12517965,0.22618714,-0.19192763,-0.09943963,0.6526544,0.5085112
6759,-5.793942,0.2459785,-0.8390063,-0.47894707,0.13882583,-0.22156735,0.2745754,-0.39012477,0.11902133,0.47656414,0.026994113
6760,-5.4868407,-0.19989845,-1.3628241,-0.49084014,-0.4060265,-0.13612378,0.1395414,-0.08210022,-0.2470807,0.42744803,0.75202847
6761,-5.899595,-0.10224932,-0.92623043,-0.76252174,-0.22726826,-0.34330082,0.2463058,0.021847697,-0.23732747,0.4666505,0.363864
6762,-4.0684414,0.042119373,-0.8887938,-0.43684164,0.062441368,-0.013153728,-0.21022038,-0.11964702,0.046198294,0.38303602,0.0015275273
6763,-7.1755815,-0.13461924,-1.7940418,-0.44193557,0.39835557,-0.3336221,-0.14239079,0.1372436,-0.37932575,0.049198255,0.41154963
6764,-4.879474,-0.31373966,-0.8340997,-0.3661057,-0.40686253,-0.0023446605,0.031741295,-0.35144183,-0.23444135,0.559623,0.27533647
6765,-6.514127,-0.06589336,-1.4413663,-1.1318256,-0.12540263,0.02439155,-0.074116826,-0.33881032,-0.13149442,0.30024555,0.43928105
6766,-4.4782586,-0.26345178,-1.0289308,-0.44475135,0.09451159,0.2395568,0.02291099,-0.05160533,0.08941822,0.32380012,0.23691899
6767,-6.4839883,-0.2496774,-1.0905651,-0.7102328,-0.7766904,0.2281129,-0.14125076,-0.16518189,-0.20352332,0.55873567,0.59392166
6768,-5.3810964,-0.12626365,-1.0398117,-0.40884647,-0.009759478,-0.18163453,-0.13389434,-0.12049829,0.11575635,0.43924883,0.3960626
6769,-5.7931666,0.09091824,-1.3266256,-0.6220875,0.081573,-0.40268046,-0.10499845,-0.23611882,-0.009649022,0.19533138,0.07447679
6770,-3.8808408,-0.0013511479,-0.57792306,-0.3677247,-0.16670325,0.01951086,0.16454102,-0.12798128,0.11434395,0.39271462,0.06430912
6771,-5.1767306,-0.10224114,-1.235334,-0.9335654,-0.09374543,-0.09126083,-0.21293527,-0.23265459,0.08846877,0.47844857,0.19399214
6772,-6.8003716,-0.04699542,-1.1540776,-0.34107643,-0.22737767,0.013385455,0.56029266,0.009100679,-0.68822205,0.48062226,0.4543622
6773,-4.9071603,-0.07736755,-1.1300765,-0.2378519,-0.19737193,-0.10411956,-0.19839892,0.26903093,-0.2863093,0.5752938,0.22840466
6774,-5.819263,0.039457634,-1.282991,-0.673949,0.045832057,0.40842265,-0.26705346,-0.5905549,0.1456377,0.2001927,0.16690701
6775,-3.9304996,-0.020057995,-0.6794196,-0.41334724,-0.12382539,-0.111181326,0.06025645,-0.09616032,0.1006888,0.44064045,0.24321042
6776,-5.23131,-0.033141397,-0.8275614,-0.4886674,-0.11017553,-0.13432382,0.040075008,-0.28858095,-0.24344338,0.49258718,0.3090527
6777,-6.0051174,-0.36173177,-0.90196985,-0.8462009,-0.09424646,0.08873949,0.09941902,-0.036610812,0.07560322,0.63445854,0.7066877
6778,-4.850972,-0.18441838,-0.9908063,-0.6478821,0.096288085,-0.14233509,0.0027544005,-0.23441832,0.16653486,0.43403062,0.022798814
6779,-4.894336,-0.046342824,-1.2576568,-0.30717924,0.10522935,0.35028714,-0.08369586,-0.363464,0.012541538,0.43266454,0.24925005
6780,-5.5022407,-0.3693616,-1.1616482,-0.54778314,-0.17866112,-0.065052755,-0.08439587,0.012773773,-0.15063334,0.6296149,0.28726065
6781,-5.390271,-0.033864588,-0.9737061,-0.27944154,-0.225972,-0.064954914,0.15237366,-0.105466604,-0.080843106,0.28379008,0.1270055
6782,-6.2104406,0.037123207,-1.533101,-0.8065843,0.29457277,-0.10350299,-0.1172589,-0.3228669,0.46722385,0.058921117,0.30684388
6783,-5.7774653,-0.13246462,-0.9896387,-0.82923067,0.3775021,-0.06836353,-0.09266266,-0.21040367,-0.0012720209,0.40197694,0.11580674
6784,-5.3794,-0.21497187,-1.227513,-0.6986058,0.111316614,0.05012918,0.1239818,-0.3990507,0.31786692,0.32372892,0.20405401
6785,-5.38048,-0.29806602,-1.3363249,-0.45139965,-0.019322993,0.17891696,-0.021863997,-0.12561622,0.08545252,0.56322443,0.50739086
6786,-4.7463045,-0.112877,-0.8340164,-0.71579134,-0.06493424,-0.1867509,0.0032982668,0.12933803,0.11970774,0.40764853,0.3458287
6787,-5.3508797,0.12125211,-1.0713925,-0.47198865,-0.076507315,-0.1259428,-0.20396934,-0.29922712,-0.016365865,0.19605486,0.061480347
6788,-5.175173,-0.22184819,-1.0660524,-0.66584355,-0.84087306,-0.37307483,0.13721894,-0.23574749,-0.2749742,0.3365017,0.5952676
6789,-5.516526,-0.6524401,-1.1011628,-0.6513954,-0.5374201,-0.46736175,0.012294405,-0.20723262,0.06718515,0.40548235,0.65291744
6790,-7.87826,-0.029716238,-1.652033,-0.51428,0.31091908,0.47948802,-0.08188574,0.027597217,0.22270997,0.9336028,0.38936028
6791,-5.001313,-0.17540887,-1.033563,-0.45820504,0.38977104,0.13086385,-0.16921578,0.08385183,-0.14637628,-0.16683246,0.0862098
6792,-5.213805,-0.18799786,-0.7234052,-0.39494634,-0.27812654,-0.13293187,-0.41236392,-0.13458066,-0.18525885,0.34237286,0.17224495
6793,-3.5887256,0.0035014683,-0.6304128,-0.44369432,-0.08198666,0.056196116,-0.032695204,0.05392027,-0.042783976,0.3921209,0.16877514
6794,-5.6141076,-0.035127107,-1.2266389,-0.75143826,-0.30703685,0.27936286,0.16355787,-0.4062712,0.0053658504,0.17539684,0.28150952
6795,-5.11835,0.090730526,-1.0638977,-0.22307631,-0.03870722,-0.0013827151,0.08183302,-0.026270492,-0.15520439,0.30065855,0.32264745
6796,-6.345482,-0.10857262,-0.8059608,-0.7033095,-0.66415024,-0.15440139,0.45196876,-0.059076205,-0.5279105,0.5320461,0.48396707
6797,-5.9519963,-0.009620729,-1.5526705,-0.48126304,-0.079496644,0.054061446,-0.16036618,-0.2894747,-0.14580801,-0.011281901,0.4312456
6798,-4.5961404,-0.034125276,-1.0782049,-0.40252748,0.051372014,0.40187275,-0.22947809,-0.41685748,0.08260038,0.44428912,-0.05917386
6799,-5.6529164,0.21769767,-0.98918635,-0.6073677,-0.024300436,0.04886083,-0.2777331,-0.49717012,0.2428526,0.53269196,0.13642247
6800,-4.1093483,-0.098285906,-0.687958,-0.41090697,-0.64188606,-0.32717806,0.19528143,-0.06701295,-0.206478,0.48121625,0.417624
6801,-6.72005,-0.030055348,-1.1087967,-0.90193605,-0.16211168,0.2545793,0.22655341,-0.3582993,-0.15461099,-0.112719744,0.42605588
6802,-3.7173307,-0.032439806,-0.58903897,-0.43757987,-0.13732474,-0.041055482,0.2596688,0.036199443,-0.12524512,0.39237267,0.35300988
6803,-5.6600285,-0.31668282,-0.73980016,-0.697191,-0.5823469,0.12230179,0.026612852,-0.3768558,-0.23945554,0.4130699,0.46775717
6804,-7.089477,-0.09749065,-1.5095873,-0.3437788,0.26279706,0.47732717,-0.43580428,-0.31993526,-0.060316898,0.25822958,-0.04372441
6805,-4.3773036,-0.1560291,-1.0873885,-0.48403138,0.18719445,0.18059412,-0.11757385,-0.3507649,-0.067211896,0.2278334,0.21090993
6806,-5.186044,-0.016341005,-1.1438406,-0.5658212,-0.20693111,0.36334866,0.14945972,-0.5377218,-0.095793344,0.3522424,0.46473268
6807,-3.7140968,-0.15271182,-0.7885875,-0.3757738,-0.057475545,0.18768315,0.017207164,-0.08094119,-0.119909495,0.28281367,-0.108662486
6808,-4.651209,-0.047203887,-1.2230556,-0.44174588,0.14774673,-0.024066199,-0.060376525,-0.17477511,-0.21697389,0.2564133,0.3873431
6809,-7.4529114,-0.13603026,-1.5377582,-0.44027552,0.28200978,0.23434009,-0.36978096,-0.6436875,-0.15880355,-0.07036996,0.10009655
6810,-5.4212537,0.015431657,-1.0169059,-0.55459636,-0.4478611,-0.07157986,0.20703274,-0.5422109,-0.35748473,0.66374063,0.38048705
6811,-5.55114,-0.014523256,-0.9479932,-0.7306123,-0.12283795,0.3237018,0.19241813,-0.43275005,0.1510844,0.54892343,0.60073954
6812,-4.653172,0.048418283,-0.73726726,-0.6851941,-0.3302509,-0.09818191,0.019772373,-0.2054129,-0.09987648,0.19356105,0.20949844
6813,-5.4768167,-0.121248364,-0.97846836,-0.37921906,0.16004848,-0.1864992,-0.3892568,-0.36630952,-0.22472692,0.4555006,0.29364508
6814,-4.8868675,0.09633273,-0.9656422,-0.68034136,-0.0650082,0.04516113,-0.31204852,-0.5131094,0.055024005,0.0907618,0.19530287
6815,-5.0778303,-0.22911558,-0.98695815,-0.9047707,-0.047363475,0.08711926,0.39401653,-0.33865413,0.22004804,0.5590575,0.2665136
6816,-5.171969,0.20460126,-0.840656,-0.61423844,-0.013619132,-0.24210167,0.16984876,-0.26260567,0.03883437,0.45048,0.19145572
6817,-4.8710127,-0.26950148,-0.8947585,-0.41003963,-0.41254854,-0.40877467,0.11988592,-0.1261551,-0.11491458,0.16887909,0.57163125
6818,-5.220685,0.117893,-0.94340646,-0.41580522,0.04395509,0.044713214,-0.03452836,-0.393463,-0.06423806,0.1511399,0.10689042
6819,-5.8853955,-0.22164357,-1.3345098,-0.988572,-0.21753007,0.24220559,0.040815085,-0.019124065,0.26342195,0.5146258,0.51240915
6820,-5.3153477,-0.17282563,-0.89560634,-0.6034518,-0.042871825,0.2905175,0.15388913,-0.19494173,0.063579194,0.45435473,0.13782403
6821,-4.800173,-0.5360628,-1.0467418,-0.76806235,-0.35165337,-0.20285423,0.10959463,-0.37360397,0.054020464,0.3978443,0.66156083
6822,-5.261109,0.061226822,-1.1616316,-0.6202075,0.034681987,-0.17163031,-0.2062918,-0.15936631,0.13472675,0.23579676,0.036026392
6823,-6.692389,-0.05495275,-1.575543,-0.7918814,-0.17192246,-0.011382578,-0.060236655,-0.33057588,-0.16345888,0.267566,0.4274835
6824,-4.99206,0.007735497,-0.786139,-0.1918413,-0.26290953,-0.00841747,-0.124885,-0.29305044,-0.33470204,-0.07968109,0.4829313
6825,-4.703573,-0.15004751,-0.88312286,-0.7175421,-0.21351683,-0.15817451,0.3186952,-0.024127552,-0.03776771,0.52205294,0.38766417
6826,-5.815385,0.15652832,-1.1948713,-0.52465826,0.23604544,0.048419688,-0.12464117,0.010940715,0.1336803,0.3216844,0.090404145
6827,-6.116437,-0.35479453,-1.1842011,-0.9247687,-0.7139306,-0.122822136,0.4100803,0.035495996,-0.094794706,0.37082276,0.6137134
6828,-6.224938,-0.074842334,-1.2269111,-0.53787965,0.06510187,0.083390586,-0.092485346,-0.2691017,-0.026443718,0.4999494,0.2308688
6829,-4.9433537,-0.26703387,-1.173699,-0.4064568,-0.01633069,-0.48240268,-0.045510486,-0.071409665,-0.1625558,0.35694054,0.31631458
6830,-4.167395,-0.06168167,-0.76443887,-0.48841086,-0.22147134,0.071031064,0.08442933,-0.3619355,-0.1648013,0.11621496,0.17219204
6831,-5.886999,-0.16958757,-1.3635663,-0.7078445,-0.18558775,0.012152446,0.046007123,0.07946437,-0.12731092,0.7192747,0.6625726
6832,-5.118727,0.1321374,-1.1406094,-0.5406468,-0.20499611,0.040684864,0.03544541,-0.38151273,-0.045518346,0.44844037,0.4278863
6833,-4.816931,-0.14426081,-0.86030835,-0.8577395,-0.15968242,-0.232946,-0.07964466,-0.088301934,0.15165655,0.78587437,-0.0077847904
6834,-4.1379614,-0.16015379,-1.2248999,-0.59668577,0.0174283,-0.100078546,0.012117151,-0.15789115,-0.07435176,0.22796439,0.048838012
6835,-5.236673,0.11968767,-1.3283755,-0.67072517,-0.31157455,0.456887,0.0030370732,-0.33509126,0.061166592,0.5128135,0.1931663
6836,-5.011555,-0.060989242,-1.0037136,-0.63572717,-0.23752585,0.11360196,-0.08344118,0.10331142,0.026633538,0.515449,0.4806271
6837,-5.949502,0.054607887,-1.3977852,-0.354832,0.14364764,0.20792979,-0.054213934,0.05748778,-0.061195605,0.43095797,0.19742148
6838,-5.730047,-0.036602292,-1.3038197,-0.5391173,0.10503051,0.012427402,-0.14221914,-0.017127287,-0.044635095,0.569178,0.45591798
6839,-5.7596273,-0.23186749,-1.4053578,-0.4987626,-0.109593496,0.23519781,-0.223691,-0.038976222,0.3244281,0.6259938,0.4201851
6840,-5.283341,-0.12000057,-0.7585873,-0.547072,-0.7229867,0.04143923,-0.053563647,0.17656176,0.0075280545,0.6820671,0.29971632
6841,-5.4811206,-0.19575928,-1.2532021,-0.46576694,-0.06305982,0.26184118,0.6062895,0.036511313,-0.09528485,0.2890244,0.44964203
6842,-7.459569,-0.023343273,-1.4971153,-0.9669482,0.13743415,0.2215599,0.043170985,-0.13588223,0.4843267,0.9107208,0.13725048
6843,-4.7476463,-0.23554897,-1.0325019,-0.14802822,-0.035729207,-0.051402938,-0.1375126,-0.09907553,-0.17322642,0.23306017,0.12278557
6844,-6.568259,0.007180554,-1.2169279,-0.8318002,-0.004209344,-0.07142953,-0.20121966,-0.32846683,-0.1591677,0.48041904,0.19608837
6845,-4.8675003,-0.07372696,-1.0424095,-0.4830614,-0.18847561,0.104315676,0.039913442,-0.19774221,-0.04057908,0.50397044,0.3207555
6846,-4.717083,-0.42822114,-0.9044117,-0.5234912,-0.01294639,-0.07624097,-0.09579756,-0.11499509,0.11407582,0.48108366,0.18494043
6847,-6.0217533,-0.23437913,-0.91625947,-1.0075898,-0.26607028,-0.07765324,0.08057714,-0.14923416,-0.26597735,0.19046438,0.29053634
6848,-5.0179825,-0.12614524,-1.0886662,-0.50076616,0.4425618,0.2849393,-0.20079096,-0.27717546,0.07735909,0.43731043,0.20862536
6849,-6.8001647,-0.3943591,-1.3372947,-0.68879956,-0.03515204,-0.060248077,-0.012988142,0.0058752988,0.11498783,1.013139,0.45111522
6850,-6.4318614,0.10201965,-1.3903402,-0.8325012,-0.31872398,-0.10887099,-0.46231407,-0.39470926,-0.21375312,0.37423766,0.3022874
6851,-5.2419124,0.07106377,-1.0454544,-0.5033294,-0.26026148,0.30797988,0.21610287,-0.49811777,-0.18358806,0.48997945,0.3520733
6852,-6.7569413,0.07288714,-1.4920502,-0.7634057,0.36298564,-0.3636834,-0.3650344,-0.17347312,0.05188992,0.3499942,0.32257426
6853,-3.9433308,0.012585549,-0.94261473,-0.58190846,-0.3721048,0.051530275,-0.12147028,-0.2252802,-0.06633412,0.2962624,0.2367701
6854,-5.721282,-0.26783425,-1.3331447,-0.49113166,0.257783,-0.13865417,-0.2514358,0.06827923,0.13519898,0.73939586,0.35800314
6855,-4.175115,-0.04199694,-0.7161261,-0.37880445,-0.24938893,-0.3563819,0.2400353,0.007677671,-0.35549256,0.2285985,0.27661195
6856,-6.6800394,0.1441485,-1.3152322,-0.30220482,0.13130423,-0.05698753,-0.10914563,0.2465692,-0.39253265,0.52884746,0.10391517
6857,-7.6448655,-0.27165535,-1.999969,-1.0731106,0.06359169,0.016542148,0.050349858,0.12346161,0.43589643,1.034674,0.24651533
6858,-5.360319,-0.39552042,-1.3489738,-0.84967947,0.30808562,-0.15066959,-0.3406426,-0.19180624,0.27634072,0.7419103,0.008775378
6859,-3.8395798,-0.172957,-0.65219116,-0.58373326,-0.08410737,-0.10745799,0.012325297,-0.14385691,-0.096248575,0.18567628,0.19233613
6860,-5.1485453,0.27319127,-1.1508791,-0.59727037,-0.002115563,0.24922615,-0.19275902,-0.17697495,0.010265154,0.21563458,0.08465415
6861,-6.146831,-0.503118,-0.9578224,-0.86277723,-0.66215706,-0.49872726,0.5057663,-0.056371808,-0.26909354,0.57597756,0.49852487
6862,-7.165767,0.010157324,-1.4989384,-0.84868515,0.29151395,0.24033257,-0.25852913,-0.26495686,0.22476703,0.081490286,0.14774477
6863,-8.211655,0.15990679,-1.3515018,-0.40711164,-0.08999214,-0.15955853,-0.070352316,-0.14299698,-0.279337,0.38403317,0.40589458
6864,-5.020066,-0.046844117,-1.027583,-0.49800032,0.08475338,-0.21375729,-0.36643216,0.07363896,-0.15120979,0.0023069875,0.17781119
6865,-6.034369,-0.10054644,-1.2831789,-0.60227126,-0.24937734,0.11167549,-0.086985596,-0.45680007,-0.34588182,0.07968114,0.5694327
6866,-4.832163,-0.06399536,-0.98960876,-0.52121836,0.120041266,0.12525317,-0.03789012,0.12916093,0.208582,0.61379814,-0.0061334083
6867,-6.7813087,-0.27103913,-1.2058809,-0.4160544,0.198408,0.1864223,-0.4925609,0.11776347,-0.29256827,0.7043333,0.28250828
6868,-6.5937357,-0.09188823,-1.0282539,-0.33831236,-0.11649323,0.04297889,-0.14504185,-0.6471926,-0.18962884,0.17528817,0.07639726
6869,-7.251869,-0.044298597,-1.4820683,-0.7643305,0.4809092,-0.15340231,0.021130301,-0.26894295,0.22851151,0.4601253,0.05723472
6870,-3.6132321,0.0473463,-0.7831331,-0.46001258,-0.19317037,-0.04477764,0.044513315,-0.15526709,0.07360844,0.13677137,0.3430184
6871,-7.213396,0.024643939,-1.4223615,-1.1315396,0.17374504,-0.34172404,-0.21224238,-0.009670835,-0.119947776,0.6642091,0.56715626
6872,-4.801661,-0.035443027,-1.145868,-0.6725263,-0.062301576,-0.22330527,0.19414225,-0.16436711,-0.19238675,0.0100782495,0.31491643
6873,-7.169855,-0.30797163,-1.4918392,-0.32953495,0.05208516,0.20382203,-0.42725682,-0.24819016,-0.41997972,0.33341476,0.28465626
6874,-6.9849806,-0.14081728,-1.4105799,-0.76800936,-0.41630796,0.041942276,0.23546633,-0.32751206,-0.16481519,0.3912944,0.37149477
6875,-8.079221,-0.20477842,-1.4182163,-0.7560884,-0.38184568,-0.036159582,0.20244333,-0.379177,-0.12629957,0.36239114,1.0617335
6876,-5.9658675,-0.090414375,-0.822,-0.5651213,-0.12189058,0.2510776,-0.20306666,-0.17161296,-0.2531481,0.38263348,0.026179241
6877,-4.431745,-0.02739634,-0.78652847,-0.32365704,-0.3723057,-0.2661422,0.14552929,-0.081893004,-0.2604883,0.30430928,0.24606232
6878,-4.959755,-0.18346572,-1.1665494,-0.7393356,-0.11606159,-0.14938545,-0.07613085,0.026822865,0.25427788,0.39043733,0.33832777
6879,-5.8892536,-0.28383657,-0.9943841,-0.6378851,0.19362411,0.084507,0.0064705946,-0.09398475,-0.19749558,0.19737433,0.39671305
6880,-5.4141726,-0.22508791,-1.2041131,-0.682532,-0.25494736,0.22791266,-0.22581153,-0.556383,-0.011489961,0.6448078,0.37080643
6881,-5.2057977,-0.03349429,-1.0464529,-0.28039962,0.13881716,0.139528,-0.029996999,-0.22374366,-0.19535793,0.23364285,0.16606951
6882,-5.7180305,0.110711135,-1.3677602,-0.5299899,0.51205283,-0.18799336,-0.28770232,-0.27775398,-0.046847627,0.046966277,0.1706905
6883,-5.475391,-0.082296,-1.0975052,-0.66686916,0.10630225,0.0371145,0.029122707,0.17562109,0.013939157,0.047622703,0.3040947
6884,-5.5466847,-0.03275629,-0.7441842,-0.71260345,-0.30757424,0.19532835,0.057192296,-0.27885747,-0.073140144,0.2292272,0.5404697
6885,-5.7953186,-0.074067876,-1.0751431,-0.9680212,-0.26409557,-0.29361242,-0.24373712,-0.4700142,0.12392213,0.26293132,0.92300653
6886,-4.678425,-0.3050402,-0.9791816,-0.18210702,0.115159184,0.111693166,-0.057547577,-0.20617808,-0.060321383,0.22209732,0.30195537
6887,-4.97404,-0.027150024,-0.70514405,-0.6024587,-0.43586487,-0.18628368,0.02924873,-0.44194302,-0.18575045,0.14278002,0.29280624
6888,-5.1750464,-0.10157395,-1.097101,-0.87027615,-0.11907179,0.016322028,-0.4251503,-0.55070317,0.11483899,0.34599042,0.19597854
6889,-4.772747,-0.18255627,-1.0702971,0.040207636,0.14617188,-0.10711822,-0.11942463,-0.06000989,-0.0962546,0.26028347,0.4675751
6890,-6.02323,-0.026830807,-1.2572126,-0.66754085,0.21695834,-0.2815588,-0.2849799,-0.06176535,-0.16448724,0.4832474,-0.04563189
6891,-6.0460434,-0.03940153,-1.2912147,-0.7394842,-0.4770587,-0.2490183,-0.10223941,-0.09080126,0.097707726,0.40804335,0.7668402
6892,-5.4426365,0.009957874,-0.930804,-0.6226263,-0.01190627,0.09827437,-0.19309328,-0.65992826,-0.094966546,0.41867036,0.13746463
6893,-7.405104,0.021526579,-1.7220664,-0.30297068,0.6081734,0.10081067,-0.10047336,-0.56875837,0.057066105,0.16732289,0.2512061
6894,-6.1003222,0.102113105,-1.081378,-0.6065277,-0.045363337,-0.2815568,0.049783513,-0.2756896,0.07968579,0.3428728,0.2705309
6895,-5.6859403,0.09901292,-0.9837459,-0.4104601,-0.4278768,0.33149993,-0.06164521,-0.27480727,-0.053696975,0.6937167,0.15390398
6896,-4.8734875,-0.10482071,-0.9952258,-0.63405216,0.12823185,-0.12150574,-0.12099009,-0.20273489,-0.066000625,0.2607381,0.10859533
6897,-6.29562,0.15906562,-1.4151617,-0.944304,-0.062917136,0.027914565,-0.04160026,-0.23123819,0.06276556,0.3006486,0.38373265
6898,-3.8615394,-0.13989177,-0.73452103,-0.49612874,-0.122932784,0.09606988,-0.0510363,-0.09166004,0.09322121,0.44302842,0.56122464
6899,-5.817629,-0.008508581,-1.0632796,-0.48800877,-0.063747585,0.0400016,-0.073012054,-0.39000523,-0.20293859,0.1351155,0.39043006
6900,-4.9615126,-0.1997746,-0.92898154,-0.7481262,-0.61320853,0.25320226,0.10983771,-0.05668769,0.1717882,0.5540114,0.43220735
6901,-7.005506,0.0107159475,-1.5650257,-0.6639077,-0.099927925,0.20643795,-0.25034663,-0.08299418,-0.03508865,0.3623471,0.3329543
6902,-3.7944365,-0.17980707,-0.8226341,-0.4489101,-0.096667305,-0.27279425,-0.05028147,-0.14326325,-0.007419102,0.24872845,0.20394365
6903,-6.38176,-0.056406554,-1.2012691,-0.64603657,-0.24570307,0.24938951,-0.11576287,-0.3803875,-0.092158,0.7457063,0.30582967
6904,-5.1173186,-0.15383704,-0.97585833,-0.44084165,-0.24171373,-0.5262513,0.1937328,0.22405474,-0.12915833,0.6939666,0.09840587
6905,-6.001748,-0.12916906,-1.2012509,-0.7769322,0.45820525,0.013831185,-0.101630874,-0.13545756,0.18608582,-0.06665738,0.11694895
6906,-4.810889,0.10510781,-1.0070322,-0.62071127,-0.2699661,-0.04438472,0.06139369,-0.6521039,0.13776843,0.22720414,0.19157913
6907,-4.881207,-0.015322153,-0.6835786,-0.30170146,0.23923767,0.028534846,0.003117451,-0.058630697,-0.04211524,0.1571676,0.083880164
6908,-5.556201,-0.3743512,-1.5309478,-0.817568,-0.041404556,-0.022383431,0.021089382,-0.38636795,0.07011407,0.49745005,0.1387739
6909,-5.857138,-0.17789046,-1.194756,-0.08983607,0.24249211,0.07720562,-0.22179507,-0.12232495,-0.4018737,0.46312654,0.077692114
6910,-5.396639,-0.011604714,-0.87850416,-0.5942178,-0.20644784,-0.0030836342,-0.2558409,-0.17499793,0.0066181384,0.44378862,0.39986616
6911,-4.8958635,-0.04778724,-1.259155,-0.9119852,-0.14825927,0.070429124,-0.033710703,-0.2887518,0.12348817,0.5850732,0.4826223
6912,-7.351677,-0.26390475,-1.6155349,-0.7139265,-0.5524035,0.13134857,0.2890911,-0.40045002,0.039674163,0.47969088,1.0259016
6913,-5.2289,-0.056185987,-1.0340202,-0.60050774,-0.13847902,0.061281633,0.16237225,-0.2919223,-0.063687816,0.535223,0.2505356
6914,-5.6510887,-0.10944234,-0.77820706,-0.55021966,-0.297669,0.17536291,0.3045304,-0.12143784,-0.2192618,0.391398,0.47142768
6915,-5.1084504,-0.092195004,-1.0681323,-0.64323324,-0.08421685,-0.051593784,0.14428854,-0.2065609,0.23519598,0.5054849,0.52102304
6916,-7.8245635,-0.061701257,-1.6036451,-1.0756469,-0.05659443,0.108183905,-0.27737075,-0.49291965,0.18027581,0.45240447,0.17422415
6917,-7.3323603,-0.32069308,-1.0046324,-0.6900105,0.13808991,0.04160772,-0.46328098,-0.22432564,-0.14658584,0.13491988,0.21725374
6918,-6.8645887,-0.39998165,-1.4785588,-0.7631137,0.26141873,0.24136446,-0.21195975,-0.2605584,0.15265469,0.85613394,-0.010307253
6919,-5.532721,0.04329893,-1.0710326,-0.88559365,-0.03682735,0.16732161,-0.18738277,-0.34296,0.054202728,0.38280767,-0.14550126
6920,-4.9031205,-0.053875167,-0.8225089,-0.6417409,-0.49811321,0.10468584,0.21704134,-0.35875395,-0.07893601,0.28342924,0.42504346
6921,-6.4936824,-0.046595085,-1.1122546,-0.5204174,-0.20470427,-0.48640358,-0.046856653,-0.029323759,-0.3844548,0.4391179,0.35079023
6922,-5.067605,-0.20734581,-1.1285709,-0.6738055,-0.016976325,0.16191114,0.04700646,-0.035648316,0.044906348,0.62503326,0.53932786
6923,-5.659542,-0.022508409,-1.1508772,-0.35134178,-0.0073421584,-0.053257108,-0.010179638,0.29336548,0.018087013,0.8777145,0.06762273
6924,-6.847559,-0.11969644,-1.0178778,-0.78386766,-0.012630949,-0.0048960038,0.09869542,-0.6602417,0.37571535,0.34739482,0.43724367
6925,-4.7090335,-0.13969342,-0.9180193,-0.30828053,0.32768482,-0.13135104,-0.3280133,0.014112847,-0.05937852,0.022468936,0.18573193
6926,-4.6499567,-0.31809765,-1.1843915,-0.31253162,0.11305504,0.14856629,-0.13929303,0.04732243,-0.14571735,0.30804938,0.21757537
6927,-6.4346023,0.13661784,-1.5693357,-0.78799623,-0.31197885,0.103519775,0.08308258,-0.35988474,-0.1990002,0.33745393,0.76887876
6928,-6.8838396,-0.12698671,-1.2974404,-0.8161216,-0.5384574,0.062312126,0.091785006,-0.28942636,-0.14049813,0.5556307,0.20428704
6929,-5.537548,-0.11509523,-0.9376053,-0.63860995,0.13049956,0.062639,-0.108992666,-0.014996959,-0.036926784,0.10194489,0.1398697
6930,-8.034294,-0.37313187,-1.2012825,-0.75961775,-0.09685019,-0.19280119,0.08838452,0.11406911,-0.43105003,0.13152796,0.6930838
6931,-6.175551,-0.029832996,-0.9576183,-0.49031132,-0.28477144,-0.091232575,0.37281775,0.08276037,-0.21856695,0.4669375,0.14830318
6932,-4.968637,0.019826053,-1.0078844,-0.45051688,0.12313276,0.19050866,0.09953311,-0.17010066,-0.15125942,0.52668035,0.42247775
6933,-5.2478204,-0.24180086,-1.0202752,-0.9716089,-0.2880654,-0.075320646,0.059335757,0.035445828,0.25339764,0.5148351,0.33236766
6934,-4.976676,-0.1127353,-0.7062236,-0.42310447,-0.26347557,0.37276387,-0.22350933,-0.08053368,0.031577237,0.2818235,0.1393916
6935,-6.9526954,-0.64499915,-0.99798995,-1.012212,0.10957075,-0.3724289,-0.3107575,-0.30683634,0.03359139,0.64437634,0.39637348
6936,-5.9394674,0.06899168,-0.9407621,-0.6928212,-0.0593258,-0.06233272,-0.22827144,0.23884995,-0.16555217,0.6558524,0.43463287
6937,-4.911785,-0.13739696,-0.7531579,-0.1932548,0.12543754,-0.08407457,-0.37715214,0.051017202,-0.26268777,0.5033417,0.22997707
6938,-5.78003,-0.19299057,-1.2913243,-0.40643787,0.1989213,0.5186699,-0.18627101,-0.3804885,-0.043454424,0.1799203,0.21591543
6939,-3.8663905,0.017127596,-0.9242981,-0.29701528,-0.048966367,-0.119458154,0.00060168654,-0.0769628,-0.14381132,0.24009633,0.16691443
6940,-4.967066,0.09943712,-0.9428818,-0.5918584,0.109415956,-0.15753591,-0.1470892,-0.4770271,-0.079628356,0.38684094,0.35400715
6941,-6.8757014,-0.121991485,-1.4532087,-0.4835585,-0.19987041,-0.26142955,0.34915084,-0.28265527,-0.21505204,-0.042653486,0.480912
6942,-5.434544,-0.04332331,-0.9869623,-0.4815227,-0.10370956,-0.28502387,0.067454495,-0.19867359,-0.30075634,0.3905213,0.50025904
6943,-4.190238,-0.040503897,-1.1711155,-0.61084545,-0.20102383,-0.15700634,-0.14134757,-0.16900301,0.18402946,0.49769282,0.32832146
6944,-5.088644,-0.13719855,-1.120577,-1.0988524,-0.20449962,-0.27083784,-0.19078772,-0.6123279,0.2788042,0.32888758,0.43158162
6945,-6.2400427,-0.20552523,-0.84158903,-0.5833534,-0.25843114,0.19873703,0.6170617,-0.40713304,-0.20740578,0.5880902,0.6245439
6946,-6.2651935,-0.07333746,-1.8279934,-0.922921,0.028417379,-0.109434396,-0.032603204,0.028824216,0.0944762,0.6126104,0.26892254
6947,-3.9841769,0.05258497,-1.0333159,-0.49703884,-0.069343746,-0.07660398,-0.13772018,0.0141904205,0.073954105,0.3165095,0.23583794
6948,-5.1030536,0.044202518,-0.8845697,-0.5481698,-0.21217304,-0.010345813,-0.10226707,-0.5722392,0.23751543,0.42939582,0.47456247
6949,-5.444386,-0.036987342,-1.297237,-0.2631364,-0.18949026,0.16626818,0.2850258,-0.13794234,-0.19294836,0.057196897,0.46090668
6950,-5.42232,-0.17152213,-1.1050063,-0.7367427,-0.11862925,-0.0025059097,0.37285927,-0.44015864,0.047187485,0.2430975,0.54764754
6951,-5.8127656,0.08013866,-1.1815339,-0.09380918,0.0057299105,0.18841182,0.04651044,-0.047787197,-0.13500793,0.31564426,0.1763657
6952,-4.3726125,-0.424923,-0.90054923,-0.77399015,-0.010754617,-0.28304452,-0.12416541,-0.15396683,0.02717749,0.12626988,0.24625175
6953,-7.1957955,0.06726633,-1.3715867,-0.52869225,0.34442484,-0.07794813,-0.1536773,-0.056820594,-0.018782115,0.23818797,0.004114491
6954,-5.788543,0.08791701,-1.2406257,-0.5523988,0.019999867,-0.12731983,-0.2646021,-0.1380718,0.018653013,0.15196018,0.51332223
6955,-5.189152,-0.17302454,-0.96101326,-0.3134555,-0.0056530717,0.09193445,-0.36483964,-0.07069756,-0.11707775,0.17060627,0.120683834
6956,-6.0285516,-0.034860935,-1.2417259,-0.5341814,-0.1128917,-0.2906034,-0.0031807106,-0.12948641,-0.10042154,0.23685987,0.5268118
6957,-4.505362,-0.16466837,-1.1356779,-0.3915353,0.20173527,-0.07194831,-0.13406621,0.054136604,0.13551022,0.50602335,0.25517914
6958,-5.4985714,-0.19874616,-0.77386695,-0.66598994,-0.10806046,-0.25608057,0.05590404,-0.2176518,-0.09808836,0.27162242,0.5854049
6959,-5.0507936,-0.07829816,-0.90120906,-0.60410374,-0.16363062,-0.114290394,-0.14754848,-0.019331947,0.22095768,0.8153014,0.080026865
6960,-4.751737,0.005813483,-1.205591,-0.6988263,-0.29206228,-0.109751314,-0.060342,-0.2309679,0.20999981,0.34197316,0.21533692
6961,-4.8002977,-0.0026350012,-0.71378887,-0.52767813,0.21351613,-0.18000686,-0.112022005,0.077639386,-0.19697936,0.09697357,0.2587433
6962,-4.4299145,-0.18455172,-0.972658,-0.36759874,0.10269322,-0.23189697,-0.0077261804,0.17360023,-0.13048673,0.29293853,0.28374213
6963,-6.043016,-0.049001712,-1.078635,-0.73026747,-0.42406225,-0.16566533,0.31152722,-0.03824584,-0.07181587,0.4825742,0.8166733
6964,-4.92392,-0.016773023,-0.95735735,-0.6173481,-0.123021044,-0.2944818,0.08219935,-0.01827447,-0.13833179,0.4533903,0.16830197
6965,-5.9375377,-0.20858762,-1.1346065,-0.71440655,-0.06617143,-0.060882457,-0.2916086,0.14677307,-0.04957594,0.29923424,0.38761288
6966,-4.756671,0.05171203,-0.9926885,-0.5313329,-0.36566553,0.2590499,0.14799833,-0.400444,0.10262461,0.4796698,0.32544056
6967,-5.196446,-0.16085543,-1.4081112,-0.7398273,0.24122599,-0.09737239,-0.3210326,0.094106995,0.27477932,0.44333696,0.026829094
6968,-4.9782195,0.041009706,-0.96676505,-0.47850552,0.12924723,-0.09479711,-0.03994375,-0.027567117,-0.057625875,0.38827014,0.05458766
6969,-6.328464,0.018770909,-1.2236882,-0.8386591,0.4364482,0.15605913,-0.29713395,0.064606555,0.042714708,0.45067415,0.2613253
6970,-6.7195487,0.046258762,-1.614531,-0.89081705,-0.32546133,-0.024281062,-0.006349384,-0.1329222,0.04543432,0.77695537,0.3111059
6971,-5.3136225,-0.12855126,-1.0357376,-0.55436754,0.33970365,-0.17747512,-0.11567267,-0.15169063,-0.12337381,0.38920444,-0.019567654
6972,-6.1021004,-0.25939706,-1.4309741,-0.8320385,-0.3493314,0.103260785,-0.2653933,-0.23414414,0.031966202,0.3834502,0.5238006
6973,-4.1667104,-0.15591986,-1.1591299,-0.55324775,-0.19280253,0.14833178,0.2229189,-0.41039717,-0.0010805894,0.29504687,0.31585008
6974,-7.639535,-0.065721005,-0.98833585,-0.6699442,-0.14164901,0.3443297,3.0685216e-05,-0.3155985,-0.03527198,0.2957018,0.1088519
6975,-5.987942,0.05128829,-1.2466513,-0.3949556,0.15824416,0.14522812,0.16984275,0.051151425,-0.07851632,0.52043843,0.3183597
6976,-5.364161,-0.019928135,-1.3566397,-0.637941,0.2190414,-0.23384339,-0.29124618,-0.22818583,-0.07447224,0.5480707,0.039290898
6977,-5.8061757,-0.2281258,-1.8046951,-0.746247,0.21118677,0.41377968,-0.0865019,-0.41794127,0.29992664,0.63588715,0.25025117
6978,-5.6836677,-0.12030241,-1.0652131,-0.7658166,-0.041961458,0.21544573,0.27593383,0.0049596527,-0.1634478,0.4720039,0.24832034
6979,-5.9291983,-0.109490246,-0.98752666,-0.46781582,-0.18861815,0.099611126,-0.111863874,-0.22689688,-0.17707871,0.2803277,0.33640915
6980,-4.2991147,-0.07768875,-0.64993316,-0.7099584,-0.15679254,0.061722007,-0.04481022,-0.26462635,0.0800994,0.520469,0.0684913
6981,-6.193843,-0.05212033,-0.83856755,-0.7747977,-0.3813551,0.13352469,0.19675125,-0.07949948,-0.26488203,0.3893314,0.8713097
6982,-6.6987557,-0.10147706,-1.2735554,-0.84845185,-0.39522958,-0.36698496,0.28221774,0.2058217,-0.10946736,0.39911637,0.5455183
6983,-7.335919,0.16252315,-1.0561862,-0.7319056,-0.04800801,-0.23042634,0.025670573,-0.16240928,-0.11407606,-0.09336409,0.6840797
6984,-5.7897635,0.06704963,-1.1348524,-0.62072074,-0.31315434,-0.32730442,-0.30122095,0.030667799,-0.16510096,0.2628301,0.49649167
6985,-6.0393353,-0.2064349,-1.1535875,-0.9193511,-0.305338,0.18837453,-0.10046216,-0.3243946,0.0009855404,0.209017,0.5039807
6986,-3.5437505,-0.05583861,-0.71983224,-0.38456643,0.030039784,0.13476366,-0.17178954,-0.3082482,-0.13941728,0.25581697,-0.04257114
6987,-5.274422,-0.101202376,-1.495474,-0.71385086,-0.03292336,0.20655079,-0.013655529,-0.3690589,0.08431585,0.24106038,0.34886125
6988,-5.751242,-0.364365,-1.1824607,-0.6102155,-0.120375775,-0.78124714,0.09203757,-0.31245893,-0.024629587,0.15147893,0.7519799
6989,-6.2584715,-0.10812693,-1.1368685,-0.80811936,-0.0569326,0.5120348,-0.11953931,-0.7284607,-0.021830684,0.25601235,0.35741964
6990,-5.4887085,-0.1515899,-1.239676,-0.81423914,0.05259412,-0.2419518,-0.0077311946,0.026933363,0.25947374,0.47989142,0.34383562
6991,-6.0288057,-0.39135805,-1.1404191,-0.87565154,-0.30392072,0.28575283,0.59041005,0.016272295,0.08351441,0.29451692,0.63563
6992,-4.7488317,-0.20291956,-0.7328179,-0.3435403,-0.07146584,0.17310901,-0.075170755,-0.18336274,-0.16853438,0.28541878,0.046962753
6993,-6.78544,-0.1940302,-1.3199908,-1.130058,-0.2770269,-0.19609173,0.018387023,-0.27728423,0.08679057,0.6466519,0.24895725
6994,-6.4190745,0.153653,-0.98112345,-0.5330482,0.009451133,-0.38882583,-0.13414183,-0.21560457,-0.2103678,-0.0175068,0.2886278
6995,-6.4328513,-0.009341163,-1.4967226,-1.0486112,-0.19045225,-0.29870486,0.15365256,-0.28405124,0.033872202,0.67972505,0.39914897
6996,-6.266911,-0.12818633,-0.8270903,-0.7155905,0.02583164,-0.2173718,-0.23750938,-0.53386277,-0.034970768,0.25870365,0.04360063
6997,-6.0659604,-0.17994532,-1.1525035,-0.9861438,-0.16548564,-0.2266273,-0.1248857,-0.009767611,-0.09041565,0.4090932,0.06525175
6998,-6.7915077,-0.30916148,-0.9265135,-0.49433446,-0.2464639,-0.14963332,0.017915895,-0.448303,-0.061908275,0.11780494,0.59484726
6999,-7.1976843,0.22805695,-1.5919689,-0.8609985,-0.09249328,-0.14914516,-0.27446622,-0.10841824,-0.3036956,0.17197922,0.35013467
7000,-5.8710756,-0.22004737,-1.6375278,-0.90121406,0.3341021,0.48285246,-0.37870646,-0.44086275,0.43388575,0.3594825,0.11703411
7001,-5.19336,-0.060978714,-0.99225485,-0.28636003,-0.13821082,-0.16592951,-0.06465646,0.1915596,-0.3040192,0.4440905,0.42100143
7002,-4.9404464,-0.11686109,-1.1755202,-0.3838067,0.143236,0.05145454,-0.0001977887,-0.0006696088,-0.1910196,0.45481047,0.20302317
7003,-7.4266205,-0.181166,-1.3111784,-0.42632705,-0.26299557,0.33289844,-0.06696112,-0.27137408,-0.2674049,0.65055215,0.3854845
7004,-5.551592,0.17673655,-1.2736453,-0.5480623,0.10358868,0.11180773,0.054142572,-0.29750812,0.14966102,0.2286691,0.045383144
7005,-6.1014915,-0.13078344,-1.01299,-0.5262157,-0.14227784,-0.085109495,0.09556626,-0.12776682,-0.013183519,0.19701183,0.38410297
7006,-4.1640677,-0.016130883,-0.5666484,-0.35123253,-0.004747922,-0.2996387,-0.09426049,-0.12911332,-0.048126467,0.51678747,0.32526997
7007,-4.227085,-0.09478032,-0.85111475,-0.41404623,-0.24102734,-0.007810409,-0.15742202,-0.53378105,0.018955067,0.22911574,0.44461444
7008,-5.302303,0.17805204,-0.84857655,-0.5268284,-0.1863631,-0.37890947,0.1406312,0.04380469,-0.2339998,0.3691814,0.28731063
7009,-5.3098044,-0.25625807,-0.9833316,-0.32851446,0.1338314,0.17142865,-0.30916083,0.14380929,-0.17057139,0.318696,0.19906057
7010,-6.867202,-0.05567834,-1.3235515,-0.7994365,-0.21504447,-0.16410205,-0.200343,-0.33104432,0.19482097,0.7951554,0.08266594
7011,-6.6660733,0.15006022,-1.6416241,-0.15301041,0.60399806,0.23745713,-0.2933797,-0.24082246,-0.0021734852,0.21710907,0.061182387
7012,-5.2266574,-0.14711206,-1.2425355,-0.8485694,-0.16430429,0.45256114,-0.03147057,-0.16332704,0.22230107,0.55862665,0.5615711
7013,-6.655142,-0.106520854,-1.6499882,-0.27169344,-0.12584616,-0.05816777,-0.080095746,-0.22527179,-0.3305963,0.52816635,0.4321983
7014,-4.590999,-0.086281046,-1.374046,-0.57735586,-0.06095714,0.05676701,-0.2032318,0.088016085,0.035413727,0.74382734,0.16319466
7015,-5.7456064,0.0047482317,-0.9398807,-0.29577258,-0.25873372,-0.31088752,-0.07429502,-0.059778728,-0.2049519,0.23145363,0.36339158
7016,-5.7818694,-0.1419591,-1.1943766,-0.6021841,0.29006392,-0.4210781,-0.34401047,-0.278732,-0.0783653,0.2294196,0.01385162
7017,-4.526813,-0.26209322,-0.68440026,-0.41706398,-0.17696252,-0.23744501,0.22353888,-0.22746868,-0.18989712,0.4914403,0.11457858
7018,-6.650581,0.0144262295,-1.4912894,-0.94640094,-0.0404775,-0.09883032,0.04219894,-0.4639587,0.02428282,0.67987955,0.46184355
7019,-5.6299987,-0.3269716,-1.1003308,-1.0025913,0.00034194812,-0.026441723,0.2135785,-0.09583101,0.019261576,0.5799041,0.31828254
7020,-6.096554,-0.35741907,-0.86283004,-0.94801575,0.33045557,0.31845194,-0.08427209,-0.3046438,0.04612732,0.51625437,0.47435284
7021,-5.308057,0.1332002,-1.4477009,-0.35501686,0.10012883,-0.12052286,-0.13215862,0.039581932,-0.33562002,0.6529043,0.17507862
7022,-5.678063,0.13244787,-1.2244581,-0.7978919,0.19804576,-0.14046946,-0.08994108,-0.1976141,-0.017374406,0.4559556,0.5277521
7023,-7.6461573,-0.19348128,-1.6157113,-0.46968782,-0.5035527,-0.12265986,0.39588422,-0.44481564,-0.25179812,0.60512465,0.52416223
7024,-5.72862,-0.3840601,-1.233891,-0.6310449,-0.54138637,0.2368524,0.18016103,-0.001785526,0.117282696,0.68072766,0.60360277
7025,-4.6878853,-0.030750614,-1.2133719,-0.4761855,0.087909855,-0.107036635,-0.03606807,-0.01757437,-0.013023797,0.39050317,0.13935691
7026,-5.38991,-0.054787535,-0.65537107,-0.61479396,-0.47647947,-0.22050914,0.13326138,-0.28069752,-0.021658497,0.5603041,0.3709983
7027,-5.430445,-0.119790375,-0.84856534,-0.5656112,-0.033491805,-0.22272469,0.05423206,0.12877028,-0.3263771,0.47312883,0.19805603
7028,-6.060454,-0.069978446,-1.4616723,-0.11132187,0.11976843,0.12547591,0.06732277,-0.052338384,-0.012407668,0.40519252,0.06872529
7029,-5.8308697,-0.2689568,-1.6094111,-1.0811304,0.2771298,0.22437382,-0.16639343,-0.29484305,0.1564336,0.4274942,0.5102665
7030,-6.973684,-0.1554978,-1.6273048,-0.72318715,0.13376488,-0.18640417,-0.108446315,-0.1538709,0.28575882,0.45373178,0.08197315
7031,-5.7781014,-0.37996006,-1.114398,-1.0453712,-0.4163701,0.14037511,0.21394473,-0.28282425,0.062452525,0.7116383,0.38303548
7032,-5.13181,0.04179144,-1.3622633,-0.15653294,0.18358256,-0.11902402,-0.073436685,0.23948851,-0.3258988,0.043976456,0.19258
7033,-5.481749,-0.1281619,-1.1527714,-0.36470014,0.107290186,0.31874782,-0.3252949,-0.43488118,-0.0070268773,0.20277712,0.057126258
7034,-6.3581505,-0.109654546,-1.2097163,-0.7815061,0.308105,0.27770537,0.10661307,-0.27597597,0.080363676,0.6692476,0.34641725
7035,-7.2936826,-0.25818077,-1.5633011,-0.86465645,-0.32106853,0.19569534,-0.3342448,-0.40924272,0.10267944,0.72161794,0.3453117
7036,-6.2473216,-0.45431176,-1.4115632,-1.0901039,-0.64206773,-0.0828109,-0.15267299,-0.46142143,0.32812792,0.6520379,0.76137143
7037,-5.1371555,-0.24727876,-0.93798727,-0.9422784,-0.32911697,0.22595556,0.006813834,-0.4100811,0.3224027,0.41798624,0.4846446
7038,-4.1214747,-0.20185274,-0.5738507,-0.31425568,-0.30357584,-0.07191058,0.06640043,-0.49302527,0.096122034,0.41290477,0.22323382
7039,-5.0605373,-0.29427716,-0.7567772,-0.48315826,-0.44718426,-0.23941918,-0.08567951,0.2807929,-0.09318957,0.41749024,0.44672996
7040,-4.103372,0.016146354,-1.2055883,-0.65372354,-0.3260968,0.02715385,-0.12318271,-0.16854683,0.3246687,0.47307158,0.25571176
7041,-6.052869,-0.2252801,-1.2239485,-0.5253692,0.009083825,0.24625653,-0.42278284,0.19161479,-0.015148552,0.590607,0.4393957
7042,-5.680861,-0.26009956,-1.161506,-0.7678378,-0.19841759,-0.053388167,0.10920222,-0.068836436,0.09633181,0.3811289,0.023495864
7043,-5.6675,-0.5005867,-0.93634576,-0.99174213,-0.46188408,0.43526757,-0.032531556,0.06805682,0.24740072,1.0098855,0.6482638
7044,-4.479123,-0.17479055,-0.7826711,-0.3855797,-0.3522721,-0.042030897,0.17079465,-0.5541803,-0.14763694,0.121699765,0.49092627
7045,-5.997164,0.057262342,-1.1060414,-0.42565206,0.023548443,0.1206827,-0.12351274,0.054108627,-0.2577202,0.23198262,0.33089864
7046,-5.945435,-0.38983724,-1.4359288,-1.0697798,-0.39625904,0.12453604,0.13699648,-0.3107432,0.3782188,0.5578886,0.8039757
7047,-6.2003517,-0.24593146,-1.4642814,-0.60997146,-0.0030857422,-0.019995153,-0.13204974,0.051935054,0.010340169,0.34059805,0.22386685
7048,-5.1047997,-0.119218394,-1.2745576,-0.8349277,-0.37722445,0.270795,-0.04433635,-0.34589526,0.27916506,0.28642,0.27522895
7049,-4.805041,-0.089588866,-1.0618448,-0.5359565,-0.22612084,0.11155827,-0.0043474836,-0.04676,0.003428908,0.24964352,0.14301865
7050,-5.3756804,-0.22775784,-1.3029981,-0.78211933,0.20988093,0.1819924,-0.056016877,-0.0701345,0.24832866,0.46561423,0.34002686
7051,-6.5923166,-0.013171191,-0.9739408,-0.6025822,-0.18140104,0.1724146,0.24871917,0.006463584,-0.33518118,-0.068602785,0.49989966
7052,-6.2626324,0.07879102,-1.6934745,-0.9408969,-0.14950046,0.10779343,0.116538264,-0.29284057,-0.24681167,0.5655183,0.31560388
7053,-6.2613454,-0.025320422,-1.2704196,-0.84222454,-0.17741789,0.4533602,-0.36044812,-0.7041848,0.24963379,0.5166252,0.41969153
7054,-4.3253016,-0.06327942,-0.9133764,-0.7650051,0.069457345,-0.0017575622,-0.13088797,-0.24667302,0.22386044,0.22779791,0.38876528
7055,-6.3343472,-0.47630462,-1.2249609,-0.3821152,-0.43578917,0.2462594,0.036379635,-0.17748387,0.23506294,0.47467744,0.196546
7056,-6.4856925,0.16114996,-1.1126155,-0.21290085,0.47402498,-0.08362416,-0.30676326,0.40906587,-0.28984416,0.3732449,0.25214252
7057,-4.7069125,-0.13427664,-0.7152404,-0.2738886,-0.16496399,0.10314311,-0.021950826,0.0751288,-0.21147746,0.25383952,0.106428236
7058,-5.813015,-0.2760712,-1.5590079,-0.9416728,-0.3960533,-0.18593822,0.25359792,0.04913625,-0.014722569,0.63123006,0.4859683
7059,-9.509883,-0.3991808,-1.635954,-1.3979907,-0.45474094,0.24786359,-0.09851313,-0.13845186,0.014520529,0.2630976,0.8831055
7060,-5.0677505,0.011352221,-0.5892879,-0.4750705,-0.2775904,-0.21243851,-0.055802688,-0.022754995,-0.27826765,0.049451564,0.18068677
7061,-4.1559696,-0.15356003,-0.6032615,-0.5617227,-0.068440355,-0.079255074,0.03902169,-0.3068705,0.11458675,0.31042847,0.30311862
7062,-5.849947,-0.04988809,-1.2251667,-0.47762156,-0.029169464,-0.35182363,-0.06343211,-0.111044124,-0.10375221,0.39030647,0.21818212
7063,-9.232718,-0.6439856,-1.3743949,-1.4989237,-0.43411523,0.3129204,0.21407712,-0.10589668,-0.0499795,0.2615624,0.72825515
7064,-5.719669,-0.18797854,-0.9333712,-0.6277598,-0.20482013,-0.097485565,0.4457812,-0.052531086,0.12070866,0.39001983,0.12646356
7065,-7.8053207,-0.011036274,-1.2705637,-0.8212951,-0.26347056,0.09108015,-0.17688648,0.10434343,-0.04949853,0.63737637,0.22756585
7066,-5.726235,0.0534973,-1.0047517,-0.4508829,-0.41388494,-0.114329815,0.14915141,-0.042818226,0.14563012,0.47992563,0.4134815
7067,-5.8941655,-0.13070509,-1.1987069,-1.1966155,-0.5634272,0.011817565,0.2286113,-0.37090775,0.0258643,0.3323276,0.5644383
7068,-4.968588,-0.15258339,-1.1080363,-0.72131187,-0.04147378,0.06939141,-0.31071895,-0.17012222,0.06942534,0.59975475,0.09276145
7069,-4.795968,-0.34894818,-1.4115045,-0.6798729,0.2207136,-0.0631248,-0.19822809,-0.15719162,0.06982297,0.26292983,0.21913835
7070,-5.4601545,0.10387418,-1.1320517,-0.56175923,-0.27594614,0.16599645,-0.11183786,-0.1473244,0.0014950912,0.544161,0.33915353
7071,-7.0703306,-0.16471912,-1.3496566,-0.3982126,0.14498901,0.19475155,0.041376233,-0.57460535,0.01312316,0.20367835,0.43560126
7072,-5.099654,-0.19547726,-1.5784838,-0.6720541,0.19266193,0.21050684,-0.16086371,-0.14107145,0.36075416,0.40603256,0.23054637
7073,-5.3649163,-0.14563489,-0.78602374,-0.63281,-0.31267953,-0.020969786,0.066135146,-0.20250107,-0.05816476,0.64203,0.41519085
7074,-5.0279098,-0.08871373,-1.1585832,-0.9229884,-0.2589596,0.081148066,-0.019961417,-0.50968206,0.12751038,0.53985995,0.49584612
7075,-4.716717,-0.03532871,-1.289174,-0.46186453,-0.12118169,-0.091925696,-0.17735611,-0.18312517,-0.059064448,0.5528877,0.32822213
7076,-5.434162,-0.08923786,-1.4196881,-0.69770366,0.38224518,-0.15625335,-0.24533378,-0.12609068,0.36767155,0.34959635,0.21530402
7077,-6.3600454,-0.24363144,-1.2580467,-0.7316647,-0.71197766,0.25766033,0.0022914642,-0.103222415,-0.058822185,0.55307025,0.8358284
7078,-5.726941,-0.06269099,-0.79624814,-0.6554614,-0.39946777,-0.10862742,0.2846147,-0.5626383,-0.43000984,0.6025863,-0.0935865
7079,-4.684305,0.030508291,-0.75053644,-0.44463587,-0.11368227,-0.02707808,0.25551504,-0.035919838,-0.20272261,0.38229406,0.397925
7080,-6.664239,0.06717608,-0.88438386,-0.9287246,-0.41012356,-0.0061493395,0.09567492,-0.35414183,0.017787686,0.41329396,0.693431
7081,-5.8963857,-0.38121003,-1.3471744,-0.87042403,-0.17812073,0.055262066,-0.23503864,-0.12494371,0.064360544,0.7084134,0.14343575
7082,-7.026778,-0.22091751,-1.325167,-0.47170117,-0.22633354,-0.19822997,-0.014730359,-0.00078363717,-0.02765956,0.5689719,0.05595295
7083,-4.4559245,-0.25175685,-1.0076342,-0.16008253,-0.1804167,0.19288169,-0.12575273,-0.27118155,-0.18997365,0.022805177,0.048327785
7084,-4.960715,0.08259344,-1.0417441,-0.378398,0.14030877,0.016962925,-0.459831,-0.1385466,-0.17080031,0.2540694,-0.12368325
7085,-5.8873286,-0.034187328,-0.74468243,-0.5590787,-0.5256545,0.049363524,0.12898888,-0.61099094,0.088265486,0.44993377,0.45908526
7086,-5.4057465,-0.38042086,-1.5863718,-0.7724017,0.1916588,0.29597932,-0.3310619,-0.2669652,0.2778235,0.54705256,0.18064237
7087,-5.377775,0.038068347,-0.93083614,-0.6989811,-0.20299013,-0.38721627,0.086757354,-0.081773244,-0.1945608,0.4793321,0.12779844
7088,-6.3418527,0.13324901,-1.2561624,-0.5543147,0.13766184,-0.08919833,0.038436797,-0.08543533,0.079344586,0.6036088,0.13149264
7089,-6.313348,-0.41945276,-1.5420487,-0.8016509,0.18280694,0.7042971,-0.15051492,-0.5860239,0.038518324,0.35651314,0.16668342
7090,-6.2418365,0.08406656,-1.197936,-0.57146704,-0.13470767,-0.094672754,0.13483676,-0.11623923,-0.311995,0.625044,0.7507731
7091,-6.5408163,-0.31496102,-1.5404464,-0.49674022,-0.13684192,0.05358086,-0.2526093,-0.3087634,-0.2246031,0.53850436,0.18774271
7092,-4.9763417,-0.07301205,-1.16948,-0.49075478,0.13689464,0.41224968,0.14291774,-0.109292135,-0.09641601,0.3631173,0.4597607
7093,-5.164608,0.13478929,-0.97791606,-0.7788294,-0.077640116,-0.14919262,-0.042711455,-0.26213995,0.09200304,0.20869814,0.10038531
7094,-6.2505097,-0.21326908,-1.3309295,-0.26060706,-0.41142628,0.013797233,0.26555064,-0.0053657256,-0.33660373,0.10277537,0.39661685
7095,-5.2416935,-0.17063843,-1.4053833,-0.76836115,0.13809945,-0.05697851,-0.2651396,-0.1743206,0.024846569,0.3288779,0.08742617
7096,-4.976689,-0.22520627,-1.5210396,-0.25200883,0.35632047,-0.11142194,-0.0031284029,0.11429726,-0.06325977,0.11618071,0.050384276
7097,-5.3056936,0.0039284783,-0.7061342,-0.8364825,-0.028096454,-0.39406568,-0.25210145,-0.23534635,0.118636325,0.34228382,0.1993246
7098,-6.0744653,0.16460787,-1.3812803,-0.7957716,-0.26895976,-0.30888623,-0.2486348,-0.12400334,0.09284588,0.6175759,0.30499327
7099,-8.103453,-0.21707545,-1.4941726,-1.166544,-0.37783265,0.3121869,0.0029750117,-0.45004904,-0.29364792,0.43292388,0.6151761
7100,-6.3665624,-0.46346182,-1.2463653,-0.758597,0.15445736,0.21633504,-0.21348047,-0.53992426,0.01302487,0.68672526,0.1234535
7101,-5.3337927,0.10570545,-1.434711,-0.5483038,0.2774942,-0.023864616,-0.1638688,-0.1425488,-0.1296744,0.175431,0.21947971
7102,-4.661721,-0.36505762,-0.69937676,-0.55172503,-0.043768283,-0.07849411,-0.07619821,-0.12069281,-0.30201977,0.18102333,0.02247086
7103,-6.3001585,0.04900671,-1.6049596,-0.38704297,0.1905409,0.3213808,-0.048788667,-0.54069847,-0.05635479,0.214533,-0.048911482
7104,-4.736687,-0.17778005,-1.1260124,-0.4166353,-0.33470783,0.12069641,-0.10894755,-0.21945968,-0.0457045,0.2747174,0.49636924
7105,-5.8263345,0.18853962,-1.0967155,-0.20287584,0.10539057,-0.17731707,-0.2892188,-0.14574467,-0.44180515,0.25191295,0.052188754
7106,-4.082731,-0.064864196,-0.9292275,-0.49773937,-0.15516742,-0.08659706,0.18227072,-0.17712267,-0.11564785,0.2577872,0.13738848
7107,-6.219694,-0.05337481,-1.471714,-0.8003548,-0.050038926,-0.30614454,-0.15660048,-0.31189084,0.3694204,0.50741005,0.58901346
7108,-5.9986224,0.15181841,-1.2933823,-0.60379356,-0.46826485,0.22507353,0.12431414,-0.22206566,0.0012494214,0.6844369,0.4247903
7109,-5.2119565,0.04711666,-0.9448438,-0.31413212,-0.4114636,-0.35433167,0.32690886,0.00663477,-0.5491597,0.05146234,0.47610578
7110,-6.1954794,-0.24333505,-1.2513764,-0.5872501,0.16851646,0.07741563,-0.2870759,-0.17090245,-0.1051177,0.076408416,0.3476506
7111,-4.292901,0.017454077,-1.086542,-0.6038894,-0.14950852,0.11362301,0.057029568,0.040156677,0.13282388,0.4802088,0.5149573
7112,-4.9679537,-0.18547978,-0.9771513,-0.44212618,0.31754133,0.13884577,0.10566685,0.07132483,-0.082091145,0.43375644,0.13467821
7113,-5.3615246,-0.030198291,-0.9458807,-0.55544114,-0.1951557,0.017847043,-0.12597677,-0.23345545,-0.1446005,0.36632454,0.022777341
7114,-5.32917,-0.016925137,-1.30638,-1.0194213,-0.103426,0.10008461,-0.048257966,-0.11082363,0.3507383,0.7320247,0.559068
7115,-7.761223,0.21511263,-1.7404478,-0.8782732,-0.024037214,0.3631521,0.13765931,-0.23096754,0.1568412,0.43796408,0.558432
7116,-4.635044,-0.11361412,-0.9707195,-0.57209903,0.09822432,0.03210467,-0.14230955,-0.14031892,0.03704606,0.38773906,0.4532494
7117,-6.1968083,0.14884375,-1.1842899,-0.6097633,-0.06593426,-0.3097263,-0.109815046,-0.1537046,-0.25462943,-0.0020124493,0.45776308
7118,-8.159244,-0.44294095,-1.4393927,-0.92717534,-0.33687475,-0.42109632,0.21430515,-0.21693726,-0.17534778,0.50933814,0.8975065
7119,-5.139791,-0.1552183,-0.947669,-0.91219544,-0.22980678,0.09855308,0.1371397,-0.29244447,0.17846628,0.6077672,0.2256026
7120,-4.84556,-0.10839682,-0.9665515,-0.76425844,-0.26810998,0.0049479515,-0.16108796,-0.19887769,-0.1587559,0.35226008,0.35869294
7121,-5.467168,-0.23810686,-1.4016132,-0.7554157,-0.10078066,0.28353655,0.026955128,-0.3047146,-0.015284421,0.15070407,0.6151894
7122,-6.156501,-0.013670654,-0.9378896,-0.59812856,0.3139804,-0.08711196,-0.33252752,-0.52163994,-0.08946247,0.21184342,-0.14504433
7123,-4.7993555,-0.094639294,-0.81390244,-0.2337961,-0.115904935,0.029049525,0.31021243,-0.08201705,-0.2117161,0.0615251,0.2094486
7124,-7.1024017,-0.023451105,-1.309505,-0.9426474,-0.13324404,-0.1850971,0.15756571,-0.40417847,0.17176563,0.5338834,0.22779123
7125,-6.1005406,0.19555849,-1.196824,-0.4353739,0.13708986,-0.32563657,-0.21413556,-0.63721174,-0.16083147,0.01899717,0.29528585
7126,-6.21627,-0.64005643,-1.5866978,-0.57583696,0.15433218,-0.20720066,-0.23746923,0.17554265,-0.24906908,0.20927468,-0.16746873
7127,-4.7906976,-0.18668261,-1.1880852,-0.4633248,0.15249218,0.34020436,-0.19882563,-0.31424642,0.009847311,0.3093867,0.21563718
7128,-4.091335,-0.32288426,-0.5383906,-0.54199773,-0.3026149,0.13689052,0.27288347,-0.106060326,-0.0056588594,0.45655072,0.3902758
7129,-6.134514,-0.013517016,-0.93225,-0.86637545,-0.011660589,0.009567697,-0.20354283,-0.12498612,-0.03315027,0.047516484,0.271786
7130,-6.410798,0.08212413,-0.9306198,-0.49592316,-0.3636108,-0.22589003,-0.049520936,-0.1016739,-0.42735934,0.36343542,0.4892069
7131,-6.306223,-0.3390061,-1.272223,-0.45102543,-0.6244584,-0.103204735,0.47178933,0.07169619,-0.51671183,1.0370106,0.6199452
7132,-5.4234834,-0.24953987,-1.0892355,-0.42830753,-0.24396637,0.46671999,0.05672536,-0.042574033,-0.14564478,0.35448083,0.3387707
7133,-5.935033,-0.15648724,-1.4377377,-0.9301057,-0.4950238,-0.08258788,0.105071925,-0.32253245,0.004681102,0.6750891,0.68733984
7134,-8.942368,-0.3901683,-1.3526483,-0.9793865,-0.9524936,-0.2385032,0.3524543,-0.6473428,-0.50652003,0.54021347,0.8213527
7135,-6.3894114,0.122610725,-0.90202886,-0.56373864,0.022270478,0.17079832,0.10112418,-0.06490119,-0.11150837,0.23276387,0.24110772
7136,-5.8608737,0.09214929,-1.1525036,-0.5784584,0.28337306,-0.07170985,0.012407365,0.16181447,-0.030267702,0.60753655,0.33120498
7137,-4.500825,-0.28162083,-1.1899173,-0.63884264,-0.011953631,-0.15270185,0.034980297,0.06119203,-0.17810985,0.56096894,-0.01141199
7138,-4.644811,-0.15517278,-0.88269484,-0.6510833,-0.1462244,0.11218041,0.24276938,0.18629184,-0.057493895,0.8258051,0.3927616
7139,-4.1286125,-0.12297094,-0.9868621,-0.5569797,-0.50909984,0.00025528064,-0.089674145,-0.10172549,0.09926308,0.5295753,0.4779474
7140,-5.9386883,-0.3979429,-0.866313,-0.51316994,-0.32142454,-0.2805236,0.4203857,-0.3894478,-0.18296352,0.36033,0.4499386
7141,-6.6228523,-0.3297255,-1.2088256,-0.67079735,-0.38584027,0.099297896,-0.11926686,-0.42511684,-0.22184871,-0.029749967,0.45295396
7142,-6.135656,-0.5786033,-1.0130647,-0.90824896,-0.051449217,-0.13909744,-0.1439453,-0.12414009,-0.0003208015,0.5397727,0.23189361
7143,-4.7347245,-0.108096525,-1.0328711,-0.47173586,0.124232076,-0.12603195,-0.031233326,-0.26832217,0.06979531,0.2183336,0.32736102
7144,-4.4206004,0.0916109,-1.0182085,-0.576994,-0.049709663,0.23818044,0.087937966,-0.55589396,0.14570835,0.30531368,0.35706967
7145,-5.0866504,-0.048223265,-0.8420689,-0.6346183,-0.46770644,-0.34050643,0.34883165,-0.12472995,-0.36884782,0.35094568,0.44737056
7146,-5.24933,-0.16076522,-0.8130508,-0.5129093,-0.2643383,0.036289968,0.33842385,-0.08429462,-0.11505392,0.37481183,0.47617486
7147,-3.9974637,-0.19613844,-0.8672279,-0.3788669,-0.59880805,-0.020793771,0.083499715,-0.16284601,-0.10282134,0.31304556,0.6277826
7148,-4.253416,-0.1231685,-1.3786974,-0.49212307,-0.31875253,0.10443152,0.17712568,-0.16015182,-0.086982794,0.48553672,0.41874406
7149,-6.3207135,-0.11879347,-1.1780554,-0.63085216,-0.72966725,0.060542993,0.17477304,-0.54047763,-0.120781764,0.36409652,0.3375123
7150,-5.3712087,-0.2282335,-1.1742834,-0.4482084,0.09264517,0.040749036,-0.06604567,0.14324665,0.09599064,0.3309748,0.45465118
7151,-6.029329,-0.3483197,-0.85471606,-0.79870063,-0.04253015,0.4817341,-0.06781898,-0.041667588,0.1532486,0.9919675,0.47448587
7152,-6.8399196,0.19300315,-1.1270652,-0.47996947,-0.4030098,-0.06263013,-0.19907144,-0.1752033,-0.15137137,0.14379437,0.4867064
7153,-4.7313757,-0.2285981,-0.8259436,-0.43973234,-0.3813503,0.009190774,-0.04259921,0.017588224,-0.19209833,0.22846572,0.19145003
7154,-6.0862627,-0.09231675,-1.3943537,-0.98538107,0.0058114836,0.3651142,-0.57234234,-0.5131736,0.07977017,1.0101502,0.103735365
7155,-5.5803885,-0.33734125,-1.1196295,-0.6625963,0.22801438,-0.031628948,-0.26179856,-0.13189287,0.0072742365,0.5613954,0.14773396
7156,-5.289096,-0.008289198,-1.3776776,-0.48887742,0.14045818,-0.11991306,-0.19665408,-0.44280767,-0.033005603,0.31215557,0.21742402
7157,-4.700326,-0.26373908,-0.6382836,-0.45261276,-0.30194244,0.020203747,-0.058452234,0.13811722,-0.19626318,0.29937565,0.12424247
7158,-4.4184594,0.058658294,-0.85920393,-0.6298958,-0.1293539,-0.1184843,-0.06795971,-0.41644457,0.1452783,0.31296718,0.5043062
7159,-5.588744,-0.30159926,-0.9517596,-0.8717797,-0.28301978,-0.23892853,-0.024678476,-0.24564403,0.05127041,0.3114777,0.35631174
7160,-6.6302567,-0.20660159,-1.2233677,-0.7079492,0.21102342,-0.21598852,-0.15298945,-0.24373865,-0.20356333,0.94678205,0.17856306
7161,-3.5827043,-0.17315145,-0.6444281,-0.22612987,-0.20185286,0.022883683,0.004919593,0.048982896,-0.062580414,0.31645107,0.26836514
7162,-5.437241,-0.3278136,-0.9857548,-0.81112075,-0.2180606,0.0030937293,0.005828472,0.026005872,-0.05091446,0.70832443,0.40985498
7163,-5.976437,-0.23279499,-0.91300344,-0.70720655,-0.40344512,-0.01000189,0.20172574,-0.2513335,-0.232228,0.553363,0.52626693
7164,-5.427965,-0.33677655,-0.8709973,-0.75284624,-0.29100215,0.12022424,0.15075508,-0.27646014,0.037428066,0.4278077,0.44665125
7165,-4.9679375,-0.32775965,-1.1754915,-0.44601732,-0.09402781,0.069129124,0.1620902,0.16939656,-0.024764827,0.1594341,0.21216886
7166,-5.591813,-0.12193644,-0.8712303,-0.21797195,-0.06417593,0.10455919,0.04749132,0.23260178,-0.26707494,0.9271818,0.14614029
7167,-4.8480983,-0.19833188,-0.8239938,-0.6455187,-0.5803967,0.12002656,0.16937238,0.08839159,-0.23337312,0.614244,0.62583524
7168,-3.9455214,-0.13011226,-0.7125203,-0.47192362,-0.29246676,-0.03674534,-0.057511963,-0.1390342,-0.04713147,0.19884214,0.20930749
7169,-4.808435,0.012012292,-1.0039514,-0.4179929,-0.16082515,0.053106528,-0.085925214,-0.38940477,0.071716,0.2811658,0.4690185
7170,-4.88211,-0.0960483,-1.2107468,-0.38915357,0.12464867,-0.16695997,-0.014696362,0.14551269,-0.11759114,0.31645414,0.0939239
7171,-6.236954,-0.1456284,-1.612889,-0.5893414,0.2482719,-0.03185581,-0.1121155,-0.06775564,-0.08504232,0.97700983,0.45158824
7172,-6.0772285,-0.07519198,-1.4155985,-0.42811194,0.15593433,0.21597269,-0.059433438,0.01882355,-0.12121613,0.46560743,0.35155988
7173,-4.8394346,-0.11014626,-1.3006942,-0.49705833,-0.19953062,0.13453443,0.14014718,-0.42061138,-0.13840042,0.6656886,0.30664358
7174,-3.8169785,-0.038582865,-0.9032658,-0.4796319,0.08860427,0.17235564,0.25326848,-0.03904841,-0.0032667574,-0.0015185187,0.09370466
7175,-5.637576,-0.1968114,-1.4194006,-1.0297478,0.0039169784,-0.06208072,-0.28881177,-0.22667192,0.47533596,0.5091,0.2868989
7176,-4.329943,0.0018374999,-0.73671067,-0.449311,-0.121745534,0.04144814,-0.08305891,0.20166422,-0.026146302,0.24822326,0.38237083
7177,-6.46275,0.02011893,-1.085401,-0.67965126,-0.17395242,-0.10731416,-0.029137854,0.32865807,-0.0058404915,0.74575275,0.53775984
7178,-6.7751207,-0.30036432,-1.1473786,-0.5605393,0.021488225,-0.07417328,0.18098903,0.08965834,-0.13577706,0.23412102,0.17046924
7179,-4.821625,-0.017358907,-1.014453,-0.9002994,-0.40963143,0.08729137,0.12785456,-0.24834514,0.14395979,0.8404575,0.4672294
7180,-4.218435,0.11745701,-0.9706731,-0.42361727,-0.050429914,-0.09959496,-0.18611497,-0.25228786,-0.30762747,0.14642273,-0.1686819
7181,-4.6857414,-0.024670277,-1.0714642,-0.64535105,0.005501599,0.2987669,-0.16633362,-0.6427768,0.18274203,0.30697945,0.21671702
7182,-6.512626,-0.24269988,-1.1792976,-0.7913853,-0.5860159,0.72020364,-0.19249617,-1.0259587,0.22183487,0.40445113,0.51804715
7183,-7.4713464,-0.2462595,-1.6080511,-0.9111301,0.0803081,-0.3665232,-0.48686495,-0.16240661,0.5152809,0.95592415,0.06019669
7184,-4.296696,-0.0036384063,-1.0601572,-0.18333957,0.33115822,-0.019907812,-0.023448475,-0.27094263,-0.13503225,0.090189524,0.24997436
7185,-6.3321123,-0.11497229,-1.2850796,-0.50925887,0.29880035,0.22732468,-0.15252566,-0.06877599,0.14514369,0.94111365,0.4271044
7186,-4.879722,-0.00042009354,-0.8906866,-0.5775094,0.017517066,-0.33158678,0.0060512545,0.009338935,0.009676138,0.38866672,0.31847793
7187,-4.313514,-0.19126573,-0.646634,-0.41133496,-0.01127517,0.13008958,-0.15911493,-0.010290474,-0.107325405,0.4682481,0.22098735
7188,-5.3275027,-0.2730581,-1.2232937,-0.5901302,-0.47579393,-0.028490849,-0.06398153,0.04868561,0.06135773,0.3386103,0.41639888
7189,-4.876206,-0.087527595,-1.1548057,-0.34871578,0.39936593,0.36500436,0.13424069,0.092679605,0.24731115,0.37644452,0.10259172
7190,-4.117511,-0.21283697,-0.8346465,-0.5362949,-0.11590874,0.13631408,-0.16952306,-0.461134,0.14139335,0.32957417,0.4466522
7191,-5.554148,0.110429786,-1.572759,-0.47578955,0.040455636,0.103782035,-0.039931044,-0.14798017,-0.32838318,0.19165175,0.17266062
7192,-6.6022916,-0.13403885,-1.5993681,-0.5753765,-0.039874017,0.043216605,-0.17722043,-0.427384,0.087641574,0.25778478,0.43539515
7193,-6.1637673,-0.4013074,-1.2474209,-0.54667616,-0.68091536,-0.09652939,0.121709295,0.055418327,-0.2911653,0.23916337,0.64554226
7194,-6.5968733,0.10261569,-1.4834677,-0.32263747,0.041618995,-0.047626417,0.1407839,0.2237445,-0.25132242,0.416138,0.43171337
7195,-5.6992435,-0.111062266,-1.0938609,-0.8897108,-0.05913396,0.46815175,-0.1703753,-0.6333495,0.0863397,0.37216917,0.31160742
7196,-4.6426387,-0.08363995,-0.81590396,-0.6954559,-0.06256592,0.17190218,0.08402224,-0.093866155,0.17344363,0.54009724,0.229373
7197,-6.089407,-0.2357717,-1.1862997,-0.77269846,-0.14482611,0.36303145,0.094617054,0.007450886,0.16968635,0.9554109,0.2704644
7198,-4.44026,-0.13147719,-0.74292564,-0.34803167,-0.44320145,0.20557372,0.041354522,-0.24117386,0.037963614,0.56517804,0.19052382
7199,-5.615788,-0.24187286,-0.92717934,-0.5778204,-0.36627918,-0.5635474,0.13667706,0.031507976,0.078131415,0.57042944,0.33831894
7200,-5.541778,-0.062050868,-1.1896728,-0.6958031,0.19027722,0.28216094,0.10877509,-0.36228433,0.35767794,0.5594728,0.0026483694
7201,-5.3247485,-0.0993623,-1.4458052,-0.2360109,0.12978502,0.32653022,-0.17517386,0.007848168,0.058836803,0.5202311,0.014041142
7202,-5.1992764,-0.3031147,-0.928444,-0.5433824,-0.42904663,0.12626764,0.20093387,-0.026217451,-0.16691332,0.32396328,0.7521395
7203,-4.277948,-0.065735735,-0.8534202,-0.6463203,-0.016341528,0.17969245,-0.07579477,0.024316233,-0.00046576187,0.7297909,0.18515609
7204,-5.226146,-0.08127081,-1.319406,-0.80249554,0.104771055,-0.031448767,-0.035875626,-0.15837198,-0.074469425,0.7136378,0.2838851
7205,-5.3356466,-0.17112438,-0.7994235,-0.63548887,-0.74488187,-0.022946665,-0.033454895,-0.014818294,0.021049418,0.8938433,0.31664008
7206,-4.323216,-0.023244422,-0.88621324,-0.16915925,-0.101992264,-0.0069592968,0.13154824,0.09769864,-0.21895711,0.15897217,0.14436355
7207,-4.483872,-0.067670345,-0.5953662,-0.23330049,-0.34998137,0.060702883,-0.056143135,-0.35948375,-0.102584615,0.2558334,0.23220691
7208,-7.0544987,-0.13714369,-1.7865825,-0.6848532,0.1708877,0.30678225,-0.24884637,-0.08411788,0.0018166425,0.62920815,0.41140613
7209,-6.150014,-0.3204358,-0.81913173,-0.5221064,-0.13926677,0.17587875,0.06525287,-0.42502183,-0.06424171,0.35204414,0.18384208
7210,-4.5270367,-0.03219352,-1.0712916,-0.6054021,-0.34026533,0.0910656,0.13661791,-0.2821205,-0.13268061,0.46550465,0.47345793
7211,-6.289853,-0.30147022,-1.2054825,-0.7400995,0.19775054,-0.29860133,0.0058809025,-0.5003108,0.11423193,0.62428916,0.08179595
7212,-5.0473833,0.094698206,-0.92059314,-0.80877703,-0.53428304,-0.14974448,0.091437705,-0.33092028,-0.011682732,0.37213704,0.49482432
7213,-6.072693,-0.24725376,-1.4140956,-0.68671054,-0.4150382,0.18952152,0.21733044,-0.32964882,0.13269432,0.5900115,0.21236761
7214,-5.6780143,-0.07513542,-1.1355083,-0.8550079,-0.17572613,0.20033447,-0.26006967,-0.55265236,7.8167766e-05,0.17081943,0.25959674
7215,-3.343336,-0.0033506304,-0.5060446,-0.18994503,-0.049036574,-0.14462367,-0.004824954,0.072105125,-0.16102102,0.2440297,0.20660843
7216,-8.239805,-0.29585057,-1.5093256,-1.2916033,-0.07108162,-0.4748308,0.19088542,0.07754681,-0.25207433,0.24923658,0.2912836
7217,-5.2109604,-0.27384406,-1.4407104,-0.6850106,-0.013531556,0.057094667,0.20280734,-0.011949122,0.085612655,0.5146464,0.38458455
7218,-3.93839,-0.14732575,-0.68747264,-0.32069823,-0.17277752,-0.094706,-0.2624322,-0.17426455,-0.14605811,0.44389236,0.13858686
7219,-6.320234,-0.17563221,-0.66534436,-0.69670165,-0.32287607,-0.20515506,0.2302512,-0.047355592,-0.08489081,0.42001635,0.37371767
7220,-7.836258,0.022250593,-1.8125561,-0.7586886,-0.28914154,-0.08372728,-0.17220631,-0.05716762,-0.2530085,0.6661292,0.32554626
7221,-5.2522235,-0.28080225,-1.2537744,-0.58003473,0.11306999,0.05924897,0.14057632,0.017986648,0.11831351,0.86755526,0.32361206
7222,-8.659069,-0.23690489,-1.3734298,-0.7604462,-0.70384437,0.26659268,-0.031025704,-0.30723888,-0.16457266,0.17865318,0.6907215
7223,-7.5287733,-0.3741492,-1.6697567,-0.9042946,0.2670618,0.32170963,0.11129428,-0.13555524,0.30497995,0.7160741,0.39522865
7224,-4.6137853,-0.27052218,-0.95600057,-0.43866134,-0.111412026,0.06098341,0.07770101,0.079708,0.2432263,0.43087623,0.43303037
7225,-8.044988,-0.25313863,-1.2543819,-0.7068473,-0.33110967,0.22822325,0.2876673,-0.006523855,-0.27084312,0.05372257,0.43269148
7226,-6.1003876,-0.17885801,-1.2317321,-0.6983829,-0.15516771,-0.025609467,0.02212679,0.10608667,-0.013433548,0.5468449,0.9182213
7227,-5.227088,-0.09642049,-1.1310202,-0.29917842,-0.2551286,0.083671965,0.38379705,-0.15652058,-0.28088024,0.1359643,0.56941205
7228,-5.91483,-0.13505556,-1.1629175,-0.20974529,-0.014944207,0.2679906,0.1484281,0.30724424,-0.08880484,0.46601442,0.14666066
7229,-7.5599713,-0.24850963,-1.7342576,-0.807471,0.0027147334,-0.041962214,-0.29923216,-0.4883738,-0.10706119,0.5342857,0.3102299
7230,-6.440268,0.18764518,-1.1704882,-0.71713394,0.09140541,-0.23610029,-0.38447174,-0.054208368,-0.09322313,0.41919446,-0.11730438
7231,-6.087475,-0.17671426,-1.2739615,-0.78522295,-0.4889996,0.19058442,0.03695215,-0.0848025,-0.17143683,0.52335393,0.9046173
7232,-7.192711,-0.3300957,-1.5000824,-0.826843,-0.59201753,0.3815245,-0.05583094,-0.40988448,0.06590466,0.45641017,0.6863239
7233,-4.144626,0.11328167,-0.7634979,-0.20751123,0.29089683,-0.015905175,0.05178641,0.09313332,-0.071731485,0.08312001,0.037654307
7234,-6.3618546,0.10639724,-1.2237341,-0.29236615,0.16300136,-0.085043535,-0.059503295,-0.20983218,-0.15172024,0.20412794,0.058491245
7235,-7.042732,-0.25951242,-1.2217396,-0.61862326,-0.28976306,0.29454076,0.07282621,0.022083033,-0.1876777,0.34890553,0.3698099
7236,-5.076632,0.10917617,-1.083264,-0.35995618,0.22062191,-0.22907753,-0.0912533,-0.36921138,-0.06425803,0.21537456,0.084770456
7237,-4.8901305,-0.008695499,-0.633611,-0.38030535,-0.37087482,-0.26414353,0.0012200214,-0.20833886,0.019944904,0.162875,0.22830036
7238,-5.28201,-0.109653525,-0.7970779,-0.35980758,-0.35431373,-0.13057299,-0.029618472,-0.18593214,-0.4753528,0.5849442,0.3799476
7239,-4.8581657,-0.31904274,-0.7741076,-0.63438714,-0.052288342,0.112547494,0.13197531,-0.1760401,-0.11256038,0.37782633,0.39863726
7240,-5.959696,-0.15586078,-1.0552447,-0.527485,0.22761247,-0.15076056,-0.16714545,-0.057580896,-0.17595656,0.7651624,0.22063874
7241,-6.6387844,-0.18401721,-1.1187029,-0.49136347,0.1203033,0.2392638,-0.38272437,-0.34527698,-0.07447749,0.18580897,0.18847927
7242,-5.6776214,0.17493372,-0.8959913,-0.25833502,0.1030896,-0.25784016,-0.018953703,-0.42190248,-0.30174598,0.22154728,0.723219
7243,-5.4621596,-0.24693091,-1.0762639,-0.45790917,-0.15921888,-0.27044255,0.034558818,-0.11708472,-0.33459312,0.45290303,0.29306224
7244,-7.7767987,-0.24900396,-1.4744498,-0.78954905,0.75360405,0.092134036,-0.33892652,-0.33732823,-0.24119218,0.47718227,0.1411355
7245,-6.9883633,0.019317817,-1.5159966,-0.5151196,-0.10827886,0.26442653,0.2511264,-0.45742184,-0.08264787,0.674744,0.32349688
7246,-4.880678,0.057959005,-0.78673714,-0.21647258,-0.121599086,-0.17946252,-0.17516485,0.023233764,-0.21930884,0.28777924,-0.09199029
7247,-4.370124,-0.38856643,-1.0137239,-0.35006535,0.103859626,0.31893402,-0.2742539,-0.44756278,0.0815774,0.29584563,0.008969446
7248,-6.4795184,-0.2875976,-1.12116,-0.9717034,-0.21416655,0.077886276,0.40374053,-0.63726705,-0.2979854,0.27418345,0.49176624
7249,-3.9347403,0.059756164,-0.6547822,-0.54904836,-0.51254606,-0.19542961,0.08298468,0.031499207,-0.11620173,0.40321478,0.10501708
7250,-4.746104,-0.19161463,-1.0144806,-0.7143052,-0.17547148,0.36871958,0.025561253,-0.48862007,0.17192848,0.611709,0.52898717
7251,-4.6983852,0.03183792,-1.3648134,-0.7223496,-0.086972594,0.05685974,-0.1480437,-0.13567512,0.366371,0.42430744,0.23709036
7252,-5.937968,-0.20178059,-1.3408662,-0.35049668,0.20372541,0.33296812,-0.07642692,-0.009381602,0.12604128,0.7511384,0.39273587
7253,-6.13878,0.16337228,-1.1835295,-0.38053733,0.33077592,-0.105072886,-0.21998702,-0.1937548,-0.3083871,0.29842332,0.12191756
7254,-5.2823453,-0.16047375,-1.0909125,-0.55841666,-0.44204336,-0.022443993,-0.15062551,-0.104383476,0.13530557,0.50061,0.5084992
7255,-6.388547,-0.2047452,-1.3897908,-0.6777503,0.09672153,-0.24699204,0.26901317,-0.23137097,0.27843913,0.48285884,0.36013436
7256,-5.679179,-0.14825816,-0.84824324,-0.38567817,0.13041282,0.20313787,-0.15489036,-0.09374602,-0.24892588,0.10877611,0.19665238
7257,-5.657342,-0.26856554,-1.030254,-0.83415866,-0.054555528,-0.20234472,-0.069084704,0.094838805,0.17832878,0.47535905,0.12584315
7258,-4.664961,-0.08021199,-1.0287011,-0.5293214,0.03454084,-0.0030568335,-0.014425776,-0.076967835,0.028209543,0.49803963,0.10425192
7259,-4.2275496,-0.28617722,-0.89834327,-0.449312,-0.1071532,-0.015609421,-0.13094702,-0.26772216,0.035465702,0.43050817,0.16582006
7260,-6.1130033,0.12631996,-1.0812643,-0.41694397,0.33889303,-0.043450557,-0.23070027,0.021178082,-0.19263613,0.4805295,0.29438987
7261,-7.1433907,-0.24320488,-1.4426641,-1.1227386,-0.48507035,0.14127621,0.09339673,-0.34846672,-0.21997856,0.30510253,0.5727684
7262,-4.630148,-0.0069314754,-0.8177713,-0.5355122,0.16859268,0.03003531,0.003596061,-0.22641607,0.050985858,0.34646457,0.24774866
7263,-6.616821,-0.054946747,-1.8834896,-0.6038948,0.22178897,-0.004808414,-0.1662289,-0.20215376,-0.16401331,0.25155017,0.24018961
7264,-5.293842,-0.40051448,-1.6059921,-0.49672568,0.14924367,-0.15655966,-0.17443307,0.11733468,-0.03367365,0.47386125,0.45347416
7265,-4.8135767,0.117126286,-0.8848608,-0.3246499,0.029800957,0.07203847,0.14657113,0.1785734,-0.24130993,0.24487863,0.31813994
7266,-5.5463705,-0.089877486,-0.9019965,-0.29076877,0.01779303,0.05933644,-0.17864974,-0.57638836,-0.15843004,0.39500463,0.046052277
7267,-6.178958,-0.119088694,-0.9071303,-0.91348815,-0.57182044,-0.15662275,0.20045264,-0.08535139,-0.32883382,0.46354225,0.53216106
7268,-6.3670664,-0.1905576,-1.1256359,-0.7471712,-0.40987164,0.55985,0.14979157,-0.1452154,-0.12224689,0.3575087,0.5560626
7269,-4.197538,0.008685916,-0.7789544,-0.1543583,-0.2927073,-0.09602064,0.24674042,-0.30176222,-0.042862967,0.4576728,0.008723655
7270,-4.914292,-0.42050076,-1.18267,-0.5554456,-0.5253046,0.21656275,0.28684556,-0.42239484,-0.07597117,0.291986,0.36365306
7271,-6.7012596,0.1248649,-1.6295729,-1.0154184,-0.040638965,-0.07610799,0.04480039,-0.25453845,-0.06966333,0.28680995,0.3787383
7272,-4.9687705,-0.20166337,-0.9690544,-0.75473374,-0.25949267,-0.2916541,-0.045495868,-0.20265311,-0.106849164,0.42210314,-0.06461429
7273,-5.042401,-0.062003482,-1.2081683,-0.3389387,0.15256654,-0.027755905,-0.28616613,0.04863836,-0.13600871,0.3143279,-0.25076777
7274,-5.390505,-0.12475376,-1.1082646,-0.5875145,0.24612184,0.059768043,-0.035733335,-0.17431732,0.10908951,0.6687865,0.082458824
7275,-5.496381,0.10772557,-1.2508837,-0.38434163,0.17220064,-0.09341712,0.08523761,-0.05471474,-0.17210975,0.31631264,0.17703678
7276,-5.0023203,-0.2592501,-1.1899582,-0.7840385,-0.0557623,0.10907045,-0.1717524,-0.177894,0.1581887,0.64812815,-0.012221425
7277,-5.8080926,-0.2955522,-1.1844652,-1.0990262,0.110291645,0.00498416,-0.05699046,-0.39538917,0.33514714,0.8457701,0.005608284
7278,-6.826969,-0.21834837,-1.4596345,-0.7389596,-0.07255678,0.15311167,0.051007215,-0.40590543,0.063238956,0.50758064,0.56449527
7279,-4.5877132,-0.15025525,-0.8390635,-0.53560996,0.01763067,0.0008432013,0.076364666,-0.2318451,0.01454848,0.2135258,0.124144904
7280,-6.279628,-0.15625088,-1.5115438,-0.7975521,0.3028882,0.33110547,-0.2622822,0.060541213,0.2378322,0.6402604,0.115946986
7281,-6.142779,0.087969534,-1.1999996,-0.7279329,-0.35506842,-0.3777994,0.19683468,-0.09952372,-0.44577107,0.40712523,0.2735339
7282,-4.1893024,-0.115345806,-0.7648211,-0.55942,-0.09199048,-0.14491089,-0.026253719,-0.42005983,-0.018031145,0.17438231,0.34304103
7283,-5.7933664,-0.34493414,-1.2017969,-0.667741,-0.42167047,-0.099902466,0.0481568,-0.07413117,0.15624711,0.52847433,0.8799129
7284,-5.151997,-0.16458894,-0.97468805,-0.5649295,-0.12008954,0.27872306,-0.26279724,-0.5372368,-0.097486526,0.14699556,0.08173107
7285,-4.261318,-0.067542255,-0.93372095,-0.2474285,0.22749409,0.116531014,-0.08364848,-0.21902268,-0.007633427,0.3994121,0.10134106
7286,-6.940295,-0.024997618,-1.6001548,-0.44145015,-0.23473497,-0.18609814,0.036322046,0.15998559,-0.396352,0.22079054,0.5596326
7287,-6.190463,-0.13874745,-1.0416585,-0.8039341,-0.48241934,0.2180966,0.3216576,-0.26631308,-0.15839536,0.737593,0.4575416
7288,-7.5048385,-0.12145387,-1.4313443,-0.5481909,-0.848111,-0.34735322,-0.06614899,-0.05998189,-0.43889982,0.63940233,0.8012872
7289,-4.737729,0.1254363,-0.90784734,-0.6653888,-0.26799387,0.04186664,-0.0607901,-0.3078771,-0.099413656,0.20983326,0.4171076
7290,-5.9235854,0.020286351,-1.2326812,-0.50123316,0.082154416,0.09432754,0.13013363,0.05251596,-0.11698148,0.27283666,0.24568734
7291,-6.2785873,0.072758496,-1.0539038,-0.947867,-0.23151648,-0.091486365,0.1565764,-0.27829275,0.2854771,0.7176998,0.39472213
7292,-6.3854423,-0.18009025,-0.9226489,-0.6431364,0.0154726375,-0.17332016,0.14658396,-0.2741809,-0.2643074,0.289822,0.2426897
7293,-6.225146,-0.23381002,-1.2541882,-0.41033858,-0.5880647,-0.17885207,0.3280367,0.016772073,-0.1436274,0.4971923,0.5900779
7294,-6.24738,-0.41876698,-1.1609768,-0.6907577,0.012336031,0.057581246,-0.7248556,-0.025401803,-0.2349564,0.21186072,0.09865593
7295,-4.9830847,-0.10226724,-0.7285642,-0.63371605,-0.32178643,0.08075663,0.14775337,0.0942512,-0.25265998,0.26670036,0.52169734
7296,-6.3180213,0.12944949,-1.1448139,-0.5877035,0.12345139,0.1034122,-0.13751417,0.31405124,-0.08945993,0.50071424,-0.07791491
7297,-6.249353,0.06575542,-1.1753554,-0.44260472,0.5681326,-0.056864813,-0.090662695,-0.39630666,-0.15801898,0.3165537,0.163082
7298,-6.009989,-0.08918719,-1.1184704,-0.5680072,-0.0470949,-0.15765622,-0.21516779,-0.122508176,-0.1884695,0.4165501,0.22416463
7299,-6.2075467,0.027439658,-1.1280967,-0.6635116,0.3411088,0.2877559,0.019413607,-0.24635965,0.11305056,0.20667423,0.3061955
7300,-5.4520526,-0.27283683,-0.9636395,-0.7587034,-0.3012873,0.30022603,-0.0011835871,0.038171593,0.19769426,0.6914796,0.5604869
7301,-7.0015464,0.024038423,-1.2837409,-0.93777555,-0.03301082,-0.5424852,-0.4486914,-0.1665459,-0.37988016,0.43798807,0.2306435
7302,-5.5128827,0.11510778,-0.8400501,-0.5684653,-0.18134457,0.12713845,0.051016103,-0.24654928,-0.10136067,0.2419997,0.18289259
7303,-2.9754972,-0.27456233,-0.51584315,-0.34469783,0.09350637,-0.09265563,0.0991429,0.11980417,-0.12507011,0.29608852,0.19462498
7304,-4.5927863,-0.062373202,-0.9815286,-0.45001668,0.005555766,-0.20509668,-0.37887695,-0.11662806,-0.08327128,0.37611672,0.05961825
7305,-5.5047975,-0.071957536,-1.125549,-0.70922154,0.0788816,-0.11063756,0.026001487,-0.53348446,0.24083976,0.49171278,0.6467881
7306,-4.6845284,-0.4091602,-0.81938326,-0.38387215,0.11263005,0.12599851,0.069479264,-0.34905145,-0.23523067,0.19770229,0.22488062
7307,-5.046471,-0.040309694,-1.0037787,-0.4164726,-0.016905254,0.14870352,-0.032415062,-0.22620337,0.019273598,0.35015175,0.08145271
7308,-6.436858,-0.16070974,-1.4540614,-0.70542365,0.03180202,-0.073145725,-0.08355213,0.012081895,0.12516181,0.5612413,0.30690682
7309,-5.801112,-0.1448701,-0.64557374,-0.549756,-0.47927183,-0.21972425,0.02423497,-0.3932736,-0.10950433,0.4403793,0.29936343
7310,-4.37936,-0.23531018,-0.6885327,-0.627957,-0.18988311,-0.05897829,-0.08117576,-0.20892659,0.0005329978,0.316753,0.14792949
7311,-6.4069977,-0.31277242,-1.3094312,-0.9070989,0.37812018,0.28153038,-0.17399241,-0.30814254,0.17125319,0.4930823,0.11085322
7312,-5.7424674,-0.02848718,-1.1727237,-0.41038793,-0.044628963,-0.24165681,-0.12369818,-0.31054857,-0.009223362,0.49246824,0.030398972
7313,-6.494678,-0.3139132,-1.0158638,-1.0376198,-0.48678547,-0.40126872,-0.103210226,-0.370608,0.019372804,0.25795636,0.9267037
7314,-4.8065805,-0.0067545874,-1.0125586,-0.57181066,-0.25486234,-0.46205288,-0.307113,-0.04349406,-0.15444423,0.34899217,0.41298437
7315,-4.0262923,-0.08930575,-0.76893485,-0.26950446,-0.03987729,-0.33945614,0.04716766,0.1560726,-0.285225,0.10984628,0.29996002
7316,-4.3955736,-0.23739831,-0.9767343,-0.74319166,-0.19578665,-0.08507208,-0.16431585,-0.25790176,0.09761963,0.4720208,0.119496696
7317,-5.761391,-0.050034467,-1.2813888,-0.62240064,0.26808938,-0.11617858,-0.10048749,0.017387755,-0.19589363,0.090657815,-0.13352188
7318,-6.0504546,-0.121011674,-1.4445825,-0.9971082,0.15416762,-0.036735855,0.013170571,-0.6669468,0.14147049,0.44267303,0.2575635
7319,-5.2010226,0.06927662,-1.012286,-0.77154934,0.1570353,-0.06934611,0.0022726553,-0.19634649,-0.023257336,0.24386507,0.5234494
7320,-6.5958815,-0.26503333,-1.3205369,-0.87151486,-0.00503606,0.39232802,0.25524595,-0.22977647,0.1813036,0.19071686,0.43299004
7321,-5.116945,-0.21372603,-1.2422591,-0.948159,-0.016813198,0.07080504,0.05436937,0.02828248,0.06650074,0.52395564,0.28214955
7322,-7.275685,-0.18687706,-1.5893008,-0.70070136,0.13124181,0.10630849,-0.5950997,-0.17221731,0.020753352,0.5476611,0.24180008
7323,-5.0327406,0.13909698,-1.1823297,-0.5734377,0.10146468,-0.17757332,-0.24928103,-0.33506352,0.0415411,0.2664104,0.12551524
7324,-5.878548,0.32729816,-1.7472446,-0.6297933,-0.010189645,0.035737723,-0.13018246,-0.2113242,-0.10116737,0.17004521,0.060868017
7325,-5.5400405,-0.16529135,-1.0084875,-0.894406,-0.55271137,-0.050677143,0.22450663,-0.11114491,-0.051033743,0.42082542,0.74088705
7326,-4.581461,-0.45428777,-0.9440903,-0.66260505,-0.24242724,-0.009432904,0.17419116,0.021881364,0.0061877687,0.51319623,0.41541165
7327,-5.827149,-0.44366962,-1.1159146,-0.4785799,0.067777164,0.33507848,-0.26077834,-0.028874876,0.2914031,0.49995983,0.04517185
7328,-5.224261,-0.14473175,-0.9879853,-0.4017765,-0.17397238,-0.21277483,0.07743532,-0.21580945,-0.19536984,-0.070610724,0.1774022
7329,-7.440799,-0.3603257,-1.4632311,-0.7229597,-0.55267006,0.75217086,0.018623643,-0.4305713,-0.25780973,0.27709338,0.37154123
7330,-5.6822653,-0.01677423,-0.925363,-0.40441844,0.09646457,0.05652245,-0.10802661,0.03346833,-0.09136601,0.3255317,0.24986593
7331,-5.8276324,0.11453523,-1.1687045,-0.9566363,-0.2921462,0.14652242,0.044985246,-0.59783304,0.3772204,0.5842625,0.17608614
7332,-4.4699116,0.008865519,-0.9253561,-0.6354941,-0.15100046,0.16140535,-0.15566915,0.018360324,0.16413516,0.5254855,0.29466316
7333,-6.529761,0.009479511,-1.0950364,-0.53317136,-0.20498942,-0.07241022,-0.21916115,-0.142466,-0.33898047,0.35094532,-0.124826215
7334,-5.1285787,-0.08318992,-1.290266,-0.8590595,-0.017198024,-0.04917304,-0.1538743,-0.1303103,0.220246,0.7566961,0.34034932
7335,-7.386767,-0.057507973,-1.0811018,-0.86054605,-0.23444948,0.32086903,0.4663345,-0.15867312,0.2501779,0.73527074,0.43840852
7336,-6.315752,-0.094669,-1.2474226,-0.8137399,-0.24070486,0.13243517,-0.44588718,-0.46363136,-0.054496348,0.22443098,0.35115114
7337,-4.7231164,0.045950547,-0.96053517,-0.24188974,-0.28876847,-0.007229414,0.12911114,-0.3482738,-0.31485105,0.30644894,0.4055842
7338,-5.0597844,-0.032053065,-1.0188833,-0.48541167,-0.1292057,0.19773886,-0.043696593,-0.21467622,-0.13468246,0.14833948,0.33705196
7339,-6.272237,-0.36510733,-1.1452583,-0.7349189,0.012736434,-0.22626242,-0.07036924,-0.009636037,-0.024823772,0.21201661,0.3218067
7340,-8.464414,-0.24114533,-1.4589809,-1.2412906,-0.7337688,0.19559792,0.23066185,-0.16349842,-0.15350813,0.2374025,0.8567983
7341,-6.853954,-0.31774187,-1.1249021,-0.6868802,-0.7905196,-0.018336348,0.08174508,-0.19428025,-0.094817765,0.5618096,0.7375802
7342,-6.308593,-0.119384885,-1.7231684,-0.74075997,-0.4756806,0.06720944,0.21814124,-0.09738803,0.0045854663,0.32987612,0.34410816
7343,-4.3786144,-0.36312404,-0.7889086,-0.33025017,0.09159484,-0.06996634,0.04328293,-0.34066048,-0.17366211,0.34873262,0.2700099
7344,-5.2619777,-0.112265304,-1.3514471,-0.45402983,0.31128085,-0.053994376,-0.26496044,-0.15437512,0.14907196,0.3505232,-0.10360673
7345,-3.6484053,-0.0030930964,-0.74702066,-0.2748878,-0.12044906,0.08509955,0.17280954,0.04333295,-0.13555872,0.14799145,0.338826
7346,-5.484795,-0.29227072,-0.92483294,-0.6298203,-0.36304736,0.11994924,0.38419515,0.07005089,0.11378591,0.49415922,0.43524107
7347,-6.0638328,-0.18321873,-1.0451983,-0.53170353,-0.22260655,0.4118392,-0.30773714,-0.3867805,-6.8800524e-05,0.20567466,0.17868349
7348,-4.894114,-0.20251009,-0.716772,-0.51040083,-0.22706166,-0.16176642,-0.04559533,-0.44536114,-0.10983014,0.08265454,0.52639663
7349,-5.8033705,0.16305722,-1.5503081,-0.3165754,0.051576316,0.406249,-0.26384118,-0.38533416,-0.3616945,0.27127007,0.11575913
7350,-3.6242244,-0.09653755,-0.49678123,-0.560377,-0.11184575,-0.21475007,0.05470395,-0.1230626,0.11399365,0.24543972,0.3000363
7351,-4.3520384,-0.41882372,-0.7362681,-0.6476621,-0.021029977,-0.3129303,-0.09822853,-0.16311179,0.14971994,0.4688756,0.31585428
7352,-5.347694,-0.05615847,-1.4830431,-0.57723963,-0.39087215,0.4460438,-0.0040328484,-0.06442417,-0.07648494,0.462251,0.46909362
7353,-6.0463986,0.029022854,-0.9461661,-0.6432627,-0.24943483,-0.15587942,-0.10600663,-0.21342777,-0.09538197,0.16693841,0.53975827
7354,-5.0074544,-0.117592275,-0.995686,-0.1794155,0.088561065,-0.17976822,-0.011304946,0.1087956,0.038808614,0.5016558,0.21443783
7355,-4.4241314,0.3138333,-1.2130266,-0.4531257,-0.107225314,0.108462065,0.20735423,-0.16249517,-0.03419102,0.37144914,0.15496328
7356,-6.4051385,0.12339509,-0.9933762,-0.6789158,-0.039867636,0.03316067,0.15307313,-0.11583369,-0.21215798,0.4557279,0.5086703
7357,-4.1988134,-0.28928363,-0.76865834,-0.5266975,0.041589614,0.3254127,-0.17260382,-0.4012997,0.059565134,0.34837836,0.29056072
7358,-6.7946296,0.24969566,-1.0777478,-0.99832034,-0.30888748,-0.33770382,-0.061018437,-0.11000782,-0.006256409,0.21273255,0.45478073
7359,-6.410695,-0.13065094,-1.6877997,-0.3002249,0.01716148,0.12247772,0.014678524,0.35165843,0.0011778995,0.6660253,0.5163723
7360,-5.4125357,-0.27386868,-0.9828251,-0.8328256,-0.296525,-0.18668756,-0.04040608,-0.22061844,-0.036574475,0.45836806,0.17773202
7361,-5.2023253,-0.08070122,-1.0350343,-0.46151298,-0.48300195,0.13443738,0.25674266,-0.35579762,-0.0740291,0.6107854,0.5131328
7362,-6.306784,-0.09308323,-0.7794468,-0.75973797,-0.3037971,-0.22339308,0.039519116,-0.32999504,-0.3855354,0.20030433,0.4289922
7363,-8.773965,0.10176302,-1.7049227,-0.6501836,-0.39960188,0.22390866,-0.13789052,-0.54886603,-0.09657179,0.05119046,0.37468484
7364,-7.6742806,0.08400872,-1.5399488,-0.7755384,0.063040346,0.14081463,0.2546763,-0.10242677,0.03940031,0.42106628,0.42195174
7365,-5.73841,-0.31913796,-0.8561874,-0.64497143,-0.25974974,-0.017168937,0.15769464,-0.003983753,-0.34507075,0.11776394,0.3304977
7366,-6.1804,-0.1997397,-1.3312652,-0.8103771,0.23252149,-0.29281837,-0.17063373,0.18940982,-0.15143596,0.29145995,0.3232255
7367,-5.966564,-0.028676182,-1.206452,-0.93667185,0.16073257,0.50041676,0.13241066,-0.24184632,0.24981293,0.46762428,0.28029367
7368,-4.703854,-0.112692066,-0.8588312,-0.34785664,-0.40600646,0.40609318,-0.07610177,-0.2936444,-0.046805352,0.56906974,0.28642523
7369,-5.0134807,-0.3432386,-0.7963359,-0.8263261,-0.30121127,-0.057835132,0.01879979,0.036938198,0.045556284,0.4032762,0.39273956
7370,-7.4581604,-0.20299341,-1.4595263,-0.8537675,-0.62053955,-0.062415957,0.34965762,-0.5232126,-0.13712111,0.67883015,0.45957425
7371,-5.608841,-0.27616924,-1.2632786,-1.1498303,-0.022579776,0.0876328,-0.2601194,-0.44529805,0.3600362,0.45162866,-0.00037575327
7372,-5.3723035,0.017255988,-1.194961,-0.70356154,0.03204055,0.070754595,-0.15909217,-0.593537,0.2804116,0.1870772,0.338829
7373,-6.504559,-0.09115822,-1.6060281,-0.6239666,-0.039944198,-0.06657482,0.13215698,0.15394327,0.1724984,0.37751815,0.5066722
7374,-5.242383,-0.07030868,-0.7284969,-0.43829623,0.08325242,0.22818163,0.24902904,-0.30960396,-0.004594408,0.29469693,0.14188133
7375,-5.7818065,0.15879029,-1.0744604,-0.73876077,-0.47713172,0.043808404,-0.29800606,-0.13923831,-0.017359948,0.71040356,0.17355849
7376,-4.1624236,-0.20553525,-0.85357964,-0.55771613,-0.19526699,0.16516395,0.17033479,-0.21704222,0.06614619,0.2885017,0.23789105
7377,-6.2256336,-0.051184893,-1.6193267,-0.8748304,-0.08859644,0.050413236,0.11133779,-0.5384267,-0.21881784,0.63082856,0.3845803
7378,-4.8063717,-0.088548794,-0.6584887,-0.6118618,-0.29132378,-0.38320857,-0.07500002,0.09066226,-0.13087246,0.31134316,0.22788545
7379,-5.5663676,0.095053114,-0.76143056,-0.72433156,-0.40370807,-0.39506525,-0.07728534,-0.069458954,-0.21402894,0.36459962,0.34190446
7380,-5.8233953,-0.17497562,-0.9919674,-0.4940042,-0.28239635,0.58744806,-0.07931083,-0.2923116,-0.025436988,0.3198301,0.22965871
7381,-6.2415276,-0.17347892,-1.4277428,-0.4895948,0.11190269,0.17806952,0.113175005,0.049411193,-0.41192007,0.13988914,0.7230177
7382,-5.0581627,-0.13549832,-0.9359663,-0.46737954,-0.5175686,0.10965265,-0.05017297,-0.30348575,-0.097308956,0.9100126,0.36582014
7383,-5.007758,-0.03371717,-0.9485559,-0.27928612,-0.19683349,-0.13279891,0.16760814,-0.13273884,-0.32598004,0.42578846,0.121782705
7384,-5.4852276,0.05366621,-1.075435,-0.75411886,-0.43242505,-0.07306272,-0.24689527,-0.09014599,-0.076798834,0.47941732,0.5736508
7385,-5.458442,0.17425686,-1.1500393,-0.1901756,-0.01667607,-0.008762438,0.18471059,-0.09930723,-0.19582652,0.36143127,0.13487226
7386,-4.6031947,-0.38904062,-0.90838355,-0.6885984,-0.048413694,-0.11711713,-0.120321415,-0.31300226,0.30190966,0.6458813,0.42578113
7387,-6.1873994,-0.33194768,-1.1689597,-0.66109097,-0.5918199,0.39030737,-0.031015355,-0.3947401,-0.09622522,0.5537397,0.652861
7388,-8.717191,-0.24158002,-1.7025809,-0.863302,-0.09023598,1.1716758,0.3106221,-0.24320403,0.21943845,0.7723225,0.86113906
7389,-6.2965765,-0.6391931,-1.2213176,-0.52252287,0.19904138,0.25085688,-0.072438926,-0.40427208,0.3094997,0.76776135,0.12990297
7390,-6.276953,-0.02705301,-1.4661492,-0.64117163,-0.3664037,-0.04012124,-0.34533563,0.06286867,-0.1739786,0.3337485,0.34401444
7391,-4.63134,-0.0086418735,-0.6118572,-0.32747358,0.19910873,-0.08666406,-0.1629114,-0.17218621,-0.061513394,0.4907424,-0.09694839
7392,-5.6201043,-0.02133565,-0.78272444,-0.36727595,0.06128127,-0.2013127,-0.058136627,0.07241922,-0.17900245,0.5034491,0.16616431
7393,-4.8674297,-0.17885853,-0.7376123,-0.39669898,-0.29031911,0.0117684165,0.083891556,-0.31759855,-0.031642728,0.28561637,0.17991006
7394,-4.8724756,-0.006397049,-0.9505897,-0.5434364,-0.18966146,-0.02944769,0.33413216,-0.16874543,0.008011313,0.34078467,0.32190967
7395,-4.357126,-0.11685458,-0.8383076,-0.689181,-0.28832203,0.075929865,-0.00598552,-0.5050518,0.14046468,0.53654706,0.28351426
7396,-7.383676,0.12104015,-0.98305845,-0.41953644,-0.14175877,-0.1910193,0.56786937,0.29030675,-0.40663767,0.28763005,0.31013763
7397,-5.743498,-0.20828848,-1.1039525,-0.45707446,0.10537182,0.07523834,-0.05577174,0.19776736,0.06786272,0.5172188,0.29284742
7398,-5.296493,-0.41151106,-1.5119385,-0.6649589,-0.49024898,0.1299851,0.23187385,-0.19942467,0.011815719,0.8617734,0.31774786
7399,-6.4248395,-0.119629964,-1.3782834,-0.55472904,0.25810474,0.098348886,-0.18260686,-0.14927168,0.25459725,0.846262,0.12638755
7400,-4.7430496,-0.28813025,-1.1028312,-0.6780355,-0.419497,0.22154273,-0.38529116,-0.17427112,0.12115496,0.40738785,0.2669558
7401,-6.7994075,-0.38523394,-1.2811553,-0.43237484,0.029241264,0.094731644,0.3535166,-0.2356187,0.061981477,0.4491162,0.4808272
7402,-4.718616,-0.10020969,-0.6657327,-0.40702495,-0.36797625,-0.41990948,-0.025572442,-0.041188665,-0.28643093,0.19922988,0.3349634
7403,-4.236376,-0.004298535,-1.1998012,-0.4796323,-0.15334646,0.13437143,-0.06100107,-0.4332562,-0.049959265,0.36059722,0.34314877
7404,-4.714213,0.056456093,-0.6124736,-0.482987,-0.35191792,-0.21531668,0.16101651,-0.15658425,0.027776767,0.33248886,0.33954382
7405,-5.25799,-0.22515373,-1.0441902,-0.6225237,0.14599286,-0.10178443,-0.1110411,-0.24933007,-0.19263782,0.102886975,0.09001744
7406,-4.591083,-0.0376568,-1.1573569,-0.5570776,-0.09305372,-0.16829619,0.15999798,0.045760617,0.088240094,0.23186041,0.48608324
7407,-6.12743,-0.16363284,-1.330605,-0.87150264,0.102821566,-0.10811272,-0.10690681,-0.031673603,0.58312577,0.5980318,0.34119922
7408,-5.429626,0.018220168,-1.1590583,-0.57014525,0.16207393,-0.094734445,-0.08734771,-0.07952634,0.07922736,0.31673017,0.18423317
7409,-5.086013,0.033017054,-0.6649364,-0.59319067,-0.37230107,-0.15119654,0.26493382,-0.52971685,-0.09200451,0.513004,0.12254737
7410,-5.53259,-0.15492621,-0.6896718,-0.6674095,-0.21819516,-0.1893744,0.27497375,-0.021217665,-0.333177,0.23084652,0.25830284
7411,-7.023551,0.0023976406,-1.5331199,-0.8782525,-0.46393952,-0.023514057,0.20745017,0.11538659,-0.23652668,0.67469335,0.24590193
7412,-6.387243,0.10763615,-1.2967716,-0.53919363,0.20603481,0.07132264,-0.12181281,-0.75156605,-0.11291754,-0.08216144,0.4341787
7413,-5.7683935,-0.06303523,-0.77773744,-0.5802916,0.038412634,0.095390804,-0.020271469,-0.63450336,-0.03813407,0.13270028,0.27627257
7414,-5.5318193,-0.07275489,-1.1925957,-0.6428661,-0.12509571,0.19448851,0.11795599,-0.670536,0.10870252,0.121572755,0.4546392
7415,-6.0248923,-0.04656206,-1.3858024,-0.65926856,-0.7081659,0.22850227,0.0022758981,-0.3274687,-0.2516574,0.38233238,0.44556752
7416,-6.1017976,-0.14298862,-1.2429441,-0.7826613,-0.07869281,0.025870608,0.07541112,-0.17592856,-0.14080216,0.76952684,0.2210631
7417,-5.6919155,0.20593418,-1.313921,-0.77678424,-0.121855386,-0.054481663,-0.11566027,-0.31097326,0.30489996,0.45298073,0.1861973
7418,-7.469515,-0.04540721,-1.3389055,-0.8645724,0.28983533,0.16903974,-0.37898287,0.055768386,0.061689608,0.23015185,0.50169593
7419,-5.7979136,-0.100475,-0.8584444,-0.5217353,-0.2766715,-0.33854896,0.03850522,0.015397187,-0.34196278,0.4020253,0.44771615
7420,-7.0627193,-0.19293422,-1.4799708,-1.0995692,0.28603894,0.06723365,-0.40318367,-0.75669056,0.43393064,0.5977192,0.5408609
7421,-4.954638,0.015610619,-1.236915,-0.13559173,0.17774354,0.055479147,-0.13935508,-0.13291018,-0.32288486,0.5004921,0.10886964
7422,-4.5385356,-0.167402,-0.96483934,-0.5573628,-0.10901358,0.41845834,-0.022218496,-0.4060733,-0.18703099,0.43791467,0.29247352
7423,-6.310264,-0.1320639,-0.92944616,-0.6505727,-0.4609566,-0.10428227,0.286987,-0.24110019,-0.2775219,0.43904763,0.41166908
7424,-4.8289933,-0.04459841,-0.8876094,-0.47016793,-0.2584918,-0.16325901,0.090896346,-0.40540147,-0.12155767,0.1956229,0.30348206
7425,-6.2103057,-0.090211175,-1.2415508,-0.5542855,0.22963452,0.04489517,-0.11953937,-0.22136128,0.055895574,0.23498134,-0.2706785
7426,-5.044647,-0.09651293,-0.8977595,-0.7855396,-0.027852042,-0.11959918,0.13293871,-0.31775752,-0.05772502,0.019164378,0.33663327
7427,-6.673924,-0.1994074,-1.3911704,-0.7414844,0.19847412,-0.12761307,-0.38107863,-0.3772389,0.35594574,0.8666155,-0.076217644
7428,-5.1381264,-0.185778,-0.99627584,-0.39748204,-0.12180924,-0.29240996,-0.023079097,-0.0988645,-0.16512133,0.6252505,0.43558833
7429,-5.4831667,0.22654589,-1.0592924,-0.47383985,-0.005757177,-0.026712287,-0.30215913,-0.6707972,-0.012829216,0.43524504,0.19246486
7430,-7.432215,-0.35170788,-1.6485974,-0.6123293,-0.1786533,-0.016449006,-0.17097655,-0.7880431,-0.05000694,0.24657016,0.3930325
7431,-4.193796,-0.014626601,-0.8504149,-0.39013773,0.17684169,0.00027131103,-0.11626265,-0.08550029,-0.14367843,0.27517992,-0.012889533
7432,-7.8401937,-0.5012834,-1.1987038,-0.72445893,-0.985928,0.17447595,0.045754343,0.24959181,0.033774395,0.6849692,0.82460696
7433,-5.589818,-0.3928869,-1.2772909,-0.72019696,-0.19779705,0.099451035,0.27797964,-0.1608713,0.1512788,0.77250385,0.37629586
7434,-4.9164615,0.24788313,-1.2361428,-0.41907787,-0.19642667,0.20484091,0.10161564,-0.20179753,-0.107313424,0.37551153,0.19290774
7435,-6.0504446,0.07521336,-0.9854183,-0.5193466,0.119620554,-0.16924301,0.0209979,-0.18214987,0.12173958,0.30458176,0.29219615
7436,-5.662983,-0.25561377,-0.90138817,-0.5708356,-0.3577334,-0.0343665,0.12700887,-0.061359957,-0.04420557,0.5382396,0.86698896
7437,-5.7428713,-0.52078956,-1.5656521,-0.66546696,-0.017054662,-0.0063231746,-0.2147294,-0.13576867,-0.018621402,0.5819844,0.025778323
7438,-6.6342254,-0.46215993,-1.5489262,-0.63383967,-0.1866251,0.2104226,0.049853295,0.4059369,-0.108586304,0.4544256,0.80330765
7439,-6.0095267,-0.07446502,-1.1077958,-0.7150533,0.07740675,0.027655158,-0.2277727,-0.16601071,-0.16223145,0.30643895,-0.03242306
7440,-5.9625425,-0.23970391,-1.1052214,-0.7804908,-0.079367995,-0.31536096,-0.23511744,-0.032601535,-0.14181532,0.49981025,0.26614487
7441,-6.8628187,-0.038923375,-1.0596313,-0.7505388,-0.26570976,0.39393502,-0.08898571,-0.31578952,0.03111354,0.28221047,0.44194955
7442,-6.982543,-0.21184428,-1.0825727,-0.63208836,0.04484641,-0.044959355,-0.36304805,-0.4563635,-0.41141415,0.09751623,0.14559352
7443,-7.79287,-0.27074197,-1.258687,-1.213209,-0.41931477,-0.00049351435,-0.15800957,-0.6419848,0.2289304,0.6462858,0.88087356
7444,-7.080195,0.035528187,-1.0766312,-0.80851126,0.286773,-0.06706495,-0.36364517,-0.30748552,0.13615322,0.30653077,0.26369324
7445,-4.9974747,0.035743747,-1.0076516,-0.40244585,-0.32278645,-0.011707371,-0.068534814,0.025898742,0.0163081,0.73885155,0.13241078
7446,-5.8427014,-0.07233005,-1.1880647,-0.79764694,-0.37819785,0.18854593,0.10996902,-0.13348134,-0.028402349,0.5026824,0.3187234
7447,-5.889639,-0.18372889,-0.9746538,-0.6960254,0.1221445,-0.24742527,0.063277036,-0.19142309,-0.21008426,0.11653102,0.31199345
7448,-3.6204808,0.023878548,-0.65907997,-0.26499644,-0.19672592,0.082145855,0.21760587,-0.12331603,-0.1026475,0.14670725,0.29390708
7449,-5.687308,-0.026665743,-0.80027175,-0.6579429,-9.537395e-05,-0.06663944,0.02411534,0.08199139,-0.2124665,0.3633232,0.10434227
7450,-5.739955,0.122157484,-1.1640825,-0.5547451,0.13638505,0.24677214,-0.23631424,0.00965634,-0.020853547,0.747248,0.265711
7451,-6.241131,-0.4847008,-1.206367,-0.416468,0.27820405,0.33232534,0.103597544,0.51573044,0.09839678,0.71093446,0.21170706
7452,-5.2835884,-0.48117942,-0.72955036,-0.5262438,-0.49468267,-0.027575772,0.13638663,0.07631478,-0.088730186,0.64473003,0.56589454
7453,-5.1614923,-0.041746628,-1.0088495,-0.56167024,-0.15249063,0.13825881,-0.0022847299,-0.20954359,0.03883424,0.6866443,0.048386633
7454,-3.9878309,-0.27329642,-0.91748303,-0.26407292,-0.12103885,0.027242482,0.07955559,-0.13587083,-0.16989478,0.31305617,0.040494327
7455,-5.435385,-0.26917526,-0.6916751,-0.55155206,-0.41545448,0.076774634,-0.018086534,-0.3270984,0.0026988257,0.5303155,0.5031794
7456,-3.676956,-0.08832824,-0.79306155,-0.5298274,-0.11997717,0.3917125,-0.099411696,-0.48285836,0.12771717,0.3096968,0.15961556
7457,-4.710086,-0.13272433,-0.89351624,-0.22842486,-0.24972036,-0.20429178,0.23135076,-0.06753144,-0.24922268,0.4417781,0.22426026
7458,-5.104663,-0.09721561,-0.8068535,-0.74446,-0.6187525,0.12399852,0.2787285,-0.28078774,-0.08311104,0.5305855,0.5054342
7459,-4.6181207,-0.22474878,-0.9601757,-0.21030214,-0.07252548,0.10372412,-0.0111768795,-0.06240183,-0.31179672,0.40199772,0.29658523
7460,-4.1863527,-0.22009851,-0.73230046,-0.29061544,0.009429388,0.12631062,-0.2749451,0.11380254,-0.3004395,0.22462721,-0.21577919
7461,-5.1833477,-0.2443188,-0.9657473,-0.6802917,0.10692547,-0.25803816,-0.22492455,0.015159847,0.09161378,0.7161128,0.05040528
7462,-5.73211,-0.08379808,-0.99501324,-0.4989131,0.049953207,0.06695558,-0.21333514,-0.16641729,-0.14705014,0.3493155,0.029871505
7463,-6.8243127,-0.29507393,-1.2355157,-1.0881476,-0.3119939,-0.25376868,0.07212886,-0.55365545,0.09080411,0.76269233,0.001023815
7464,-6.1578274,0.00024317857,-1.3634027,-0.49008143,0.22222848,0.3093366,-0.20065162,-0.2991226,-0.14997956,-0.01332496,0.13459395
7465,-7.287804,-0.34505004,-1.1279328,-0.636404,0.23721425,0.3503301,-0.28486085,-0.3204869,-0.29042557,0.07453135,-0.09964511
7466,-7.7370396,-0.03665615,-1.2417036,-0.66143376,0.31734365,0.55702525,-0.0131718805,0.48341933,-0.074155055,0.69606996,0.8071652
7467,-6.085594,-0.02237225,-1.091612,-0.7065859,-0.48651662,0.14948645,0.24918672,0.023759635,-0.17504169,0.45304367,0.4688227
7468,-4.6664453,-0.28570297,-0.9716827,-0.8036997,-0.23061529,-0.17826964,-0.0011515608,-0.34297508,0.04263829,0.28065944,0.32966733
7469,-3.9122303,-0.076207496,-0.76696527,-0.22781925,0.13346738,0.08083543,-0.069079794,-0.20792308,-0.1482634,0.10545702,0.33438477
7470,-5.4148855,-0.05272114,-1.199501,-0.31533924,-0.3771561,0.023593169,0.16066541,-0.08160765,-0.06389555,0.7215233,0.3728313
7471,-5.3965497,-0.27249658,-1.1563311,-0.8423477,-0.17646721,0.13730551,0.23327576,-0.44125098,0.2272911,0.87287205,0.18414019
7472,-6.9528885,0.009237834,-1.1587733,-0.5800966,0.24440615,-0.25614196,-0.2556791,-0.17255056,0.01956959,0.55375284,-0.08999938
7473,-5.995635,0.11295878,-1.2454473,-0.42417103,0.22979021,-0.2381172,-0.5296148,-0.1347565,-0.31695107,0.3359217,0.11218522
7474,-3.2438056,-0.06854589,-0.67374367,-0.11118693,-0.12396262,-0.07499081,0.11013211,-0.067145795,-0.15048453,0.23913813,0.241525
7475,-5.271716,-0.1661775,-0.77902395,-0.941456,-0.2444354,0.37226945,-0.017900709,-0.27216962,0.109064974,1.023084,0.33582225
7476,-5.403791,-0.19440974,-1.5302873,-0.7645254,0.109302826,0.09299431,-0.17991558,-0.33504003,0.021373352,0.6325862,0.27528772
7477,-6.2038302,-0.10676989,-0.96264404,-0.6602718,-0.11126927,0.031164942,-0.34205782,-0.18139797,-0.00010057911,0.59888154,0.37072992
7478,-6.4674644,-0.39437777,-1.1311319,-1.0018775,0.49959394,0.32694906,-0.15486522,-0.62688917,0.18032789,0.026438959,0.17509271
7479,-5.8961115,-0.16039291,-1.312716,-0.7490582,0.2482832,0.30352873,-0.1735514,-0.25017425,-0.037618123,-0.11820124,0.5393538
7480,-6.5222397,-0.20136549,-1.2231203,-0.40474162,-0.0010224064,-0.2812305,0.052220345,-0.46776804,-0.030946707,0.5077294,0.29642445
7481,-5.6496,-0.15532787,-1.1805129,-0.8935839,-0.42351106,-0.07113453,0.23083138,-0.44539192,-0.02856007,0.50948316,0.20875184
7482,-5.4178877,-0.117019325,-0.9414733,-0.5064571,-0.15680508,0.11010183,-0.013435758,-0.051507168,0.058520332,0.25922558,0.47753894
7483,-4.661159,-0.10091542,-0.6920872,-0.5334934,-0.19538198,-0.016325457,0.23413512,0.06730977,-0.16058373,0.24403249,0.4462944
7484,-5.304945,-0.037580106,-1.2605842,-0.5434945,-0.07207514,0.11319624,-0.2993087,-0.3852941,-0.010997351,0.32966554,0.11548156
7485,-4.8436346,0.18076473,-1.156197,-0.6915177,-0.0753416,0.048723333,-0.15522309,-0.24881968,0.17596129,0.47505695,0.1490254
7486,-6.0709248,-0.28532305,-1.0270034,-0.98953515,-0.7010604,-0.08306688,0.11136945,-0.43479672,-0.1557102,0.53284436,0.7047545
7487,-5.4301476,-0.19634753,-0.9443519,-0.67570186,-0.4427731,-0.27524078,0.01956914,-0.1759397,0.14153728,0.71577936,0.29385266
7488,-4.8643394,-0.09344346,-1.1834,-0.71047986,-0.2823695,0.047123943,-0.032539535,-0.06307214,0.21950155,0.45234013,0.4358956
7489,-5.8639584,0.03575678,-1.5398307,-0.66045153,-0.18278836,-0.42764574,-0.049754933,-0.20174888,-0.069221586,0.17497131,0.3274028
7490,-4.1770525,-0.13312627,-0.7880144,-0.5149814,-0.03023105,0.16511506,0.0699521,-0.13404141,-0.0029955786,0.16996345,0.15896866
7491,-5.440223,-0.08201706,-1.1452718,-0.7291611,0.04824592,0.021687806,-0.13136421,-0.2150831,0.12319179,0.22384252,0.016281657
7492,-4.99345,-0.1738879,-1.2232945,-0.4935158,0.057883516,0.21630935,0.147485,-0.43993124,-0.1653708,0.22098982,-0.071776725
7493,-7.9383883,-0.10438848,-1.5097091,-1.0416626,-0.5027369,-0.25952637,0.22087231,-0.037994586,-0.32132918,0.8093923,-0.029033598
7494,-5.0085516,-0.3138382,-1.0300465,-0.45582607,-0.10241649,0.13625641,-0.19269998,-0.13913597,-0.1873421,0.18426888,0.29423207
7495,-6.6984067,-0.27548292,-1.328731,-0.7131065,-0.28904158,-0.3094197,-0.27041522,-0.009608891,-0.22364394,1.0264436,0.3388812
7496,-6.0660834,-0.24144365,-1.0767851,-0.42990428,-0.50806874,-0.37266147,0.12116378,-0.11675232,-0.04461632,0.49910086,0.09322062
7497,-6.1630864,-0.18252078,-0.9731463,-0.5928539,0.018892393,0.52011687,-0.17893328,-0.45933956,0.061000355,0.2287492,0.26997334
7498,-5.5878267,-0.2385766,-1.2532314,-0.5968752,-0.006467925,-0.23411089,-0.3058696,-0.2519892,-0.23961125,0.48196676,-0.056449316
7499,-8.241453,0.107703105,-1.3789661,-0.9347859,-0.11862888,-0.0070737908,-0.06961112,-0.14693768,0.040040683,0.11821395,0.56574625
7500,-4.8921127,0.1716319,-1.2548931,-0.5705594,0.21356013,0.113870576,-0.08498273,-0.10283403,0.023007918,0.15834764,0.07054264
7501,-3.8870504,-0.17814356,-0.8013092,-0.21656463,0.3294285,0.21225792,-0.19820487,0.026688343,-0.18412828,0.20378926,-0.01589476
7502,-4.3571954,-0.16954982,-0.97767955,-0.4048677,0.102588184,-0.13157988,-0.13328068,-0.02062554,0.24178343,0.20508257,0.25404888
7503,-6.9610147,-0.24757193,-1.71278,-0.57802105,0.3568143,0.124405235,-0.23653875,0.025068773,0.01782473,0.7089681,0.15703395
7504,-5.01217,-0.29578614,-1.3523985,-0.265449,0.2371945,0.06927154,-0.34780288,-0.102050856,-0.14220667,0.20524758,-0.11318613
7505,-4.9336004,-0.112959206,-0.9142111,-0.6335752,0.23560292,0.33719194,-0.0014876733,-0.30354986,0.067869425,0.04003625,0.20618425
7506,-6.3996944,-0.4090995,-1.1704798,-0.5940977,-0.114582404,-0.21666752,-0.0039733415,0.06857111,-0.18316406,0.46229038,-0.0040847575
7507,-5.3790216,-0.17155571,-1.1501356,-0.53010535,0.21508971,0.16266967,-0.08093691,-0.031159101,0.013270933,0.75951624,0.15767092
7508,-3.9677155,0.052301783,-0.75894356,-0.36352247,-0.16002613,-0.13444357,0.008483695,-0.39071062,-0.27682972,0.4103095,-0.106993325
7509,-8.841612,-0.10303962,-1.6161041,-0.5900622,-0.09980158,0.28451633,0.09705494,-0.96557146,-0.1016603,0.4661924,0.048520613
7510,-7.058246,-0.28668565,-1.5596477,-0.79029524,-0.2828715,-0.036408506,-0.31133437,-0.2351399,-0.0712677,0.74134356,-0.003953879
7511,-6.023558,-0.0612108,-0.8835236,-0.57890296,-0.2718465,-0.07855152,0.070975035,0.24810642,-0.25410563,0.25005296,0.6756241
7512,-4.7618837,-0.068587966,-0.9384697,-0.5959115,-0.3399238,0.30410832,0.07232876,-0.05852732,0.14584643,0.6729383,0.3232468
7513,-5.635665,-0.20766413,-1.0951813,-0.2891123,-0.30324453,-0.0106187835,0.050606754,-0.3811325,0.07297993,0.3269335,0.39273036
7514,-7.5380054,-0.31466895,-1.762071,-0.7252572,0.12632042,-0.39601636,-0.12072108,0.016241629,0.05553653,0.66687876,0.13124676
7515,-5.358745,-0.025292058,-1.067239,-0.4212733,-0.59574777,0.0034289462,-0.02021842,-0.18188982,0.1331934,0.49116373,0.2798059
7516,-5.712926,-0.22907555,-1.8645873,-0.76994956,0.4770279,0.1730013,-0.065162435,-0.07633382,0.069975115,0.35606167,0.59605086
7517,-5.7461853,-0.26323676,-1.2507328,-0.44470605,0.20607233,-0.14796072,-0.4321413,0.013658482,-0.2521319,0.39991885,0.018892769
7518,-4.7180204,0.05024553,-0.745663,-0.37604874,-0.1726537,-0.13365515,-0.0037620384,-0.12136503,0.030245645,0.58111376,0.24095866
7519,-5.179404,-0.028070573,-1.2927277,-0.36466482,0.056945212,-0.041292924,0.1381647,0.12015544,-0.06366482,0.35091934,0.42754984
7520,-5.7440023,-0.11264688,-1.2090355,-0.6054646,0.19299294,0.0904024,-0.3655333,-0.6083724,0.1192407,0.2611142,0.21160568
7521,-5.421847,-0.20882261,-1.0860952,-0.6601779,-0.1574889,-0.16803631,0.056961466,-0.11678181,-0.2161778,0.30111352,0.515898
7522,-6.988254,-0.23797038,-1.2640887,-0.604344,-0.1865769,0.12637097,0.05182505,-0.6906846,0.19604982,0.4764422,0.8238658
7523,-5.747274,-0.33545777,-1.1062379,-0.67941576,-0.05765602,0.06367901,0.09934664,-0.155102,-0.22360289,0.87755966,0.07803076
7524,-4.444124,0.07519324,-0.9127624,-0.5810083,-0.47879905,0.022881795,-0.04098128,-0.26135263,0.02290293,0.4498975,0.24059512
7525,-5.442676,-0.3299113,-1.4939166,-0.7124791,-0.3498525,-0.035861228,0.018254507,-0.08005745,0.2065745,0.49478498,0.1827959
7526,-5.0675187,-0.027638175,-0.9302494,-0.37994438,-0.11484899,-0.09471008,0.2980801,-0.1721677,-0.13912085,0.27036107,0.30070332
7527,-4.641008,0.07010001,-0.7646688,-0.48351133,-0.033260033,0.11017795,-0.05644145,-0.2970699,0.09132519,0.11124561,0.4484334
7528,-6.131636,-0.13236883,-1.5385567,-1.2487975,0.23421395,-0.06559823,-0.32837358,-0.58344585,0.41749012,0.15804552,0.30598184
7529,-5.2585397,-0.1743721,-1.6499053,-0.9230405,0.13264558,-0.17996474,-0.30919108,0.22206268,-0.19712345,0.40997618,0.31266898
7530,-6.467492,0.27062064,-1.0417976,-0.55063844,-0.0488504,-0.4203037,-0.014321924,-0.23602535,-0.18046124,0.22505899,0.43605047
7531,-8.331583,-0.3869954,-1.2770873,-0.61820227,-0.5441783,0.12807292,-0.19361779,-0.2510175,-0.24346654,0.14732803,0.2634235
7532,-5.722299,0.10442275,-1.1643226,-0.75499916,0.001330053,-0.07514953,-0.12955092,-0.36212716,-0.036738254,0.18690833,-0.1354163
7533,-5.8909907,-0.19298379,-0.9977326,-0.4615013,-0.33403587,-0.14959851,0.22621372,-0.14241211,0.018150287,0.66964173,0.49390754
7534,-5.3596616,0.16157022,-1.0496088,-0.57735425,-0.016235676,-0.03613891,0.07129483,-0.22842647,-0.017157594,-0.07492859,0.19533105
7535,-5.7968063,-0.095345296,-0.6815597,-0.66210777,-0.3054695,-0.23544064,-0.12409086,-0.3100602,-0.18608731,0.24242188,0.5572515
7536,-4.702675,-0.22342452,-0.9369484,-0.50305116,-0.15918729,0.11391864,0.16814393,-0.641042,0.118994296,0.3831427,0.50157005
7537,-7.806793,-0.42425302,-1.5782543,-1.198952,0.029744726,0.0592027,-0.28573868,-0.6400485,0.13855354,0.8134936,0.54736036
7538,-5.419633,-0.41162288,-0.90403587,-0.4583209,-0.60025746,0.17406175,-0.15370072,0.038342524,-0.112890884,0.36465976,0.5485922
7539,-4.7687836,0.0043778303,-1.1973652,-0.9549086,-0.17986007,0.08549221,0.010741833,-0.3122025,0.083695464,0.51752585,0.37834278
7540,-4.4729667,-0.19192536,-1.2131584,-0.6873617,0.11346849,0.15608124,-0.25117108,-0.3436024,0.25955212,-0.011644027,0.24033134
7541,-4.38817,-0.15616567,-0.89869964,-0.52240765,0.30006668,0.13673484,-0.19585685,-0.42701074,0.01696722,0.19716646,0.071227275
7542,-7.7645574,-0.45356995,-1.291066,-0.7881111,0.10889153,0.2164337,-0.17488828,-0.36844927,-0.2915574,0.9098648,0.58434683
7543,-6.481839,-0.55777764,-1.4429252,-0.86119676,0.09527734,0.22175996,-0.38369873,-0.39630324,0.29919374,0.5705243,-0.22636375
7544,-5.9760857,-0.20559494,-1.0176611,-0.86527914,-0.0788942,-0.034966595,0.055508062,-0.47571304,-0.077943854,0.25975555,0.39434242
7545,-5.8568945,-0.08207004,-1.2563008,-0.41244173,0.3203104,-0.33413142,0.0233531,0.15919717,-0.037262842,0.058239877,-0.030449226
7546,-5.171961,-0.15366383,-0.7993051,-0.6148293,-0.63511795,-0.0509605,0.3496706,-0.19989179,-0.078344874,0.43674278,0.39486092
7547,-4.7284,0.07444851,-1.0512723,-0.77534425,-0.25551942,0.13075735,-0.1507239,-0.24871454,0.14923908,0.5140603,0.24520324
7548,-6.160884,0.13106458,-0.9634152,-0.7403362,0.049711023,-0.25180656,0.0024715113,-0.2635455,0.007413174,0.17812839,0.2519515
7549,-6.3537407,-0.11961922,-1.3603021,-0.81938255,-0.33463466,0.090790026,-0.17095093,-0.46400812,-0.28976396,0.44021884,0.36642826
7550,-6.2380357,-0.119379595,-1.3943235,-1.0527947,-0.88037777,0.19649464,-0.31775987,-0.39464727,0.26788464,0.55121267,0.6537943
7551,-5.8338685,-0.035738293,-1.5081921,-0.7565966,0.030089,-0.18472284,-0.20605409,-0.25437835,-0.10032343,0.15316708,0.40040562
7552,-5.0083313,-0.20263024,-0.749073,-0.60259014,-0.46799558,0.10427915,0.51536673,-0.28398183,-0.25861084,0.5003162,0.4374616
7553,-5.0387573,0.11961708,-1.0825006,-0.48405695,0.16791652,-0.0675256,-0.3237433,-0.3470659,-0.25477493,0.27746126,0.15786909
7554,-7.7619953,-0.004739373,-1.4871426,-0.7765936,-0.043429196,0.24104907,0.07725345,-0.9429976,-0.09817111,0.5652201,0.21343705
7555,-3.8955574,-0.30220482,-0.74578977,-0.31674185,0.08598122,0.12616676,0.043787915,-0.038484894,0.07955388,0.42345574,0.24924015
7556,-5.905998,-0.009268112,-1.3675538,-0.36343953,0.09565166,0.056147534,-0.06642165,-0.28753662,-0.25413063,0.7721001,0.21155508
7557,-5.8913608,-0.25151742,-1.0631857,-0.7388925,-0.5212675,0.2538612,-0.24093534,-0.6790398,-0.04786998,0.5036447,0.3178975
7558,-5.1482086,-0.057953697,-1.431701,-0.8725418,-0.15727939,-0.0016684048,0.212224,0.052903533,-0.03362014,0.6305043,0.36349195
7559,-5.5807695,0.05617487,-1.2759931,-0.75327665,-0.0071670474,-0.07782073,-0.0002632197,-0.07578126,0.20356779,0.7903156,0.4567993
7560,-6.394534,-0.23457609,-1.5806007,-1.0070928,-0.23149374,0.28279752,-0.06723132,-0.45714068,0.14147653,0.41533127,0.30333123
7561,-4.679569,0.03840791,-0.7546585,-0.26312876,-0.15611783,-0.06716123,0.4007488,-0.0619485,-0.3076042,0.21572264,0.17686142
7562,-4.9267807,-0.21303904,-0.7093177,-0.6724119,-0.45825836,0.057921093,-0.10979217,0.12170993,0.2719537,0.5606545,0.47567022
7563,-4.444064,-0.088308826,-0.6534537,-0.56598955,-0.1307782,-0.060244657,-0.09880022,-0.053312145,0.038624085,0.2647094,0.33710098
7564,-5.120811,-0.14025268,-0.9092004,-0.7039097,-0.47859204,-0.16392726,0.3829346,-0.047312647,0.026857108,0.35255075,0.4704822
7565,-5.563052,-0.007548607,-0.92498463,-0.5858029,-0.30936718,-0.31338495,0.11748412,-0.17118952,-0.3557947,0.49772444,0.3645141
7566,-5.97545,-0.27060807,-1.1523044,-0.6129339,0.08920164,-0.33698875,-0.14680983,-0.11374344,0.14891365,0.45214623,0.61923194
7567,-5.3272557,-0.12157269,-1.1657281,-0.58671397,0.17277263,0.52396333,-0.16162036,-0.54264486,0.2321542,0.35526988,0.11199478
7568,-5.1198564,-0.17006674,-1.1140257,-0.5733283,-0.15150283,0.14757745,0.012186848,-0.35514897,0.22034818,0.5395478,0.18464458
7569,-5.530985,-0.1276793,-0.87429374,-0.5503393,0.043592755,0.16634776,0.04322454,-0.30762517,-0.062458374,0.2889885,0.07584821
7570,-3.8555424,-0.07804285,-0.89536244,-0.3398377,-0.32566363,-0.024422266,0.11773646,-0.09707932,-0.121000275,0.38540497,0.23615113
7571,-5.4772487,-0.29295167,-1.4901289,-1.0071218,-0.03799694,-0.28362894,-0.09420038,-0.14110698,0.063907646,0.45445597,0.26665148
7572,-5.6890635,-0.09591234,-1.1949575,-0.67644036,0.044475153,-0.044931073,-0.09874995,-0.33108306,0.07501432,0.5782993,0.49126163
7573,-4.1545806,-0.08090221,-0.5611316,-0.34819716,-0.39203456,-0.25352114,0.13882074,-0.07458768,-0.3315094,0.25075236,0.25335935
7574,-6.0672264,0.032984175,-0.8306344,-0.2763561,-0.41120216,-0.20871389,0.21686497,-0.41254625,-0.37616912,0.75718176,0.45800477
7575,-7.235395,-0.22123161,-1.528101,-0.7489033,-0.021960579,0.05867258,-0.04157008,-0.49674258,-0.0030354876,0.34114426,0.40288505
7576,-6.5661216,0.030980013,-1.0074346,-0.6771438,-0.26838806,0.15412506,-0.026854668,-0.18898298,-0.08653038,0.90378237,0.43531647
7577,-5.3301587,-0.09415289,-1.1112759,-0.37201878,0.15151183,0.027364824,-0.1707714,0.09818589,-0.12873144,0.78345054,0.06320034
7578,-6.0402274,-0.029506285,-1.0218486,-0.398704,-0.09688325,-0.10990949,0.32797915,0.07825511,-0.3119198,0.018590815,0.49291345
7579,-4.5712385,0.045371108,-0.84047985,-0.4421808,0.07578596,0.10177402,-0.072477646,0.18968649,-0.069388576,0.19695324,0.31724277
7580,-5.7524333,-0.0016417475,-1.2533623,-0.5008784,0.26749066,0.06793782,-0.31022644,0.0044034943,-0.15073174,0.8011055,0.24098057
7581,-5.3828063,-0.25846553,-1.1079695,-0.59081864,0.17525646,-0.080144405,-0.26720178,-0.11799506,-0.13601272,0.3605162,-0.06650945
7582,-4.8015566,0.011120975,-1.2315046,-0.84757674,-0.2821693,0.2032764,-0.06352743,-0.43522793,0.24302246,0.5218224,0.13830581
7583,-5.093177,0.16869187,-0.7525479,-0.7352622,-0.25108734,-0.07982105,0.06717441,-0.14857061,0.036840696,0.3059387,0.39797518
7584,-4.720389,-0.09318731,-0.8169527,-0.26434982,-0.08658675,0.46725148,-0.15090029,-0.27303043,-0.0020276718,0.29346272,0.037724808
7585,-5.9088597,0.13060094,-1.0860853,-0.5782975,-0.292263,-0.20332827,-0.14355037,-0.17790592,-0.14508957,0.39514312,0.3450189
7586,-4.8008795,-0.17490833,-1.0407268,-0.3831457,-0.10026322,-0.18042958,0.100962125,-0.06969439,-0.29678744,0.10458368,0.6591286
7587,-5.2947025,-0.25301573,-1.085116,-0.580486,-0.077907585,0.15567529,0.20408043,0.17675781,-0.07164834,0.7702767,0.41799417
7588,-5.302461,-0.24285631,-1.0547178,-0.4324836,0.06365529,-0.13245787,0.17141853,0.05328179,-0.101323776,0.24491696,0.42675978
7589,-7.0878525,-0.28665546,-0.9605944,-0.6646458,-0.31337103,-0.27251083,0.029622413,-0.44635075,-0.21841612,0.50323784,0.78784615
7590,-6.4876757,-0.4336137,-1.4140612,-0.7250596,-0.17059015,-0.33220512,0.21845354,0.023622397,0.027887613,0.7190156,0.38426214
7591,-7.692191,-0.38558364,-1.569995,-0.7867105,0.26258197,0.719877,-0.091198646,0.042537183,0.18395957,0.61920065,0.5001211
7592,-5.3627386,-0.14799732,-1.2055148,-0.4586959,0.17306799,0.1652956,0.04141386,-0.20254816,0.2294806,0.75474316,0.11406934
7593,-6.241664,-0.13551134,-1.0621698,-0.5945445,-0.1478957,0.21242586,0.04185873,0.18056414,-0.17261878,0.45565987,0.30619544
7594,-3.8857775,-0.16209956,-0.9158262,-0.47432443,0.11131652,0.020726569,-0.1801805,-0.21828736,-0.24004231,0.17923076,0.1626427
7595,-5.365039,-0.26097116,-1.2373303,-0.90603435,0.2710226,-0.2890522,-0.3474008,-0.22573401,0.309094,0.3978714,0.045797754
7596,-5.9975677,0.31406778,-1.4905353,-0.6500558,0.29852438,0.1768269,-0.23098996,-0.26468414,-0.0005904846,0.34529215,0.2786568
7597,-5.3366313,-0.112386815,-1.4354792,-0.3745647,0.25298744,-0.06260834,-0.10485622,0.2021158,-0.027763417,0.3950314,-0.12433072
7598,-7.11163,-0.5176159,-1.3739443,-0.8385829,-0.91887033,-0.19559987,0.22313061,0.10845342,-0.35302633,0.5612246,0.89402115
7599,-5.5246167,-0.25265396,-1.5936466,-1.0197338,-0.2214479,-0.043169796,0.12245574,-0.092064135,-0.07074342,0.31906697,0.421683
7600,-6.1059203,-0.37462172,-0.95593613,-0.4295653,-0.4714118,0.35617876,-0.17226633,-0.56104594,-0.120260045,0.55154365,0.376547
7601,-5.879931,0.051428728,-0.993008,-0.5920484,-0.012411471,0.17630579,-0.12092634,-0.6834827,-0.04178711,0.45519972,0.3317525
7602,-4.244616,-0.07551011,-0.8041009,-0.53515553,-0.28038052,0.10236722,-0.094337605,-0.026174808,0.1477698,0.27055404,0.30429706
7603,-4.7992716,-0.17970864,-0.94610023,-0.8031693,-0.3872724,-0.282892,0.3231691,0.102129094,-0.13000372,0.2946717,0.5866294
7604,-7.1051517,0.10120162,-1.0679868,-0.90063006,-0.21862118,-0.5275381,0.19387257,0.026110813,-0.37063316,0.47924346,-0.24812356
7605,-6.504082,-0.25215265,-1.1805421,-0.7782569,-0.039798643,0.022427235,-0.022171173,-0.28899577,0.061913565,0.6576434,0.116175495
7606,-8.038829,0.20364295,-1.7938129,-0.79568297,-0.29455608,-0.26890528,0.44220966,0.18879585,-0.48254752,0.14627557,0.7990879
7607,-5.1967406,-0.08571367,-0.8107608,-0.35427627,-0.4454533,-0.16429795,0.0024761828,-0.27706856,-0.23341005,0.603631,0.1048295
7608,-6.093646,-0.067094855,-1.2601899,-0.93817085,0.15080494,0.11630538,-0.36758745,-0.40706095,0.33580813,0.31396055,0.14406858
7609,-5.242931,0.015517562,-1.0691885,-0.34401193,-0.017636415,0.041616082,0.09493627,-0.008154299,-0.33644485,0.33843362,0.29585612
7610,-5.6575227,0.019744674,-1.004707,-0.5178959,-0.34693515,-0.3564824,-0.037584674,-0.06413805,-0.43960524,0.25445515,0.18853469
7611,-7.3939476,-0.08942896,-1.7791759,-0.5547732,0.1437878,0.40818226,-0.37786216,-0.46660095,-0.058377914,0.2922174,0.32228604
7612,-6.98593,-0.16250086,-1.3370136,-0.5621568,-0.2694742,0.038741242,0.07218553,0.10067041,-0.42778552,0.77497333,0.5418095
7613,-6.957567,-0.2356326,-1.3080016,-0.6943664,0.04478709,-0.4526093,-0.12203903,0.09500888,-0.2979864,0.48481283,-0.042193912
7614,-5.303664,-0.22981213,-1.0873597,-0.48173526,-0.12449675,-0.03311785,0.18746027,0.09483186,-0.16143839,0.41070417,0.58109415
7615,-5.665091,0.012544771,-1.290116,-0.8006376,0.08353531,0.0014137519,-0.34334302,-0.4741173,0.0819517,0.5425414,0.5982597
7616,-3.976579,0.088220865,-0.8092808,-0.2881312,0.19049905,-0.051877216,0.015719263,0.0049258443,-0.06185939,-0.12599468,0.0675603
7617,-7.013702,0.06429016,-1.2935133,-0.6512348,-0.21321385,-0.1337922,-0.0074442504,-0.37417108,-0.20216493,0.035908997,0.5306884
7618,-5.2636476,-0.08535063,-1.0439874,-0.7075265,0.09242078,0.019202478,-0.12222814,-0.2190823,0.100581914,0.24597292,0.076449625
7619,-5.4794707,-0.016396388,-0.9164984,-0.43044508,0.016025044,-0.103429824,-0.14897272,-0.09482419,-0.06702295,0.59229624,0.35767174
7620,-6.4249425,0.005554025,-1.3838835,-0.40555835,0.26923937,0.15454806,-0.3001449,-0.49133822,-0.19533339,0.17471932,0.41448686
7621,-4.478357,-0.15584633,-0.84857905,-0.32561025,-0.06844432,-0.09167153,-0.09076914,-0.3473217,-0.07239138,0.61501455,0.020934163
7622,-4.6690407,-0.26294953,-0.9155151,-0.5208061,-0.3773784,0.05010679,0.16031832,-0.16932234,-0.30049098,0.36873457,0.21709804
7623,-4.3476562,-0.06410541,-0.99667317,-0.55279917,-0.19503933,-0.1638022,0.285679,0.040855546,-0.071978725,0.47228235,0.25162503
7624,-3.6124573,-0.17279004,-0.6587199,-0.40976584,-0.17031966,-0.18106106,-0.016596753,-0.09340561,-0.0043758657,0.33235124,0.12500843
7625,-6.400575,-0.10570787,-1.1012001,-0.38256598,-0.015994318,0.13795577,0.064677045,-0.27646506,-0.2565196,0.2416843,0.25633016
7626,-4.827384,0.045523357,-0.8546449,-0.5853888,0.060272157,-0.3212511,-0.10051247,-0.096741214,0.097355634,0.43173528,0.11897624
7627,-5.3074894,-0.1198906,-1.1704063,-0.86879575,-0.21435897,0.0010918234,-0.08699292,-0.37609133,0.28260553,0.6860933,0.0049217055
7628,-5.6746683,0.065633714,-1.2942307,-0.8743641,0.23148055,-0.18163866,-0.0404307,-0.17313875,0.15955922,0.214792,0.21825452
7629,-5.1081843,-0.0819612,-1.0101846,-0.6155527,-0.22536887,-0.1050872,0.09549699,0.07935582,-0.24718644,0.34959894,0.37478256
7630,-5.3017597,-0.013096842,-0.7685332,-0.3904752,-0.043261163,-0.15572825,0.092875324,-0.15865302,-0.31024536,0.40604052,0.36738792
7631,-3.558263,-0.048367843,-0.69347143,-0.43861535,-0.019483957,0.07786649,0.08226788,-0.18991888,0.12911622,0.41823244,0.11487148
7632,-5.7793756,-0.06865709,-1.3255374,-0.54507077,0.23922238,-0.06615716,-0.099443264,0.1382996,0.05393056,0.4846478,0.18660857
7633,-5.028419,-0.22263135,-1.1189132,-0.5423519,-0.07562147,-0.23610272,-0.012297793,-0.1593272,0.03844409,0.53317994,0.29210663
7634,-5.7478676,-0.17828043,-1.2966524,-0.5719761,-0.18842623,-0.15548329,0.08540011,0.188195,-0.15501323,0.4827368,0.30651578
7635,-5.730374,-0.11414003,-1.0987908,-0.6222863,-0.017925203,0.091489874,0.2916759,-0.12780371,-0.027714202,0.48483866,0.27547055
7636,-6.138443,-0.33048368,-1.1811633,-0.39469433,-0.39648566,0.034107678,0.25226167,-0.136163,-0.11931494,0.57910115,0.4913378
7637,-6.197972,-0.17449655,-1.246574,-1.0780517,-0.0077810553,-0.19291627,-0.014720689,-0.311907,-0.22454563,0.39491078,-0.017833464
7638,-5.3969703,-0.02713057,-1.2165716,-0.61977386,-0.079303525,-0.19972154,-0.14323042,-0.2244686,-0.1736989,0.17998259,0.24557917
7639,-5.5040674,-0.061881844,-1.0451658,-0.77800035,-0.14858416,-0.024869319,-0.03482812,-0.056232877,0.24509731,0.46441126,0.049878832
7640,-4.851042,-0.16542627,-0.911419,-0.7985486,-0.35200775,-0.23057684,0.047551095,-0.3747163,-0.075622246,0.4853237,0.19837697
7641,-5.4597754,-0.13859181,-1.141949,-0.61393315,0.10760489,-0.19364022,0.32178435,0.24020477,0.051699586,0.6279809,0.26294935
7642,-5.514011,0.05310086,-0.8264637,-0.2454021,0.036534242,-0.07039697,0.07209682,-0.09109198,-0.27830648,0.40859288,0.30037415
7643,-7.0777035,0.1811934,-1.2955343,-0.7749486,0.43978605,-0.13718353,-0.4564642,-0.41228318,-0.036869198,0.59275764,0.12682247
7644,-6.029402,0.122440875,-1.091345,-0.6480682,-0.1536316,0.057703104,-0.17830822,0.0050400086,-0.20497355,0.21763109,0.23261067
7645,-6.251969,-0.08757036,-0.77844363,-0.6106516,-0.36250308,-0.026372612,-0.044430982,-0.28530008,-0.11651066,0.42342463,0.13820156
7646,-6.534524,-0.10777081,-1.1684281,-0.86582494,-0.18233342,0.40857613,0.21702726,-0.105937146,0.16882332,0.5948288,0.5966514
7647,-6.2210574,-0.2505265,-1.4277718,-0.7563038,-0.11960056,-0.15797725,0.16230173,-0.41126862,0.12871487,0.41254714,0.51289105
7648,-5.0985136,-0.27925265,-0.97355926,-0.5863913,-0.24172513,-0.22468139,-0.06553159,-0.15962723,-0.027666142,0.5621194,0.43779528
7649,-6.5581923,0.05399743,-1.4356029,-0.60123444,-0.12630151,0.04034308,-0.28046748,-0.25142753,0.055950455,0.57204753,0.26185656
7650,-5.154036,-0.13945612,-0.7480452,-0.5861312,-0.055385366,-0.040600237,-0.19109794,-0.3789124,-0.12298767,0.20786034,0.2685131
7651,-5.862282,-0.39668053,-1.2608466,-0.4225081,-0.016967196,0.13027231,0.06753825,-0.22712807,-0.058176413,0.56316155,0.06061793
7652,-5.4717665,-0.047051862,-1.387944,-0.64761454,-0.2697004,0.81952554,-0.23371622,-0.4463594,0.024345282,0.57324183,0.48557302
7653,-2.6871717,-0.2536235,-0.5044978,-0.21802409,-0.120874636,-0.0057790745,-0.08643567,-0.0965758,-0.0011104103,0.35055736,0.28866205
7654,-4.197823,-0.28610548,-0.700326,-0.25177196,-0.44516683,-0.13209137,-0.020697787,-0.12795381,-0.25560027,0.27279553,0.29645875
7655,-4.860024,-0.24375479,-0.7682592,-0.663993,0.017271021,-0.06392181,-0.07141517,-0.23039776,-0.08320013,0.19114724,0.08916055
7656,-5.0059953,-0.21469621,-0.93173146,-0.54318583,-0.37524277,0.14854982,-0.15568891,-0.13651347,0.054614656,0.57219243,0.56977355
7657,-5.9457116,-0.19676678,-1.4808371,-0.64018834,0.15688391,0.10969372,-0.29525217,-0.3047363,0.29530284,0.61987746,0.25608557
7658,-5.5225396,-0.26935276,-1.1202978,-0.48365182,0.22933991,0.17517638,0.10080848,-0.015638666,-0.0691225,0.42935914,0.5356307
7659,-6.354082,-0.0801144,-1.8961061,-1.0436763,0.45118317,0.060811874,-0.261165,-0.2359569,0.058262117,0.053990193,0.18546773
7660,-5.009844,0.032505058,-0.8884002,-0.4738691,-0.16146898,-0.16900054,0.1822186,-0.26370752,-0.10127127,0.33266023,0.39295274
7661,-5.8989077,0.0685901,-1.4611379,-0.9600254,-0.40561882,0.29526603,-0.05395674,-0.2945057,0.28471583,0.51911646,0.509556
7662,-5.396334,-0.027082484,-1.2675834,-0.42842913,-0.05171447,0.17437758,0.10808752,-0.27562672,-0.19320138,0.24580413,0.15482482
7663,-6.4087725,-0.3077007,-1.2821574,-0.9366156,-0.4221229,0.0415713,0.49115998,-0.10526017,0.25278357,0.76696604,0.51489985
7664,-5.567932,-0.08289434,-1.143165,-0.47889486,-0.33093265,-0.25991875,-0.15698655,0.0669494,-0.16621941,0.44307038,0.31349444
7665,-5.0584617,-0.13421994,-1.0887883,-0.5266897,0.0026534954,0.12522563,-0.19276623,0.099655636,-0.15888497,0.74613506,0.11741011
7666,-6.6841497,-0.050700307,-1.4759071,-0.31895614,0.46317026,0.1933493,-0.32509032,-0.18097286,-0.11856572,0.0299283,0.10960916
7667,-4.3940253,-0.15503255,-1.0890762,-0.31579092,0.1715633,-0.007838601,-0.21997568,-0.062299594,-0.3054143,0.47021654,0.07826225
7668,-5.297958,-0.171838,-1.5415065,-0.6152039,0.020742657,0.22556674,-0.28217235,-0.27236083,0.1395742,0.13289899,0.18220589
7669,-5.4045434,0.15099312,-1.0287281,-0.343125,0.17533372,-0.06537197,-0.020974454,-0.16171834,-0.019362392,0.18886197,0.109439865
7670,-4.516267,-0.10742524,-0.72385335,-0.54726607,-0.22558253,0.14918067,0.08469921,-0.11711382,-0.26610017,0.2771813,0.2027711
7671,-6.520398,-0.26761127,-1.1577401,-0.6682,0.5320236,-0.12817906,-0.3057102,-0.07307744,-0.13656124,0.49924242,0.23186678
7672,-6.453112,0.18457149,-1.111041,-0.8310167,0.077582106,-0.16736396,-0.0051893676,-0.21305582,-0.0011055395,-0.15509135,0.18246025
7673,-6.0809803,-0.12711844,-0.80240786,-0.56199175,-0.37191728,-0.403108,0.15454534,-0.13531107,-0.24377342,0.3390215,0.56985503
7674,-4.8230424,0.000732569,-0.7375609,-0.5433374,-0.17395124,0.008547283,0.0834035,-0.28108516,-0.11948076,0.32272488,0.53342634
7675,-4.9205117,0.032687753,-1.2206727,-0.4122735,-0.14733638,-0.04947904,-0.18486328,0.18896833,-0.008757321,0.3561637,0.14877139
7676,-5.2810726,-0.32522818,-0.9114272,-0.8429972,-0.79967463,-0.21460764,0.08303516,-0.17503545,0.026680015,0.4714377,0.50721514
7677,-5.9354215,-0.41998622,-1.0456554,-0.62942386,-0.39428142,0.23353004,0.11945408,-0.1610854,-0.25630784,0.48302147,0.43451312
7678,-4.278204,0.03164092,-0.7564651,-0.5524208,-0.16479294,-0.056393504,0.15549496,-0.005063788,0.11471763,0.37797478,0.2600974
7679,-6.5406485,0.03286,-1.329535,-0.71462977,-0.35696173,0.38184285,-0.02113431,0.02543519,-0.062219955,0.6348629,0.3966419
7680,-5.1990495,0.110445134,-1.2700245,-0.92494464,-0.014821302,-0.05805888,-0.010115157,-0.16362882,0.12303877,0.52192575,0.41804183
7681,-5.9888372,-0.27776286,-1.3581696,-0.6635039,-0.5069594,0.37963378,-0.28846318,-0.30403656,-0.046930775,0.3306344,0.6321173
7682,-5.550026,-0.288774,-0.8752884,-0.63772607,-0.2971003,-0.005768965,0.12823746,0.06870915,0.019418797,0.4731961,0.67696106
7683,-6.8824615,0.055000085,-1.2037804,-0.6281552,-0.35812098,0.08257849,-0.40076935,-0.17690127,-0.2181425,0.26168272,0.29218698
7684,-6.156435,0.0352266,-1.4694883,-0.5474739,0.21619183,-0.021814028,0.09771165,-0.23514521,-0.41103727,0.3188349,0.104115516
7685,-5.1105065,-0.05668838,-0.91496783,-0.38695636,0.030933974,0.32909447,0.34565744,0.018443499,0.011255825,0.23923959,0.25984487
7686,-6.0315185,-0.17728777,-1.5380142,-0.8152145,-0.058068335,-0.2956419,-0.102278806,-0.30617335,-0.2102771,0.64466053,-0.12652922
7687,-4.91362,-0.3396633,-1.2360768,-0.5726648,-0.20430145,-0.14131574,-0.21551326,-0.31781614,0.08482529,0.63430804,0.6397768
7688,-5.475169,-0.28543293,-1.1082432,-0.64906865,-0.14705864,0.3383419,-0.20744438,-0.8714891,0.20410234,0.1816132,0.3350304
7689,-6.6225085,0.07920412,-0.9537312,-0.38389006,0.12263444,0.35830683,0.09263609,0.042354077,-0.27254704,0.76668096,0.4362887
7690,-4.467919,-0.022393234,-0.80800533,-0.35683298,0.033524252,-0.048531473,-0.018573567,-0.26381612,-0.14832272,0.26398045,0.12387065
7691,-5.306584,-0.2610216,-1.3106527,-0.7712604,0.2054685,0.13810727,-0.05566547,-0.004060976,0.20893267,0.39068305,0.350889
7692,-5.7247,-0.28883955,-0.81968844,-0.46851555,-0.08758853,-0.20313238,-0.16350867,-0.07996384,-0.2973776,0.06181975,0.36543754
7693,-6.2075343,-0.035740923,-1.461313,-0.56993276,0.4825329,0.08272743,-0.24121024,-0.23867272,0.1136183,0.38331726,0.08892768
7694,-5.2517185,0.021575969,-0.8874901,-0.53214824,-0.089807004,-0.22514479,0.013346864,-0.2533019,-0.15381108,0.13958652,0.32883278
7695,-7.5700655,-0.33567423,-1.2536002,-1.1858788,-0.48706308,0.14262253,0.30584747,-0.036252193,-0.04595243,1.015273,0.5229272
7696,-5.9114356,-0.23953088,-1.4450088,-0.3400808,-0.19707823,0.20258504,-0.002180105,-0.30414852,-0.13145804,0.08874683,0.31203356
7697,-5.5973935,-0.12881152,-1.1144811,-0.6437692,-0.31447762,0.023638273,-0.12067922,-0.38146898,0.17719364,0.842239,0.23911785
7698,-4.4428167,0.12678973,-1.1039112,-0.35268047,-0.006919537,-0.27563107,0.004067323,-0.118166365,-0.08212079,0.24609895,0.12978682
7699,-4.5685863,-0.05306398,-0.8616568,-0.37661874,0.1568686,-0.042372935,-0.20626158,0.12387871,-0.04758416,0.28991443,0.11472088
7700,-7.189142,-0.12999612,-1.4869508,-0.47554785,0.4120384,0.30178422,-0.35446867,-0.109993234,0.08366641,0.51824266,-0.18142451
7701,-5.309069,-0.086744726,-1.175635,-0.5598712,-0.048761073,-0.21325812,-0.12827349,0.0686477,0.11126475,0.3673597,0.3701338
7702,-6.879238,-0.124042705,-1.0821054,-0.509751,0.3463215,0.1927145,-0.0782837,-0.18080626,-0.25542018,0.41530177,0.12920481
7703,-5.364829,-0.15928198,-0.8371537,-0.55247086,-0.46501166,0.095130764,0.05492606,0.09626598,-0.0927434,0.73147,0.41059673
7704,-5.583708,-0.10036349,-1.2027237,-0.5787625,-0.45815533,0.26675695,0.27054766,-0.02917966,0.2681651,0.82148975,0.44534793
7705,-3.414472,0.0122930445,-0.7945608,-0.41803163,0.006569705,-0.077532,-0.10508481,-0.13198419,-0.1503982,0.20741327,0.14282186
7706,-5.3188224,-0.2783238,-0.6942749,-0.58670276,-0.4357947,-0.2023501,0.23729697,0.1470159,-0.20653155,0.6801854,0.13478775
7707,-5.198921,0.011649119,-1.0876111,-0.40295282,0.110575795,-0.05675587,-0.19951217,-0.290085,-0.27447248,0.34308198,0.033394102
7708,-6.492061,-0.19444673,-1.4613078,-0.9763589,0.15953158,-0.15059116,-0.4722264,-0.082304575,-0.030175751,0.4618302,0.008297583
7709,-6.8965554,-0.39228144,-1.6740197,-0.6793271,0.27521244,-0.062065512,-0.16326024,-0.07711057,0.040326137,0.35833207,0.16714118
7710,-5.286094,-0.17825623,-1.0385801,-0.22306482,0.075411804,0.28145367,-0.19605683,-0.023955127,-0.09670048,0.2697295,-0.039496087
7711,-9.422017,-0.09177404,-1.6742607,-0.8508191,-0.45684332,0.11189935,-0.0882904,-0.087414585,0.0013420116,0.44922215,0.58657885
7712,-6.478287,-0.25020948,-1.1215761,-0.4120101,-0.27189848,-0.06628036,0.31109777,-0.108264305,-0.3408261,-0.05528981,0.5602205
7713,-5.5987167,-0.13397391,-0.95723605,-0.48731905,-0.2895743,0.13252594,-0.10412039,-0.43226367,-0.24624209,0.43824512,0.3209665
7714,-5.880969,0.015036963,-1.1455154,-0.21586487,0.08372259,0.27953678,0.26785356,0.27608857,-0.19529617,0.34193757,0.14886811
7715,-5.9671235,0.034494363,-1.1410795,-0.7987692,-0.23685746,0.067197025,-0.06008356,-0.013424907,0.10756021,0.53896856,0.40118882
7716,-4.9372487,-0.0632049,-0.8907747,-0.54503864,-0.041344527,-0.21623425,0.14861612,0.044549078,-0.057559855,0.5947978,0.076894335
7717,-5.92614,-0.11739007,-1.1897558,-0.655451,-0.23504278,-0.030892529,0.275453,-0.09245645,-0.13559271,0.5285135,0.06487847
7718,-4.7664924,-0.06533905,-0.9470803,-0.7894065,-0.32639572,0.017840907,-0.053247117,-0.0128558185,-0.127241,0.5592261,0.6408178
7719,-4.789256,-0.023785431,-1.040332,-0.51843125,-0.11182044,-0.18134956,-0.33672193,0.004890897,-0.2940702,0.22774342,0.0902408
7720,-6.718897,-0.37528378,-0.9840196,-0.9365965,0.15896188,-0.088930555,-0.2085357,-0.43043253,-0.09315202,0.6962567,0.25806433
7721,-7.1598277,-0.16067651,-1.2142863,-0.53805506,-0.14794706,0.16074899,0.32783622,-0.28534618,0.047560543,0.56840026,0.34586772
7722,-5.5661135,-0.17082459,-1.4260374,-0.8979565,0.27546197,-0.09396548,-0.14691009,-0.187152,0.42421848,0.595768,0.14913778
7723,-4.5166783,-0.06008183,-1.137348,-0.25580078,0.19780324,0.008671865,-0.021338928,0.00048615132,0.009311996,0.3878107,0.15961677
7724,-5.7347836,0.011071196,-1.4073987,-0.8816783,0.09226694,-0.19643591,0.014225135,-0.27579546,-0.14662716,0.23035367,0.246741
7725,-5.4726853,0.0153765585,-1.0723059,-0.5125164,-0.10465687,-0.1465363,0.114498764,0.14923242,0.20002957,0.49929875,0.31017548
7726,-4.608629,-0.28977895,-1.1520903,-0.770846,-0.10681749,-0.0025439244,-0.2662424,-0.0066710487,0.14014412,0.3374199,0.36478034
7727,-5.3681207,-0.0627888,-0.8041819,-0.5197492,-0.49704087,-0.45953482,0.21152577,-0.17819653,-0.18687701,0.06104997,0.51676697
7728,-4.8239045,0.040031802,-1.0842068,-0.44906104,0.07372193,0.19551258,-0.004839869,-0.19665797,0.07080763,0.34747988,0.22554319
7729,-4.7074747,-0.11697571,-0.8134105,-0.7112318,-0.11872938,0.11032981,0.08051264,-0.044518664,0.11182333,0.42282906,0.2200663
7730,-5.1780367,-0.45503193,-0.9978002,-0.5331214,0.023078268,-0.39145964,-0.43609837,-0.16010016,-0.24511029,0.26494431,0.3007601
7731,-5.273602,-0.4087938,-1.0024561,-0.648226,0.13875112,-0.06816843,-0.24312477,-0.14708523,0.14472938,0.08633296,0.29603866
7732,-6.1281843,-0.26991558,-1.1842293,-0.6639631,-0.19595082,0.46448648,0.25473136,-0.046625525,-0.0831778,0.30248064,0.6465707
7733,-6.5900173,-0.1872546,-1.1239203,-1.1897665,-0.35081235,-0.004444639,0.4958182,-0.28736514,-0.0405941,0.5778865,0.33681512
7734,-6.1447854,-0.023218714,-1.0361863,-0.42844328,-0.06516784,0.03757926,-0.005332147,-0.17934476,-0.203265,0.5678044,0.26934174
7735,-5.016916,-0.1092264,-0.7957983,-0.3622208,0.1384337,0.1907192,-0.01515006,-0.188786,-0.07724145,0.12584986,0.15283841
7736,-4.669331,-0.053700183,-1.2025445,-0.7713835,-0.115056135,0.30974823,-0.1597564,-0.18988307,0.10785757,0.30691093,0.16826086
7737,-7.2175283,0.13672133,-1.5853273,-0.5764162,-0.060163885,-0.3990072,-0.14022176,-0.18300799,-0.1791831,0.5916868,0.39779603
7738,-4.5958076,-0.17758246,-0.7306368,-0.39790663,0.08869461,0.35203528,0.030242033,-0.2456918,-0.18858589,0.21818283,0.4969694
7739,-7.1127453,-0.130605,-1.4114757,-0.85708237,0.20449412,-0.5114466,-0.09768099,-0.04183039,0.024171274,0.33805192,0.3459518
7740,-6.285727,-0.067129925,-1.5150687,-0.66471547,-0.2545084,0.5262671,-0.08755431,-0.5104575,-0.16444287,0.49320915,0.12633307
7741,-4.3398066,-0.2825774,-0.9017661,-0.7614546,-0.37192774,-0.19472973,0.12963536,-0.1306636,0.042226795,0.5483823,0.23636821
7742,-6.8607554,-0.13637462,-1.3163941,-0.8506076,0.24732289,0.50732183,0.17672099,-0.2130104,0.25658464,0.45309547,0.26360232
7743,-5.841108,-0.09847627,-1.2209533,-0.9519319,0.07450722,-0.09305762,0.01473592,-0.4189848,0.27700225,0.535393,0.02811395
7744,-6.9561625,-0.28716388,-1.3281956,-1.0477304,0.11921439,-0.19415373,-0.18917288,-0.65393555,0.16630274,0.672962,0.41878313
7745,-5.612876,-0.06686199,-1.0216564,-0.45221284,0.08343936,-0.0070632985,-0.34591416,-0.009340383,0.058165,0.27878484,0.04320819
7746,-6.8218255,-0.3320609,-0.96362114,-0.67025715,-0.39850128,-0.38875115,0.21134415,-0.1339711,-0.4380108,0.86833924,-0.023683153
7747,-6.6940155,-0.3073057,-1.3903298,-1.0166361,-0.41067028,0.06770515,0.3815733,-0.1566878,-0.05655004,0.27833766,0.82259357
7748,-6.0300694,-0.07729294,-1.3534578,-0.4273873,-0.113715336,-0.050826926,0.14688441,-0.12454868,-0.28597835,0.33956346,0.5323464
7749,-5.859256,0.12039166,-1.1422329,-0.82656664,0.0033048405,-0.28913045,-0.22451997,-0.24505463,0.12891416,0.5117088,0.07131338
7750,-5.310874,-0.10149118,-1.1202457,-0.9156048,-0.17487323,0.15105845,0.13149816,0.21807571,0.15201607,0.45494115,0.7397371
7751,-6.1132894,-0.059508454,-1.4426485,-0.7074645,0.065009855,0.041337933,-0.021203503,-0.36010432,-0.026906053,0.47335792,0.04581996
7752,-7.642468,-0.17135066,-0.9942059,-0.88220525,-0.2337727,0.0038107405,-0.1081139,-0.6082078,0.06463557,0.54113984,0.69698566
7753,-5.2579155,-0.35260028,-0.907283,-0.58924043,0.28897163,0.06453505,-0.094984055,-0.12422567,-0.110801324,0.050293148,0.29467005
7754,-4.8642807,-0.045858204,-1.0094348,-0.5166857,0.14597254,0.0945215,-0.4285758,-0.25098187,-0.15372552,0.19421323,-0.014459438
7755,-5.608807,-0.060157243,-1.0208712,-0.6140411,0.3965352,0.003450259,-0.42676198,-0.29758263,-0.08099497,0.28719202,0.32031915
7756,-5.7950473,-0.34056765,-0.7872434,-0.38802105,0.07784935,0.11741702,-0.07085018,-0.08285261,-0.06850359,0.5507047,0.16361992
7757,-5.595401,0.07902953,-1.3442172,-1.033748,-0.2606329,-0.0021509184,-0.09684704,-0.5745187,0.40481818,0.539468,0.4816349
7758,-5.6327753,0.1070476,-1.0036993,-0.6234347,-0.34356603,-0.106485814,-0.037818335,-0.120290466,0.019613968,0.55912226,0.28552553
7759,-6.6821475,-0.60753036,-1.0797949,-1.043535,-0.8325041,-0.053697154,0.37824085,-0.26601076,-0.00691209,0.3717109,0.87492037
7760,-7.8424873,-0.43781388,-1.347448,-0.8277097,-0.55784076,0.630678,0.057841014,-0.8763706,0.0027629202,0.21975988,0.6574222
7761,-5.614321,0.070376925,-0.9335245,-0.69204897,-0.1239106,0.14377947,0.049201623,-0.22332725,0.016235424,0.43401268,0.6481268
7762,-3.8667989,-0.29351217,-0.61937225,-0.52818304,-0.32111126,0.039289035,0.07285914,-0.037096262,0.10493172,0.36560208,0.57105154
7763,-5.5859213,-0.12888685,-0.8546684,-0.49867815,-0.1857289,0.074190095,-0.08503588,-0.33749843,-0.07759382,0.57810783,0.62105364
7764,-5.661689,0.023376673,-1.2148104,-0.67215264,-0.2621359,0.2214175,-0.02543009,0.12972088,-0.12003918,0.26338083,0.38306072
7765,-7.3207803,-0.43988737,-1.1056931,-0.76846105,-0.6766452,-0.4196558,0.06201098,0.4416135,-0.28224722,0.62867296,0.602711
7766,-6.4844503,-0.37167177,-1.4283836,-0.9728495,0.22468944,0.22240765,-0.008345955,-0.3438715,0.5752385,0.9101873,0.30904257
7767,-4.5296636,-0.019613847,-0.86600137,-0.32232362,-0.24063297,0.021078005,0.07868499,-0.1805413,-0.26587465,0.3188926,0.2543805
7768,-7.460201,-0.33242157,-1.6997283,-0.7927231,-0.028290993,0.49174333,-0.18055548,-0.38127214,0.030964091,0.19319665,0.6013246
7769,-5.4314985,-0.35853928,-0.86680496,-0.71664166,-0.3412568,-0.19423737,-0.10519045,-0.2869216,0.038737472,0.44443855,0.6479456
7770,-4.7743735,-0.14099775,-0.96755666,-0.7027584,-0.35832995,0.20260257,0.118320785,0.115695745,0.07779226,0.46695763,0.47376627
7771,-4.9902053,-0.2619822,-0.99343705,-0.4395608,-0.44212705,-0.16294266,0.3875447,0.16906022,-0.18542893,0.49522573,0.29774532
7772,-5.2680173,-0.27757114,-1.1415265,-0.67619854,-0.3820425,-0.4583814,0.13175768,-0.1550328,-0.19753765,0.3492775,0.5018786
7773,-6.0450754,-0.057944003,-1.5339763,-0.42177516,0.021001805,0.064951114,-0.04598207,-0.36613154,0.037226066,0.39534047,0.24214523
7774,-5.3516297,0.02972358,-1.0097121,-0.67747194,0.087519124,0.09177104,-0.062221214,-0.13933226,0.18712091,0.47334415,0.31347618
7775,-5.44213,-0.29178518,-1.0294678,-0.6011734,-0.012765704,-0.083374694,0.22065842,0.023503313,-0.0052076336,0.18371469,0.2680952
7776,-5.665069,-0.23381533,-1.3203751,-0.7414721,0.1463001,0.11300398,-0.18722148,-0.05041317,0.33619547,0.5090643,0.18306968
7777,-5.8242373,0.22234699,-1.0442986,-0.41925794,-0.060264975,-0.012517381,-0.12779862,-0.6205058,-0.018905485,0.2753772,0.20428017
7778,-5.861826,0.13714965,-1.284434,-0.3739433,0.21558458,-0.16712902,-0.17998666,0.008406239,-0.026868654,0.38140294,-0.09323516
7779,-4.852877,0.032938693,-1.1607933,-0.44574866,0.018891372,-0.18784261,-0.41204304,-0.13714653,-0.32523268,0.25457418,0.35652328
7780,-5.4561553,-0.117591545,-1.2342777,-0.41310865,-0.36810064,0.19752288,0.24315484,-0.13482545,-0.09126791,0.36266813,0.5091977
7781,-6.734993,-0.06622329,-1.1171974,-0.89906216,-0.32583863,-0.15154816,0.08742561,-0.08795893,-0.2622629,0.433548,0.69083905
7782,-4.326018,-0.16666232,-0.7975927,-0.3687137,-0.036310617,-0.030896612,-0.024620209,-0.16553766,-0.058978915,0.34859926,0.11261241
7783,-5.300515,-0.22927205,-0.92253816,-1.0934169,-0.035579953,-0.24553318,-0.10587754,-0.23349926,0.08788584,0.6592416,0.32347453
7784,-4.995253,0.059788324,-0.7123856,-0.27185053,-0.13881183,-0.23812634,-0.030055556,0.14392762,-0.3901242,0.2514806,0.22254288
7785,-5.584674,-0.07262999,-1.0390542,-0.50741684,0.28537908,0.32307702,-0.4287313,-0.44853792,0.045874316,0.40374255,0.2412615
7786,-7.165393,-0.36015302,-1.3045123,-0.9788574,-0.35137329,-0.27328795,0.13925211,-0.13043454,-0.018081242,0.6926339,0.20052673
7787,-5.415886,-0.001718198,-1.5090958,-0.46489805,0.025674151,0.0209395,-0.15488602,0.15412262,-0.32290593,0.35035908,0.2983818
7788,-4.7820773,-0.08473899,-0.8923865,-0.3372807,0.07569785,0.06121266,0.07484552,0.011431454,-0.06366357,0.19604139,0.34613407
7789,-7.130018,0.13543545,-1.9283907,-0.9133234,0.008091844,0.03540337,-0.060439132,-0.2862604,0.12212637,0.16633694,0.48289576
7790,-6.011519,-0.17545243,-0.77767205,-0.6114715,-0.25683808,0.05075329,-0.003554644,-0.3807739,-0.09990805,0.6172407,0.2641109
7791,-5.2908444,-0.13680278,-1.2180295,-0.8688554,0.43961596,-0.19833463,-0.36878443,-0.20335071,0.19792405,0.22015472,-0.105971016
7792,-4.6256156,-0.21307656,-1.0489306,-0.54771155,-0.30910507,-0.19152571,0.03554733,-0.115699,-0.064715855,0.29298773,0.40864855
7793,-6.0197563,-0.12898193,-1.8952931,-0.7199795,0.42834654,-0.09597496,-0.3421319,-0.14513747,0.055989884,0.34639227,0.33736336
7794,-5.3713665,0.08643907,-0.8605451,-0.5422591,0.031096438,-0.029722173,-0.1278237,-0.36213613,-0.18069449,0.28073105,0.18116961
7795,-5.354487,-0.15089762,-1.1523288,-0.92582184,-0.085103124,-0.015898647,-0.32238668,0.16998638,0.11193838,0.43239748,0.50343204
7796,-6.653248,-0.0009232545,-0.9430131,-0.70451045,-0.39447406,-0.1404986,0.20855555,-0.24829853,-0.11552204,0.70214,0.37765124
7797,-5.184859,-0.101200156,-1.1694533,-0.31817117,-0.28329107,0.17600155,0.10419691,-0.19690253,-0.17356947,0.5168471,0.4122776
7798,-6.1544237,0.018456077,-1.2861522,-0.7695321,0.086713694,0.06692712,0.09765907,-0.01063408,0.06746716,0.55636525,0.3959948
7799,-7.6778903,-0.16480257,-1.9145142,-0.49861193,-0.48561049,0.53215253,0.19452627,0.092019,0.018646805,0.79565954,0.6147339
7800,-6.4499884,0.019272538,-1.2076333,-0.5806955,-0.22798355,0.34977818,0.11129783,-0.005817039,-0.102928996,0.4180144,0.20083688
7801,-7.475789,-0.56752145,-1.3128325,-0.91337365,-0.48886982,0.1895776,0.095908284,-0.2462005,-0.297084,0.34175077,0.6466407
7802,-3.973224,-0.032045443,-0.6633327,-0.22955549,0.0011069467,-0.077218845,-0.05523084,-0.36869144,-0.09601344,-0.02989582,0.3246212
7803,-4.6414175,0.053180963,-0.93807584,-0.57325137,0.07527497,0.09609837,0.3317239,0.12842764,-0.13239333,0.30720168,0.24002935
7804,-6.9172087,0.13481982,-1.3917528,-0.5098575,-0.08078901,-0.37623477,-0.016310353,-0.42095056,-0.19229923,0.24612467,0.38868043
7805,-5.0612426,-0.105225265,-1.0504112,-0.51818275,0.0040530562,0.09519311,0.016086027,0.01567211,0.18292846,0.43017197,0.3323289
7806,-6.32639,-0.23327139,-1.1356504,-0.56977063,-0.02909149,-0.23174304,-0.066984676,0.3667646,-0.4443993,0.3439335,0.2961314
7807,-4.4926057,-0.1350461,-0.7146759,-0.34302488,-0.3474172,0.17652567,0.423472,-0.35182074,-0.09709435,0.64791155,0.1365221
7808,-6.8018365,-0.01876752,-1.5834547,-1.0266696,0.16018988,-0.22050796,-0.22334775,-0.049341105,0.2133559,0.75537634,0.2526738
7809,-6.856783,0.16992313,-1.284258,-0.6262916,-0.2475673,0.40627867,0.27238417,-0.6022591,-0.16604488,0.4144456,0.32513207
7810,-3.6394975,0.05280228,-0.5456238,-0.3273517,-0.46886098,-0.08982721,0.061441436,0.045307487,-0.04313217,0.33952534,0.30117068
7811,-5.6840596,0.046811413,-0.9706607,-0.5000084,0.053353876,-0.26785278,0.013278137,0.008098565,-0.20249829,0.17473401,0.4912566
7812,-5.703473,-0.42514828,-0.76851517,-0.74255395,-0.31497425,0.05650216,0.35069287,-0.09028781,-0.21720044,0.4148605,0.6673959
7813,-5.5604954,0.14656448,-1.473709,-0.42782503,0.20010258,-0.15755717,0.04255315,0.031060273,0.1819043,0.21699439,0.26664227
7814,-5.2205496,-0.14047195,-0.8290526,-0.6938639,-0.08658276,-0.21746197,-0.0608513,-0.21646176,-0.18254916,-0.045193687,0.34017837
7815,-6.676823,-0.15551275,-1.2192421,-1.1036757,0.09235248,0.43311524,-0.27892542,-0.86669225,0.32466364,0.8992919,0.5176346
7816,-5.081769,0.10856421,-1.1288573,-0.76222706,-0.17373034,0.32086408,0.2763183,-0.25312352,0.04881867,0.34194088,0.4611143
7817,-4.835367,0.029064529,-1.0684708,-0.5215593,0.02107573,0.26553476,0.30825457,-0.08730811,-0.15612237,0.40446842,0.13895872
7818,-3.6741328,-0.29614156,-0.63984716,-0.54197824,-0.21950921,0.23162457,0.06975242,-0.15338802,0.29399586,0.49603933,0.18289404
7819,-5.8893385,-0.013917263,-1.3252537,-0.7089878,-0.28810343,0.1212238,0.08704563,-0.376348,-0.031111224,0.42372775,0.57064444
7820,-3.9668195,-0.26672432,-1.119248,-0.58915615,-0.26176625,0.05906986,0.09494986,-0.12959045,0.08562814,0.5687579,0.3633804
7821,-5.2117515,-0.13413778,-0.8403149,-0.26486975,-0.27004647,-0.119969636,0.055648025,-0.41532,-0.4072325,0.7552501,0.15980403
7822,-4.505063,-0.3951366,-1.0160486,-0.50029886,0.12557536,0.37846696,-0.07524986,-0.30480266,-0.06051878,0.10246617,0.08420337
7823,-5.4285645,-0.15869248,-0.8001451,-0.73178715,-0.1255092,0.0023763422,-0.0066521196,-0.12460614,-0.12052983,0.50016886,0.27162197
7824,-4.662747,-0.102972165,-0.48718545,-0.50482255,-0.010262689,-0.26134038,0.029526494,0.042582832,-0.2514914,0.3000594,0.25290665
7825,-5.484136,-0.18408085,-1.4206439,-0.79456425,0.12841403,0.029659955,0.011459812,-0.009411275,0.28600103,0.61906093,0.3513506
7826,-4.545999,-0.0053462386,-1.0632093,-0.41336787,-0.06921439,-0.08838415,-0.04223796,-0.16100565,-0.16661443,0.40683553,0.29085228
7827,-6.979255,-0.12255162,-1.2807292,-0.97236615,0.162594,0.10597141,-0.4642447,-0.3241802,0.16320951,0.5172978,0.1778622
7828,-6.418661,0.3019005,-1.2630332,-0.582594,0.40397882,-0.096396245,-0.12851268,-0.07899548,-0.015020156,-0.010213039,0.1974522
7829,-6.534633,-0.05553675,-1.3081855,-0.7264137,-0.12772152,-0.1984031,-0.027953379,-0.46400926,-0.278943,0.5670886,0.14726683
7830,-6.262615,-0.06614109,-0.7020479,-0.82441586,-0.36991948,-0.34674782,-0.10340473,-0.32393914,-0.17237818,0.3708498,0.34891236
7831,-6.094585,-0.029983234,-1.0062933,-0.9325462,-0.7495827,0.007829542,-0.0044450844,-0.053601876,0.10051083,0.736697,0.5360073
7832,-4.956746,0.07349945,-0.83458203,-0.347188,-0.39691707,0.13495386,-0.06366398,0.09252165,-0.21304955,0.46677777,0.33307034
7833,-5.399925,-0.2071008,-1.1186856,-0.82545257,-0.30327818,-0.05374277,-0.10855546,-0.16126381,0.43411487,0.659339,0.48152807
7834,-5.0425806,-0.08614052,-0.94495296,-0.4716053,-0.029767899,-0.02956535,0.25147846,-0.2386926,0.027864818,0.39742005,0.21472655
7835,-3.988896,0.029440157,-0.75545573,-0.566707,-0.22723329,-0.054375496,-0.1754962,-0.17385788,-0.13031587,0.3710813,0.01971204
7836,-4.5445495,-0.06574463,-0.7756657,-0.4902193,-0.061595194,0.08998119,-0.3187775,-0.14918773,-0.19092672,-0.075974815,0.006283484
7837,-5.703864,-0.26489896,-1.1949052,-0.5818734,-0.20730391,-0.29651678,0.19833697,-0.1261509,-0.38136062,0.5333378,0.38436916
7838,-5.3227544,-0.17683648,-1.0562268,-0.6959987,-0.30575404,0.2691775,0.31932783,-0.4488646,0.30234644,0.6638411,0.56555957
7839,-5.2983694,-0.36909285,-0.9942092,-0.6304413,-0.042214748,-0.065304965,-0.3350416,-0.37499797,-0.3403527,0.3981864,0.19889267
7840,-6.2112684,-0.22281183,-1.2868403,-0.52577657,-0.059933595,0.11366788,-0.36258203,0.12690859,0.06395398,0.5683763,0.06730754
7841,-6.9251094,-0.05315425,-1.6288028,-0.5838873,0.32490328,-0.037086453,-0.539423,-0.19330816,0.17290427,0.54084706,0.016986107
7842,-6.1774926,-0.23184775,-1.1757581,-0.56755805,0.031224994,0.26081818,0.030089825,-0.29815757,0.18528128,0.5811969,0.10622161
7843,-5.682816,-0.50778353,-1.1558255,-0.9945823,0.28047717,0.28698188,-0.16156283,-0.39274943,0.4215154,0.65721977,0.0678853
7844,-5.521315,-0.35894132,-1.613678,-0.45472544,0.09509812,-0.097494,0.13144638,0.13312937,0.04941225,0.54463935,0.3546589
7845,-6.364704,-0.16243793,-0.9388757,-0.68615603,0.053803783,0.48655725,-0.11722145,-0.7205317,0.2402062,0.7897342,0.016354678
7846,-4.669422,-0.15953417,-1.0638939,-0.5185714,-0.1983947,-0.037160736,0.028849691,-0.08701234,0.03390593,0.17203715,0.6063161
7847,-5.474191,-0.194145,-0.8567276,-0.4676477,-0.36644316,-0.16712934,0.28228655,-0.4062476,-0.006561879,0.12634248,0.87261635
7848,-5.225872,-0.04838686,-1.3965597,-0.835079,-0.05166369,-0.2515018,-0.24179126,-0.07050786,0.029463224,0.42279977,0.39583653
7849,-3.9789824,-0.06803054,-0.94249153,-0.64063877,-0.149768,-0.101699375,0.19048657,-0.07622097,0.030690532,0.4302602,0.23523402
7850,-3.985522,-0.18612573,-0.60575217,-0.41708454,-0.13199733,-0.36742848,-0.17910698,0.0065839067,-0.16995631,0.31951123,0.09643283
7851,-5.09961,0.1033922,-0.7680203,-0.60857314,-0.2889931,0.009675118,0.15253176,-0.02958523,-0.33430782,0.51329076,0.36831713
7852,-7.286801,-0.20062287,-1.2134103,-1.0078833,-0.39442563,-0.34309,-0.16205436,-0.26241904,-0.09788006,0.5446437,0.10655032
7853,-4.355989,-0.11732891,-0.9990271,-0.2582119,-0.1506368,0.21656108,-0.17793398,0.14691854,-0.1323656,0.42676333,0.0020679086
7854,-4.042419,-0.10712382,-0.7320998,-0.4391226,-0.32868353,0.09146035,0.3056746,0.054762535,-0.104302585,0.41067648,0.39953732
7855,-5.284723,-0.28811407,-0.93139064,-0.44973186,0.19098338,0.26001275,0.011448119,0.13704318,-0.1487046,0.58239734,0.21529432
7856,-6.2914023,-0.23821338,-1.103309,-0.9901452,-0.45202437,-0.16367905,0.2350707,-0.6224166,-0.16221364,0.66374177,0.44913936
7857,-6.8711724,-0.27357468,-1.2326741,-0.4938768,-0.81623375,0.35808295,-0.09590595,-0.45209652,-0.18287627,0.63788635,0.42886236
7858,-6.2348156,-0.10699018,-1.508212,-0.55978596,0.57735103,0.22815217,-0.26252198,-0.056532823,0.013274925,0.38887605,0.2138156
7859,-5.9151673,-0.14753237,-1.1951599,-0.67192215,-0.25317347,0.24088725,0.052388176,-0.05130341,-0.098820165,0.40225515,0.4177908
7860,-5.740341,-0.035904404,-0.82856447,-0.22892283,-0.021164862,-0.30616885,-0.053374335,-0.12076702,-0.23936899,0.42626008,0.40291306
7861,-5.8908315,-0.36529157,-0.977996,-0.75147194,-0.63214654,0.060402468,0.2804564,-0.48388898,-0.2983849,0.39131337,0.7299893
7862,-7.0457664,-0.04325456,-1.2444631,-0.9870396,-1.0174936,-0.22962704,0.32859546,-0.16379724,0.10611495,0.52490747,0.59875804
7863,-4.4092646,-0.021001667,-0.658885,-0.5687137,-0.10297717,-0.28832448,0.07408888,-0.06326834,-0.0060925838,0.35983574,0.29231235
7864,-4.202889,-0.03412357,-0.6753201,-0.496238,-0.39883795,0.16709657,-0.13755876,-0.12590452,-0.04189624,0.4213972,0.08340212
7865,-4.5451136,-0.016835645,-0.8918776,-0.545602,-0.19546336,0.052292828,-0.006244269,-0.41873327,0.025379976,0.0035258,0.20767914
7866,-5.394295,-0.3065266,-0.8613615,-0.24121389,-0.18250176,0.2050694,-0.14096402,-0.27479076,-0.2912967,0.39570746,0.24207225
7867,-6.8152137,-0.2653592,-1.1192789,-0.85399073,0.27932265,-0.220096,-0.09256591,-0.53312075,0.48517355,0.35188493,0.4126542
7868,-6.844508,0.03134453,-1.1492094,-0.6086123,-0.15706795,-0.5349733,-0.18925841,-0.3644197,-0.069592945,0.047912285,0.28583154
7869,-5.100354,-0.18627189,-1.0071166,-0.68296283,-0.13537864,0.33772385,-0.06763503,-0.5068967,0.04989446,0.5230797,0.35569578
7870,-4.513708,-0.32967144,-0.8452927,-0.38137972,-0.09985999,-0.07247101,-0.22069725,-0.23090193,-0.2059007,0.09703902,0.17415337
7871,-5.758958,-0.3659453,-1.0245249,-0.92586714,-0.35657454,-0.10943411,0.08400052,-0.42289677,0.10172995,0.35301942,0.35971087
7872,-5.122454,-0.40748852,-1.3291882,-0.3443056,0.37695634,0.016275082,-0.1336024,-0.019793728,0.03420446,0.33066174,0.209214
7873,-4.9000616,-0.21319458,-0.7679987,-0.57027525,0.00043352973,-0.0131648,0.13633034,-0.061659575,-0.296206,0.18555321,0.33077705
7874,-5.972012,-0.4382593,-1.1869035,-0.68073535,0.0938546,-0.14327048,-0.1324414,-0.12478412,0.08897744,0.6406912,0.05962825
7875,-7.191728,-0.25627962,-1.3342263,-0.6152156,-0.13696541,-0.20759296,0.010469228,-0.0677293,-0.062133633,0.5335801,0.3121278
7876,-4.307819,0.026048709,-0.8806216,-0.49375623,0.07741903,-0.029038813,-0.19278377,-0.23335008,0.11441735,0.31324914,0.38826624
7877,-4.2329836,-0.1293315,-0.75492626,-0.32962295,-0.37417802,0.051086456,0.2064334,-0.119995765,0.060875073,0.49299094,0.24236234
7878,-4.97586,-0.08220977,-0.8388278,-0.22415303,-0.30912557,0.41731507,-0.037030734,-0.4674979,-0.41239905,0.3086081,0.24360156
7879,-4.7955446,-0.20310521,-0.587016,-0.49966037,-0.16580796,0.14463541,-0.053311795,-0.35544288,-0.018184116,0.5163919,0.077835806
7880,-6.866931,-0.22573003,-1.2561247,-0.7995934,-0.20962821,0.18139005,-0.21846347,-0.29963872,-0.1617433,0.5067955,0.23820734
7881,-4.5073338,-0.21616994,-0.77371126,-0.634201,-0.028360168,0.2259971,0.02518487,-0.18005686,0.018277967,0.5191956,0.28997228
7882,-5.627323,-0.27355003,-0.98411894,-0.6037804,-0.39624137,-0.14926742,-0.06307804,-0.6389259,-0.12988389,0.48033562,0.46327582
7883,-6.9086447,-0.008363173,-1.7835759,-0.677525,0.1492746,0.6968861,-0.0018230546,-0.6057415,0.38089204,0.46920058,0.05412823
7884,-5.4003663,-0.10447422,-1.2634186,-0.41927934,0.11398761,-0.32890278,-0.101131506,-0.011800459,-0.23366007,0.3435607,-0.12631656
7885,-5.266453,-0.23751028,-0.8102439,-0.44118324,-0.33853728,0.078197464,0.3368696,-0.13867985,-0.096310616,0.31361172,0.5844897
7886,-5.977999,0.05416659,-1.295289,-0.8786595,-0.27270302,0.12659043,0.2882452,-0.08339742,-0.007324422,0.35508642,0.644603
7887,-6.7113214,-0.28781223,-1.16641,-0.45950377,-0.061958745,0.037228387,-0.17874752,-0.65326065,-0.033869036,0.029441714,0.6113201
7888,-5.46813,0.013416121,-0.73410964,-0.4564296,-0.035382275,0.19752064,0.031977255,-0.375437,-0.15473996,0.53490746,0.38331297
7889,-4.8845615,0.008205939,-1.0360068,-0.49464506,-0.15621734,-0.10189985,0.08495062,0.026670182,0.14560853,0.3533241,0.2697562
7890,-4.4332514,0.0750407,-0.7821586,-0.36292917,0.20064917,0.07982907,-0.114734285,0.07514577,-0.017524486,0.6288962,0.35897067
7891,-6.1496806,-0.29992342,-1.4225743,-0.6316126,0.26262778,0.34638327,0.13767514,0.23549841,0.32668725,0.49475387,0.4430972
7892,-5.869246,-0.0098054195,-0.65011156,-0.40080747,-0.2491503,0.03417584,0.035915434,0.019850012,-0.072558165,0.3527675,0.5165912
7893,-5.6135983,-0.13838524,-1.256386,-0.748224,0.079140134,-0.013002213,0.046249244,-0.35807002,0.22563879,0.29351822,0.44703582
7894,-7.113016,0.012828503,-1.2924309,-0.28925624,-0.18239781,-0.15906568,-0.15514812,-0.1769533,-0.3283013,0.09698296,0.39733815
7895,-5.2906356,-0.06837689,-0.9996224,-0.7959073,-0.42078176,0.054319095,0.13148436,-0.38104272,-0.17851087,0.31079987,0.39764112
7896,-5.533008,-0.19450143,-1.1161562,-0.9973998,-0.28285015,-0.15146074,0.0076177083,-0.2092242,0.1849051,0.7063584,0.27788776
7897,-4.4343247,-0.095839754,-1.0525963,-0.57332623,-0.2802928,0.023296818,-0.025832258,0.037039906,0.07591135,0.3249942,0.4712911
7898,-5.99406,-0.3988373,-1.074568,-0.84407115,-0.68016917,0.41638243,0.39623204,-0.5770161,-0.11013256,0.4513454,0.82752264
7899,-4.271857,0.091914006,-0.79341155,-0.45962313,-0.104044646,-0.23943792,0.025386747,-0.105817616,-0.0881978,0.20821936,0.32692015
7900,-4.601701,-0.32081285,-1.0944736,-0.8872361,-0.38213077,0.22948141,0.029499624,-0.31922495,0.3317584,0.5171569,0.32023507
7901,-5.1100793,-0.029227965,-0.848495,-0.7743202,-0.23216558,0.023101851,0.15067342,-0.2301936,0.09800926,0.8224691,0.3699614
7902,-6.8941793,-0.12871638,-1.4932545,-0.55735457,-0.5299176,-0.041035667,0.0153439175,-0.2437776,-0.0057750903,0.61639374,0.6380547
7903,-4.358418,0.00977248,-0.6531657,-0.37540054,-0.25063682,-0.23263252,0.20678431,0.060732603,-0.34812576,0.18992758,0.23683634
7904,-7.2688026,0.06649366,-1.268027,-0.6360372,-0.51653636,-0.033187523,0.15112063,-0.3579304,-0.17383306,0.13275383,0.8281097
7905,-6.7673373,-0.1404629,-1.608471,-0.6959395,-0.47267205,0.26024598,-0.06796578,-0.2833971,-0.21132955,0.576567,0.6398086
7906,-5.309509,0.1142381,-1.1013813,-0.75086564,-0.05922191,0.1726374,0.18205845,-0.48531163,-0.09754453,0.11909529,0.38796663
7907,-7.279525,-0.0879292,-1.5389841,-0.09001864,0.7706011,0.13475506,-0.4947106,0.14179945,-0.47531286,0.16379136,-0.0099076005
7908,-6.66902,-0.09097205,-1.2536119,-0.47896263,0.31828323,0.13460901,-0.2350939,0.017286073,-0.018446306,0.39778072,-0.11811536
7909,-5.9990325,-0.23838748,-0.9665089,-0.7496298,-0.19633454,-0.34955686,0.08917994,-0.19032761,0.15396035,0.5985099,0.4925774
7910,-6.0050273,-0.20870848,-0.90926886,-0.55796796,0.019557163,0.30419284,-0.37888947,-0.6448851,-0.095965795,0.17456844,-0.11242049
7911,-5.3643847,-0.3117535,-0.9235238,-0.8708231,-0.6572448,0.021342319,-0.102522574,-0.050911717,0.112177216,0.49642962,0.609559
7912,-6.558606,0.1361564,-1.4235662,-0.1872967,0.6108888,0.0918688,-0.28608072,0.124567606,-0.1919664,0.3176951,0.052752417
7913,-4.8080134,-0.207045,-1.0861616,-0.30991563,0.13220936,0.16665478,-0.056876287,0.27289653,0.034239255,0.47403347,0.14822984
7914,-5.436447,-0.16451716,-0.8214602,-0.6301714,0.18530457,-0.12506658,0.13561945,-0.121255316,-0.17010787,0.19769305,0.34905216
7915,-5.868663,-0.0018049395,-0.8886832,-0.6131203,-0.13195956,-0.0102034565,-0.20570523,-0.4911789,-0.026963191,0.14593624,0.34901372
7916,-6.495035,-0.009271148,-1.2729394,-0.6026232,-0.21056968,-0.076469906,0.093149535,0.05340112,-0.16283736,0.2995525,0.58654153
7917,-3.5346148,-0.08959142,-0.45591322,-0.39231718,-0.34884652,-0.25821114,0.013444034,-0.09591798,-0.06039431,0.48635033,0.12110857
7918,-3.606698,-0.27893412,-0.5385836,-0.32127535,-0.12852992,0.015825592,0.176614,-0.16785783,-0.23447277,0.25669518,0.32986644
7919,-5.4125214,-0.19548446,-0.71746683,-0.38231963,-0.5407948,-0.31549007,0.0030745175,-0.20603204,-0.027268255,0.38168907,0.5008711
7920,-5.4011984,-0.15355293,-1.0211824,-0.53839,0.018516172,0.31797874,0.16490304,-0.035516053,0.096600205,0.2519407,0.5791029
7921,-6.4965444,-0.13532765,-1.0481132,-0.44109607,-0.09422425,-0.454161,-0.26666355,-0.4469672,-0.16934527,0.45223114,0.36537138
7922,-8.121123,0.189349,-1.6399859,-0.7431006,-0.16012318,0.3235271,-0.027433965,-0.30471188,-0.14717773,0.10443471,0.14556709
7923,-6.845396,0.017351555,-1.2534225,-0.8669138,0.1536405,-0.14411978,-0.006652833,-0.026456153,0.28553998,0.20633176,0.6353926
7924,-5.274194,-0.08439222,-0.8057002,-0.3002122,-0.10492719,-0.07245292,0.15726884,-0.22993661,-0.3539215,0.35188887,0.32356215
7925,-6.040504,-0.29392192,-0.5574118,-0.41767552,-0.478311,-0.348612,0.13728799,-0.11169057,-0.3301603,0.15206881,0.5025383
7926,-7.033257,0.090248466,-1.636247,-0.7313405,-0.32609573,0.33793616,-0.02695435,-0.2789443,0.28174812,0.6752571,0.4863069
7927,-5.504657,-0.1659577,-1.2393937,-0.5924149,-0.28476053,-0.02095994,0.010253467,-0.06835572,-0.23384114,0.7109555,0.11432757
7928,-5.9104915,-0.38851276,-1.1009498,-0.11547047,-0.028348679,-0.2491946,0.026104897,-0.18253651,-0.013405697,0.5156697,0.14704765
7929,-5.8825817,-0.07633618,-0.95822495,-0.5264489,-0.31857386,0.021617915,0.061946753,-0.18919462,-0.13275814,0.9337416,0.55827886
7930,-6.1497164,0.14864641,-1.5601534,-0.7360052,-0.04935017,-0.026270345,-0.15809537,-0.31604967,0.031153638,0.32021087,0.11160576
7931,-4.9710183,-0.063345954,-1.1023358,-0.49142462,-0.2006511,0.29242527,-0.09542431,-0.1491464,0.007170398,0.2917521,0.44231868
7932,-4.9915304,-0.30692598,-0.85196376,-0.30030745,-0.17303985,-0.13963675,0.09536719,0.012462157,-0.2638593,0.29846564,0.606301
7933,-7.176571,-0.020336475,-1.1391357,-0.6327056,-0.30006588,-0.012285529,0.27763593,0.20141079,-0.419357,0.47222382,0.3637205
7934,-4.442999,-0.2180843,-1.2066214,-0.21503663,0.09675087,-0.14117579,-0.052784927,0.32355657,-0.08461461,0.61096424,0.12272328
7935,-5.1033564,-0.056120355,-1.0472168,-0.41314757,0.1868948,-0.08194004,-0.09221754,0.13875183,-0.20487785,0.46546838,0.22581026
7936,-6.122984,-0.49272975,-1.2187954,-0.358761,0.5932296,-0.09194447,-0.1259754,-0.23470974,-0.016921105,0.029857412,0.33411875
7937,-7.3117905,-0.10232819,-1.651117,-0.7108686,-0.475168,-0.49110734,0.08179011,0.15734573,0.061671622,0.73336095,0.5043982
7938,-5.7068663,-0.05040244,-1.1760507,-0.2866574,0.024889333,-0.27207118,-0.09284459,-0.0429006,-0.05447541,0.53674036,-0.11247211
7939,-5.705418,-0.53158367,-0.90865785,-0.7705848,-0.35228083,0.20290206,-0.1626217,-0.4320517,0.05049999,0.16187054,0.16393483
7940,-5.645901,-0.09844467,-1.0048978,-0.49492645,-0.25122875,-0.23076758,0.034577623,-0.32213086,-0.07494057,0.50700194,0.43748426
7941,-6.1743264,-0.346344,-1.032798,-0.8791464,-0.47965568,0.2534511,-0.042383783,-0.24777815,0.25142986,0.7546226,0.25135675
7942,-5.864258,0.10070145,-0.9629881,-0.7388317,-0.0400603,0.007795368,-0.07637386,-0.22857288,-0.1344063,0.13589403,0.38026306
7943,-4.8026333,-0.038909923,-0.8128128,-0.35355985,0.1267375,0.027663544,0.04731851,-0.21332866,-0.19155028,0.2678071,-0.042040434
7944,-6.0513234,0.018912923,-0.95537186,-0.90369743,-0.31334352,-0.4756633,-0.22762907,-0.20053425,-0.20097068,0.57829803,0.39268744
7945,-5.972623,-0.14752404,-1.2237521,-0.51561457,-0.11226857,0.3245132,-0.32562265,-0.34384608,0.11415329,0.63027793,0.06916809
7946,-5.3768153,-0.37596276,-1.3401582,-0.6339223,-0.18536195,0.06425415,0.0037058364,-0.2310234,0.1377945,0.30106297,0.32059085
7947,-4.43351,-0.14503753,-1.0985879,-0.50049156,-0.1461646,-0.21803984,0.025469381,0.026782604,-0.040729947,0.89582634,0.23772211
7948,-6.9872365,-0.4988232,-1.3745227,-1.0148046,-0.042188503,-0.17807582,-0.039890558,-0.32263675,0.07853302,0.5805598,0.6129847
7949,-6.006843,-0.18088862,-1.2707299,-0.25112334,-0.17603472,-0.005032001,0.0020859344,0.17905422,-0.13236558,0.30197978,0.4934906
7950,-5.4487667,0.12521496,-0.9711808,-0.7498602,-0.012854958,-0.19781242,-0.18360066,-0.19912523,-0.1744965,0.35035676,0.11822042
7951,-4.9998193,-0.26811695,-0.83549553,-0.6411617,-0.08371553,-0.035815533,-0.05682458,-0.5196481,0.048146024,0.3345893,0.06603484
7952,-4.761086,-0.33473545,-0.8561831,-0.9050482,-0.65658146,0.13050514,0.24724215,-0.27311444,0.04255098,0.38777164,0.7420258
7953,-6.2558885,-0.3361542,-0.9649148,-1.0294992,-0.07708875,-0.30389553,-0.07238302,-0.018779209,0.039625674,0.4320067,0.24790673
7954,-5.231112,-0.2572139,-1.1968511,-0.91693443,-0.27363807,0.35675776,0.16145244,-0.079788454,0.20007873,0.9069708,0.63222045
7955,-6.2476335,0.31075293,-1.574135,-0.50097126,0.35433474,0.061664425,0.0029616216,-0.15685292,0.23349966,0.26297137,0.11300056
7956,-7.0590663,-0.3629224,-1.3288357,-0.5580873,0.4015691,0.040636063,-0.23764312,0.025553372,-0.07410351,0.4834663,0.20707594
7957,-6.1421924,0.16782272,-1.6055182,-0.7385563,0.2729052,-0.10448175,-0.2885359,-0.46066317,-0.09083585,0.37195256,0.27913293
7958,-4.657254,-0.08236498,-0.64659494,-0.5163372,0.25926176,0.16489041,0.07226676,-0.20047627,-0.012139762,0.34337416,0.40773243
7959,-5.452587,-0.036852572,-0.9445593,-0.8886217,-0.042901587,-0.010313557,-0.21629152,-0.20765907,0.09291018,0.20018241,0.30081728
7960,-5.1478267,-0.34987557,-0.8696547,-0.6380274,-0.64247376,0.28681678,0.32212085,-0.2783401,-0.13371308,0.52966213,0.16340622
7961,-4.658375,-0.23920718,-0.9464871,-0.5284236,-0.2391435,0.26342803,0.254393,-0.23472893,-0.03140296,0.25966007,0.380594
7962,-3.771088,0.07036507,-0.9092048,-0.48012716,0.10378753,0.07376957,0.08326313,-0.06667658,-0.031972915,0.11933023,0.26923832
7963,-7.207287,-0.103872,-1.5054228,-0.85758805,-0.22885498,0.1580888,-0.33511564,0.051100656,-0.24780132,0.9492666,0.1884207
7964,-6.759357,-0.17027839,-1.0910325,-0.6128557,0.0070430273,-0.35038114,-0.12738225,0.09203029,-0.3660628,0.65767753,0.24303733
7965,-5.716349,-0.16247061,-1.2012473,-0.7024249,0.2610546,-0.15323892,-0.38830984,0.07260193,-0.104609214,0.4432808,0.19133058
7966,-4.234513,-0.1881518,-0.7971097,-0.3245688,0.07740819,-0.030002534,0.14443526,0.22015487,-0.34501934,0.09854338,0.280658
7967,-5.8481226,-0.13089107,-1.1352125,-0.9870064,-0.0046882,-0.009215249,-0.044843577,0.036284454,-0.0020875558,0.5077343,0.3473539
7968,-7.134537,-0.17599484,-1.0169486,-1.0277511,-0.89336675,-0.43645144,0.115598775,-0.3309389,-0.2956311,0.4536791,0.8271565
7969,-5.623773,-0.053201873,-0.748589,-0.5449332,-0.23586215,-0.12747166,-0.1686887,-0.35689378,-0.36702642,0.38547114,-0.05039759
7970,-6.15172,-0.32728693,-1.3021454,-0.77042776,0.17624289,-0.34721738,-0.17115748,-0.17433237,0.041443042,0.40346578,-0.043936834
7971,-5.921416,0.1728319,-1.1178194,-0.45800295,-0.37216917,-0.077903055,-0.022226479,-0.086351514,-0.015143339,0.38815597,0.09986115
7972,-3.9320621,-0.29497832,-0.8563426,-0.49846053,0.054368407,0.35267133,0.029560272,-0.3494296,0.19185981,0.3058996,0.36521515
7973,-5.0678015,0.25285804,-0.89581466,-0.51297915,0.2233412,0.05994138,-0.03154889,0.03197287,-0.15246305,0.18882442,0.17532298
7974,-6.3765655,-0.32999548,-1.0164591,-0.482333,-0.22928004,0.12344809,-0.27653545,-0.29756436,-0.21816581,0.49865767,0.07958924
7975,-6.364407,-0.1126523,-0.9769338,-0.59901756,-0.27711916,-0.1360252,0.36174026,0.23942064,-0.3500431,0.40740365,0.62119013
7976,-5.3671646,-0.08459032,-1.0287361,-0.49955976,-0.42735958,-0.01995244,-0.08793587,0.02378105,-0.11731057,0.5108116,0.52316445
7977,-6.2885723,-0.17343242,-1.3658193,-0.34389195,0.22431432,-0.08469639,-0.36757755,0.18923762,-0.18536706,0.17239197,0.19742239
7978,-4.6267595,0.029159456,-1.0117221,-0.41580063,-0.2355211,0.27991337,0.018538544,-0.39194375,0.0050243307,0.281031,0.26508316
7979,-6.1654863,-0.20211732,-0.93468314,-0.738289,-0.43207806,-0.28292137,0.11440085,-0.17959651,-0.3182512,0.32198352,0.54799956
7980,-6.983495,-0.43731946,-1.3955779,-0.89749223,-0.01111442,0.048560277,0.14592344,-0.015725791,0.42244926,0.78954166,0.83497447
7981,-6.7847795,0.094486974,-1.156979,-0.5353465,0.2674514,-0.10141156,-0.15703078,0.38742396,0.015573126,0.1651179,0.06730791
7982,-4.7278857,-0.07581919,-1.3582141,-0.6885285,0.027631018,0.030853933,0.0469092,-0.26736513,-0.05268684,0.6817303,0.28641543
7983,-5.7256236,0.123268105,-1.0701503,-0.2887883,0.2630015,-0.27436197,-0.22369207,-0.031362906,-0.022798033,0.14067784,0.17945552
7984,-5.1777573,-0.24917914,-0.8089257,-0.03239541,0.05777036,0.08409059,-0.39063036,-0.07657332,-0.37034294,0.22413234,0.009096961
7985,-4.6688643,-0.035635218,-1.3918415,-0.5667653,0.13022292,0.016990226,-0.25997403,-0.09769822,0.044008665,0.21912289,0.1716321
7986,-7.0485415,-0.43744338,-1.2132677,-1.0077736,-0.5856608,-0.2577446,0.18089871,-0.49972823,-0.08009284,0.5054161,0.36617717
7987,-6.263715,-0.24959491,-0.99851984,-0.754348,-0.0060080965,0.15693949,0.12847257,-0.005918512,0.1732525,0.7932341,0.11404784
7988,-6.7202644,-0.36074108,-1.2485415,-1.3257439,-0.50883484,-0.34407276,0.3496962,0.02652454,-0.05510345,0.27499306,0.23128776
7989,-3.8289602,-0.3520363,-0.6993682,-0.51155806,-0.5484763,0.18559298,0.057209473,-0.26793507,0.07267679,0.5220208,0.6959252
7990,-5.6641407,-0.16182855,-0.9507625,-0.6048316,-0.3022056,0.06640755,-0.22783712,0.17345363,0.15106839,0.7135029,0.10133213
7991,-6.099014,-0.13633385,-1.4412693,-0.31928444,0.282997,0.20815688,0.07117778,-0.06600003,-0.31924024,0.47377205,0.5572361
7992,-7.4107046,-0.06401829,-1.5187902,-0.7638914,-0.36741114,0.130271,-0.10455914,-0.33590052,-0.13419093,0.72150815,0.4842604
7993,-6.2114477,-0.16145925,-1.7228059,-0.8652191,0.49174088,-0.17551078,-0.04654985,0.0501493,0.038060695,0.5231703,-0.05489596
7994,-4.777471,0.023233587,-1.0235916,-0.36185327,-0.12236621,-0.18380757,0.00047193095,0.022052567,-0.16396561,0.22769083,0.3395224
7995,-5.1846876,-0.22329669,-1.1083266,-0.62513924,-0.035514876,-0.46758467,-0.2343249,-0.03186775,-0.07923966,0.49998763,-0.009217153
7996,-4.5072656,0.020402402,-0.8680882,-0.46293053,-0.1695982,0.22732131,0.116416134,-0.16633101,-0.03718189,0.4623982,0.31879854
7997,-5.543105,-0.25851867,-1.0343039,-0.64728886,-0.2714334,-0.051135547,0.111206636,-0.12833117,0.15039508,0.41293815,0.25057292
7998,-4.50477,-0.09457299,-0.8391151,-0.49279475,0.31091815,-0.11859587,-0.14503728,-0.16224055,0.004871955,0.45399785,-0.037261542
7999,-6.9182363,0.073902756,-1.2552785,-0.7206764,0.25799498,0.3303215,0.20691107,-0.045146435,0.050253168,0.19575904,0.1454245
8000,-5.293099,-0.3263415,-0.7979466,-0.5664785,0.08703489,-0.08428771,-0.18819746,-0.21556509,-0.14850917,0.22864185,0.3489288
8001,-5.6820636,0.055203836,-1.0572407,-0.4290929,-0.09009131,0.07869161,0.16738863,-0.065497085,-0.011234317,0.36071938,0.3707802
8002,-7.4611983,-0.16678853,-2.1226945,-1.0512204,-0.108746246,-0.10528878,-0.17690705,-0.23168562,-0.084341094,0.87867814,0.572494
8003,-4.5924745,-0.17419755,-0.80815023,-0.29523805,-0.52141315,-0.101545855,0.22908035,-0.39659983,-0.30096194,0.2684003,0.18407579
8004,-5.3012333,-0.014584445,-1.2850825,-0.40805823,-0.17843431,0.109604,0.094778575,0.118540764,-0.11479096,0.41449437,0.47705945
8005,-5.2200985,-0.14868763,-1.622815,-0.5977224,0.03163326,0.11790772,0.08299911,0.07374979,0.017499253,0.29862073,0.3013576
8006,-6.553537,-0.13319632,-1.1107825,-0.8620379,-0.5345908,0.022233117,0.8293475,-0.058274917,-0.28442198,0.3742631,0.377555
8007,-5.0748534,-0.18565036,-0.6688624,-0.8501715,-0.1866832,-0.31238145,0.118828826,-0.12633093,-0.0674625,0.2685786,0.63368374
8008,-3.8576345,-0.011602663,-0.6671762,-0.34692204,-0.1928765,0.013128237,0.23053658,0.00028210226,-0.06638703,0.20309468,0.3017467
8009,-7.286229,-0.28861657,-0.986675,-0.8335145,0.08724745,-0.106096596,-0.16912097,-0.6101044,0.05045387,0.8894287,0.40460497
8010,-6.5290966,-0.34195128,-1.0875949,-0.88186216,-0.26655024,0.053568427,0.07190104,-0.16537084,-0.16201256,0.3568105,0.74627507
8011,-5.288944,-0.30498663,-1.0254897,-0.66110945,0.03685269,-0.18492211,0.086046465,0.049851343,0.033637073,0.9267555,0.09563465
8012,-4.5397334,-0.100290544,-0.98076624,-0.07820681,0.1496028,0.07863673,0.022415359,-0.05579429,-0.16519657,0.10995744,0.30058488
8013,-5.6346793,-0.27342236,-1.2494208,-0.51534724,0.26198068,-0.15924706,-0.3304895,-0.11402201,-0.040335238,0.6198203,0.170643
8014,-5.8430896,-0.23365904,-1.2322526,-0.4170302,0.23094934,0.31305248,-0.32268655,-0.48042053,0.066328034,0.26676074,0.10428839
8015,-5.5424447,-0.017335534,-1.2875575,-0.8210652,0.17390224,-0.105120935,-0.2697344,-0.2146918,0.19553794,0.14474164,0.25662267
8016,-4.9975853,0.040792927,-0.7298399,-0.36468124,-0.079640396,-0.33831793,0.17227568,-0.14215702,-0.24256836,0.19821797,0.30149695
8017,-7.034156,0.046935093,-1.5521363,-0.85739684,-0.015996458,0.26311558,-0.26810104,-0.2822536,0.19051263,0.57225764,0.7103049
8018,-6.382807,0.07318352,-1.7175394,-0.6623803,0.3170655,0.02066905,-0.00016037282,-0.118570365,-0.17656276,0.54256094,-0.05729855
8019,-4.6429677,-0.19685212,-1.0757409,-0.40957534,-0.29322582,-0.3324861,0.004237882,-0.040766142,-0.28938526,0.35103172,0.22567083
8020,-5.0219984,-0.14274007,-1.0271369,-0.48743573,-0.018693596,0.07955396,-0.09930048,-0.33413,-0.0067600664,0.28686264,0.53902054
8021,-5.5043364,-0.4791987,-0.9881878,-0.7920665,-0.32863706,-0.23811156,-0.051419474,-0.025607748,-0.17176713,0.5873345,0.41521293
8022,-5.7672095,-0.21715377,-1.2191547,-0.77509636,-0.8994219,0.37933093,0.1384738,0.01630938,0.30920112,0.7667282,0.62934494
8023,-6.181703,-0.048577312,-1.387996,-0.7474215,-0.32748598,-0.20404093,0.2791915,-0.064144336,-0.21672527,0.75099206,0.526652
8024,-5.7496953,-0.12754527,-1.1382426,-0.6828103,0.13859299,-0.25422186,-0.21464363,-0.20433015,-0.031907894,0.7723335,0.2156155
8025,-5.0534143,-0.2290534,-0.8412321,-0.77168673,-0.33818775,-0.4132012,0.12691128,-0.24045026,0.10242297,0.211856,0.5326643
8026,-6.6753254,0.1575907,-1.6509951,-0.66346747,0.060226787,-0.3457467,-0.11508002,-0.07160905,-0.08171886,0.14314562,0.19634688
8027,-5.5877533,-0.06217519,-0.780693,-0.45352748,-0.290417,-0.088614546,-0.013034117,-0.12816268,-0.36617824,0.35846195,0.052593235
8028,-5.5953584,0.039474506,-1.0383301,-0.3836311,-0.1687623,0.05828776,0.2015094,0.08045935,-0.13737264,0.3454435,0.0875065
8029,-6.0458493,-0.10079074,-1.1587193,-0.5763707,-0.009648005,0.61045885,-0.085755825,0.09999221,-0.0121607445,0.5248915,0.32718533
8030,-6.811925,-0.42678252,-1.3027487,-1.0501158,-0.5421424,0.20239365,0.0071429564,-0.58767265,0.24222879,0.8423523,0.7210597
8031,-5.6001177,-0.3472046,-0.96283364,-0.53804207,0.108214654,0.180112,-0.16539934,0.2717174,-0.14296935,0.3670638,0.33789548
8032,-6.414519,-0.052953593,-1.5511965,-0.5000211,0.1778992,0.25983447,-0.07862197,-0.12210744,-0.018434817,0.555399,0.083234675
8033,-4.904371,0.026601456,-1.3448035,-0.50698334,0.06266002,0.057826728,-0.049477536,-0.17779656,0.018285267,0.2623618,0.031470407
8034,-4.626498,0.16016012,-0.7633979,-0.099671505,-0.090429656,0.004001138,-0.045242723,-0.00063074473,-0.25863937,0.25259033,0.1346668
8035,-7.4406266,-0.16461192,-1.0780458,-1.2444708,-0.69580406,-0.43711406,0.1201057,0.10334609,-0.20504354,0.5239984,0.7040855
8036,-6.680095,-0.15233533,-1.3794198,-0.779227,-0.208451,0.8335894,-0.30345723,-0.85889953,0.43390316,0.534175,0.23725073
8037,-5.0295644,-0.072596796,-0.6029495,-0.29509166,0.25929576,-0.03718993,0.1899751,0.09522329,-0.12769076,0.39595854,0.14638714
8038,-4.9145865,0.22607593,-1.1717981,-0.75698745,-0.14311875,-0.2137859,-0.14302015,-0.11409969,0.21640666,0.3752455,0.21485071
8039,-3.860721,-0.23268057,-0.9435623,-0.647535,0.23522294,0.15636048,-0.12715133,-0.134785,0.23404378,0.28663135,0.12430434
8040,-6.1312304,-0.13775031,-0.992888,-0.46927693,-0.1423848,0.11996988,0.036630202,-0.09860662,-0.34437177,0.3645471,0.5296067
8041,-4.643187,0.009199331,-1.0235579,-0.48717478,-0.2697795,-0.0509369,-0.20037544,0.040097535,0.018767646,0.27784324,0.33208117
8042,-5.2251077,-0.036286738,-1.2502818,-0.89827514,-0.03416132,0.024481587,-0.043386854,-0.16928738,-0.040161833,1.0284638,0.28185615
8043,-8.307172,-0.41349316,-1.5448564,-0.75409824,0.11644884,0.6274841,-0.42152888,-0.17461373,0.22985332,1.0095845,0.4814332
8044,-6.3821955,-0.38508174,-0.84980667,-0.6689473,-0.5604093,-0.41272396,0.31685328,0.15151238,-0.37599757,0.35351956,0.94407064
8045,-5.415868,-0.13344312,-0.97179806,-0.9033767,-0.12634976,-0.14691094,-0.16767755,-0.10832213,0.029010937,0.42952275,0.54796726
8046,-6.2989736,0.0041234777,-1.0649976,-0.59256095,-0.108476125,0.14421836,-0.22170784,-0.43193868,-0.16242553,0.7432521,0.14213376
8047,-6.48575,-0.35949287,-1.2025807,-0.2574054,-0.17469022,-0.09319244,-0.070547946,-0.26746413,-0.12934524,0.1965796,0.47007567
8048,-4.726879,0.06292811,-0.91755766,-0.504917,-0.052876074,0.0805017,-0.19830231,-0.29633844,0.034514774,0.23847792,-0.010525425
8049,-4.6499333,-0.19635724,-1.1618534,-0.37329617,0.012218779,0.0054862974,-0.32821882,0.05274955,-0.24106063,0.20998864,0.02963198
8050,-6.4697013,-0.152898,-1.0494915,-0.5382852,-0.15656723,0.083837524,-0.046413843,-0.21069866,0.020875815,0.23232777,0.49716398
8051,-5.15601,0.048648033,-0.85620177,-0.41856727,-0.0061130556,-0.2726543,-0.21698345,-0.090517856,-0.14169623,0.24751021,0.014014528
8052,-5.4777627,-0.026949886,-1.5101382,-0.77631587,-0.5115683,-0.4436171,0.06715523,-0.18396465,-0.15294404,0.40506214,0.6622958
8053,-6.5636067,-0.25919548,-1.5336798,-0.5444371,-0.3211867,-0.11520932,0.36806443,0.03708579,-0.14187331,0.6324463,0.49877748
8054,-6.1635637,-0.68232983,-1.6717393,-0.371504,0.13792981,-0.04261475,-0.21853,-0.15439449,-0.16762151,0.8284889,0.35732698
8055,-6.405107,0.056072284,-1.6087865,-0.5183002,0.49905318,0.082826994,-0.18207522,0.1922966,-0.0966687,0.38273636,0.4776209
8056,-4.1379857,-0.20282902,-0.7357102,-0.5558557,-0.32492504,0.009380272,0.041103903,-0.16365649,0.247314,0.27927428,0.6836315
8057,-6.070509,-0.09950507,-1.0532836,-0.52445626,-0.7343901,-0.018677054,0.5414701,-0.37129542,-0.40920705,0.5735429,0.42388752
8058,-5.18312,-0.05251961,-1.0824933,-0.3399618,0.21772403,-0.045206964,-0.09546596,0.048340105,-0.35305306,0.24727063,0.33653602
8059,-4.5028133,-0.046901133,-0.94546694,-0.40188575,-0.0913829,-0.27922732,-0.0036797542,-0.006500086,-0.021468801,0.22914654,0.5582568
8060,-4.5954366,-0.005820493,-1.0606266,-0.64407146,-0.1520352,-0.054909028,-0.06926254,-0.18275109,0.09932311,0.79262877,0.24395505
8061,-5.866588,-0.25947538,-1.3843195,-0.36568475,-0.14837828,0.29543608,0.06919944,0.13325012,-0.11151409,0.43860328,0.47133705
8062,-6.8225756,0.091895774,-1.4193645,-0.8591532,-0.08529623,-0.22822799,-0.04948684,-0.0007812241,0.042491652,0.7890491,0.55672884
8063,-5.0382843,-0.07272099,-0.91962004,-0.5599688,-0.22159275,0.20492253,-0.025733884,-0.22121084,-0.033549756,0.57526207,0.18803154
8064,-6.9527006,-0.2851957,-1.1065443,-0.9006857,-0.10849728,-0.008028027,-0.19965932,-0.81395584,0.14029813,0.33981007,0.074596494
8065,-4.2160687,-0.060173262,-0.9657284,-0.4569339,-0.4487909,-0.08301041,0.2854229,-0.14619139,-0.0014070179,0.57842153,0.24183434
8066,-3.715687,-0.20532547,-0.6758161,-0.30068678,-0.11854894,-0.09215337,0.10828338,0.01224166,-0.0328056,0.3839118,-0.039586022
8067,-5.4090056,-0.08509261,-1.4274405,-0.6154631,0.24138688,0.3725705,-0.39364588,-0.39756072,0.004934647,0.5689585,0.18921944
8068,-5.2140975,-0.19765125,-0.7024757,-0.5587877,-0.53014153,0.16559944,-0.08103475,-0.07515238,0.018116804,0.3304906,0.48927557
8069,-5.807856,-0.19684784,-1.06796,-0.5142194,-0.19937174,0.3637126,0.34447655,-0.10873888,-0.21057619,0.5375805,0.66230816
8070,-5.627199,-0.060037207,-1.3412178,-0.4222099,0.161104,-0.10701351,-0.17087899,-0.06631015,-0.09261757,0.40612185,0.19032523
8071,-4.654262,0.14753543,-0.9694713,-0.3660578,-0.08362133,0.07987096,-0.2306336,-0.1515952,-0.115397274,0.39390454,0.09850802
8072,-5.709482,-0.42679346,-0.9184139,-0.9083115,-0.39161855,-0.32887608,0.26798075,-0.4529967,-0.04004746,0.12718382,0.89484864
8073,-3.3303509,-0.18369009,-0.5887684,-0.4329828,0.21773264,-0.13017032,-0.052123204,-0.048142835,-0.091209576,0.072478205,0.11996102
8074,-5.553077,-0.09967828,-1.5593089,-0.80500704,0.34709382,-0.121262535,-0.16564912,-0.22774361,-0.2684663,0.3671823,0.2361004
8075,-5.6011047,-0.09298916,-1.4802755,-0.37091255,0.350407,-0.17182332,0.02382917,0.02965908,-0.005506739,0.3488915,0.12305378
8076,-4.8252954,0.16896853,-0.5502172,-0.5977893,-0.48009595,-0.30232996,-0.123163305,-0.06850544,-0.21390863,0.46098837,0.11739926
8077,-5.7028484,-0.26087344,-0.9437862,-0.79012364,-0.14067334,0.03870056,0.19921654,-0.14175229,-0.08037827,0.23538698,0.7384806
8078,-5.1945443,0.23014358,-1.0368456,-0.44064653,-0.0015539103,-0.24980204,-0.073203914,0.05917719,-0.27260172,0.34050655,0.22483166
8079,-6.05083,0.07135092,-1.2227223,-0.22781688,0.12049938,-0.0502019,-0.069976725,0.044125192,-0.3140908,0.65812683,0.4343775
8080,-5.2086926,-0.12705095,-1.3073875,-0.3772896,-0.42636132,-0.020157313,0.34233803,0.037229545,-0.3222471,0.403808,0.3252853
8081,-5.8365774,-0.037057776,-0.717238,-0.5644056,-0.17409082,-0.11527705,0.15472299,-0.035719357,-0.16675307,0.26217276,0.54479563
8082,-5.171445,-0.33929783,-1.1593239,-0.75002176,-0.04199073,0.056758806,-0.12386758,-0.1523645,0.21319202,0.36907974,0.29182726
8083,-5.2000103,-0.21135022,-0.92973006,-0.45969263,0.32081005,-0.028147694,0.02497597,-0.44786945,-0.16499914,0.13650429,0.33680305
8084,-6.8063097,0.11810563,-1.497546,-1.0439546,0.3200333,-0.23532864,-0.25004005,-0.31913885,0.30090192,1.0365099,0.34863394
8085,-5.0333676,-0.10438692,-0.85431916,-0.40006554,-0.190985,-0.25673288,-0.03326762,-0.31083333,-0.4132072,0.8814514,0.16947643
8086,-4.708101,-0.061472867,-0.8077728,-0.6084493,-0.3430329,0.26792866,0.01862666,-0.17146114,-0.14888702,0.69766384,0.023175836
8087,-4.486716,-0.089000076,-1.0642542,-0.47367546,0.09441841,0.1484074,0.013676689,-0.15367669,-0.41982216,0.21208234,-0.07329333
8088,-5.933567,-0.08116937,-1.2608281,-0.20410961,-0.088799365,0.16807237,0.3841891,-0.0011881134,-0.43133444,0.2161605,0.4065189
8089,-5.7050347,-0.24436279,-0.6425241,-0.69640785,-0.46177194,-0.013029566,0.19463368,-0.1141745,-0.29532638,0.6223828,0.33947676
8090,-7.141605,-0.29607275,-1.7235843,-0.19621335,-0.32925656,0.2915386,-0.13935012,-0.2570423,-0.24542914,0.48701662,0.3780624
8091,-5.076963,-0.13794951,-0.6956673,-0.61548966,-0.2480345,-0.09887667,0.013777333,-0.4556144,-0.12261291,-0.03711644,0.23179573
8092,-5.7100987,-0.3031748,-1.3582213,-0.9169338,-0.3253434,0.52441615,-0.29510832,-0.1859718,0.2549286,0.9583633,0.38505042
8093,-5.948197,0.10065507,-1.0681341,-0.5105576,0.31679118,-0.014125442,-0.112379804,-0.5648932,-0.29626086,0.4244625,0.16074683
8094,-4.180451,-0.052733876,-1.18466,-0.6384765,-0.062202178,-0.17930168,-0.15966588,-0.20292467,-0.18121155,0.46181288,-0.040148277
8095,-4.8156257,-0.15007274,-0.69562364,-0.7098466,-0.23257175,0.13771331,-0.09405844,-0.48903477,0.072396435,0.6138693,0.16987303
8096,-5.33598,-0.008923694,-1.1740098,-0.35265088,-0.065889105,-0.11392512,-0.14394656,-0.02220011,-0.18633485,0.65061116,0.46938854
8097,-4.7566075,-0.12178397,-0.972905,-0.48262227,0.084935956,-0.17517488,-0.10888131,-0.31551042,0.019472301,0.32540914,0.31387755
8098,-4.7519617,0.07064151,-0.9033193,-0.31870005,-0.04301428,0.16160318,0.14841536,-0.02777304,-0.21735129,0.37926608,0.42225364
8099,-7.2811346,-0.23449983,-1.2985886,-0.68187946,0.19845615,-0.19771935,0.24796554,-0.10968285,-0.08869756,-0.20881607,0.29806602
8100,-5.863975,-0.0014162669,-1.265681,-0.47995993,0.07597357,0.086005636,-0.060685016,0.06876067,-0.15275578,0.39353496,0.29102892
8101,-4.872088,0.093116045,-0.6190638,-0.48911038,-0.46993688,-0.19027095,0.0031613698,-0.28902197,-0.30870306,0.19125274,0.30338448
8102,-5.776757,0.09355773,-1.345467,-0.15817435,0.07090864,-0.015549559,-0.15732124,0.116252504,-0.2331566,0.23471011,0.21139319
8103,-6.4710565,-0.26261556,-1.0796024,-0.72722006,0.2131323,0.25081465,-0.14300236,-0.17996427,-0.10582972,0.19584349,-0.022354424
8104,-5.081296,-0.31780484,-0.728793,-0.71644306,-0.30652604,0.22526293,-0.065629855,-0.24200311,-0.07197035,0.2737422,0.51289684
8105,-6.035472,-0.14820817,-1.3539491,-1.1647118,0.039133545,0.30565858,0.19065595,0.11865842,0.2297469,0.38887843,0.57656103
8106,-4.6374016,-0.1988294,-0.6258166,-0.2700941,-0.04196483,-0.104805805,0.10819976,-0.05533342,-0.025430785,0.38712505,0.58759046
8107,-4.7138567,-0.040832125,-0.6838304,-0.4564979,0.05447902,-0.2975434,-0.26693112,-0.35717085,0.06869908,0.58378226,0.11143487
8108,-5.3258123,-0.049388163,-0.99432963,-0.5931983,0.116695195,-0.3365627,0.06583607,-0.033207275,-0.013181733,0.3082354,0.27750042
8109,-6.5816493,-0.4097921,-1.0782865,-0.8046795,-0.3420348,-0.5847147,-0.2184331,-0.30985627,-0.2258809,0.5364961,0.5964282
8110,-5.920007,-0.26256108,-0.98687166,-0.805424,0.019978626,0.25054476,-0.36696407,-0.35088852,0.18235084,0.6582824,0.13857168
8111,-5.395591,0.014274897,-1.0750359,-0.5585309,-0.18208586,-0.108442634,0.05589726,-0.1321068,0.059935965,0.30854324,0.48912603
8112,-3.5698698,0.006592377,-0.7074767,-0.36441725,-0.024651853,0.057360597,-0.008049252,-0.224587,-0.17824155,0.0911179,0.09825432
8113,-6.875012,-0.0063334713,-1.4539837,-0.70320714,0.18387756,-0.013263922,-0.27163354,0.116928145,-0.11559774,0.7819986,0.3712036
8114,-5.3414817,-0.16347528,-0.9855753,-0.60994524,-0.3741569,-0.41471708,0.051044676,-0.12777945,-0.07187488,0.4861639,0.2994979
8115,-5.595452,-0.17584908,-1.236867,-0.7692011,0.10470804,-0.02873892,-0.27876657,-0.008301718,0.21351591,0.55581737,-0.06643627
8116,-4.846413,-0.3889605,-0.67188394,-0.30790582,-0.0077416054,-0.28234035,-0.019056667,0.36612478,-0.16753207,0.4251473,0.2880039
8117,-6.4313254,-0.3930688,-1.5991309,-0.42930585,-0.14083654,-0.15229732,-0.18969081,-0.22582307,-0.40863618,0.5839354,0.32111317
8118,-4.4604087,-0.11437211,-1.0810596,-0.64820284,-0.3369912,-0.051807795,-0.19078851,-0.17410095,-0.14694063,0.5770133,0.57915604
8119,-4.8795757,-0.10338599,-1.4310387,-0.24666303,0.30630863,-0.08619754,-0.054191247,0.4512308,-0.37558836,0.41164696,0.18635094
8120,-3.848685,-0.09124951,-0.66692334,-0.49987978,-0.4846598,0.12080978,0.28132394,-0.19510777,-0.08636718,0.39798006,0.13750039
8121,-6.8910594,-0.20252782,-0.86127025,-0.3464121,-0.37333244,0.024344448,-0.027362224,-0.07356354,-0.11320265,0.284774,0.37524283
8122,-7.3200064,-0.04592469,-1.40791,-0.71148264,-0.21787632,-0.05894082,0.042725205,-0.47651795,-0.17797114,0.28389582,0.36082754
8123,-6.3916078,-0.40970567,-0.9520484,-1.0090219,-0.2256384,0.17427261,-0.107682735,-0.036667317,0.033758283,0.66866875,0.47318256
8124,-5.695901,0.18028323,-0.9405388,-0.6298194,0.035394136,-0.08461821,0.08366674,-0.053417444,-0.018288458,0.5778912,0.18668899
8125,-4.778707,-0.23151487,-0.8216488,-0.22023354,0.10534549,-0.015199525,-0.19066049,0.12344399,-0.16507882,0.41653275,0.096083485
8126,-4.542618,0.08186783,-0.9895026,-0.52475446,-0.28894085,0.32762372,-0.009847756,-0.65416944,0.074146666,0.35928813,0.040083554
8127,-5.9051166,-0.1374042,-1.0777552,-0.96362853,-0.48741207,0.11837077,0.14234059,-0.11131695,0.21763276,0.45422846,0.597913
8128,-5.411881,-0.36589077,-0.9298064,-0.6148548,-0.36213273,0.18308422,-0.12156067,-0.2622474,0.14020982,0.7597215,0.0964779
8129,-5.777095,-0.2660422,-0.84631157,-0.4491528,0.18211421,-0.1383726,-0.3186368,-0.27372506,-0.24632137,0.26235053,0.2989274
8130,-4.8287272,0.0019511497,-0.98241866,-0.37338454,-0.13893248,0.053518843,-0.22876471,-0.2977784,-0.27486888,0.30124706,0.034757473
8131,-5.3406954,-0.35795027,-1.0175093,-0.62179756,0.34838176,-0.11531185,-0.11645024,-0.34057185,0.41049713,0.50544,0.5479654
8132,-4.1421175,-0.10082349,-1.0770738,-0.6145544,-0.08779019,-0.080139585,0.008876579,-0.12294949,-0.14888151,0.3372727,0.21854632
8133,-5.106696,-0.10927902,-1.0528067,-0.43643975,-0.07731896,0.17480308,0.06329356,-0.42777345,-0.032546714,0.09821787,0.29998803
8134,-6.411736,-0.19810647,-0.9885823,-1.159602,-0.08930826,-0.37165284,-0.13105413,-0.39136076,0.2897186,0.59315306,0.5777401
8135,-6.430146,0.050370213,-1.0138446,-0.6503263,-0.19867797,0.25446296,0.20016883,-0.43075427,0.022006521,0.3663494,0.44979915
8136,-5.329241,-0.090352006,-0.60149854,-0.34168577,-0.35849273,-0.024753932,-0.048949506,-0.030357907,-0.2435854,0.23594104,-0.038531378
8137,-5.021628,0.05102273,-0.9123656,-0.41606018,-0.5584569,0.18797278,0.069131956,-0.3023804,-0.10880878,0.41469994,0.17150952
8138,-6.585344,0.06741038,-0.96057695,-0.4583956,-0.37238127,-0.5899434,-0.16398674,-0.045134045,-0.27007496,0.38048324,0.53963673
8139,-5.9530497,-0.34041578,-1.433526,-0.2717121,0.21573038,0.08877415,-0.09376572,-0.0019652657,-0.09524956,0.6152747,0.09057228
8140,-5.92073,-0.22180542,-0.92527276,-0.7799088,-0.091024935,-0.29476404,-0.09037675,-0.557942,0.2919822,0.2706964,0.47107032
8141,-4.703027,0.14634159,-1.13218,-0.55217373,0.008352053,-0.005373828,-0.05248493,-0.21264592,-0.031970985,0.3214199,0.25932497
8142,-5.5025644,-0.25588587,-0.90688384,-0.49566978,-0.30410054,0.13048264,0.028553054,-0.48447397,-0.18499032,0.5908691,0.2453276
8143,-4.753017,-0.0624015,-0.54175705,-0.45360598,0.014391474,-0.2784863,0.07961525,0.06806633,-0.13612568,0.34758177,0.2683239
8144,-5.505029,-0.12645826,-1.0186462,-0.46269524,0.042524453,0.021078262,0.07861627,-0.160048,-0.15016404,0.09305115,0.25101575
8145,-5.2030516,-0.022291198,-1.0617496,-0.23857506,0.06736773,-0.05918838,-0.121477,-0.40898404,-0.25439006,0.08729926,0.3931968
8146,-4.843847,-0.23225905,-0.9488493,-0.5237194,-0.42371792,0.17232157,0.24811451,-0.1093018,-0.08674758,0.5965716,0.3287341
8147,-3.8177555,0.029518485,-1.0427587,-0.5896706,-0.15415308,0.18924575,0.008579561,-0.1477823,0.16006482,0.38830796,0.2363062
8148,-5.5459332,-0.070586175,-1.0189215,-0.62725294,-0.093678385,-0.02140335,-0.10910475,-0.4346475,-0.13841866,0.14293076,0.31837723
8149,-7.833648,-0.5752889,-1.885034,-1.1325082,-0.75655365,-0.22055969,0.23839477,-0.7795396,-0.102410026,0.31392244,0.60116136
8150,-4.4344673,-0.1249371,-1.0712842,-0.80082417,-0.34503612,0.030780584,-0.01866138,-0.21882953,0.21831888,0.3665822,0.48651886
8151,-4.102516,-0.23153956,-0.8323037,-0.5915715,0.14719169,0.059291996,-0.31037572,-0.16819982,0.036846504,0.21669239,0.112290084
8152,-4.9693894,-0.10712559,-1.0267727,-0.55651814,0.20225446,0.22698006,-0.13616219,-0.39469722,-0.034528926,0.34741545,0.11749698
8153,-7.5622225,-0.33775336,-1.7070743,-0.01754681,0.2484972,0.3789668,-0.04213413,-0.059522912,-0.1302438,0.083789594,-0.033308655
8154,-5.6053123,-0.37706873,-0.812406,-0.49849963,-0.6713165,-0.32294607,0.22814985,-0.13050546,-0.24053462,0.24608895,0.6513905
8155,-5.4003053,-0.21890932,-1.1117206,-0.46500495,0.23684604,0.19894257,-0.1449262,-0.12014017,0.014941179,0.25198767,0.19416963
8156,-8.261791,-0.13800289,-1.8199849,-0.4865774,0.4369263,0.015847856,-0.37517038,-0.26497316,-0.016805938,0.42746013,0.49978527
8157,-5.906133,-0.05099456,-2.0097356,-0.566098,0.24587357,0.15403508,-0.3097601,-0.4031382,-0.119650066,0.34754312,0.22727637
8158,-6.2099457,-0.37544605,-1.2337178,-0.7662823,0.03476393,-0.04438818,-0.15995432,-0.0944629,-0.020438248,0.24465798,0.57686526
8159,-6.510281,-0.0661387,-1.532585,-0.45539603,-0.11114816,0.33001596,0.14716029,-0.37708193,0.04958857,0.7587572,0.40470067
8160,-4.021019,-0.14379698,-1.1035817,-0.18822213,-0.019101026,0.09279043,-0.225328,0.16919623,-0.21562532,0.42150804,0.09805913
8161,-5.763834,-0.07210678,-1.1529725,-0.6859733,-0.20186868,-0.33565485,0.035936788,0.09043295,0.09836651,0.3509975,0.37484646
8162,-6.430947,-0.044086613,-1.211126,-0.7014346,-0.20081124,-0.2579193,0.19628179,0.060064048,-0.35373804,0.32147604,0.57205147
8163,-5.821959,-0.25911543,-1.1279209,-0.93484735,-0.28079128,-0.35614455,-0.032202262,0.033127986,-0.06573256,0.27579436,0.26353124
8164,-6.317573,-0.21829434,-1.278428,-0.5010065,-0.16426398,0.13435781,0.18993804,-0.24067062,0.047212824,0.65997005,0.36173165
8165,-6.89799,-0.14131485,-1.9270765,-0.6397839,0.73511773,0.46371186,-0.19886878,0.18069054,0.20131706,0.4472273,0.0036256993
8166,-4.9969597,-0.24448492,-1.1068516,-0.5688547,0.06855719,-0.2519368,-0.26572523,-0.26738906,-0.19060816,0.58054245,0.14272656
8167,-8.1487875,0.052255414,-1.317402,-0.7541298,-0.15252687,0.50401396,-0.021922406,-0.17017402,-0.01703742,0.5327584,-0.032054167
8168,-5.4097433,-0.31900242,-1.0177103,-0.4310122,0.029068032,0.27606213,-0.47318655,-0.28509712,-0.04205449,0.27522418,-0.026724521
8169,-6.9980035,0.045590565,-1.2392539,-0.48454016,-0.7218949,-0.34325707,0.30450678,0.09425968,-0.18869989,0.433125,0.5623127
8170,-4.993365,0.022232328,-0.8982192,-0.5648528,0.16633292,0.20742442,0.07429695,-0.11131506,-0.15474632,0.29672846,0.27830765
8171,-6.1481667,-0.23248369,-1.1319363,-0.5446733,-0.52466476,-0.2113688,0.27617097,-0.18271112,-0.0945298,0.5163825,0.31669393
8172,-6.037169,-0.4564528,-0.80893135,-0.7167722,-0.11767455,-0.22801787,-0.10726415,-0.4809841,0.013865321,0.8966478,0.17454207
8173,-7.1407948,0.100923136,-1.3315951,-0.76135015,-0.1924103,-0.23369342,-0.2588803,-0.17332265,-0.04848492,0.21049231,0.46208692
8174,-4.5639505,0.0003152974,-0.8744321,-0.5926037,-0.09121267,0.042529278,0.12697382,0.22592187,-0.07136878,0.19125624,0.28197742
8175,-7.073621,-0.062054288,-1.0441563,-0.62597877,0.2827912,-0.015987702,-0.05763962,-0.30621108,0.14434543,0.21234615,0.14822687
8176,-4.446195,0.1790324,-1.0684241,-0.3758021,-0.101955295,0.08093061,-0.098650925,-0.48866874,0.113107815,0.06641801,0.2867415
8177,-6.0191402,0.020950608,-1.198899,-0.6346747,-0.562166,-0.21442184,-0.10977214,-0.56846744,0.09473555,0.20975633,0.7338029
8178,-5.3662133,0.012253882,-0.9476473,-0.7011701,0.08645156,0.08078473,0.05521248,-0.503749,0.14843877,0.6489662,0.48506898
8179,-4.6749063,-0.2591325,-0.7023758,-0.38408872,-0.016060853,0.14834678,-0.1226039,-0.41410023,-0.088773854,0.55437815,0.13737029
8180,-4.2394767,0.06631246,-1.1019845,-0.46629453,0.04078908,-0.23998542,0.099945016,-0.025947297,-0.10453023,0.28738824,0.26766247
8181,-4.684648,-0.11343618,-0.57454926,-0.085501336,0.15844025,0.33738482,-0.32054937,-0.10821924,-0.23047462,0.3709022,-0.077624775
8182,-4.942038,-0.17518257,-0.5493275,-0.27883708,-0.23098634,-0.30385047,0.13676587,-0.038773462,-0.055950105,0.4732097,0.06748394
8183,-6.7624345,-0.43611503,-1.3238586,-0.5364287,-0.16213264,0.0068123997,-0.106641315,-0.22284657,-0.026325935,0.31352574,0.6131773
8184,-7.970002,-0.33066553,-1.233063,-1.452091,-0.1572824,-0.15636565,-0.27133805,-0.727583,0.052575067,0.5065299,0.24594806
8185,-6.032978,-0.1951246,-1.1522082,-0.8605601,0.017179755,0.26408362,-0.15194173,-0.39274827,0.2715816,0.73229396,-0.06095963
8186,-7.344706,-0.22384317,-1.9211067,-1.0011421,0.19095242,0.041643567,-0.3946067,-0.31556216,0.2626912,0.57555586,0.27990508
8187,-6.1522675,-0.06510101,-1.2933304,-0.48705828,0.16656691,0.07789043,-0.20439926,-0.24418941,0.1835744,0.16712102,-0.14263886
8188,-5.058743,-0.16745971,-0.79844695,-0.582002,-0.019152947,-0.4179939,-0.088196136,0.17003341,-0.2359844,0.14966391,-0.032186545
8189,-3.7386074,-0.14668441,-0.7339254,-0.38891,0.056681212,0.0027473932,0.037090212,-0.009072596,-0.27544025,0.13173275,0.041932493
8190,-5.5694284,-0.34695655,-1.3914876,-0.8066501,-0.14802396,0.24470788,-0.32861686,-0.43700317,0.097778894,0.6325919,0.31588697
8191,-5.155246,-0.18653907,-0.85034907,-0.42040542,-0.06427806,0.12398083,0.104803376,-0.3485431,-0.23065394,0.15032995,0.35588855
8192,-5.407555,-0.009865546,-0.924337,-0.49119204,-0.32712278,0.36667377,0.10393124,-0.23605654,0.049977504,0.59189785,0.51945144
8193,-5.3568974,-0.06839704,-1.0347329,-0.7750176,-0.33775747,0.04033327,0.20523788,-0.0064064898,-0.17472638,0.038929462,0.40820658
8194,-5.9109354,0.07100687,-1.5002928,-0.661747,0.33658144,-0.18234788,-0.21353078,-0.0891925,0.005360936,-0.019810367,-0.042357232
8195,-5.5180693,0.13322987,-1.5047232,-0.54741967,-0.40027437,0.05163386,-0.25479355,-0.14147341,-0.20887487,0.59457904,0.096047245
8196,-3.983152,-0.20072289,-0.8810981,-0.099697754,-0.098085746,0.42814958,0.2426278,-0.23201573,-0.21361646,0.5783502,0.30591607
8197,-4.823253,0.12815757,-0.97279173,-0.52232224,0.047727726,-0.17166515,0.08391883,-0.0449882,-0.25950232,0.19036894,0.13994749
8198,-4.260175,-0.24766092,-0.7007064,-0.39438972,-0.5034191,-0.18600711,0.22685038,0.0088377455,-0.23029338,0.34125444,0.47953242
8199,-4.239417,-0.035869464,-0.5792745,-0.44771522,0.008179653,0.067764565,0.084538475,-0.18129672,0.063223846,0.24240474,0.3300361
8200,-4.4625688,0.030808404,-1.1161817,-0.4225721,-0.24036755,0.0036331345,0.10832315,-0.54203165,0.058011323,0.54812664,0.448767
8201,-3.4737167,-0.007716584,-0.9199752,-0.56065255,-0.05256939,0.10470865,0.1750819,-0.04262332,0.15808819,0.24500681,0.3103878
8202,-5.7028327,-0.24081853,-0.9528916,-0.43529105,-0.20347944,-0.024937961,0.012981318,-0.044545636,-0.02024203,0.45168346,0.21240534
8203,-6.21329,-0.18815356,-0.9657135,-0.63628703,-0.23751721,0.38217133,0.096129104,-0.20986733,-0.4009608,0.16767648,0.5406059
8204,-5.5712986,-0.25274533,-1.085035,-0.67770725,0.19207942,-0.4095109,-0.11298572,0.15672295,-0.3641463,0.14341515,-0.043633457
8205,-4.136893,-0.045281205,-0.9505753,-0.32893217,-0.04004649,-0.09538208,-0.12370094,-0.028156059,-0.11199838,0.30357823,0.24680552
8206,-5.830258,0.07980032,-0.98389256,-0.6046801,-0.094556466,-0.24285369,-0.0092857415,0.0032583834,-0.052529305,0.43854523,0.25321975
8207,-4.809941,0.093328096,-1.0139496,-0.63287413,0.004249109,-0.2305233,-0.11014352,-0.06819496,-0.21161778,0.44821322,0.23121686
8208,-5.7686844,-0.066055275,-1.0093386,-0.27668563,-0.06243378,0.16872343,-0.03310652,-0.3488416,0.15595303,0.4130225,0.24913406
8209,-5.828727,0.12952067,-1.2044853,-0.51816803,-0.08133819,-0.11735435,0.18207555,-0.20280543,-0.08427715,0.08590676,0.5041316
8210,-6.0851088,-0.045028787,-1.1238639,-0.5239991,-0.34706014,0.19368415,0.2220881,0.043912396,-0.2772846,0.41249081,0.38326594
8211,-5.283387,-0.27577677,-0.97594005,-0.60710764,0.08299262,0.12795839,0.26226446,-0.24491215,-0.3029196,0.434939,0.38478017
8212,-6.380783,0.052991882,-1.3320925,-1.0871849,-0.20975152,-0.19055311,-0.0960559,0.04117865,0.14331642,0.62787986,0.27779534
8213,-7.607046,-0.23651774,-1.7046657,-0.36162522,0.09036779,0.19606042,-0.13415965,-0.4266599,0.093630664,0.6542879,0.21940571
8214,-4.50714,-0.09017386,-1.0409591,-0.29884982,0.26767045,-0.12591478,-0.033083525,0.068012774,-0.08533727,0.35114923,0.07064047
8215,-5.221921,-0.15972029,-1.4870198,-0.5356315,0.28838822,0.027091347,-0.22539943,0.122953944,0.22562763,0.65084714,0.1526061
8216,-5.5398345,-0.38800892,-0.74580485,-0.7060568,-0.31478977,-0.08687749,0.05819553,-0.027110228,-0.20612538,0.40831533,0.36070034
8217,-5.130282,-0.010239244,-0.92653674,-0.72422284,-0.43851694,-0.020148963,-0.044279587,-0.38234654,-0.09100522,0.50709987,0.3334127
8218,-5.3013577,-0.077043355,-0.95529467,-0.4603875,0.119374804,-0.19902487,0.18863933,-0.008575745,0.11782686,0.36120394,0.3137589
8219,-4.782579,-0.30178356,-0.7448304,-0.6233505,-0.56623644,0.13927697,-0.00022258703,-0.22993964,0.054379903,0.46135986,0.41354242
8220,-4.7142477,-0.24616672,-0.96998775,-0.86056894,-0.59005266,0.13611516,0.16126493,-0.2329946,0.051441908,0.6103212,0.61904
8221,-6.5258827,-0.5294548,-1.0135043,-0.90654594,-0.2846258,0.6500601,0.20176797,-0.18936643,0.117739566,0.92000306,0.71428674
8222,-5.0842104,-0.17101963,-0.94165266,-0.52009386,0.2572476,-0.03252785,-0.23900677,-0.08533215,0.020076692,0.5431059,0.05385254
8223,-5.5091867,-0.2002477,-1.1556133,-0.74659216,-0.6012776,0.09120284,0.18918031,0.0406121,0.00521235,0.9668216,0.69141275
8224,-4.2990117,0.05923743,-0.88414365,-0.24607202,0.060895417,-0.093400456,-0.036096953,-0.12702484,0.03238956,0.2598107,0.3394806
8225,-5.0116296,-0.12981738,-0.8464233,-0.6238449,-0.5712859,-0.215021,-0.16309112,-0.42286023,0.0046991864,0.39358476,0.1905576
8226,-6.2182717,-0.22406171,-1.2861431,-0.44351217,0.33789942,-0.073695734,-0.16499802,0.2990652,-0.30158404,0.68445414,0.2715155
8227,-7.0611134,-0.51875776,-1.4746945,-0.68938947,0.3497478,-0.19144332,-0.35186645,-0.39218068,0.4423689,0.39963743,0.77723414
8228,-4.453061,-0.068408124,-0.89529955,-0.689851,-0.14848435,-0.14171046,-0.21086498,-0.27369475,0.11575966,0.28127787,0.28434375
8229,-5.377891,-0.15655512,-0.9637447,-0.35767323,-0.21740375,-0.027466185,0.16480845,0.2974756,-0.095482245,0.41543576,0.43899253
8230,-4.863855,-0.055083763,-1.0946479,-0.6194986,-0.5524481,0.08601377,0.06479499,-0.3352468,-0.021882357,0.24101672,0.67497134
8231,-8.807911,-0.35091224,-1.5259423,-0.90484333,-0.42861202,-0.18294217,0.15227708,-0.48730487,-0.25548536,0.76231724,0.31864128
8232,-5.1670494,-0.021607433,-1.183807,-0.1766585,-0.08520119,-0.0043221684,0.22264269,-0.14280881,-0.24352615,0.23624794,0.41224164
8233,-5.7794166,0.05306195,-1.2568916,-0.56610936,-0.49814492,-0.3518383,0.30616942,-0.28827408,-0.21492141,0.5537727,0.40469337
8234,-6.890416,-0.19115557,-1.6941242,-0.79574966,0.0949153,-0.02460185,-0.2593803,-0.2472044,0.15866232,0.55032593,0.07993649
8235,-5.26728,-0.085202664,-0.91806805,-0.33259833,-0.33665243,-0.11339326,-0.056538686,-0.12313489,0.14297639,0.506837,0.34858945
8236,-5.5650725,-0.2823049,-0.77525187,-0.22645457,-0.25572866,-0.090896465,0.3036867,-0.103692144,-0.32820815,0.42213592,0.53901684
8237,-4.8317513,-0.10259873,-0.61480194,-0.6226621,-0.08192616,0.18271826,-0.27648628,-0.48446465,-0.13414836,0.25942707,0.032650862
8238,-5.987375,-0.077760264,-1.2227483,-0.2563003,0.14179799,0.36547792,0.05389113,-0.40619504,0.106332675,0.15909724,-0.08745362
8239,-4.1577387,-0.20478408,-0.79748625,-0.72145134,-0.33867374,0.3046736,0.06304156,0.032848798,0.1284135,0.49844253,0.37797573
8240,-6.5481105,-0.16706714,-1.3442926,-0.47848922,-0.3645987,0.15374233,0.08829723,-0.42582446,0.42550105,0.6558823,0.52529985
8241,-5.803954,-0.038192462,-0.8124311,-0.6184571,-0.37934172,-0.3398723,0.31025067,0.06679641,-0.06671516,0.5467189,0.4219545
8242,-5.314806,-0.021875601,-1.1028258,-0.66821545,-0.009227473,-0.21298744,-0.23643991,0.037665814,-0.027804011,0.5658837,0.2737925
8243,-4.7611322,0.11176417,-1.0508035,-0.6561747,0.05930012,-0.348239,0.04259032,-0.0014438452,0.05025734,0.33389306,0.25235593
8244,-3.903165,-0.36579567,-1.0786247,-0.16119932,0.1716335,0.1336503,-0.10269199,-0.09485842,-0.04526423,0.22557418,0.34994864
8245,-5.1510253,-0.13902663,-1.7927492,-0.57369626,0.28065106,0.26184356,-0.14212075,-0.17666519,-0.2366079,0.40664282,0.10289208
8246,-4.952937,-0.21297619,-0.926363,-0.85604566,-0.42951655,-0.19832051,-0.023181386,-0.20218185,0.09181562,0.284527,0.50549614
8247,-5.562952,-0.14712746,-0.98962563,-0.89260167,-0.62949497,-0.087101676,0.37243357,0.19292605,-0.093056835,0.54303646,0.45415816
8248,-6.9464912,-0.21860033,-1.1960171,-0.93174326,0.10176682,-0.41512507,-0.103121065,0.047892675,-0.21761249,0.46983594,0.5404789
8249,-6.652103,-0.117800996,-1.1140101,-1.1219956,0.039722376,0.2539018,0.17230837,-0.80083776,0.17198344,0.32172185,0.60596216
8250,-6.288482,0.017231066,-0.88024515,-0.39946827,-0.55486435,-0.24482714,0.14464621,-0.30634722,-0.1468219,0.41589254,0.8357337
8251,-5.62492,-0.2999311,-0.8708814,-0.62363064,0.00085002696,0.18674739,-0.32676506,-0.18258303,0.067005396,0.33029774,0.28684783
8252,-5.4148955,-0.006658607,-0.999016,-0.71898526,-0.040601898,-0.15603419,-0.44374186,0.31819415,0.19597997,0.41910034,0.09917831
8253,-5.5531435,-0.37236702,-1.0246277,-0.72057515,0.04292214,0.3491531,-0.21868505,-0.091343865,0.1604062,0.41954696,0.43024763
8254,-5.707625,-0.4747685,-1.2224287,-0.81059974,-0.2725514,0.37875432,-0.10720818,-0.030142574,-0.0636275,0.56325656,0.65205497
8255,-7.097703,0.1748923,-1.4747709,-0.29905912,0.33387095,-0.10197757,-0.2613575,0.0418626,-0.34081993,0.05343292,0.116063096
8256,-5.63171,-0.14556994,-0.99844426,-0.57324225,0.015173016,0.11778719,0.10847612,-0.05449816,0.43075588,0.84402263,0.1834123
8257,-7.3882136,-0.020238861,-1.331919,-0.639253,0.32529995,0.065931335,-0.2536548,-0.43385345,-0.1298286,0.38726643,0.1734416
8258,-4.6493864,0.086350664,-0.74593276,-0.56489235,-0.232586,-0.071769066,-0.12389574,-0.2760973,-0.1494654,0.20135568,0.22645433
8259,-7.6895304,0.07241906,-1.6839211,-0.6680609,-0.14253417,0.115188934,0.24750146,-0.19538884,-0.39605704,0.05083105,0.94033873
8260,-5.127067,-0.049110908,-1.0697063,-0.38449165,0.0050243237,0.085540794,-0.08077163,0.08376721,-0.090302646,0.33699405,0.20814714
8261,-3.6932948,-0.13206843,-0.6321217,-0.4586872,-0.1765984,-0.22934406,-0.04259107,-0.3172061,-0.092966676,0.3043985,0.16995592
8262,-5.2948437,0.064790145,-0.9823931,-0.44952458,0.19954666,-0.23463327,-0.109970644,0.24621707,-0.18597469,0.52088475,0.2441282
8263,-3.9662602,0.034318484,-0.9203288,-0.1477346,-0.053008545,-0.13654703,-0.065048344,-0.07581153,-0.31956902,0.21460156,0.10601214
8264,-4.9504356,-0.1838095,-0.87210345,-0.45960104,-0.4102903,0.20125532,0.011907463,-0.038039975,-0.08736602,0.46877775,0.25094151
8265,-5.045702,-0.07040095,-0.781417,-0.54565555,0.18601573,-0.2551691,-0.2632899,-0.09679261,-0.2544164,0.3153488,0.04199973
8266,-5.1414256,-0.13145317,-1.3511497,-0.46696022,0.42776078,-0.15641756,-0.3252464,0.046804972,-0.16477993,0.17979668,0.07964452
8267,-6.9045053,-0.0155587485,-1.2710568,-0.5525418,-0.14200896,0.011140327,0.0041294093,-0.05749912,-0.24643643,0.6090593,0.4755249
8268,-5.476984,-0.27115613,-0.97180855,-0.77785057,-0.34097826,-0.04409307,0.1581206,-0.20885141,0.08520148,0.4671196,0.7195923
8269,-4.7195725,-0.020896442,-0.91802317,-0.36393046,-0.019270742,-0.020769112,0.3075617,-0.12249195,-0.12045477,0.20838283,0.41462594
8270,-5.2960906,-0.22146843,-1.2787861,-0.64582413,0.02638837,0.092746936,0.09999346,-0.04414677,0.2802523,0.7344691,0.2155103
8271,-5.52635,-0.4022725,-1.0937618,-0.6884022,-0.06471112,-0.19453269,0.14169444,-0.12573645,-0.023373073,0.10267186,0.49109647
8272,-5.303324,-0.024247639,-1.2527868,-0.84422296,0.12130599,0.11459269,-0.29028073,0.0015818914,-0.045054875,0.25533223,-0.04737401
8273,-5.435863,-0.4824804,-1.2183875,-0.905664,-0.3172345,0.20559666,-0.10018712,-0.24784929,0.5517176,0.6894688,0.7139005
8274,-6.4035397,0.08216433,-1.0737529,-0.65598863,-0.09674866,0.33612585,0.12422928,-0.20363106,0.13095352,0.61057425,0.15402037
8275,-5.8327146,-0.31881818,-1.165754,-0.54082954,-0.49312842,-0.11843917,0.2652385,-0.16425914,-0.11548579,0.42484447,0.4150302
8276,-5.0319014,0.01321841,-1.131029,-0.4127294,0.26324722,0.02256106,-0.058848314,0.38025445,-0.1904824,0.34880844,0.36813426
8277,-6.1832047,0.13688566,-1.4166816,-0.8054514,-0.03667678,0.007888412,-0.5826291,-0.66591513,0.02124596,0.08978606,0.20185493
8278,-5.585105,-0.28661507,-1.089038,-0.11840911,0.010503107,-0.098449536,-0.32504496,0.10030278,-0.34908283,0.43915302,0.28898373
8279,-6.525188,-0.05295761,-1.3851792,-0.7717266,0.42077103,0.61533797,-0.328778,-0.25970852,0.20640238,0.42738003,0.107317425
8280,-5.0579305,-0.12370904,-0.95656615,-0.39916587,0.1539287,-0.09447762,-0.11842998,-0.16942331,-0.028203571,0.4414351,0.32176498
8281,-5.8305097,-0.09383802,-1.5418482,-0.44539312,0.19341783,0.024049224,-0.1679467,-0.03610435,-0.14704716,0.29821074,-0.112771325
8282,-4.8864408,-0.23234974,-1.5029846,-0.40698865,0.29575777,0.35104692,-0.15497778,-0.24463588,0.044228297,0.24955536,0.12647179
8283,-5.8113647,0.058793202,-1.2652203,-0.13306239,0.041532833,0.09520581,0.12891796,0.18649969,0.0061900886,0.49365997,0.10715144
8284,-5.796736,-0.2272973,-0.961103,-1.0497723,-0.6171759,0.34691286,0.17144422,-0.29352066,-0.07549695,0.45036146,0.5858803
8285,-4.9538183,-0.17202629,-0.7232836,-0.5634256,-0.3899463,-0.14042881,-0.09762558,-0.18139768,-0.1775514,0.24217743,0.24473985
8286,-6.346458,-0.17380841,-1.2971666,-0.5143847,-0.6651112,-0.10313061,0.23950888,-0.15143546,-0.32276693,0.2779808,0.61503357
8287,-5.793965,-0.1074142,-1.0625056,-0.7705004,-0.5103144,-0.3618911,0.25068387,-0.18325904,-0.287648,0.4976594,0.3376758
8288,-6.0144897,-0.07090318,-1.4719276,-0.9728883,-0.097859055,0.40072364,0.047791086,-0.014439426,0.25307685,0.9764295,0.38759
8289,-5.666256,-0.23745988,-1.0726508,-0.5030193,0.050938312,-0.24295993,-0.28084397,-0.28402442,0.21179041,0.7353802,0.17925115
8290,-4.8081446,-0.20119391,-1.0788496,-0.6813634,0.1239201,-0.17664154,-0.077151276,-0.46381232,0.3617147,0.44812918,0.1415469
8291,-5.515259,-0.71617186,-1.0443527,-0.51715666,-0.47486705,-0.20413609,-0.24483,-0.06720591,-0.4174904,0.7826792,0.49103722
8292,-4.5503445,-0.38303453,-1.2438712,-0.39815253,0.019912517,0.14478107,0.042688098,0.15388578,-0.036565512,0.4518228,0.38509426
8293,-7.042822,0.0072675836,-1.7675278,-0.72982955,0.69007385,-0.20919174,-0.5784989,0.11141519,-0.06992614,0.015701959,0.45346838
8294,-5.5742364,-0.16531321,-0.6653266,-0.59029126,-0.23258865,-0.3433026,0.11612505,-0.07297859,-0.33669466,0.1383744,0.5609502
8295,-4.473207,-0.04513401,-0.8176575,-0.5539019,-0.13395011,-0.15366028,0.038411777,0.0866257,-0.35512602,0.2738077,0.3726618
8296,-4.820202,-0.005002223,-0.9987257,-0.38841525,-0.20843762,-0.07466056,0.16045088,0.05985059,-0.06278577,0.5931731,0.08666748
8297,-4.76366,0.31938452,-1.0679066,-0.49212998,0.0847661,-0.23471932,-0.25107044,-0.3267119,-0.18828379,0.16381277,0.25556302
8298,-4.1419973,0.15504079,-0.9015597,-0.4949208,-0.026908683,0.07606936,0.097293615,-0.121917926,-0.13566984,0.16528508,0.3120249
8299,-4.75625,-0.18201566,-0.93822056,-0.69866437,-0.035945535,-0.11688043,-0.0592452,-0.1905163,0.058041878,0.670537,0.41774493
8300,-6.132353,-0.01596259,-1.4445267,-0.5652515,-0.47301355,-0.14490134,0.08440289,0.15742196,-0.14959677,0.486149,0.286888
8301,-4.928452,-0.0759571,-0.9534186,-0.6010891,-0.028336482,-0.34081316,-0.011266296,-0.02979161,-0.2031494,0.4299688,0.13655715
8302,-4.979058,0.1462333,-0.94798917,-0.64967054,-0.033397727,-0.12171489,0.05563115,-0.016030012,-0.004992932,0.29178876,0.2015451
8303,-5.724566,-0.03145849,-1.3746674,-0.9432846,0.2848317,0.15606315,-0.11540314,-0.2609028,0.06465259,-0.08520074,0.07787934
8304,-4.9130974,-0.22257873,-1.0635767,-0.46749762,0.10895158,0.07481479,-0.0368307,-0.23629308,-0.019924095,0.13635395,0.29958338
8305,-4.325352,0.017032146,-0.7124321,-0.67197853,-0.1405418,-0.20039657,-0.14107077,-0.22829421,0.08409565,0.23628177,0.32652465
8306,-5.593774,-0.17641093,-0.998439,-0.5827798,0.117990606,0.0961666,-0.20212479,-0.17669345,0.0034211352,0.6331585,0.1273336
8307,-5.071561,-0.21944274,-0.9646359,-0.9507135,-0.22322336,0.006086914,0.028892726,-0.24027875,0.16923846,0.78064215,0.17043446
8308,-7.075534,-0.1993152,-1.549772,-0.12630688,0.30717397,-0.40673846,-0.40970063,0.26173073,-0.15524043,0.08715351,0.23583387
8309,-6.1160026,-0.1666294,-1.0000205,-0.9574371,-0.39515427,0.2508943,0.024485108,-0.1798909,0.21085948,0.6429438,0.79055303
8310,-6.7815633,-0.02952436,-1.6312361,-0.6120223,0.38343328,0.04890247,-0.43266478,-0.12182244,0.12559263,0.5086211,0.029806707
8311,-7.4807014,-0.46103203,-1.2701987,-1.0045453,0.007119519,-0.09364187,0.012330601,-0.1600333,-0.27833518,0.18540968,0.40085426
8312,-6.4435043,-0.4130191,-1.7492868,-0.86330867,-0.2807573,0.15015265,-0.09776039,-0.5537623,0.11000842,0.73750216,-0.052735634
8313,-5.213198,-0.2205244,-1.0711892,-0.8373022,0.054325502,0.009733122,-0.18704756,-0.5700519,-0.001410542,0.5101136,0.374733
8314,-5.764011,-0.23427007,-1.1453104,-0.6365009,-0.4852534,-0.13173757,0.070579804,-0.36161458,-0.26238784,0.43161827,0.49547774
8315,-7.211793,-0.15207,-1.36446,-0.77139723,0.2423402,0.013577962,-0.3262079,-0.4239326,0.020401226,0.66696244,0.15028173
8316,-5.8552194,-0.39239258,-1.2577935,-0.816366,0.13357654,0.1995142,-0.22123776,-0.3810845,0.18243608,0.5329212,0.6195969
8317,-5.1501584,-0.32888687,-0.92757416,-0.6791903,-0.30029202,-0.16099668,0.059836898,-0.40589675,0.039624408,0.44240734,0.24529679
8318,-5.5862083,-0.33635908,-0.8448322,-0.5750239,-0.54638803,-0.114953674,0.019828405,-0.30372548,-0.42092794,0.8127258,0.21658489
8319,-4.932282,0.09257462,-1.0474889,-0.6194677,0.12187924,0.24107054,-0.037477598,-0.1162977,-0.10340582,-0.02359762,0.15079813
8320,-5.6086583,-0.008546625,-1.1255662,-0.47789612,0.14760453,0.34167767,-0.08056647,0.062291153,0.099532925,0.39468175,0.0355
8321,-5.357489,0.04812769,-1.2687277,-0.8440989,0.0797572,0.066851616,-0.080912374,-0.271324,0.19820684,0.5394676,0.4939041
8322,-5.062724,-0.19076777,-1.4121519,-0.4495742,-0.25542897,-0.012844572,-0.04040123,-0.07310845,-0.18343948,0.44570807,0.48798633
8323,-5.3703403,-0.05752484,-1.1031239,-0.67126065,0.07387825,0.2671951,-0.35559657,-0.22348097,0.17040633,0.15239848,0.20983188
8324,-9.243255,0.12708317,-1.7774191,-0.8401723,0.2803766,-0.16337624,-0.2574062,-0.06830232,-0.23812564,0.44929114,0.5386727
8325,-5.368782,-0.027808852,-1.3605909,-0.7952331,-0.29180488,0.45704108,0.013505715,-0.43930244,-0.08783906,0.16589744,0.2172314
8326,-5.84927,-0.37532803,-1.2960743,-0.8619536,-0.090087496,-0.27827483,-0.05440759,-0.2851924,-0.18928336,0.47515988,-0.2509546
8327,-5.3572164,0.12424575,-1.0979044,-0.40742078,-0.009006849,-0.18343212,0.16024305,-0.11507573,-0.05690597,0.20242503,0.3371413
8328,-6.33596,-0.25980163,-1.1546856,-0.47318754,0.34582216,0.056734238,-0.31309462,0.035721347,-0.10652053,0.62322897,0.0976137
8329,-4.1573806,-0.15452026,-0.8454147,-0.43714464,-0.5754553,-0.13073258,0.2296272,-0.012003977,-0.037048884,0.4638805,0.21188317
8330,-5.4294724,-0.26222223,-1.477077,-0.6253547,-0.09875046,0.14411569,-0.11050096,-0.45293552,0.008954683,0.5467365,0.12318386
8331,-5.9788165,-0.17537603,-1.5429542,-0.5067407,0.52421993,0.16015635,-0.6161726,-0.028041886,-0.099538505,0.19167341,-0.20675345
8332,-6.7686696,-0.11096851,-1.449147,-0.44944435,-0.059838593,-0.09576516,-0.25290033,-0.054331712,-0.20923686,0.20505707,0.33171615
8333,-5.359674,0.12859596,-1.0600442,-0.4233835,0.2265457,-0.2508158,-0.0121903075,0.2587123,-0.055315845,0.13004322,0.16811363
8334,-4.969763,0.04454383,-0.8715236,-0.24880052,-0.055593677,-0.49626434,0.11320611,-0.19781445,-0.2164882,-0.22208495,0.41670153
8335,-4.523061,-0.08465328,-1.0047886,-0.43866077,0.08756517,-0.11097783,0.045588955,-0.076641016,-0.21856153,0.08327074,0.21671578
8336,-7.5103035,-0.08798294,-1.2256472,-0.7916707,-0.67450625,0.44187808,-0.14381823,-0.8439399,-0.22999075,0.3272448,0.5626562
8337,-7.326565,-0.64701253,-1.2945989,-1.1762501,-0.4038695,0.021043178,-0.11397473,-0.415802,0.15668239,1.0939265,0.28260377
8338,-4.949469,-0.06446127,-1.0419052,-0.5232568,0.06295505,-0.092889056,-0.0035106922,-0.3565686,-0.062875435,0.5930047,0.15425591
8339,-7.0997586,-0.42014775,-1.2744584,-1.2665043,-0.47127196,0.19019394,0.13931207,-0.3603447,0.43508992,0.70288116,0.4931605
8340,-4.483629,-0.062021066,-0.80362904,-0.6420948,-0.12331996,-0.055127278,-0.13435456,-0.13636294,-0.09568829,0.55498356,0.16653243
8341,-6.2555227,-0.2084301,-0.89828324,-0.90952235,-0.3656504,-0.69795114,0.2804052,0.118016705,-0.25584045,0.48386556,0.2780052
8342,-3.229948,-0.15936165,-0.8450381,-0.41846588,-0.35654604,0.077690504,-0.113527164,-0.17690928,-0.09731775,0.42513952,0.34771243
8343,-5.022486,-0.21656545,-1.2196798,-0.3946358,0.16209604,0.025668668,-0.14595455,-0.039514877,0.033315547,0.4029065,-0.0569724
8344,-4.353286,0.0026465124,-0.6385253,-0.6467135,-0.3671633,-0.21499856,0.08525329,-0.24413034,0.07349289,0.43410185,0.6361816
8345,-4.6017632,-0.07920847,-0.7036607,-0.67024535,-0.2150021,0.040302128,0.08574527,-0.27095684,0.075250134,0.5263814,0.10464751
8346,-4.8687196,-0.06902898,-1.059217,-0.26593626,0.24784121,-0.110262774,-0.31989402,0.09824359,-0.20077515,0.29292017,0.085967585
8347,-7.067763,0.0961911,-1.4842114,-0.8091187,-0.026043428,-0.10376619,-0.044651005,-0.19229342,0.25540668,0.6239605,0.14455731
8348,-5.709472,-0.11024246,-1.0305563,-0.68427086,-0.325501,-0.0988318,0.04686738,-0.30305105,0.104046114,0.659632,0.3421811
8349,-5.698008,-0.11915739,-1.0475752,-0.7496827,0.292671,-0.22280115,0.053165242,0.07853762,-0.0895492,0.31103382,0.37834537
8350,-7.3601637,0.2096106,-1.2495153,-0.6779561,-0.12332956,0.16713229,0.09828217,-0.14371903,-0.25191548,-0.005980172,0.5589907
8351,-5.235934,0.0816886,-1.4917932,-0.7346402,0.048671104,0.2900437,-0.34416264,-0.24968445,0.25124654,0.3107765,0.23493798
8352,-6.1307325,-0.15492518,-0.9386306,-0.5034859,-0.6318,-0.12605518,0.18244204,-0.46699023,-0.28482628,0.019860415,0.42543423
8353,-4.9206724,0.016578332,-0.8874288,-0.47526276,0.23251735,-0.08639554,-0.22954404,-0.36973718,0.089147925,0.22709781,0.098532856
8354,-5.035239,-0.20652974,-1.2522845,-0.50464314,-0.031831753,0.38757437,-0.0117048295,-0.055943385,0.23004554,0.3608962,0.14478797
8355,-5.3865695,-0.1280924,-0.9931508,-0.5393245,0.048745364,0.087955154,-0.22915919,0.122862495,-0.0784637,0.3430611,0.177494
8356,-5.0535574,-0.044767886,-0.84757656,-0.44585916,-0.25674045,-0.20434059,-0.121009804,-0.038851805,-0.19554307,0.42840502,0.43279046
8357,-5.008483,-0.020751648,-1.0210203,-0.6576017,0.034473114,0.29737902,0.15329038,-0.12101851,0.05615583,0.2841921,0.40073103
8358,-5.25406,-0.1130222,-0.9719211,-0.5036895,-0.19093901,-0.12650637,-0.19658424,0.01094045,0.033118963,0.38084063,0.2858594
8359,-8.223177,-0.23256959,-1.979128,-0.40770203,-0.2737227,0.41090262,-0.15597042,-0.5345328,-0.17216176,0.26864251,0.46624753
8360,-3.7626138,-0.18501773,-0.7741838,-0.44798666,0.061006892,0.16693693,-0.15786327,0.022034105,0.09468483,0.4739867,0.19338304
8361,-5.161403,-0.34462282,-1.3379201,-0.84426016,0.021560514,-0.10579362,-0.060908318,-0.1663153,0.266716,0.5046035,0.35700375
8362,-4.7626085,-0.042201307,-1.042022,-0.68772525,0.069289505,-0.01686803,0.095410936,-0.19903174,-0.08131287,0.5140376,0.29472378
8363,-6.0888205,0.025503594,-1.1601883,-0.607368,-0.13684185,-0.12128408,-0.09734064,-0.35636678,-0.20227803,0.39736843,0.4165559
8364,-4.5714917,-0.13554753,-1.071773,-0.5210803,0.046781298,-0.24483477,0.030827254,-0.06791046,-0.13974863,0.31282339,0.3149673
8365,-5.3120933,0.02257745,-0.78011984,-0.46730158,0.058413856,0.11547509,-0.13094912,-0.32883525,0.012319978,0.080882005,0.15151574
8366,-7.4850416,-0.3161833,-1.3264524,-0.77051145,-0.627971,0.22018804,0.8109724,-0.018682545,0.1217577,0.75048655,0.71054655
8367,-6.4395537,-0.20166267,-1.2619432,-0.65723157,-0.07559214,-0.14179999,-0.012962074,-0.3467735,-0.20099756,0.51252747,0.32479087
8368,-6.2077894,-0.39138412,-1.1586066,-0.33818248,0.3064133,0.30842894,-0.29183933,-0.17393717,-0.045683995,0.41007936,-0.13035828
8369,-4.7850046,-0.1139589,-1.0513927,-0.70059794,-0.15570559,0.06372884,-0.09723015,-0.10219949,0.1346171,0.61926544,0.52501625
8370,-4.514161,-0.22009587,-0.8451211,-0.6631073,-0.35849032,0.08964773,0.009716943,-0.09057362,-0.07968565,0.16599141,0.42227596
8371,-4.8470044,-0.2751248,-1.2661402,-0.6576182,0.31974903,-0.12163715,-0.15153854,-0.06739697,0.15645255,0.03801234,0.18639515
8372,-5.488582,-0.40890756,-0.97139096,-0.59717125,-0.51487887,0.35210365,0.3918533,-0.13092117,-0.012795949,0.20883583,0.56040674
8373,-5.6857142,-0.021614369,-1.5067173,-0.43284875,-0.06126321,0.086367555,0.17002021,-0.20178016,-0.25227922,0.37730196,0.5462416
8374,-6.4858146,-0.18756154,-0.8963915,-1.0599003,-0.4888341,0.34524512,-0.14757831,-0.37889233,0.06531436,0.45592663,0.46713352
8375,-5.3024054,-0.053200286,-0.6792485,-0.69593346,-0.28010216,0.08495014,0.04617094,-0.50251913,0.0002002921,0.12796676,0.43594193
8376,-6.0741596,-0.47793868,-1.1527897,-0.54197204,-0.19999483,-0.23724641,0.065324895,-0.0198098,-0.12738752,0.5411053,0.35244945
8377,-6.320987,0.10934036,-0.93777806,-0.34423208,-0.16139269,-0.11849858,0.008323216,-0.48797038,-0.37044832,0.4341225,0.09860831
8378,-5.610773,0.041204244,-1.1220458,-0.47659993,0.16694388,0.39712358,0.010551748,-0.08253618,0.093165636,0.4735938,0.17150186
8379,-5.129383,-0.19007505,-1.241326,-0.8022969,0.28603604,-0.06254007,-0.21317111,-0.30843702,0.27984414,0.20948227,0.0618788
8380,-4.7649026,-0.31023148,-1.210618,-0.7730511,0.00091519207,-0.21296133,-0.04819166,-0.18548854,0.33653644,0.18712677,0.34707114
8381,-6.728513,-0.30865797,-1.34056,-0.560468,-0.72535163,0.17905228,0.085457474,0.33545232,0.4000735,0.9083785,0.4837807
8382,-4.7756495,-0.1108822,-0.8002657,-0.2282943,0.25473657,-0.40992033,-0.27111143,-0.038337402,-0.05945667,-0.015403579,0.101569705
8383,-5.152926,-0.032170095,-1.057414,-0.57947916,-0.0064830384,0.11482329,-0.19188292,0.020917352,0.1510103,0.81176794,-0.0042795027
8384,-5.4540277,0.1613657,-0.9220877,-0.46976888,0.19955587,-0.2558549,-0.077669956,-0.14913864,-0.287104,-0.038494717,0.17580156
8385,-7.362005,-0.34337106,-2.127167,-1.4551827,0.50779575,-0.050390184,-0.68520147,-0.36585304,0.4610254,0.47522253,0.618789
8386,-6.8800917,0.1682839,-1.6071694,-0.9607412,-0.25509903,0.42844033,-0.33331835,-1.0890117,0.25432307,0.42218542,0.51753366
8387,-6.064198,-0.5662961,-0.7883738,-0.9662293,-0.47360516,-0.15343666,0.09844359,-0.144737,-0.06377459,0.8217837,0.6811998
8388,-4.673154,-0.13024814,-0.7876733,-0.4464163,-0.28560987,-0.21422744,-0.12005175,-0.07223522,-0.099106915,0.30911347,0.08720059
8389,-6.4926267,0.04169933,-1.4063001,-0.3754272,0.079756826,-0.016095327,-0.093049906,0.22296053,0.022095071,0.40311918,0.15401256
8390,-5.4240246,-0.27780065,-1.0608107,-0.807037,-0.3940646,0.30840385,-0.14046413,-0.5350763,0.0715646,0.24110353,0.56296265
8391,-3.967287,-0.03754943,-0.7273142,-0.45227873,-0.3310512,0.030819217,-0.15772067,-0.19714677,0.027241318,0.35681304,0.27021343
8392,-6.0329432,-0.3373856,-1.032411,-0.8780333,-0.61501926,-0.11450191,0.03229399,-0.42743877,-0.044956274,0.55019814,0.9455554
8393,-5.7871513,0.030029938,-0.9092104,-0.6282531,-0.17660968,0.1943189,-0.3692529,-0.34090656,-0.22016385,0.11858553,0.36144954
8394,-5.767688,0.13742323,-1.1915132,-0.7261439,-0.035711057,-0.012719667,-0.07452055,-0.026008876,-0.14373575,0.23701347,0.30753505
8395,-6.3763614,0.16894174,-1.6688308,-0.58435476,0.33008212,0.4325354,-0.31136888,-0.2199811,-0.03013246,0.48582423,0.22067276
8396,-5.5083594,-0.26151964,-0.7451479,-0.5847087,0.19726385,0.17086634,-0.20266575,-0.3681864,-0.38749078,0.008138463,-0.037873622
8397,-6.9957128,-0.11348626,-1.3609773,-0.80844,-0.3534469,0.16675466,0.22472247,-0.0935404,0.13524118,0.26082313,0.4285848
8398,-7.037274,0.04407412,-1.8973035,-0.8182707,-0.29256117,0.56047416,-0.1690851,-0.43162194,0.018714607,0.65282756,0.59816927
8399,-5.731346,0.049134575,-1.2591329,-0.49381196,0.33497292,-0.073119536,-0.40637496,0.0016124127,0.05060365,0.47421712,0.1016958
8400,-5.929671,-0.17441078,-0.87869036,-0.75290376,-0.43281993,-0.023145156,0.22380568,-0.43516365,-0.038211547,0.32816592,0.7383378
8401,-6.213164,-0.10264899,-1.1122203,-0.07790246,-0.092271335,-0.14191514,-0.104823485,-0.45867938,-0.42507002,0.94254154,0.00033651944
8402,-4.7449107,-0.09496314,-1.2153748,-0.59522367,-0.24446583,-0.14465337,0.23664422,-0.16359171,-0.025760872,0.32972965,0.35854355
8403,-6.024621,-0.35220608,-0.87421155,-1.1103865,-0.57329774,0.17200078,-0.07518541,-0.19005486,-0.004990412,0.52269155,0.65740746
8404,-6.8739843,-0.2107763,-1.0404553,-0.5759398,0.17274542,-0.43268764,0.10233275,-0.1552407,-0.19705634,0.2813547,0.47329053
8405,-5.652841,-0.41113773,-0.8309209,-1.0740904,-0.1949735,-0.07098992,-0.19178477,-0.69491565,0.020122208,0.45818573,0.22391368
8406,-4.4857,-0.09534003,-0.9261525,-0.5017654,-0.10217233,-0.08687763,-0.13133557,0.031196766,0.06654132,0.4027406,0.12361156
8407,-6.6450014,0.030184474,-1.4611071,-0.9893835,-0.17833723,0.11218812,-0.22856127,-0.16768874,-0.13879356,1.0513245,0.18635759
8408,-6.200809,-0.19700013,-0.8453087,-0.53684837,-0.21381406,-0.24680902,-0.1238162,-0.47434184,-0.2576657,0.10157937,0.520898
8409,-6.2443886,-0.28468755,-1.398697,-0.57561135,-0.036053706,0.16600856,0.1131077,-0.14712325,0.047094893,0.49757734,0.28008083
8410,-5.3207,-0.37088254,-1.0569451,-0.86467993,-0.5797298,0.2377996,0.060467683,-0.32806337,0.10011332,0.5128186,0.67853355
8411,-6.0541043,0.078113355,-0.950888,-0.76118976,-0.5478442,-0.12922502,0.25244907,-0.25920188,-0.12532914,0.48880732,0.5966827
8412,-6.356426,0.12526456,-1.2466381,-0.83939993,-0.15463944,-0.21025422,0.21872683,0.0010808446,0.000787206,0.6420452,0.50577307
8413,-4.7590384,-0.24132435,-1.1236393,-0.7353682,0.31115073,-0.01952775,-0.172302,-0.0670891,0.026147047,0.55483884,0.08583307
8414,-5.0077033,0.13174213,-1.2482902,-0.42575207,-0.24185862,-0.07323985,0.017341819,-0.16505405,0.034572512,0.20689054,0.7211589
8415,-5.4364214,0.051851638,-0.7074365,-0.6456158,-0.25831595,-0.25180924,0.31794196,-0.119682185,0.024897274,0.29841527,0.4773181
8416,-5.100848,-0.08623052,-1.1401515,-0.13303253,0.12087909,-0.17189439,0.05900897,0.09335264,-0.19695409,0.62346375,-0.18523835
8417,-6.150789,0.1680293,-1.2868266,-0.49707133,-0.052131914,0.07377108,-0.04526701,-0.19816165,-0.028673658,0.272408,0.2544056
8418,-4.6081743,-0.33877626,-0.9331267,-0.116494715,-0.39155105,0.28246737,0.17875378,0.045190975,-0.18460058,0.4240811,0.4891192
8419,-5.1269107,-0.33782995,-1.2010128,-0.93605983,-0.557496,0.06157443,0.29828113,0.07322631,0.22006796,0.4657477,0.6491962
8420,-4.055099,-0.039356504,-1.057903,-0.62217635,-0.10354487,-0.17117271,0.07182217,-0.19485146,0.00025048107,0.24078009,0.24801262
8421,-4.750592,0.0034647076,-0.72421455,-0.45244378,0.040090982,0.093983695,0.14762633,-0.2181696,-0.011210958,0.4692464,0.25773454
8422,-5.7751184,0.10875635,-0.93753684,-0.72405505,-0.031912524,0.35227025,0.21866664,0.098056555,-0.028392179,0.53118676,0.5758876
8423,-4.722222,-0.15638882,-0.9819353,-0.52321017,-0.09180141,-0.19316672,-0.1000365,0.11346122,-0.25183412,0.4560991,-0.01823283
8424,-6.5377903,-0.20534681,-0.97900736,-0.67578536,0.059997883,-0.23757762,-0.1729594,-0.3933618,0.06724696,0.25083998,0.26140362
8425,-4.46564,0.08552765,-1.0752158,-0.2816574,-0.04575119,-0.12375951,0.2764497,-0.2785018,-0.21298103,0.40024137,0.3494621
8426,-6.3228493,-0.22923973,-1.1157111,-0.38970998,0.50452346,0.02380927,-0.3514202,-0.016080152,-0.1155058,0.40133268,0.5463447
8427,-5.5951796,0.056232326,-1.189727,-0.87016165,-0.08175631,0.16495281,-0.3128202,-0.77457595,0.37618214,0.743011,0.407642
8428,-5.543825,-0.10625429,-0.8020264,-0.5975696,-0.24176401,0.015910614,0.25437725,-0.0142943,-0.21772929,0.24720527,0.2990022
8429,-7.0897813,-0.15657634,-1.4639196,-0.6322333,-0.16271213,0.41920018,-0.05383399,-0.19940066,-0.23345841,0.45336354,0.6499221
8430,-6.4889593,-0.016978674,-1.3265847,-0.2970829,-0.41664124,0.45968032,0.09062116,-0.43291655,0.032920644,0.22503458,0.16545047
8431,-5.333634,-0.26056573,-0.9596482,-0.6053139,-0.18541032,0.18563525,-0.19962107,-0.50564295,-0.050262816,0.5207524,0.40793258
8432,-4.531084,-0.23172718,-0.6615449,-0.3931986,-0.2578231,-0.050692596,-0.008843516,-0.4513328,-0.05168683,0.47299793,0.08621456
8433,-4.101773,-0.09617666,-0.9252749,-0.0752192,-0.32759124,0.080997944,0.30070505,-0.18195455,-0.1373323,0.10375349,0.24492839
8434,-4.119354,0.032175366,-0.71296865,-0.33527356,0.0022877771,-0.2769819,0.020350572,-0.19729066,0.010028179,0.15521155,0.29622492
8435,-4.3454914,-0.4010501,-0.98392856,-0.6723392,-0.29895642,0.30455714,-0.0036686705,-0.4045377,0.0978199,0.5885613,0.69267994
8436,-7.287997,-0.03491249,-1.5089915,-0.88098073,-0.047612056,0.2606504,-0.034523442,-0.09855894,-0.16360573,0.24985476,0.39428616
8437,-4.951887,-0.025026727,-0.85582393,-0.34156442,-0.12000919,0.23206258,0.2408696,-0.48021147,-0.14841852,0.25373465,0.05628568
8438,-5.835247,0.02574696,-1.2720497,-0.8187131,0.04463455,0.1546975,0.15646209,-0.0031598136,0.12576377,0.7089357,0.3329881
8439,-6.1249013,0.0010898542,-0.9285092,-0.8799935,-0.23889539,-0.2031037,-0.020434521,-0.26728243,-0.07281725,0.08057699,0.46869883
8440,-6.3324184,0.08162813,-1.1788775,-0.41222075,0.15044989,0.049910657,0.1551452,0.3217516,-0.22881432,0.18070342,0.43800214
8441,-4.9904313,-0.37985203,-0.92576575,-0.5061845,-0.2891045,0.1893866,-0.067538746,-0.5512306,0.03565903,0.5503932,0.5308413
8442,-8.266612,-0.31641236,-1.938886,-1.1330323,-0.47494042,-0.21395649,0.26834053,0.10534763,0.06633409,0.62212837,1.046567
8443,-5.9102383,0.13107763,-1.4703526,-0.8080492,0.21558784,-0.17260471,-0.25544828,-0.14987546,0.02982401,0.050666742,0.32296392
8444,-6.71572,0.20833388,-1.1059352,-0.6598046,-0.39268824,-0.029817544,-0.15006284,-0.33026892,-0.06392938,0.22791854,0.4238006
8445,-6.816176,0.0821146,-1.1091434,-0.32382467,-0.0051800064,-0.052001372,-0.11686947,-0.30661568,-0.029695088,0.15188728,0.37490392
8446,-7.1964774,-0.25631145,-1.2174548,-0.76994777,-0.29666808,0.54622024,0.22669719,0.09531307,-0.0063200817,1.0454555,0.61392975
8447,-5.2509294,-0.13088521,-1.415165,-0.087974615,-0.105684794,-0.17765348,0.1519217,-0.045513228,-0.55499154,0.43513054,0.3492859
8448,-5.989881,0.06520931,-0.6690365,-0.42923757,-0.050507452,-0.36423248,0.073767915,-0.02447548,-0.41801423,0.025114538,0.47652328
8449,-5.528648,-0.23512004,-0.82786757,-0.66478753,-0.11708107,-0.32606554,-0.14242502,-0.094149716,-0.03157337,0.3994677,0.05438003
8450,-6.522702,0.00047966558,-1.5027121,-0.24750465,0.24148838,-0.12906307,-0.10485434,-0.10688621,-0.11695705,0.13715501,0.19254468
8451,-4.402783,-0.30167156,-0.9181527,-0.24717116,-0.25590822,0.017182395,0.1407392,-0.16013248,-0.010017246,0.56018364,0.43357444
8452,-4.901488,-0.32861048,-1.2180046,-0.60340023,-0.26562124,0.5538396,0.34377614,-0.27166373,0.011728426,0.7104351,0.5060172
8453,-6.200998,-0.27811682,-1.178248,-0.588879,-0.55823475,0.1976164,0.40934652,-0.070622705,-0.107052244,0.4647589,0.60951513
8454,-5.6697125,-0.036044557,-0.98377323,-0.7113713,-0.51118547,-0.31277162,0.08776742,-0.027750121,-0.2405503,0.48154455,0.6069018
8455,-5.0005045,-0.018672548,-0.7720075,-0.79910314,-0.31961682,0.0074393144,-0.102756985,-0.7531859,0.2687588,0.3801769,0.52225715
8456,-6.427686,-0.16643704,-1.3137066,-0.44667962,0.42680803,-0.13608912,-0.4282286,-0.29541522,0.0014094887,0.49686232,-0.09026937
8457,-5.585586,-0.24324559,-1.0667897,-0.8902487,-0.27955526,0.23772338,0.08056133,-0.51154387,0.057418115,0.48282978,0.7026926
8458,-5.8675175,-0.074829325,-0.83365697,-0.453489,0.062486723,-0.31672263,-0.20360549,0.04174129,-0.21328288,0.5046097,0.020550076
8459,-6.39353,0.1266713,-1.6331735,-0.6264703,0.26100832,0.3816414,-0.18238883,0.050628744,0.11261347,0.60767686,0.21853693
8460,-4.904997,-0.008220355,-0.73986423,-0.29477113,0.17175053,0.15058891,-0.06748352,-0.12333245,-0.103638835,0.2115907,0.2806301
8461,-6.321182,-0.32812947,-1.098078,-0.4873715,0.37920412,0.29778236,-0.46276078,-0.24410814,-0.22863488,0.34803718,-0.2402539
8462,-4.711154,-0.27370784,-0.8784022,-0.6014333,-0.29724663,0.23558597,0.05854482,0.116204634,-0.06760611,0.3961944,0.5924931
8463,-5.1883383,-0.30046773,-0.95108664,-0.76541245,-0.54959655,-0.09875623,0.044953678,-0.299465,-0.14077823,0.30828837,0.5678264
8464,-5.411821,-0.3179164,-1.0347604,-0.8871966,-0.28644288,0.16109161,-0.1698177,-0.16801009,-0.047389127,0.6666674,0.76095945
8465,-5.741144,-0.08106635,-1.4760988,-0.63959736,0.14895003,0.18761793,-0.212723,-0.298096,0.15515697,0.67524904,0.14639413
8466,-4.875892,-0.032871753,-1.0941505,-0.47313273,0.14093971,-0.01688485,-0.11537055,-0.35637876,0.2127452,0.33417678,0.19142652
8467,-5.908572,-0.075066425,-1.1203952,-0.4252825,-0.4228303,-0.058467455,0.15892713,0.04791171,-0.3255665,0.43546087,0.5771556
8468,-5.2222924,0.008719251,-0.9992644,-0.5647903,-0.12096981,-0.2963106,-0.1980348,-0.013421258,-0.2025455,0.18834332,0.30416703
8469,-4.9567056,0.16932338,-1.3576858,-0.22382809,0.19995125,0.036099724,-0.012788086,-0.06255866,-0.18662004,0.16949618,0.116339736
8470,-7.535122,0.0151861245,-1.5190411,-0.76758474,-0.18898045,0.04457723,0.25912416,0.2632593,0.0634195,0.5288143,0.30752373
8471,-6.1694627,0.0736686,-1.3199847,-0.8493232,-0.6099209,-0.18917595,-0.14239132,-0.16220279,-0.15064476,0.419993,0.43694648
8472,-5.5383887,-0.298152,-0.91177094,-0.7440561,-0.17927624,0.062611744,0.2773523,0.02565602,-0.1286454,0.23863447,0.27969936
8473,-3.8712335,-0.025951989,-0.6109567,-0.255529,-0.23504733,0.03563424,0.042827018,-0.120025225,-0.13901027,0.49658534,0.073373824
8474,-7.3817883,-0.22267641,-1.4260601,-0.4450936,0.29587814,-0.14057644,-0.4985241,-0.4513611,-0.20204155,0.25603843,0.06788329
8475,-5.7643414,-0.06446808,-0.9555699,-0.84708905,0.40314868,0.32505876,0.20514804,-0.220717,0.2996687,0.5242395,0.1511332
8476,-4.8568397,0.06110075,-0.83812594,-0.50000376,-0.03523253,-0.21786577,-0.20018856,-0.33087918,-0.09825061,0.32174072,0.29045638
8477,-5.349572,-0.2176887,-1.1276177,-0.6933217,-0.35579655,0.1334935,0.20040075,-0.12411586,-0.158094,0.46087041,0.4781128
8478,-5.6834106,-0.46287745,-1.1777761,-0.5686506,-0.3782189,0.14981437,-0.038508754,-0.5375921,-0.049430124,0.516803,0.6880316
8479,-4.9528418,0.07100013,-0.95077264,-0.56903803,-0.34147486,0.07182587,0.068210624,-0.30747843,-0.10821791,0.3564225,0.17135702
8480,-5.7275443,0.013938218,-1.0073448,-1.0090002,-0.15800723,-0.09694545,-0.08925485,-0.4089502,-0.12797114,0.14540903,0.33541107
8481,-5.328726,-0.047666047,-1.3168817,-0.35484436,0.20532858,-0.1625127,-0.2240996,0.24975348,-0.07825096,0.30703396,0.1875556
8482,-7.330121,-0.24961324,-1.4366091,-1.1952513,-0.38572177,0.196643,-0.308123,0.055342644,0.055736497,0.6498372,0.7717127
8483,-6.968371,-0.1421351,-1.4895434,-1.1589189,-0.621792,0.33297586,-0.19093649,-0.23055767,0.067666255,0.45029518,0.7490217
8484,-6.2397647,0.2583002,-1.4140848,-0.5004261,0.35365212,-0.06544358,0.05921105,0.46098524,-0.13923618,0.0440034,0.39409053
8485,-5.7611666,0.06611025,-1.1042383,-0.48802227,0.037733175,0.13143966,0.039297264,0.090489395,-0.05538997,0.5256181,0.43079567
8486,-4.6938906,-0.051176906,-1.017465,-0.54773724,-0.101102464,-0.2696272,0.015185934,0.09881653,-0.022908354,0.26970255,0.11588539
8487,-6.7826066,-0.09612254,-1.996624,-0.50380576,0.18338236,0.15885988,-0.009081322,-0.21981068,-0.34485382,0.38318634,0.52154416
8488,-5.3386183,-0.1772016,-0.9599635,-0.33197993,0.34804517,-0.1006155,-0.26108035,-0.1400644,-0.24249513,0.23423761,0.061812792
8489,-5.135137,-0.018047478,-1.1972615,-0.9536832,0.0022709365,0.050953437,-0.11554683,-0.3298748,0.3347357,0.6548929,0.38556042
8490,-5.6743383,-0.26732928,-1.0045328,-0.86580056,-0.6012411,0.048982624,-0.1638823,-0.29387572,0.077832356,0.63442194,0.45849583
8491,-5.645192,-0.2296791,-1.0907152,-0.9372383,-0.40214062,0.3800429,0.02480737,-0.41972512,0.21190691,0.6234945,0.590927
8492,-7.6836886,-0.12118411,-1.3851355,-1.1631562,-0.0029676748,-0.27852416,0.07674273,-0.12145006,-0.05714742,0.55510044,0.69169164
8493,-6.225579,-0.41201395,-1.6284412,-0.9034232,-0.4497377,-0.2746595,0.043885205,-0.31308186,-0.12464577,0.65380037,0.19704701
8494,-5.532626,-0.24410011,-1.1596042,-0.73950803,-0.3836845,0.2553727,-0.05276236,-0.47046533,0.2361255,0.5276202,0.329104
8495,-4.9311886,-0.2170608,-1.0958371,-0.67221594,-0.38466707,0.19953845,0.23151216,-0.41170684,-0.1889488,0.39907384,0.46128383
8496,-5.832004,0.029045004,-1.2437319,-0.46481103,0.09497365,-0.16014805,-0.265974,-0.19718133,-0.062348396,0.6696981,0.077332675
8497,-8.631668,-0.05553842,-2.0846963,-0.6371622,0.74311525,0.28310198,-0.46670505,-0.66379344,-0.052533075,0.17866114,0.24628864
8498,-6.4019017,-0.1417956,-1.8782921,-0.5108316,0.31042427,-0.018369714,-0.31686884,0.2853542,-0.13063607,0.37721977,-0.07115371
8499,-5.637033,-0.52159667,-1.209869,-0.73510766,-0.13197123,0.07061872,-0.049974557,-0.36039862,0.12880754,0.4745958,0.76039857
8500,-5.445954,-0.03282707,-1.252402,-0.7389159,0.093802676,-0.1151638,0.07908441,-0.2150965,0.14573912,0.41293445,0.1505926
8501,-5.18624,-0.11370508,-1.1965047,-0.61396885,-0.071664855,0.17610669,0.03988734,-0.25511736,-0.01916002,0.21202633,0.189635
8502,-6.3531723,-0.3922613,-1.2172778,-0.641325,-0.047141,0.10546254,-0.08556092,-0.24107122,-0.07700198,0.8649589,0.40334493
8503,-4.8192863,-0.075048454,-1.0172735,-0.55000216,0.1645064,0.04323571,-0.035356864,-0.161496,0.18869463,0.35536525,0.26325622
8504,-6.464535,-0.44487098,-1.1253887,-0.42643005,0.113563895,-0.5273648,-0.28141603,-0.06147462,-0.31101078,0.30744627,0.3856995
8505,-5.168508,-0.17745215,-0.9443725,-0.5474664,-0.09235198,-0.097786576,-0.09489013,0.1184169,-0.04420589,0.50654536,0.311443
8506,-4.0987554,-0.21074979,-0.7531148,-0.4956448,0.04760615,-0.008378135,-0.14014567,-0.16433276,-0.084594384,0.15814483,0.023585837
8507,-4.4234633,-0.20765407,-0.938924,-0.79255575,0.092182785,0.24842797,0.045171913,-0.34768823,0.14473249,0.24874094,0.14749454
8508,-6.6373544,-0.08910765,-1.5438453,-0.5154805,-0.21262702,0.0815815,-0.20320581,0.07502585,-0.22042239,0.24235211,0.27996367
8509,-4.9844027,-0.13113421,-1.3044819,-0.5988443,0.09232901,0.045300227,-0.034121826,-0.17429723,-0.051495478,0.5017132,0.22986129
8510,-5.373435,-0.061671074,-1.1646707,-0.5419125,0.14780736,-0.052907355,-0.21796316,-0.27918914,0.027498232,0.23184715,0.050386425
8511,-6.473453,-0.28861815,-1.4182199,-1.0777744,-0.4450576,0.071574956,0.22415923,0.08546943,0.2664655,0.9460804,0.9133068
8512,-6.186698,-0.15482444,-1.200548,-0.5600216,-0.04128602,0.18993144,-0.091230094,-0.130816,-0.026590446,0.14469942,0.17963433
8513,-5.04353,-0.1646648,-0.9922679,-0.8372498,-0.040326256,-0.1248887,-0.19172108,-0.116894536,0.121296465,0.12249212,0.19919084
8514,-5.5543213,0.06283802,-1.0204717,-0.60418546,0.027347285,0.11187924,0.26603752,0.11618517,-0.053638868,0.28574595,0.4538772
8515,-4.596638,-0.108400114,-0.7626112,-0.6281579,-0.012552343,0.21683893,0.23929676,-0.07017981,0.1447318,0.40082943,0.43885246
8516,-4.881575,-0.13401659,-0.8831718,-0.80743635,-0.41047326,-0.18545823,0.05253474,-0.19104287,-0.025659198,0.202354,0.68218094
8517,-7.2352066,-0.1554164,-1.1560012,-0.7918637,-0.62090564,0.16807833,0.13063581,-0.22187325,-0.16618441,0.61205924,0.75364304
8518,-4.5759277,0.10706433,-0.8267515,-0.6467603,-0.15341358,-0.012291534,0.12213651,-0.29443872,0.03421042,0.68332034,0.20122261
8519,-5.8239303,-0.09221021,-1.1878481,-0.06894411,-0.5243153,0.39371282,-0.00085984357,-0.21101859,-0.1803351,0.31726617,0.46792632
8520,-6.2195907,-0.10186701,-1.2741538,-0.52824897,-0.092279844,-0.11222401,0.042567868,-0.105964795,0.02536034,0.7503773,0.1939794
8521,-5.7618065,-0.12296529,-0.98415905,-0.5824937,-0.057360016,-0.1122555,-0.18163842,-0.26143506,-0.009753032,0.56231934,0.1013951
8522,-4.436883,-0.10070991,-0.94209594,-0.4100482,0.12441892,0.20978479,-0.0050581275,-0.20406799,0.08694001,0.43017966,0.25554997
8523,-6.8118773,-0.004670386,-1.0986259,-0.46016487,-0.26788703,0.14220369,0.32886103,-0.46864897,-0.33442318,0.4042834,0.2878792
8524,-5.5940824,-0.11831671,-1.2500418,-0.760374,-0.40518397,-0.06573403,-0.2003477,-0.42491955,-0.22026104,0.6302878,0.27694076
8525,-5.7794895,-0.13978721,-1.0076123,-0.53989977,-0.04259051,-0.17434877,0.21208403,0.11589217,-0.25522417,0.09058352,0.7300209
8526,-5.435469,-0.053991977,-0.8404794,-0.7513505,-0.08880834,-0.16800374,-0.13379726,-0.19780968,0.16801542,0.59101343,0.06202803
8527,-4.795206,0.08526653,-1.0831051,-0.43137008,-0.051425427,0.042044714,0.1239809,-0.1695157,-0.14501737,0.6287071,0.25633645
8528,-5.995295,-0.18908931,-0.9204725,-0.5488922,0.05362458,-0.048048627,-0.1299127,-0.05269263,-0.031682022,0.41635695,0.15900949
8529,-4.2661138,0.11152457,-0.8238271,-0.48382568,-0.114471756,-0.025095902,0.22982576,-0.37350556,0.12642735,0.4434508,0.33721069
8530,-5.4942865,-0.22487888,-1.3341511,-0.5478387,-0.24223869,0.012002258,0.11497942,-0.021232417,-0.04525043,0.36037204,0.67844814
8531,-5.308024,-0.26241776,-1.0761907,-0.56071657,-0.28792667,-0.24442647,0.0853311,0.033781767,-0.41576126,0.5926451,0.356558
8532,-6.9290385,-0.3054812,-1.3383436,-1.117016,-0.5925798,-0.68234193,0.43107584,-0.4396114,-0.19333382,0.37339872,0.56228876
8533,-5.3255606,-0.35570475,-0.9240575,-0.7783236,-0.12038294,0.12770122,-0.09524374,-0.7437985,0.353827,0.78163886,0.09671083
8534,-4.992216,-0.19876567,-0.9272511,-0.88629353,-0.6399273,-0.24706618,0.18142083,-0.32450044,0.19617566,0.45735207,0.5089066
8535,-5.458675,0.07492009,-0.64256394,-0.4661147,-0.16614975,-0.20615996,0.21949203,0.049737304,-0.20278662,0.27827296,0.13028389
8536,-6.3950453,-0.014394001,-1.4180034,-0.526215,-0.59128356,-0.21480721,0.13016568,-0.1614244,-0.16790994,0.27543542,0.8318957
8537,-6.343441,-0.0006869305,-1.0145096,-0.69139415,-0.1497314,-0.31760526,-0.049006354,-0.12541087,-0.19689411,0.48705763,0.21311404
8538,-4.6031365,-0.13263473,-0.7027895,-0.5416388,-0.11647055,0.17480929,0.21875907,-0.25937042,-0.034034826,0.36077887,0.20924515
8539,-4.983043,0.1169011,-1.0917269,-0.40769973,-0.14738663,0.021881618,-0.004849798,-0.25580353,-0.13144012,-0.028553825,0.2753865
8540,-5.664128,-0.26981956,-0.9355302,-0.8111557,-0.3960862,0.15302294,0.47469658,-0.03269224,0.0054910816,0.46342006,0.6580894
8541,-4.8015413,-0.25096038,-0.7912164,-0.22920877,-0.21235879,-0.37405646,-0.0143056745,-0.16233662,-0.42516616,0.17153655,0.16279715
8542,-6.69081,-0.30460677,-1.718344,-1.0177925,-0.43446794,-0.33406693,0.1304634,0.06136004,-0.159227,0.4816856,0.4095253
8543,-7.0175247,-0.19799653,-1.9005319,-0.6655926,0.17123044,-0.40722615,-0.07095347,0.03597364,-0.16498716,0.13975023,0.23391029
8544,-4.500941,-0.15466847,-0.58039796,-0.12765881,-0.024970531,0.30258363,-0.01748224,-0.31528,-0.114600584,0.31147546,0.370713
8545,-4.5354166,-0.024758466,-0.7774875,-0.44861546,-0.26587102,-0.2803464,0.23785411,-0.025550475,0.05900862,0.3122293,0.25780585
8546,-5.6325784,0.096400864,-0.9098922,-0.19744046,0.030540904,0.2436022,-0.13955848,-0.18137674,-0.11022456,0.3362219,0.17315644
8547,-5.382505,-0.29654908,-1.6162456,-0.8101165,0.22354156,0.118810914,-0.2633503,-0.056364514,0.29602063,0.7006103,0.07896472
8548,-6.0164437,-0.44478402,-1.488863,-0.701053,0.1174837,0.43022895,-0.38670927,-0.3692532,0.11751606,0.3272107,0.25265387
8549,-6.555638,-0.2466407,-1.9146969,-1.3092593,-0.08241541,-0.0928064,-0.40709263,-0.31831166,0.49930608,0.29605395,0.5232414
8550,-8.014473,0.08516211,-2.3289745,-0.36258277,0.20825131,0.2020504,-0.2928818,-0.41872534,-0.099268526,-0.1658703,0.37804952
8551,-5.1217666,-0.1024251,-1.0300452,-0.42277268,0.16672061,-0.08621783,-0.045558937,-0.049095817,-0.25522676,-0.12306465,0.16262831
8552,-5.548735,-0.24043375,-0.9866956,-0.51480186,-0.23794393,0.2623871,-0.07277743,-0.3097641,-0.15301587,0.5956312,0.30182427
8553,-5.187757,-0.04939441,-0.73736864,-0.36422417,-0.2383231,-0.20012392,0.39372605,-0.053383574,-0.08629716,0.35837832,0.15509598
8554,-5.347909,-0.041288,-1.0301976,-0.8424274,-0.5293543,-0.009719789,0.25178042,0.19804238,0.0055907415,0.45570898,0.6991354
8555,-6.602214,-0.06640451,-1.3844824,-1.0362797,0.18219735,0.34971917,0.004364383,-0.3697983,0.257983,0.7855499,0.24019031
8556,-6.1213584,-0.14024247,-0.9026239,-0.81100005,-0.08963586,0.0702084,0.18033426,0.027841084,-0.11621699,0.5559499,0.4466192
8557,-5.861722,-0.20650595,-1.2334018,-0.47625569,0.20867579,0.20682853,-0.3529961,-0.35721052,-0.018710127,0.038830113,0.1761338
8558,-3.2955205,0.026167102,-0.9522339,-0.48363048,-0.11089297,0.016688742,-0.24128188,0.014226925,0.1478559,0.24958177,0.18573877
8559,-5.1054854,-0.113069594,-1.263745,-0.7749466,-0.048008103,0.12978303,-0.021700148,-0.2799972,0.0260351,0.29904225,0.52144825
8560,-5.42098,-0.12498371,-1.1771959,-0.6945158,0.20530693,-0.009192299,-0.031707782,-0.048810072,0.27654126,0.6685168,0.21050428
8561,-6.366869,-0.10601601,-1.2015976,-0.44541797,-0.12101393,0.04296188,0.1969589,-0.09454736,-0.09259483,0.7058475,0.58891636
8562,-4.4838123,-0.0492549,-1.0422162,-0.7161018,0.046469305,-0.05102016,0.011150304,-0.19905621,-0.04194574,0.30735987,-0.11931465
8563,-5.273505,-0.2523169,-1.324201,-0.49823773,0.042048898,0.13485642,0.2500339,-0.033811577,0.07080187,0.16100428,0.24980862
8564,-5.971779,-0.06272428,-1.4936354,-1.0298499,0.12341615,-0.33054537,0.13332658,-0.10885658,0.1834864,0.39565992,0.06408926
8565,-5.4144635,0.060126066,-1.1651981,-0.6097436,-0.30772716,-0.12041822,0.01576857,-0.1514849,-0.25352204,0.4513141,0.4802372
8566,-5.1063943,0.18333225,-1.0360739,-0.33353704,0.12485049,0.03444355,-0.108793035,-0.06185749,-0.22996813,0.1106181,0.025684318
8567,-4.594702,0.05409906,-0.85606503,-0.22404343,-0.055541772,0.2149629,0.00014105532,-0.46452886,-0.2673064,0.015338615,0.16606684
8568,-6.534791,-0.31483275,-1.6113497,-0.91677314,0.2618403,-0.061687253,-0.27483946,-0.01814473,0.011864068,0.7063667,0.34907454
8569,-5.494303,0.07391296,-0.8264849,-0.4538566,-0.2016623,0.1293054,0.21999104,-0.1107177,-0.11545321,0.13694288,0.3784412
8570,-6.400657,-0.54573447,-1.1963714,-0.35814005,0.3366873,-0.08129188,-0.22483751,0.1261257,-0.13745515,0.45403078,0.4852594
8571,-7.0661783,-0.10735166,-1.1144557,-0.9158294,-1.097926,-0.13819978,0.34562784,-0.29820797,-0.17027926,0.49291927,0.8106589
8572,-4.3124714,-0.21918981,-0.6381676,-0.28879884,-0.36052164,-0.29438287,0.048674658,-0.23663104,-0.010707863,0.35599756,0.41899157
8573,-4.5076213,-0.26763996,-0.6888249,-0.29509804,0.30004647,-0.037996016,-0.14315452,0.10842877,-0.066283435,0.17096682,0.10785954
8574,-5.9196095,-0.47084516,-1.1291248,-0.8440294,-4.45731e-06,0.29181278,-0.067322195,-0.17833048,0.17638576,0.61481506,0.54309535
8575,-5.3400426,-0.13107124,-0.65981007,-0.6138352,0.114848964,-0.1313433,0.014039563,-0.19697952,-0.038686372,0.42069492,-0.0060212975
8576,-3.9445307,-0.048997138,-0.97336006,-0.50286084,0.28536692,0.10949713,-0.05016494,-0.24541754,0.2097849,0.12217191,0.17096466
8577,-4.6110735,-0.14547178,-1.2171991,-0.50921667,-0.17127538,0.2062239,0.26322377,-0.2632653,0.07476876,0.38988233,0.3515469
8578,-4.537862,-0.18147646,-0.9879481,-0.3716916,0.0634551,0.0838102,0.07977908,0.10490859,0.10994983,0.2801375,0.108738415
8579,-6.011701,-0.14640094,-0.76484966,-0.6950997,-0.14913681,-0.14693685,-0.4245295,-0.4328551,-0.032528646,0.53424406,0.35627753
8580,-5.9237413,0.36353266,-1.3735753,-0.5961,-0.12847635,-0.27036488,0.25669986,-0.013966629,-0.24967693,0.41430753,0.53468746
8581,-4.192787,0.013912066,-0.7623629,-0.55216753,-0.3568653,0.14638501,-0.035713892,-0.5020721,-0.022777984,0.25998986,0.22185552
8582,-3.3919408,-0.051688384,-0.6887052,-0.27259845,-0.2353752,0.028539939,0.11927737,-0.12158204,-0.10465504,0.19181995,0.21524382
8583,-6.65752,-0.06793412,-1.4455525,-0.9750657,0.09392568,-0.39424324,-0.07312748,-0.24791858,-0.005439827,0.21511246,0.43177578
8584,-6.65987,0.22871655,-1.1547748,-0.910202,-0.27817467,-0.24795939,0.07869724,-0.13233691,-0.101655774,0.63815135,0.5497838
8585,-6.1985173,0.071979135,-1.3468866,-0.62302136,0.076965295,0.2768485,-0.048220173,-0.54019433,0.010822093,0.46862867,0.17109379
8586,-5.011563,-0.12907608,-1.0113163,-0.9405311,-0.6992719,0.3449927,0.04471015,-0.32279947,0.1240159,0.4316096,0.61501324
8587,-6.6131268,-0.19755684,-1.1558907,-0.86124295,-0.12044566,-0.13037232,-0.045158964,-0.035318434,0.17359157,0.29769018,0.054724585
8588,-6.1683464,-0.38865808,-1.4899954,-0.41739103,0.23150893,0.23420693,-0.11418886,-0.10015561,-0.006901631,0.50168246,0.45554328
8589,-8.2487545,-0.4613124,-1.6670004,-1.5090141,-0.5549591,0.2891627,0.13227008,-0.22160001,0.111934304,1.0309938,0.9052524
8590,-5.631354,-0.18673387,-1.1479664,-0.35071436,0.029651271,0.32876682,0.0041591334,-0.42464802,-0.07945007,0.43126842,0.3440154
8591,-5.720729,-0.13161938,-1.4864384,-0.5226172,0.15278305,0.23146306,-0.08417377,-0.2654366,0.15770234,0.30300984,0.19367836
8592,-4.9129376,-0.34177527,-0.85844606,-0.51677686,-0.37028465,-0.26404005,0.045098074,-0.20343004,-0.10096915,0.31975698,0.32146823
8593,-6.9333234,-0.008953233,-1.4488633,-0.70536983,0.03378175,0.090773724,-0.20682865,-0.35652775,-0.018010342,0.18418156,0.40172616
8594,-5.082648,0.118953794,-1.0579095,-0.48470592,-0.14928405,-0.07087019,0.061937064,-0.076914966,-0.019131748,0.26961505,0.0913393
8595,-5.6840487,-0.11653878,-1.2158546,-0.64312077,-0.4143333,0.22830124,-0.20448004,-0.48010454,-0.19459344,0.56338316,0.35068408
8596,-5.207603,0.11513797,-1.1266494,-0.9990133,-0.04096589,-0.038771633,-0.3299649,-0.39449102,-0.024032952,0.76362574,0.3823951
8597,-8.17756,0.041785367,-1.5317899,-0.5586168,-0.83305097,-0.16508071,0.36417377,0.07776175,-0.29450703,0.68133324,0.57933044
8598,-5.6007953,0.07121751,-0.9745993,-0.43414652,-0.1767238,0.2494468,-0.007588093,-0.4225123,-0.23051308,0.18724555,0.21462618
8599,-5.6725874,-0.100109786,-0.99153167,-0.80362886,-0.63990134,0.05897484,0.103449516,-0.3001046,-0.17304955,0.22879444,0.32993484
8600,-5.478491,-0.112986594,-0.9317075,-0.643353,-0.22830611,0.20066185,-0.15577011,-0.3205655,-0.28756827,0.046097063,0.32021564
8601,-4.9329233,-0.1585238,-0.8192317,-0.57395977,-0.32923687,0.4941342,0.015209773,-0.69975686,0.095351264,0.4356325,0.41974366
8602,-4.753049,-0.05039848,-0.8262605,-0.55249506,-0.31680575,-0.21328138,0.3744809,-0.0010491423,-0.07264116,0.30307645,0.39240173
8603,-5.7163405,0.091168724,-1.1248254,-0.6982084,-0.42740655,0.11561459,-0.258731,-0.39755318,-0.035473794,0.2968259,0.24717966
8604,-5.2605643,-0.2679589,-1.0697652,-0.54550475,-0.35289997,-0.01594495,0.11691801,-0.0005190363,-0.16324729,0.26643503,0.34697732
8605,-5.2724543,0.041512825,-0.69531256,-0.23644294,0.000819291,-0.018604452,-0.08545743,-0.24054882,-0.15188888,0.28474158,0.3291764
8606,-6.6054173,0.034188498,-1.0230238,-0.55463004,0.022931565,-0.29899162,0.23668613,0.05736853,-0.3925869,0.13994615,0.54737365
8607,-6.1529746,0.0099720275,-1.1190022,-0.89440376,-0.24573478,0.053076025,-0.26159844,-0.4150215,0.1466308,0.2485016,0.31949136
8608,-5.6144133,-0.2755299,-1.1627862,-0.44131592,0.1535605,0.27423924,-0.23669915,-0.22967167,-0.072728984,-0.023646086,0.22894998
8609,-4.1223435,-0.07537137,-0.94914395,-0.30207145,-0.3249793,-0.17066038,0.14690879,0.011082478,-0.19339915,0.17143719,0.36541107
8610,-5.6385293,-0.055235792,-1.2177455,-0.78174764,-0.0074428436,0.11155875,-0.09739678,-0.33671585,0.010163667,0.66317666,0.2697831
8611,-5.2421904,-0.20292696,-0.924458,-0.7097153,0.049767967,-0.043945994,0.069475584,0.035323206,-0.2946539,0.6718065,0.33700594
8612,-5.149667,-0.10920807,-1.1294487,-0.6696247,-0.37173116,0.31992865,-0.18388492,-0.36278766,-0.03939426,0.6086671,0.50777155
8613,-4.942506,-0.19953622,-1.1854843,-0.7250243,-0.5074429,0.18495762,0.121376805,0.11208098,0.21126282,0.47415814,0.3382732
8614,-4.194068,-0.0462011,-0.7827966,-0.673501,-0.035356596,0.10562002,0.31150883,0.054606028,0.054450236,0.49474666,0.27539816
8615,-4.5767837,-0.23301962,-0.90879977,-0.39316323,-0.2562893,-0.20199099,0.0073589226,0.073922396,0.045237675,0.33739385,0.3370811
8616,-6.7995076,-0.29098332,-1.7916489,-1.4109203,-0.08039345,0.011632691,-0.11101073,-0.5001716,0.23818943,0.6966661,0.73981744
8617,-4.8580217,-0.17003192,-0.8059863,-0.49898827,-0.051790744,0.2280512,-0.13784175,-0.16246265,-0.21104394,0.14439821,0.27586633
8618,-4.623319,-0.00539881,-0.9624521,-0.42817873,-0.0130962245,0.03902087,-0.016643345,0.0246648,-0.07745278,0.31928787,0.42303142
8619,-5.41316,-0.43502745,-1.195439,-0.7549359,-0.1985661,-0.17060256,0.13993071,0.06895491,-0.0011542309,0.6504283,0.32473823
8620,-7.475706,-0.46916652,-1.4125179,-0.90182203,-0.61065453,-0.20430414,0.025373753,-0.47848094,-0.036544412,0.4400025,0.35905895
8621,-4.542302,-0.2868767,-1.1079237,-0.55720156,0.09316052,-0.14763592,-0.006382351,-0.16099232,-0.17704058,0.08034709,0.23656192
8622,-7.950101,-0.18689723,-1.9575212,-1.0269835,-0.11983263,0.17911175,0.09749443,-0.06750986,-0.167836,0.621174,0.7668699
8623,-5.702532,-0.23549451,-1.005642,-0.3948286,0.096036695,0.012027687,-0.05919738,0.024281068,0.09153529,0.8114819,-0.1279943
8624,-5.943084,-0.31379133,-1.2227352,-0.4456233,0.047567144,-0.15280983,0.055844717,0.22280732,-0.08250518,0.07112165,0.23338898
8625,-4.0825644,-0.1889657,-0.7708765,-0.38088945,0.08112135,0.034737892,-0.11643501,0.18590623,-0.03960952,0.31745878,0.012501577
8626,-6.3290176,-0.19093433,-1.5105814,-0.6690104,-0.11411085,-0.036755674,-0.28027275,-0.3029327,-0.27960068,0.36805978,0.09281907
8627,-5.291197,-0.20207262,-0.79909563,-0.45238024,0.19860426,-0.062536255,0.08202678,0.14555523,-0.252105,0.15271722,0.23821844
8628,-4.736337,-0.061882075,-0.95243835,-0.28861248,0.043326437,0.03757135,0.07891007,-0.27783707,0.0037530623,0.11979359,0.38066527
8629,-5.7933393,0.15754685,-1.2746427,-0.7523572,0.009111589,0.3233359,0.049951535,-0.62382907,0.2137583,0.26820773,0.37531826
8630,-4.8739376,-0.21450411,-0.9178183,-0.75551033,-0.10036418,-0.25169867,-0.08237004,-0.26094583,0.118959695,0.27863958,0.34539524
8631,-4.390423,0.07296701,-0.7663864,-0.45242003,-0.29917473,-0.2550007,0.25459006,-0.023958487,-0.16224916,0.34229538,0.19053122
8632,-6.6386857,-0.03909857,-1.3454505,-0.41791365,-0.06794105,-0.013312349,-0.39834848,0.15492654,0.01756371,0.43332028,-0.067260236
8633,-4.859187,-0.15562874,-0.78843564,-0.32525587,-0.007949552,0.12113889,-0.096159644,-0.24843895,-0.19236135,0.3519395,-0.035276715
8634,-5.965865,-0.24028741,-1.2112702,-0.63480014,-9.889714e-06,0.39011127,0.14086391,0.121637695,-0.05436442,0.63015795,0.33538765
8635,-5.2090063,-0.2197196,-1.0090903,-1.0364841,0.10717436,0.10929465,-0.13833342,-0.09696111,0.3029602,0.44413194,0.41871893
8636,-5.605533,0.093374394,-1.3185747,-0.6035793,0.26693833,0.08143043,-0.09105537,-0.16058612,0.08683028,0.3706969,0.17799105
8637,-5.149519,-0.0599011,-0.8841892,-0.43588486,0.24191427,0.037018158,-0.20187984,0.0843698,-0.21563712,0.07842524,0.060713112
8638,-5.893846,-0.25973442,-1.4677832,-0.80858326,0.10585103,-0.027804453,0.04830491,-0.11165002,-0.13140272,0.7016139,0.030957703
8639,-3.951378,-0.18065909,-0.67436254,-0.46474636,-0.2463037,-0.10675944,0.015252409,-0.007895444,-0.21706067,0.19350606,0.124776565
8640,-7.752791,0.19233449,-1.3174912,-0.44176435,-0.2133946,-0.3896247,0.0144964075,0.009142206,-0.42876658,0.3324278,0.18890855
8641,-5.319925,-0.4198616,-1.0252177,-0.47112474,0.12626639,-0.13339205,-0.077277094,0.067708716,-0.25573424,0.3607497,0.20024332
8642,-4.461966,0.022980757,-0.88556075,-0.5882507,-0.0941637,-0.29718405,-0.05094841,-0.27079564,-0.009491783,0.32806987,0.19191816
8643,-5.7713976,0.076802574,-1.2170142,-0.4929381,0.09630012,-0.34500504,-0.15865377,-0.08540897,-0.055980474,0.5037293,0.041591987
8644,-5.898904,-0.2358355,-1.0892473,-0.2786722,0.27309835,0.09594137,-0.17378701,0.09651361,0.013700395,0.45099232,0.2752665
8645,-6.513994,-0.16237631,-1.485236,-0.6610272,-0.20873061,-0.23570739,0.3316637,-0.33472273,-0.041823402,0.5807225,0.49920872
8646,-5.928651,0.031770505,-1.7737433,-0.4512779,-0.0580092,0.209358,-0.056820437,-0.097925134,0.22359405,0.14324947,0.3295868
8647,-5.09401,-0.3675001,-1.0960672,-0.5005157,-0.17355557,-0.26870131,-0.27123043,-0.10052192,-0.1589961,0.56130815,0.18985121
8648,-4.3957014,-0.13928585,-0.56960714,-0.27972773,-0.29073405,-0.23522836,0.2959185,-0.2515632,-0.314044,0.52389705,0.08467612
8649,-4.7796974,-0.071906425,-0.7227862,-0.46118113,-0.22278559,-0.10527965,-0.23428863,0.30431765,-0.029890565,0.5728639,0.08025772
8650,-6.1741557,-0.2966954,-1.2168746,-1.0908403,0.29509592,0.2220253,-0.1474273,-0.33029202,0.34766138,0.33453533,0.06398094
8651,-6.4110475,-0.13363478,-1.5347043,-0.6528291,0.15799193,-0.36678898,-0.22472712,0.055791534,-0.039133757,0.3365963,0.18461038
8652,-5.9174585,0.032386,-1.6296973,-0.92840433,0.16463628,0.27268058,-0.24086054,-0.29974687,0.46967697,0.5023613,0.0457807
8653,-5.7972264,-0.15470883,-0.974041,-1.100736,-0.12616554,-0.08468916,0.21868584,-0.3511923,0.025734015,0.9633645,0.55656266
8654,-5.1768713,-0.28777057,-1.2712641,-0.31586993,0.2948424,0.044484537,-0.12544614,-0.16814227,-0.12020986,0.2280164,0.43291074
8655,-4.889713,-0.2157228,-1.021054,-0.32200742,-0.10396483,-0.23270227,-0.10071902,-0.124807395,-0.4079718,-0.11896628,0.027501794
8656,-3.658927,-0.08530751,-0.90146375,-0.4354525,-0.08804204,-0.16791894,-0.031177245,-0.18039218,0.0282953,0.4013909,0.17688401
8657,-6.755845,-0.25879443,-1.2778516,-0.88217103,0.02654212,0.6645605,-0.20802441,-0.40599558,0.07239374,0.43307552,0.2625345
8658,-6.878318,-0.30812427,-1.2652365,-0.7626921,-0.4207755,0.11084417,0.2679917,0.21005312,-0.3417394,0.41954398,0.51599735
8659,-4.9046326,-0.3137726,-0.8625428,-0.46683317,-0.22970346,-0.32318693,-0.08015053,0.26541075,-0.3321589,0.39164966,0.18682066
8660,-5.361273,-0.10645558,-0.9636063,-0.63593525,-0.064193964,-0.019139227,-0.38079506,-0.37129644,0.20353417,0.6516127,0.25651821
8661,-5.3452163,-0.21662205,-1.0433061,-0.5259813,-0.12289355,-0.08092242,-0.16931008,-0.2830799,0.08843163,0.5737404,0.20847616
8662,-6.0588546,0.081915975,-1.2407047,-0.78615713,0.040623516,-0.333022,0.3058107,0.003964988,0.01490642,0.54300255,0.18327306
8663,-5.300024,-0.2831151,-1.159102,-0.56667095,0.3044377,-0.23026097,-0.41717586,0.0008540172,0.024247784,0.8026975,0.13597612
8664,-7.26518,0.19955236,-1.1358739,-1.1286383,-0.39099666,-0.4439491,0.052615132,-0.16675079,-0.029593362,0.67736405,0.5560303
8665,-5.26077,-0.14636564,-0.72695595,-0.63666546,-0.008853251,0.019825486,-0.063943245,-0.25860354,-0.062100515,0.13005535,0.36299142
8666,-5.1398687,-0.044379007,-1.2363385,-0.50285554,-0.35073954,-0.09502637,0.14448223,0.006696022,-0.11485712,0.63025224,0.50664103
8667,-6.170021,0.00925233,-1.2482197,-0.7185661,0.016059559,0.12703413,-0.12142017,-0.093931444,0.112703614,0.4070398,0.51529145
8668,-7.779693,0.23763561,-1.4216326,-0.6900024,-0.2781208,0.2947846,-0.38269904,-0.8137841,-0.048454806,0.19929999,0.25165424
8669,-6.6317177,-0.04556645,-1.996095,-1.1741327,0.41848212,-0.035603505,-0.16093531,0.025970684,0.008020793,0.6116496,0.23489001
8670,-6.3242865,-0.093407035,-1.5309474,-1.0054715,-0.11197054,0.33225548,0.048817463,-0.111704454,0.10507133,0.50557846,0.5966283
8671,-5.486321,-0.25224552,-0.98847264,-0.81461614,0.04482418,0.096995406,0.21227144,-0.1532693,0.36382377,0.6869354,0.2849605
8672,-5.4807515,-0.12517685,-0.89699,-0.5072769,-0.67946523,-0.18663867,0.17443982,-0.1871773,-0.42442763,0.44334832,0.49736017
8673,-5.9951806,-0.23561001,-1.338484,-0.7197328,0.034648564,-0.24999125,-0.23338106,-0.06597817,0.0011542141,0.29332715,0.0495346
8674,-4.273328,0.04563028,-0.9525703,-0.42793763,-0.42943373,-0.3105399,0.15841049,0.06374108,-0.28058997,0.24569492,0.16003814
8675,-4.005746,-0.12558205,-0.8469614,-0.43247798,-0.039971236,0.09479992,0.0009444421,-0.038983822,0.049118802,0.062335156,0.32910964
8676,-5.498023,0.110118605,-1.1793861,-0.26607594,0.27554283,0.025647808,-0.067953385,0.12556082,-0.21455702,0.048508767,-0.09360889
8677,-5.9567547,0.23247992,-1.156402,-0.4482574,0.32164392,0.394643,-0.11800001,-0.24400774,0.07345431,0.5767528,0.5195608
8678,-6.7558656,-0.19741502,-0.9655103,-0.66133434,-0.55643034,0.08350913,0.22501975,-0.33308592,-0.43372893,0.3904844,0.83992004
8679,-5.3794427,-0.28953236,-0.66416574,-0.8505929,-0.45450813,0.062287763,-0.118021004,0.35073882,-0.013740657,0.8841316,0.22036842
8680,-7.9790325,-0.1101635,-1.6070439,-0.71329385,-0.4738302,0.20208506,0.50819236,-0.5878693,0.06869878,1.2079389,0.46101055
8681,-6.2487245,0.046499133,-1.3118637,-0.5930097,0.033409283,0.22932215,0.14360026,-0.0426521,0.14368092,0.653812,0.24042356
8682,-4.6955743,-0.023514356,-1.4585959,-0.5577001,-0.026581885,0.091268405,-0.23964082,-0.2625067,0.0740144,0.4543504,0.39890292
8683,-5.2843213,-0.107587114,-1.1287603,-0.67136925,-0.24037246,-0.06702043,-0.1740787,0.01607834,0.03527078,0.75317967,0.45070213
8684,-5.0435286,0.044131786,-1.0299593,-0.57754564,-0.63769335,-0.0065236846,0.04604491,-0.4315939,-0.001064295,0.2670313,0.63835114
8685,-5.9745274,-0.17645547,-1.2655326,-0.72081566,-0.087563865,0.40911025,-0.34017494,-0.027177034,0.36148426,0.6741005,0.3182381
8686,-4.8284826,-0.106209666,-0.83431685,-0.3808515,0.17268701,-0.13546872,0.07149935,0.16619901,-0.044470035,0.36755252,0.16602649
8687,-5.1768756,-0.16241015,-0.8217923,-0.4606947,-0.43424442,0.18747899,-0.31500176,-0.27417883,-0.15649457,0.34082606,0.33680645
8688,-6.5029316,0.2677517,-1.295619,-0.46035042,-0.2620422,0.06862608,0.19940116,-0.03982106,0.040868945,0.55401796,0.2557862
8689,-6.554363,-0.020600423,-1.0995853,-0.568839,-0.29279003,0.34321135,-0.076895654,-0.47953677,0.3858251,0.7435819,0.33800128
8690,-6.8555064,0.16893591,-1.1465684,-0.56254274,-0.16684064,0.16015814,-0.10571427,-0.40061232,-0.2950041,0.15694708,0.23645599
8691,-5.0732646,-0.08221262,-0.84898657,-0.3658991,-0.113906205,-0.10842772,0.31921634,-0.18357852,-0.20964268,0.44051233,0.118170545
8692,-4.6854234,-0.19465643,-1.2204207,-0.56577986,-0.11380376,-0.12893908,0.07630458,-0.17139669,-0.12576424,0.37238705,0.2461813
8693,-5.853151,0.024745442,-0.791534,-0.35258344,0.12614062,-0.29561353,0.05323671,0.04467211,-0.40699935,0.17906877,0.20889895
8694,-7.011861,0.122092456,-1.2670251,-0.6320125,0.16063057,-0.40286362,-0.20134406,0.15556867,-0.08337173,0.23299412,-0.119573705
8695,-5.617682,-0.27646166,-1.5809554,-0.60195595,0.19679092,0.14422241,0.1971749,0.32990757,0.08827182,0.65936655,0.3424344
8696,-4.9121814,0.032171298,-1.1431658,-0.686879,0.079926014,0.12259044,0.16253763,-0.28246638,-0.21816759,0.6412701,-0.103072196
8697,-5.873073,-0.12174186,-1.0803648,-0.5236867,-0.045123782,0.081135914,0.16604283,-0.2072303,-0.050189495,0.2610224,0.41858935
8698,-5.3457346,-0.3989211,-0.9082485,-0.3154,0.11413368,0.111028135,-0.104415014,-0.18473525,0.17659804,0.4901309,0.21146928
8699,-5.456482,-0.39632097,-1.4691154,-0.9499527,0.2247008,-0.056473725,-0.25557026,-0.18594995,0.30566752,0.5458329,0.16984716
8700,-5.0458374,-0.053451892,-1.2202268,-0.36096114,0.38394064,-0.19568814,-0.27980214,0.18265828,-0.0093666725,0.3349517,0.064269125
8701,-5.1793523,-0.21252806,-1.0272015,-0.54896474,0.49672908,-0.299487,-0.3406855,-0.039483026,0.29547945,0.20985271,0.14693242
8702,-6.320131,0.020650435,-0.9717266,-0.55947244,-0.4502045,0.022116702,0.39630795,-0.012247808,-0.027176572,0.6271328,0.3440138
8703,-4.8923135,-0.09821149,-1.1970452,-0.5088288,-0.34246483,0.24837688,0.07935536,-0.33538684,0.3293527,0.6315616,0.28862536
8704,-5.304402,-0.060626972,-1.1498653,-0.6212837,-0.14179556,0.13749088,-0.013791126,-0.15390132,0.11482533,0.622906,-0.12654895
8705,-4.814736,-0.24778457,-1.6243081,-0.9140674,0.07282109,0.08350249,-0.2962047,-0.1832454,0.12416078,0.5703282,0.20411514
8706,-5.801927,-0.07791232,-0.7541766,-0.64045095,-0.20070416,0.062268388,0.18359163,-0.450926,-6.8483874e-05,0.65254277,0.45968428
8707,-5.757085,0.022869071,-0.90202487,-0.46775156,-0.1400063,-0.39721036,0.17159562,-0.005157071,-0.21112438,0.19281295,0.35141242
8708,-5.2555256,-0.16957696,-1.206655,-0.696247,0.029152501,-0.24729948,-0.03587745,-0.118606426,-0.2093597,0.39808863,0.1385025
8709,-4.794305,-0.0041056797,-0.836996,-0.41199574,-0.07483142,0.14404623,0.09815702,-0.40842262,-0.17898658,0.0844024,0.4828148
8710,-7.0344033,0.010639326,-1.4313059,-0.8713539,-0.40206507,0.49695623,-0.0037601357,-0.7622804,0.02374824,0.4507058,0.11776497
8711,-7.135199,-0.26706475,-1.6196587,-1.1400836,-0.108568914,0.03564001,-0.23538531,-0.58491683,0.3843743,0.97429854,0.25763527
8712,-6.4884963,-0.15239006,-1.5586417,-0.83501595,-0.38933522,0.45411754,-0.24258684,-0.27507773,-0.011255983,0.33828497,0.22717753
8713,-6.65459,-0.11773966,-1.1886227,-0.6983546,-0.17875123,-0.5273131,-0.0029172255,-0.067620136,-0.5606314,0.26780942,0.017767144
8714,-6.2655807,-0.31170183,-0.74859774,-0.9879996,-0.39324036,0.06114339,0.13427721,-0.035633847,-0.0681182,0.6982206,0.4622451
8715,-3.885869,-0.14326543,-0.85609555,-0.5463858,-0.27154386,0.055505473,0.1611363,0.080886036,0.10504944,0.3541526,0.50468975
8716,-6.818208,-0.031752236,-1.3497286,-0.88651603,-0.14349593,0.17242765,-0.021212384,-0.3557282,0.11552327,0.80131483,0.21603541
8717,-7.357058,-0.07452757,-1.7819198,-0.97640467,-0.13611169,-0.12723057,0.16003495,-0.2287281,-0.12562665,0.27301458,0.530014
8718,-6.212926,0.0010535708,-1.5256331,-0.60237783,0.3937433,0.079303764,-0.19832458,-0.20460555,0.17696252,0.6506861,-0.035385888
8719,-7.117149,0.2838924,-0.8137564,-0.39704067,-0.21809416,-0.70935726,-0.0807807,0.16342166,-0.41665313,0.16960162,0.20843357
8720,-4.5692935,0.03376827,-0.7035174,-0.42365462,0.23761554,-0.32957923,-0.009765531,0.098388866,-0.003501309,0.36804926,-0.0652209
8721,-7.01189,-0.3333942,-1.2105509,-1.0403876,-0.6986521,-0.2092447,0.095617436,-0.111888826,-0.25197384,0.7324899,0.2453997
8722,-4.7650743,-0.2760165,-0.8047521,-0.7056195,-0.38238898,0.2042432,-0.083164364,-0.3987691,0.18578501,0.31001103,0.55762726
8723,-6.6824794,-0.36130458,-1.4012567,-1.0104924,-1.1674864,0.25049627,0.12893882,-0.2074468,-0.074381486,0.35266745,0.7981295
8724,-4.274952,-0.06243695,-0.7767184,-0.37847248,-0.099163175,-0.03771723,0.19816072,0.09911605,-0.096911915,0.25986347,0.295248
8725,-5.562969,-0.13608295,-0.8536233,-0.62240314,-0.46321705,-0.018731566,0.20487483,-0.26287243,0.08639677,0.49865314,0.34763098
8726,-5.861166,-0.11675914,-0.98629516,-0.70923424,0.122589886,-0.08111868,0.020974021,-0.23496215,0.028931573,0.30212298,0.19161703
8727,-4.4207854,-0.06548598,-0.9696431,-0.52401733,0.24350564,-0.077525616,-0.21693298,-0.06450708,-0.013678608,0.5765588,-0.054938428
8728,-5.8135815,-0.0552002,-1.2525504,-0.7613721,0.19969663,0.11131096,-0.17531203,0.25465837,0.06123644,0.86294144,0.16580617
8729,-6.458398,-0.07418282,-1.2613082,-0.7675124,-0.17489901,-0.25522852,0.22431177,-0.40725735,0.049230643,0.52405345,0.28292513
8730,-5.6970363,-0.324899,-0.81280184,-0.6056425,-0.3156806,-0.024557374,-0.1847454,-0.2814892,0.21799515,0.58405584,0.08115693
8731,-6.9537163,-0.44939798,-1.1218591,-0.88004184,-0.12341166,0.16923502,-0.41975525,-0.35761568,-0.02356604,0.12179845,0.33957824
8732,-5.499653,-0.1397181,-1.0661956,-0.004035447,0.11917381,-0.01052014,-0.1521806,-0.11505323,-0.228474,0.42723277,0.20678174
8733,-5.0583854,-0.1375704,-0.8875516,-0.636991,-0.28445688,-0.1755318,0.34426063,-0.16033672,-0.18981443,0.3370462,0.34064063
8734,-5.154911,-0.21464092,-1.06677,-0.47648954,-0.06479989,0.007763983,-0.23748207,-0.048266478,0.13025236,0.907082,0.047218774
8735,-4.8435245,-0.27054045,-0.8353279,-0.3413875,-0.7417165,0.01288829,0.17677557,0.12650073,-0.12769131,0.5837335,0.33635718
8736,-5.04015,-0.04837051,-1.0035987,-0.18781231,-0.10563012,0.13872124,0.05314493,-0.2261042,-0.0501398,0.51365453,0.080023326
8737,-6.6730795,0.013064829,-1.6035588,-1.1038156,-0.20207292,0.4854793,0.19234486,-0.6408343,0.15893175,0.63830245,0.36659473
8738,-5.9403615,0.1301033,-1.0463719,-0.41839904,-0.1632661,0.2088741,-0.22941966,-0.21911469,-0.053508922,0.17900908,0.0140197985
8739,-6.296494,0.14136757,-1.4279556,-0.35972255,-0.15847081,0.24351634,-0.12312288,-0.44413948,-0.12349473,0.21385172,0.37316453
8740,-5.1406736,-0.21518488,-1.1981335,-0.35465002,0.16243489,-0.15741341,-0.28377715,-0.18516381,-0.20059438,0.63525414,0.14336784
8741,-6.469885,0.019649204,-1.4159492,-0.6768688,0.19957657,0.04472556,-0.14069173,-0.37069595,0.052700542,0.27286667,-0.07510999
8742,-5.646581,-0.24253275,-0.75031275,-0.76784796,-0.28295246,-0.12726885,0.052444223,-0.20638797,-0.15374917,0.34514546,0.55043
8743,-5.2719913,-0.1621812,-0.77315664,-0.38871673,0.03562887,-0.13968377,0.32774496,-0.22149415,-0.3255398,0.16976206,0.71191823
8744,-5.750964,-0.14288901,-0.95273733,-0.40216872,-0.29668763,0.14109121,-0.060560703,-0.30955082,-0.23768751,0.42261797,0.30173936
8745,-6.949912,0.16243318,-1.8122543,-0.93728244,-0.20068677,-0.12634104,-0.15067327,-0.47168463,0.041947223,0.5528128,0.2638382
8746,-6.0094,-0.3624735,-1.1998687,-0.8780996,0.1579997,-0.341541,-0.33376697,-0.1968971,0.24483822,0.51099414,0.10509927
8747,-6.656842,-0.08456862,-0.8472543,-0.8133962,-0.4623738,-0.056736626,0.69564897,-0.0032886919,-0.4439251,0.27331805,0.49850684
8748,-4.627107,-0.41030687,-1.1758324,-0.5568924,-0.04241279,-0.26640314,0.0062418994,-0.25504497,0.1411724,0.29422614,0.42898437
8749,-4.6015286,-0.24020001,-0.69902474,-0.6903841,-0.085971154,0.12813392,0.36254147,0.044662222,-0.12466134,0.16387643,0.43559483
8750,-7.2249236,0.21628152,-1.7649963,-0.87126476,0.051160946,0.23031142,-0.22785394,-0.91103315,0.41924444,0.33564168,0.348403
8751,-6.3766947,0.028873667,-1.2121125,-0.5857809,0.49954253,-0.076355964,-0.3302354,0.12777966,0.10106181,0.12430178,0.2234325
8752,-6.2187243,-0.38311577,-1.0498208,-0.35529417,0.1356965,0.07213698,-0.28593665,-0.4201758,-0.15201625,0.43813744,0.045906384
8753,-5.2651014,-0.036802612,-0.7888487,-0.38475135,-0.21896394,-0.17364818,-0.14223628,0.07907717,-0.10014385,0.5648458,-0.009598375
8754,-5.669315,-0.2756128,-1.1079459,-0.5471489,0.31882194,0.24327317,-0.25941542,-0.06506994,0.095065124,0.9340193,0.38175955
8755,-5.661238,-0.45075515,-1.0789753,-0.4654766,-0.1336088,0.19001849,-0.18496713,0.07962285,-0.08459385,0.50701106,0.4216218
8756,-6.766557,-0.13619235,-1.5318956,-0.51072854,0.33651766,-0.01061701,-0.18063642,-0.49123064,0.2770012,0.06126738,0.32710674
8757,-5.1516147,0.08617297,-0.9950041,-0.2898054,0.09552091,-0.035447206,-0.062445097,0.18472035,-0.29984662,0.11368876,0.23010316
8758,-5.3029523,-0.292822,-0.9006758,-0.40704346,-0.22762558,-0.29718935,-0.0005658148,-0.036376603,-0.09888339,0.30305704,0.054283097
8759,-7.342008,-0.20375691,-1.8907949,-0.31561142,-0.23150256,0.42902094,0.031162295,-0.4264575,-0.11842278,0.29082257,0.304471
8760,-5.1455965,-0.1626965,-0.88909155,-0.56090575,-0.6287956,-0.28176314,0.25885215,-0.053777233,-0.37936682,0.35469428,0.32786086
8761,-5.3409743,-0.21055953,-1.047897,-0.58319396,0.058960393,-0.18539843,0.047933944,0.16157025,-0.049912877,0.44756553,0.314955
8762,-6.606377,-0.18992683,-1.2847632,-0.7913919,-0.31106296,0.12138795,0.3199171,-0.20479536,-0.004260402,0.6207488,0.25116056
8763,-5.9439163,0.13257326,-0.63768613,-0.7300535,-0.22710714,-0.1234916,0.16324247,-0.2953721,-0.15713093,0.31082255,0.20735228
8764,-6.064629,0.26915407,-1.4044359,-0.44454944,0.3677444,-0.4100356,-0.29083222,-0.04255455,-0.10559993,-0.14503759,-0.05604633
8765,-4.6003003,-0.18500711,-0.6679987,-0.5840769,-0.53982306,-0.12653546,0.11452241,0.20929745,0.013920892,0.46855077,0.53416723
8766,-6.046965,-0.033321116,-1.4901401,-0.5913034,0.084596284,0.14890532,-0.08287593,-0.5372958,-0.117676586,0.37131906,0.03263268
8767,-5.408912,0.14136772,-1.0053979,-0.3862635,0.032800704,-0.22618102,-0.14631893,-0.08016257,-0.2525164,0.28227824,0.20699506
8768,-6.259596,-0.35160434,-1.0892507,-0.6318218,0.07709741,0.34385008,0.08929055,-0.5773294,0.17529683,0.6973336,0.15141842
8769,-6.378414,-0.0020305132,-1.1672285,-0.61332625,0.08905011,0.15364814,-0.02815967,-0.0939881,-0.24342646,0.18468902,-0.06696127
8770,-4.5048623,-0.2509879,-0.68270737,-0.365955,-0.35465464,0.3132913,0.016914867,-0.4241397,-0.038238138,0.115391694,0.2579174
8771,-6.353143,0.15022597,-1.0773563,-0.6248465,-0.3034721,-0.30550492,0.13292328,-0.4373827,-0.2656456,0.13258679,0.52024066
8772,-4.4527764,-0.3944134,-0.6949886,-0.64742184,-0.19456202,-0.195805,-0.08549346,-0.46836254,0.14705831,0.28697437,0.39607137
8773,-5.9878116,0.11955094,-1.2229228,-0.55964017,0.0377019,-0.29317737,0.04709355,0.050295554,-0.033562653,0.41094926,0.30197737
8774,-6.1611795,-0.26799172,-1.2803475,-0.45124692,0.41854262,-0.041212868,-0.20920736,-0.20822781,-0.019822406,0.22821584,0.556633
8775,-4.5137415,-0.23384808,-0.88615584,-0.40839377,0.067208424,-0.13821833,-0.033118278,-0.1316395,-0.24953364,0.20515962,0.17902654
8776,-5.13649,-0.047675896,-0.805715,-0.39092934,0.032547966,0.08505222,-0.009801759,-0.03970606,0.17819437,0.5637585,0.24550267
8777,-5.2071366,-0.35210386,-1.2006464,-0.9327701,-0.21229124,0.042294826,-0.20683365,-0.13498046,0.077874474,0.64551425,0.54141104
8778,-7.968962,-0.003140768,-1.5757723,-1.1050019,-0.009305175,0.3236261,-0.28235593,-0.7623315,0.23390841,0.71209407,-0.028640747
8779,-5.520881,-0.1840448,-1.0844952,-0.49264914,-0.17651582,0.256385,0.14507198,0.06940757,-0.2043276,0.5669354,0.2979751
8780,-5.695373,-0.31458166,-1.2271245,-0.27092597,0.09151812,-0.09675477,-0.1086074,0.13822721,0.0050544003,0.6816683,0.3430354
8781,-5.9758863,-0.07109518,-1.175489,-1.035753,-0.3662588,-0.31250507,-0.07273213,0.10726756,-0.1776654,0.52452123,0.434994
8782,-6.3404837,0.38008013,-1.9174352,-0.58533746,0.15073408,0.13842762,-0.08486603,0.064706735,-0.11314373,0.313458,0.46357659
8783,-5.7558246,-0.13893324,-1.0695871,-0.56607836,-0.26171765,-0.095806226,0.15886304,-0.40485424,-0.41458648,0.21100315,0.17286347
8784,-5.932908,-0.07252506,-1.1380228,-0.47505644,0.052121833,-0.40625274,0.25762606,0.0265216,-0.20589909,0.16208051,0.25898656
8785,-4.8816843,-0.20039313,-1.0756105,-0.7610595,-0.18187466,0.07554701,0.29884857,-0.37425107,0.07666032,0.36522126,0.19719915
8786,-6.323204,-0.13784441,-1.2280443,-0.26645342,-0.26876235,-0.14863166,0.026581943,-0.038711004,-0.05034986,0.22054528,0.557677
8787,-6.2273345,0.18929482,-1.4667664,-0.91670036,-0.41946283,0.15792648,-0.12518574,-0.56144565,-0.5127341,0.78823376,0.13376696
8788,-5.4854546,-0.24736433,-0.93854684,-0.67379665,-0.38786393,0.5266108,-0.25927097,-0.40972823,0.23555589,0.6397821,0.052014805
8789,-3.9090858,-0.12116568,-0.8103104,-0.63722247,-0.25165772,0.09442735,-0.0072456216,0.024176862,0.20792884,0.42144352,0.43989027
8790,-6.0158215,0.15743692,-1.2439073,-0.5793085,0.22319241,-0.485134,-0.35023937,0.025307767,-0.011456374,0.22536716,0.066897094
8791,-5.1142235,-0.17924841,-0.900356,-0.48733488,-0.11084712,-0.0037152441,0.25322226,-0.1237729,-0.29656827,0.11851439,0.10587829
8792,-4.591888,-0.020737473,-0.78845054,-0.56135917,-0.1986823,0.13348657,-0.028600723,-0.32765108,-0.037169836,0.36866376,0.30260488
8793,-5.1034913,-0.06965345,-1.363874,-0.7693818,-0.14008543,0.17297192,-0.013750135,-0.19086774,-0.08096096,0.31282398,0.2141173
8794,-6.1322107,-0.031209398,-1.2650787,-0.9139463,-0.10085959,-0.22038263,-0.0032479689,0.03878233,0.007763453,0.6145601,0.22345668
8795,-7.2239094,0.11189082,-1.7205157,-0.8667276,0.071403936,-0.31318915,-0.28326815,-0.67964286,-0.08871579,0.1860828,0.34625426
8796,-5.4123707,0.06348072,-0.93107635,-0.60675687,-0.09852421,0.042034592,-0.018315729,0.01245551,-0.030341158,0.1755906,0.5662587
8797,-7.6961594,-0.0130879795,-1.5204775,-0.29019842,0.06658092,0.14154844,0.112603955,-0.09615493,-0.42654738,-0.054644834,0.33277297
8798,-5.1316795,-0.037553195,-1.0878971,-0.40029475,0.027266437,-0.04951093,-0.21513775,-0.066382155,-0.29841745,0.3961726,0.26933795
8799,-4.593614,-0.42182288,-0.6218089,-0.7622813,0.10380831,-0.087379284,0.23308091,-0.070868276,0.07233478,0.17262538,0.37242973
8800,-5.931957,-0.17559381,-1.0398799,-0.89557403,-0.096172005,0.25155282,-0.24050768,-0.31803045,0.2904464,1.1509442,0.46062514
8801,-5.8407063,-0.3458295,-0.9367216,-0.61756104,-0.286906,-0.42595768,0.06796994,0.16871634,-0.12584144,0.5568006,0.60563004
8802,-5.031725,0.065016925,-0.82490665,-0.41017494,-0.03556258,-0.16468666,0.12233926,-0.30904555,-0.22760093,0.041408166,0.39829952
8803,-6.0119286,-0.3046621,-1.3177407,-0.61116683,-0.15350465,0.27441758,-0.29170227,-0.39033237,0.13146262,0.50325084,0.37159696
8804,-6.071097,-0.12685119,-0.8624429,-0.35777694,-0.4625933,-0.064756274,0.23288079,-0.6786886,-0.19064437,0.62855023,0.30154073
8805,-4.8076997,-0.03575389,-0.7876981,-0.5306659,0.06614491,0.051917862,0.21121922,0.22944622,0.010306321,0.36123583,0.33662954
8806,-5.028624,-0.14973551,-0.7901119,-0.71826756,-0.12985606,-0.26658636,-0.0050903475,-0.15564331,-0.06628611,0.36515665,0.03526629
8807,-5.558851,0.02638013,-0.9883838,-0.38983786,-0.7829618,0.14725998,0.08332366,-0.14484979,-0.03476531,0.4990947,0.2666113
8808,-5.9935203,0.04177479,-1.4195465,-0.88389057,0.27422315,0.21224655,0.02982327,-0.30236757,-0.29054484,-0.08647686,0.30872527
8809,-5.7257967,-0.077524096,-1.1169283,-0.67588085,-0.10390739,-0.21589595,-0.04681713,-0.20115717,-0.0028802454,0.35071006,0.17970736
8810,-4.6031604,-0.21122558,-1.123075,-0.758382,0.31738696,-0.10351127,-0.30975774,-0.22273652,-0.12756653,0.5141144,0.04028268
8811,-6.770734,-0.25529575,-1.6683624,-0.7255815,0.16575271,0.3144567,-0.10335195,-0.21323417,0.42737943,0.7041271,-0.059371635
8812,-5.2171636,-0.14669798,-0.7518225,-0.17408472,-0.28954655,0.19887553,-0.20143779,-0.47662145,-0.29462424,0.41589302,0.16098106
8813,-6.5065565,-0.26815093,-1.0876944,-0.60301566,-0.35196072,-0.11696339,-0.1827263,0.05985008,-0.5075565,0.47446373,0.57858604
8814,-4.710968,-0.27561885,-0.81397706,-0.451591,-0.43975696,-0.054167822,0.32589042,-0.21850583,-0.24637868,0.41352826,0.4968318
8815,-5.8219957,-0.26835266,-1.1402947,-0.9281292,0.43543527,0.19213535,-0.28906998,0.014226591,0.0570532,0.591146,0.14562495
8816,-4.8741765,-0.049401864,-1.0192598,-0.6819155,0.03678721,-0.27083075,-0.2240584,-0.04732477,-0.03959345,0.29847327,-0.09057748
8817,-5.42075,0.11647824,-0.79100996,-0.3626615,0.31863233,0.16637765,-0.1337843,-0.1360087,-0.14149791,0.33671904,0.18672389
8818,-6.4405756,0.005381142,-1.7331712,-0.22643308,0.22713354,-0.253851,-0.19342482,0.0997355,-0.1945313,0.21579002,0.39669856
8819,-5.749111,-0.18261147,-1.5930519,-0.7685988,0.2576461,-0.023001626,-0.26838145,-0.26254806,-0.17707138,0.38992345,-0.07758667
8820,-4.0582814,-0.25500724,-0.7964868,-0.6271967,-0.43289658,0.10881599,0.2234862,0.02035264,-0.17796658,0.3914666,0.3933187
8821,-4.31213,-0.04217398,-1.1175301,-0.35747132,-0.0893942,-0.07350344,0.3079614,0.08717144,-0.19851556,0.09433332,0.44068217
8822,-5.3567433,-0.113645405,-1.1827003,0.04200291,-0.25071096,-0.27997392,-0.060305953,-0.09265028,-0.36535987,0.30225167,0.25688705
8823,-6.920314,-0.39644727,-0.9614493,-0.8889871,-0.30382815,-0.38428968,-0.12017936,-0.045159467,-0.076736346,0.5393663,0.2233861
8824,-5.89017,-0.24566276,-1.1038183,-0.39036718,-0.56636214,0.19457534,0.09583012,0.07139147,-0.120199606,0.45647094,0.4725378
8825,-4.126872,-0.008738077,-0.84746486,-0.32403195,0.09309126,-0.10592944,0.08026079,0.038627744,-0.14642332,0.24939947,0.23192489
8826,-5.3990083,-0.3552277,-1.436903,-0.6109878,-0.04133568,-0.014205851,-0.092579365,0.045814306,0.24070562,0.63152134,0.1538277
8827,-5.57232,-0.5039996,-1.0471716,-0.42561135,-0.27804786,-0.07220737,0.09737276,-0.1347133,-0.2585528,0.1907178,0.5157043
8828,-6.110227,-0.014452976,-1.159947,-0.61069745,0.22721541,-0.27435285,-0.07723292,-0.33123696,-0.20712772,0.12800804,0.06497323
8829,-5.8082876,-0.437086,-1.2786688,-0.29924345,-0.13585539,0.39024615,0.034166567,0.07182888,0.016670069,0.9205171,0.5335466
8830,-6.4039564,-0.24227668,-1.4162817,-0.39707163,0.35259032,-0.2116431,0.076746896,0.36148208,0.10630644,0.36795473,0.22268079
8831,-5.3661633,-0.31066656,-0.87693286,-0.550296,-0.2885059,0.21368389,0.03580625,-0.2611639,-0.0992949,0.31332895,0.43236545
8832,-6.243748,-0.48376694,-0.9020664,-0.79727083,-0.07359974,-0.09934773,0.014342407,-0.22098993,-0.05409749,0.44355804,0.35980156
8833,-4.80026,-0.19638821,-0.7329792,-0.6108231,-0.3367312,-0.34553868,-0.02036998,-0.017861698,0.07749373,0.5295986,0.35477942
8834,-5.7636294,-0.05447926,-1.1082568,-0.56625754,-0.66333103,-0.31043428,0.410195,-0.13039707,-0.40059224,0.4205402,0.36761189
8835,-8.213638,-0.20722477,-1.6969497,-0.9456583,-0.5504325,0.32900155,0.085871115,-0.29253256,-0.3380927,0.5705571,0.6092788
8836,-7.0359125,0.13069579,-0.93299043,-0.88618594,-0.41680548,-0.40488702,0.07959523,-0.2881088,-0.22689351,0.2132557,0.7638369
8837,-6.231859,-0.16068377,-0.96376735,-0.70646167,-0.55157053,0.2180997,-0.023611486,0.025517121,0.1938267,0.7370403,0.5862411
8838,-6.2548513,-0.034706492,-1.4858407,-1.054772,-0.3405686,0.52522826,0.038060356,-0.41081104,0.31275135,0.55407524,0.6479086
8839,-4.667797,-0.39665902,-1.308299,-0.5043548,0.114795856,0.28954124,0.011029413,-0.26880905,0.11873623,0.2365861,0.4017341
8840,-5.3923235,0.07888898,-1.3042251,-0.5151829,0.16234118,0.0013529016,-0.28712752,-0.35094726,-0.117017254,0.253485,0.110431984
8841,-5.9874215,0.24769239,-0.9321868,-0.5132963,-0.025576515,-0.049072847,-0.04123013,-0.021682413,-0.0699105,0.42947084,0.42749453
8842,-5.294576,-0.004582043,-0.86345595,-0.7585531,-0.36971676,-0.27305686,0.15214777,0.0802948,-0.2303366,0.4819238,0.32262707
8843,-5.5793295,-0.03098473,-1.055686,-0.50782347,-0.08563059,0.3149643,0.13987078,-0.622586,0.1984944,0.30760333,0.30678406
8844,-5.5584803,-0.25021476,-1.1680483,-0.8922392,-0.5137136,0.36844188,0.37628913,0.036107212,0.14117458,0.80178046,0.6603811
8845,-6.1428876,-0.014188823,-1.581764,-0.52656215,0.1737349,0.097213365,-0.15518197,-0.12874399,-0.06911979,0.35421637,0.399135
8846,-4.2468657,-0.19076101,-1.0462176,-0.3664227,-0.011120515,-0.0053881556,0.0040710745,0.0007191552,-0.31116968,0.44076377,0.1306921
8847,-5.157835,-0.10981032,-0.86312693,-0.25559795,0.15431207,-0.29607344,-0.21448685,-0.10006419,-0.231723,0.39673677,0.049252026
8848,-4.843995,-0.098933876,-1.2377982,-0.4343348,0.14262496,0.026340343,-0.12546971,-0.04665813,-0.15667558,0.04980743,-0.039887458
8849,-7.522063,-0.34558377,-1.2159669,-0.599681,-0.07682604,-0.035516784,-0.3770097,-0.031316973,-0.23652048,-0.003537272,0.48934305
8850,-5.4752393,-0.3035436,-1.064136,-0.84407824,-0.55380183,-0.25327867,0.120139904,-0.16740839,-0.22067311,0.31120905,0.37670928
8851,-5.323979,-0.31887695,-1.1836655,-0.47545496,0.27800757,0.015117146,-0.2016261,-0.24092531,-0.14519392,0.31522542,0.2478591
8852,-5.3638206,-0.03194357,-1.2172267,-0.5752936,0.3645624,0.00425938,-0.13007364,-0.029974608,0.12694007,0.24863364,0.022234496
8853,-7.3104362,0.30420306,-1.6440098,-0.62673813,0.06881666,0.0787602,0.011856682,-0.031907544,-0.05236333,0.38441485,0.24630985
8854,-5.0391836,-0.14874536,-1.7771828,-0.4489031,0.3342512,0.28017712,-0.14234829,0.065736614,-0.2601445,0.33622164,0.40224892
8855,-3.6344,-0.30690104,-0.8371368,-0.43765572,-0.11693302,-0.043257933,-0.16090335,-0.3603737,-0.03975068,0.46616685,0.08793501
8856,-4.9503493,-0.2281237,-1.3287103,-0.49986207,-0.55514205,0.14911166,0.40166897,-0.46651784,-0.13248545,0.46726143,0.53194255
8857,-4.2311087,0.20026518,-0.76510817,-0.34192526,-0.25498354,-0.12562278,-0.09248057,-0.13568439,-0.19625828,0.33044064,0.10914528
8858,-4.949277,0.10649323,-0.91679245,-0.47591278,-0.3433147,-0.12415969,0.32962283,-0.16940519,-0.06962899,0.058444962,0.3242031
8859,-5.116755,-0.14814588,-1.1588186,-0.42788687,0.20325404,0.26214284,-0.017834429,-0.1412174,0.07527668,0.34930184,0.054362603
8860,-5.699509,-0.024258915,-1.1241909,-0.45149544,-0.05165065,-0.43716598,-0.1576389,0.06490195,-0.31723386,0.27233374,0.17161785
8861,-4.5872517,-0.06690737,-0.9047696,-0.1973322,-0.10523298,0.08882724,0.003650331,0.10017108,-0.13386601,0.60616463,0.2880089
8862,-6.8488317,0.21127777,-1.6283793,-0.3272794,0.17170739,0.24404368,-0.14933464,-0.31774527,-0.084709905,0.16974062,0.067350104
8863,-5.699118,0.037019357,-1.1516105,-0.838089,0.19559693,-0.06789233,-0.30389732,-0.25965413,0.08455247,0.9323734,0.30640548
8864,-6.5333457,-0.22831663,-1.3107663,-0.67193764,0.2273728,-0.13609442,-0.065529265,0.010084418,-0.3707747,0.096832655,0.34141743
8865,-5.0268755,0.043548133,-1.3156589,-0.61704457,-0.035050437,0.5348642,-0.04527847,-0.3234735,0.00046711694,-0.11049769,0.039924644
8866,-4.601905,0.23074736,-0.8797936,-0.27322975,-0.0479793,0.08406442,0.21350949,-0.14558314,-0.23254909,0.29466537,0.116738744
8867,-6.413603,-0.3479808,-1.4857943,-0.9143931,0.3602484,0.22903384,-0.0026284875,-0.1289689,0.08205826,0.97685957,0.2306471
8868,-5.2375584,0.02847207,-1.2400109,-0.42771375,-0.19332564,-0.2561826,0.01922463,0.05654215,-0.19583984,0.4085697,0.36715776
8869,-5.9468455,-0.21310522,-0.73061395,-1.0169991,0.20492974,0.016026527,-0.10331049,0.0062605664,-0.032738976,0.3379665,0.46778715
8870,-7.457262,-0.14155404,-1.7792087,-0.69516826,-0.18242793,-0.23290141,0.11080233,0.5038799,-0.47661066,0.16500542,0.6359203
8871,-5.7105923,-0.36581028,-1.0885929,-0.41675615,0.1241317,0.0774365,0.019748222,-0.054004796,-0.3601581,0.083931334,0.42488375
8872,-5.7024837,-0.4876398,-1.1363331,-0.80108184,-0.5678081,0.21603546,0.39594433,-0.079206795,-0.14746147,0.8198874,0.67694855
8873,-5.6231384,-0.40421933,-1.0659387,-0.82452077,0.023209402,0.073469885,0.25014934,-0.037295356,-0.077206925,0.58060753,0.23878072
8874,-7.535164,0.016066415,-1.7360268,-0.7724421,-0.105432004,0.33284783,0.34733298,-0.28641322,0.4018808,0.9833565,0.57527214
8875,-4.6328034,-0.21707633,-0.7251944,-0.51742655,-0.11447909,-0.28196943,-0.27568498,-0.07989523,-0.19604494,0.41300693,0.29293284
8876,-4.747054,-0.18052554,-0.8399122,-0.47013682,-0.25201488,-0.17389321,-0.07305011,-0.25314656,0.12333182,0.20480302,0.40943483
8877,-5.039862,-0.004653001,-0.85525197,-0.43136203,-0.057924293,0.08587225,-0.0041921446,-0.14507248,-0.09180073,0.055371378,0.38173097
8878,-6.3581376,-0.18828638,-1.255679,-0.30410182,0.2565668,-0.38839322,-0.3142773,-0.01821774,-0.4932617,0.32207003,0.08336464
8879,-7.1214314,0.36155823,-1.5323279,-0.69267887,0.14242719,0.0128178205,-0.07481892,0.08704904,-0.2171678,0.4350648,0.54387355
8880,-6.9230824,-0.30084854,-1.2141542,-1.1119934,0.084685355,0.23240094,-0.12890808,-0.3269039,0.46654662,0.7334983,0.548038
8881,-6.983033,0.053990588,-1.3102473,-0.7391876,0.06315214,-0.05685833,-0.2520512,-0.40604493,-0.043617994,0.46875137,0.14763492
8882,-4.8892217,-0.14251672,-1.240517,-0.72279197,-0.2699994,-0.08934239,0.13574651,0.08057372,-0.095866576,0.34143937,0.26452625
8883,-7.4086146,0.014016711,-1.7078924,-0.6723312,-0.9201669,-0.13295422,0.21577735,-0.029277174,-0.5583612,1.0732958,0.830851
8884,-6.565944,-0.0748528,-1.4646705,-0.3959357,0.25664684,0.031196522,-0.40981194,-0.2541596,-0.21876477,0.21323764,-0.15981834
8885,-3.828403,0.047030073,-0.8061562,-0.36493224,-0.1520558,0.052872606,0.079021804,0.070324324,-0.1719509,0.20594123,0.38184884
8886,-7.053435,-0.17837751,-1.0077854,-0.95951456,-0.305724,0.00510454,-0.12595227,0.15888497,-0.07510336,0.5933345,0.62725884
8887,-6.379401,-0.22906958,-1.0683953,-0.33114293,-0.25365174,0.17688808,-0.124870054,-0.38341445,-0.23799406,0.3901439,0.36471525
8888,-5.3745823,-0.24475108,-1.1632645,0.07951475,-0.37504044,0.21607319,0.06876384,-0.38085735,-0.37370712,0.5362483,0.39896968
8889,-6.0460157,-0.3383455,-1.1651162,-0.40316355,-0.09398343,-0.002331513,-0.014842366,0.28477043,-0.20729427,0.66372484,0.20921321
8890,-5.156811,-0.0042325696,-0.79298645,-0.3493944,0.43983588,-0.14910032,-0.268714,0.018514141,0.109763585,0.10155735,0.19358858
8891,-5.7031446,-0.03603545,-1.0524906,-0.7394709,-0.34604046,0.08265267,0.2957308,-0.45816994,-0.20917743,0.18849777,0.5910342
8892,-4.8566074,-0.09990437,-1.152669,-0.6724975,-0.524502,0.12091241,0.27110973,-0.4293042,-0.0066076554,0.5711413,0.20858538
8893,-4.7859073,-0.08231536,-0.8896522,-0.15598045,0.21250471,-0.23110762,-0.32562956,0.041629158,-0.11830796,0.25893036,0.09554012
8894,-4.31211,-0.005258183,-0.7665006,-0.49727434,-0.1458657,0.027604941,-0.08275062,-0.42559993,-0.19105364,0.39180908,0.028543573
8895,-5.23441,-0.1623469,-0.72410274,-0.664119,-0.5457876,-0.24830477,-0.10714872,-0.13760757,0.020981524,0.6091939,0.23688748
8896,-5.775361,-0.2278827,-1.3130119,-0.78217137,-0.42442518,-0.24266352,0.06984509,0.017485427,0.24345766,0.5145194,0.6123583
8897,-4.920601,-0.28763455,-0.9613696,-0.715734,-0.43201956,-0.016960537,0.06252331,-0.3347648,-0.1542352,0.5034435,0.67394024
8898,-7.232606,-0.5051036,-1.6355035,-0.30972886,0.13925543,0.3595826,-0.16189508,0.22321309,-0.3186303,0.34983516,0.49210915
8899,-8.278855,-0.18713588,-1.6729476,-0.5053688,-0.09582975,0.22352141,-0.062439293,-0.31357056,0.0027056169,0.19760244,0.52183783
8900,-5.5388603,0.19948259,-1.1151313,-0.59655654,-0.14396574,0.031373933,0.014572182,-0.012640595,-0.17963395,0.0747985,0.37976864
8901,-4.922709,-0.09521016,-1.2762436,-1.0148042,0.05847774,0.27557594,0.08118908,-0.10238075,0.06766917,0.25533843,0.49734142
8902,-6.0618615,-0.1659084,-0.9985191,-0.7595044,-0.41027242,0.048302792,-0.2951932,-0.22936924,-0.042750128,0.648149,0.5633877
8903,-5.350129,-0.06697799,-1.044691,-0.63122576,-0.0723776,-0.30638367,-0.18333486,-0.08248031,-0.18993239,0.61421114,0.16454281
8904,-4.902323,-0.22810641,-0.9861186,-0.80921847,-0.0007083998,0.0970485,0.1235575,-0.27247855,0.11580605,0.71556497,0.27520752
8905,-6.0047507,0.28334856,-0.82646656,-0.42980433,0.3193108,-0.3291257,-0.14363278,-0.21615186,-0.1158631,0.08631984,0.20931102
8906,-5.2914677,-0.18642184,-0.7873017,-0.6957087,-0.47658804,-0.07765958,0.27014473,-0.3746208,-0.20498048,0.15030245,0.6186691
8907,-6.006272,-0.13766006,-1.3093103,-0.8936345,-0.1281418,0.3911804,-0.034542747,-0.39204744,0.2947851,0.7204497,0.102010846
8908,-6.199508,-0.46411538,-1.2527416,-0.8156946,0.0059726476,-0.0038224496,-0.1308824,-0.4750562,0.14645295,0.37734276,0.57778156
8909,-5.1576953,-0.14350021,-1.1831177,-0.76125723,-0.059425227,0.10306113,0.15503177,0.06968427,0.2763898,0.7487806,0.39063656
8910,-4.68987,-0.12771358,-1.1022917,-0.72649837,-0.4249829,-0.22629274,0.001292821,-0.15859479,0.033257525,0.52114516,0.16810226
8911,-7.5302734,-0.12737358,-1.534414,-0.77919316,-0.38903916,0.05878159,-0.18789366,-0.45505726,0.07855261,0.15876384,0.71634763
8912,-6.1871223,-0.5840406,-1.0045755,-0.5806019,-0.64314085,0.3187282,-0.2858428,0.23851906,0.06406273,0.8985472,0.19218268
8913,-6.209713,0.22733124,-1.2297772,-0.29180473,-0.039451264,-0.2089982,-0.28515926,-0.03457217,-0.24452768,0.03966967,0.39451954
8914,-5.3583856,-0.16042745,-0.7025614,-0.42564607,-0.67570007,-0.09746465,0.20168306,-0.14993449,-0.20480248,0.4851386,0.3596173
8915,-4.519091,-0.16254131,-1.3353403,-0.39480567,0.059664823,0.43483043,-0.029428065,-0.1091811,0.013568628,0.20214257,0.22581339
8916,-6.568543,-0.07329713,-1.3968003,-0.6966847,-0.082246885,-0.16179883,-0.104237586,-0.021453673,-0.07653965,0.64425653,0.7669683
8917,-5.6316705,0.015072377,-1.1845702,-0.5871335,-0.4776176,-0.21816927,0.105128944,-0.09232796,0.040425554,0.3347369,0.31812972
8918,-5.9715796,-0.13260661,-1.1181442,-0.19053642,-0.019092977,0.08609308,0.079827234,-0.16303958,-0.4827729,0.76313305,0.36866933
8919,-6.6527042,-0.25190848,-1.382223,-0.99557316,-0.2912643,-0.10780706,0.0299307,-0.18045282,-0.027385684,0.51643807,0.54863316
8920,-4.265075,-0.14048539,-1.026233,-0.71167505,-0.13178231,-0.12573366,-0.095322415,-0.20988697,-0.0021177512,0.4556157,0.26046464
8921,-7.9767923,-0.07781519,-1.58455,-0.97167957,-0.062114105,-0.10203694,-0.017651685,-0.55566794,0.06571919,0.4900291,0.32598016
8922,-7.0582066,-0.027139697,-1.3773865,-0.93114185,-0.4336676,-0.1899031,-0.12505504,0.32747298,0.4318651,0.96698624,0.5015648
8923,-5.7681885,0.038793664,-1.3931772,-0.47327992,-0.09260539,0.2542649,-0.024809677,-0.36981228,0.016381288,0.6573721,0.45171535
8924,-6.2768326,-0.13798063,-1.4933764,-0.4961285,-0.30100098,0.2544555,0.43805984,-0.08721144,0.033640437,0.40606552,0.5001654
8925,-5.1804075,-0.20903926,-1.0054007,-0.6112854,-0.24687508,0.0053734574,0.024270017,-0.4720353,-0.06309474,0.32805282,0.46992022
8926,-5.8562493,-0.3727677,-1.0430201,-0.5501947,-0.3579854,-0.047133338,-0.023911297,0.0454505,-0.19675617,0.5653982,0.121830255
8927,-6.455205,-0.068404436,-1.0994643,-0.83094597,-0.30224407,-0.3914038,0.30809057,-0.007397402,0.073673695,0.75094366,0.5308288
8928,-5.540155,-0.21067692,-0.9928161,-0.47198293,-0.4240886,0.23454319,-0.0037160553,-0.30856848,-0.37726933,0.313142,0.5341934
8929,-4.689282,-0.045946676,-1.0173703,-0.5306292,0.023660405,0.030412633,0.11372428,-0.091446735,0.09384184,0.569234,0.20305067
8930,-8.179949,-0.32163483,-2.0734859,-0.92776465,-0.19055508,-0.04244233,-0.14839524,-0.3192108,-0.36757475,0.31053692,0.44035113
8931,-6.0783825,0.15742245,-1.1729431,-0.92053014,-0.47747806,-0.5915034,0.40697494,-0.09067658,-0.20466252,0.35813224,0.40041238
8932,-5.337443,-0.42521366,-0.7617127,-0.6614083,-0.2580619,0.16539253,-0.026076525,-0.3296969,-0.08207594,0.49423286,0.37580577
8933,-5.8434815,-0.29680488,-1.0610929,-0.9623287,-0.54385036,-0.016216852,-0.17891502,-0.3781044,0.26200062,0.82993567,0.60981894
8934,-5.7180557,0.0017236457,-1.3836102,-0.4618586,0.4436889,0.064094506,-0.41349348,0.014628271,-0.019545274,0.1622682,-0.09189823
8935,-6.1668897,0.2291631,-1.3285433,-0.51893896,-0.2598553,-0.21988617,0.15263957,-0.14560397,0.16693485,0.5738992,0.36096692
8936,-6.3875856,-0.15805206,-1.5472677,-0.8509138,-0.059869252,0.4441564,0.10972967,-0.26933616,0.088322744,0.62591827,0.6788268
8937,-5.0191298,-0.15992898,-0.91074765,-0.53070825,-0.08117359,0.27479953,0.22592501,0.26072282,-0.09061418,0.5662462,0.29899874
8938,-4.1999507,-0.16082738,-0.6615283,-0.4710456,-0.084409416,-0.25506568,-0.21208975,-0.26452073,-0.23501901,0.4232923,0.11816991
8939,-6.0925593,0.14783531,-1.283475,-0.8768333,-0.29771566,0.104504496,-0.08659263,0.03765248,-0.019204581,0.46122772,0.5148606
8940,-4.604069,-0.31581783,-0.8588539,-0.5527884,-0.046547566,0.021068947,0.24575438,-0.017811265,-0.084150426,0.118701085,0.27657717
8941,-6.398658,-0.2857797,-0.88747114,-0.283735,-0.054092027,-0.18882449,0.085394725,0.0422993,-0.33048797,0.20784083,0.33057562
8942,-5.90019,-0.27144557,-1.0622805,-0.6484144,-0.4142412,-0.1503359,0.1072321,-0.021684414,-0.12633818,0.5523176,0.26847148
8943,-6.5101905,-0.12138726,-0.9969147,-0.8692959,-0.48528862,-0.15460648,0.27326137,-0.32921207,-0.21402067,0.6224407,0.201735
8944,-6.0824833,-0.02293149,-1.0580853,-0.6154711,-0.14027876,0.06803349,0.23930156,0.1542645,-0.2005184,0.65503484,0.71467525
8945,-5.186111,-0.26036528,-1.2433133,-0.58088243,0.15585162,-0.16201428,-0.24687503,-0.23936565,0.0036694054,0.38420773,0.08015335
8946,-6.0622683,-0.13007097,-1.321631,-0.48234758,-0.06339834,0.44471163,0.0680779,-0.0165905,0.16783628,0.7299251,0.4146825
8947,-5.952141,-0.28680706,-1.0620675,-1.0187366,-0.0179686,-0.14963122,-0.19300319,-0.4782256,0.36568272,0.7002331,0.204483
8948,-5.0088735,-0.156798,-1.144419,-0.82336026,-0.15562917,0.04107869,0.03171139,-0.3319248,0.28905168,0.4661866,0.4370688
8949,-5.414902,-0.30689335,-1.0716199,-0.3729381,-0.2802228,-0.2289036,0.2765843,-0.1010473,-0.12956508,0.43540028,0.20130008
8950,-5.734488,0.045231048,-1.176631,-0.3645924,0.16521324,0.2758329,0.03606487,0.0980976,-0.030808097,0.21040358,0.3106804
8951,-5.954567,-0.17570554,-1.1917775,-0.27732587,-0.518864,-0.6328054,-0.018476833,-0.26507285,-0.39507446,0.2810002,0.6154156
8952,-5.286796,-0.20420487,-0.88475317,-0.38621572,-0.5721022,0.0748734,0.115072004,-0.39847916,0.054051965,0.4750356,0.69357586
8953,-5.6048646,-0.1593023,-0.66867316,-0.57285917,-0.044587694,-0.07423677,0.18888375,-0.09460847,-0.27068713,0.49389774,0.51640624
8954,-8.085627,-0.019515198,-1.5236053,-0.57832164,-0.6273998,0.28082544,0.06667847,-0.29899198,-0.36350456,0.2623705,0.64205873
8955,-5.482357,0.06662707,-1.2473037,-0.68607867,-0.07371348,-0.024598885,0.026738718,-0.1390249,0.20831525,0.56836075,0.20244281
8956,-4.64931,-0.155957,-0.9026517,-0.5498085,0.107091725,-0.04889013,-0.033981428,-0.13473444,0.09122431,0.574791,0.3007036
8957,-6.882583,-0.18367186,-1.2853684,-0.624536,0.30547047,0.24036317,-0.15873839,-0.28307393,-0.20311879,0.38555092,0.112850435
8958,-4.869273,-0.16532083,-0.9301678,-0.8312275,-0.16767184,-0.093876675,-0.05489681,-0.13411558,-0.07579747,0.7885909,0.42099258
8959,-7.6431518,0.044358645,-1.6884704,-0.64220095,-0.067916945,-0.107419975,-0.08053816,-0.13382599,-0.20502366,0.3270927,0.4889706
8960,-4.7229724,-0.30054143,-1.126424,-0.6636982,-0.38943085,-0.089577764,0.23823784,-0.39826128,-0.075295046,0.3326432,0.3290342
8961,-6.0480275,-0.05106309,-1.2168577,-0.6910608,-0.34369346,-0.25538552,0.22405247,0.33675247,-0.11107661,0.40863615,0.6052566
8962,-5.155324,-0.1269225,-0.84368896,-0.7144758,-0.012952138,0.34601307,0.1457995,-0.11830003,0.37283862,0.85722315,0.57202667
8963,-5.6934996,-0.09497512,-1.5981231,-0.9460775,-0.10794165,0.29565984,-0.1655227,0.057536192,0.06367331,1.0013492,0.45535284
8964,-6.078119,-0.2764625,-1.1641603,-0.9681868,0.41363192,-0.08482858,-0.34385014,-0.22343294,0.18735486,0.34571773,0.36402977
8965,-7.0061574,-0.095647566,-1.5081972,-0.7295284,-0.58618057,-0.25386065,0.41566458,0.28922984,-0.32970172,0.6857162,0.63051295
8966,-5.550129,-0.18204951,-1.3138283,-1.0502964,-0.18689962,0.2547172,-0.24996059,-0.4158828,0.4193619,0.6606399,0.72556925
8967,-5.8224354,0.004753294,-0.95524293,-0.47207126,0.09007647,-0.056886725,-0.06803969,-0.5129415,-0.16692843,1.0386511,0.12701151
8968,-4.987116,-0.07286082,-0.9044607,-0.44919437,-0.5211987,0.056284547,0.1624215,0.05108501,-0.27219707,0.28395876,0.3763405
8969,-4.7671785,-0.13254024,-0.87882787,-0.6085862,-0.365167,-0.22101332,0.29318994,0.019255038,-0.16199382,0.29329526,0.45106092
8970,-5.845251,-0.14862798,-1.3774022,-0.39039928,0.31525457,0.20029806,-0.05982483,-0.31200284,0.21153177,0.1447056,0.19060943
8971,-6.2223945,-0.07862669,-1.458177,-0.9459751,0.2518975,0.1788242,-0.67430454,-0.6608775,0.38034874,0.52465415,0.123779066
8972,-8.196106,-0.12402889,-1.6180983,-0.7898958,0.318138,0.4052813,-0.11660222,0.015715176,-0.13440873,0.22844474,0.0648737
8973,-5.692096,-0.29763708,-0.70231694,-0.54409456,-0.53086823,0.123948775,-0.05435308,-0.14665718,0.2043317,0.9044972,0.5716544
8974,-4.6885242,0.08730256,-0.82016575,-0.3818189,-0.106588654,-0.09970741,0.013023546,-0.16564447,0.2075673,0.3167733,0.4601218
8975,-4.806648,0.08758433,-0.9558502,-0.6153131,-0.11105232,-0.07316481,0.06387043,-0.19134411,0.11022777,0.5424879,0.29405758
8976,-5.465523,-0.08812155,-1.4418148,-0.5826901,-0.21835361,0.28422225,-0.20360163,-0.188567,0.22753213,0.61089104,0.42072865
8977,-5.033391,-0.2517415,-1.3855666,-0.8392694,-0.03194592,-0.09292286,0.20469624,-0.26242453,-0.10431211,0.18247628,0.30984637
8978,-5.4088545,-0.26101565,-0.7987916,-0.20588675,-0.054949693,0.31052083,-0.121163584,-0.5561459,-0.14066215,0.28435498,0.3232405
8979,-6.1848383,-0.14633797,-1.0111349,-0.75172615,-0.3244224,0.16877888,0.38756242,-0.3485695,-0.1065345,0.021814777,0.633219
8980,-5.120197,-0.12575375,-1.0000827,-0.38035727,0.3329162,0.23276025,-0.14430028,-0.4457424,-0.08825603,0.008130888,0.19329932
8981,-7.220171,-0.54316235,-1.364203,-0.88870054,-0.30320305,0.3691663,-0.0777394,-0.2477336,-0.07669618,0.6407741,0.29563576
8982,-7.6733356,0.0673111,-1.1311376,-0.56825995,0.18715292,-0.3010015,0.26745686,0.07762653,-0.40084735,0.085864365,0.41269487
8983,-5.053251,-0.35673553,-1.1591305,-0.5902701,-0.24519613,0.08588652,0.12195286,-0.10922712,-0.37118012,0.6129963,0.3725264
8984,-6.0645175,-0.23816362,-1.299358,-0.48236212,0.5085029,0.39287478,-0.3961498,-0.40570825,0.046107877,0.28090674,0.1470053
8985,-6.0986633,-0.11974491,-1.2656618,-0.59806645,0.40039834,-0.28185362,-0.30291322,-0.1272522,-0.21174173,0.4445354,0.13374105
8986,-4.112411,0.036375634,-0.7332664,-0.019845773,-0.07688904,0.0076818108,-0.018447429,-0.07791967,-0.16870843,0.35767594,0.085359715
8987,-5.043228,-0.20398979,-1.1588807,-0.66355205,0.12346948,0.41758174,-0.05820398,-0.29733914,0.2215028,0.22118498,0.31707713
8988,-5.8841844,-0.46277523,-1.7162951,-0.50934845,0.12050675,-0.05970238,0.21530077,0.03807363,0.119396925,0.3275516,0.5639795
8989,-6.7337146,0.09236694,-1.7461839,-0.72812736,-0.28488702,-0.48033845,0.24685323,0.15380438,-0.32705477,0.25463817,0.6674236
8990,-6.777622,0.017129,-1.6936699,-1.1374242,-0.023090279,-0.025179446,-0.5479091,-0.28961706,-0.0362005,0.33186218,0.3751783
8991,-4.6737833,-0.2704128,-0.9327191,-0.4552776,0.06770848,-0.16418143,-0.23686628,0.07985443,-0.058320507,0.5256547,-0.014862263
8992,-5.6100454,-0.07035382,-0.7769617,-0.5093738,-0.45449457,-0.05128688,-0.14611416,-0.46547264,-0.32883066,0.433878,0.40717104
8993,-6.0782456,-0.007833186,-1.266286,-0.46600765,0.15825674,0.32832462,0.052177418,-0.0051588817,-0.1894747,0.53873885,0.33692884
8994,-6.7656364,-0.15832181,-1.5842363,-1.0345888,0.40840113,0.34478867,-0.17132679,-0.63004726,0.14151242,-0.07086434,0.49092785
8995,-5.1905265,-0.18003756,-1.2158359,-0.8072008,-0.5287432,-0.15192083,0.20262451,-0.05708342,0.1584351,0.4065154,0.3974882
8996,-6.2706256,-0.18949205,-1.5191033,-1.1541072,-0.18698981,0.07488041,0.16868328,-0.081634544,0.04227455,0.7389656,0.6619581
8997,-7.257485,-0.3222261,-1.5540307,-0.5402682,0.017183514,-0.14199609,-0.15786253,-0.03501734,-0.30409437,0.27404127,0.108821906
8998,-5.2978168,0.1330243,-0.8465732,-0.58210886,-0.38025028,-0.5507129,-0.19031063,-0.28575954,-0.39957237,0.43971202,0.4012056
8999,-6.334894,-0.10663872,-1.0284238,-0.32525316,0.101253636,-0.4417284,-0.29031464,-0.032129988,-0.33461392,0.50737274,-0.28271776
9000,-5.546778,-0.04322611,-1.4758713,-0.72143656,-0.09064671,-0.29599023,-0.0904579,-0.48428997,-0.1741509,0.53332883,0.2819177
9001,-5.7205286,0.023974903,-1.1945472,-0.18410827,-0.26001036,0.27502865,0.19353569,-0.4817869,-0.45346376,0.71009547,0.4157177
9002,-4.73529,-0.0766567,-1.3552202,-0.60831106,-0.14577536,-0.029137835,0.15831293,-0.2944032,-0.025918862,0.34448087,0.308021
9003,-3.6612267,-0.2987481,-0.5457052,-0.5090764,-0.35044354,0.05147583,-0.16573748,-0.24895456,0.049567044,0.35382882,0.40733856
9004,-7.831483,-0.08076743,-1.5068614,-0.9234848,-0.47795653,0.40952188,0.05778041,-0.39377445,-0.0691008,0.09512444,0.3851338
9005,-8.146584,-0.17108782,-1.3324671,-0.75821924,-0.484598,0.11314849,0.05534597,-0.14938429,-0.51855063,0.21426123,0.8220781
9006,-5.3092504,-0.19442478,-1.2199246,-0.81417114,0.25324464,0.08238772,-0.07799297,-0.374083,0.22191714,0.48468804,0.25915414
9007,-5.024192,-0.13837868,-1.0295093,-0.6230269,0.24021542,-0.3629278,-0.055487543,-0.15102607,-0.09955223,0.3097449,0.08415568
9008,-4.528272,-0.02895042,-0.86914986,-0.56885797,-0.16919053,-0.073306546,0.10438754,0.07545718,-0.10262304,0.47197214,0.23931241
9009,-3.8543055,0.012915979,-0.57219553,-0.38050416,-0.32396248,0.023515264,-0.07075899,0.15230063,-0.023568211,0.23640378,0.30018246
9010,-6.29057,-0.21729039,-1.0276858,-0.8095641,-0.19443706,-0.19510143,-0.0709813,-0.49477497,0.028396627,0.07065971,0.33188766
9011,-6.775246,-0.23233297,-1.1526421,-0.63247126,-0.54826796,0.012905971,0.25045338,-0.14814505,-0.48130327,0.30618244,0.4395962
9012,-6.5354614,-0.3033428,-1.2105244,-0.7700913,-0.33907264,0.074302584,-0.021358669,-0.14772,0.13572118,0.5875603,0.80480593
9013,-5.6018114,0.03070179,-1.3492754,-0.601342,-0.3326088,0.3191216,0.022685884,0.1260861,-0.086444765,0.23717134,0.69374627
9014,-5.5896935,-0.21554239,-0.9769415,-0.58432585,-0.4030801,0.49848938,0.25742957,-0.36854437,0.043499023,0.42187294,0.44690582
9015,-6.9000325,0.064673305,-1.017605,-0.77320594,-0.7476397,-0.25654423,-0.019527521,-0.109893315,-0.26216733,0.5900118,0.3885987
9016,-6.60853,-0.08160795,-1.2585037,-0.7032606,-0.27015254,-0.08064728,0.022964098,-0.124642946,-0.46908686,0.28711003,0.52684146
9017,-6.0424395,-0.082824245,-0.993618,-0.765831,-0.24333882,-0.05257057,-0.25003698,-0.50736433,-0.21220507,0.11175393,0.43119743
9018,-4.863742,-0.26082346,-1.2905979,-0.3817527,0.023909068,0.5287859,-0.010508661,-0.13872878,-0.07073126,0.3845678,0.30509377
9019,-5.2413406,0.1232875,-1.3096097,-0.5062574,0.24819443,-0.16822948,-0.055444315,-0.032395966,-0.2742932,0.14924428,0.18434848
9020,-7.011417,-0.27543116,-1.5536845,-0.88027143,0.03120021,-0.052517854,-0.39830524,-0.13603184,0.2636196,0.58080924,0.023487337
9021,-5.569884,-0.23012812,-1.1245501,-0.8612743,-0.54421854,0.20298891,0.09099912,-0.35281524,0.2562609,0.61087525,0.80404556
9022,-4.834302,-0.06506086,-1.1232892,-0.62497836,-0.042551406,-0.38630396,-0.113678455,0.10355236,-0.24808066,0.32704568,0.12623112
9023,-4.717465,-0.090871915,-0.855086,-0.6039315,0.08753349,-0.020182686,-0.13630915,-0.20197801,-0.19257577,0.31834817,0.24967673
9024,-5.150855,-0.2284881,-1.3187175,-0.7885375,-0.30986837,0.041385528,-0.08701851,-0.6853833,0.123893216,0.18910787,0.46426177
9025,-4.5675535,-0.098938115,-1.1017398,-0.29186583,0.42214113,0.13321973,-0.058143906,-0.067956984,0.07121059,0.2949668,-0.17136738
9026,-6.083393,-0.41427794,-0.9760644,-0.62713385,-0.20344439,0.32560295,0.0016027093,-0.027772395,-0.044763587,0.2798475,0.5621112
9027,-5.86026,-0.17373303,-1.2035671,-0.19529822,-0.30290988,0.19495924,0.08686505,-0.4408188,-0.1808068,0.29587194,0.49368772
9028,-5.568021,-0.05333724,-1.0565234,-0.45195943,-0.3897048,0.24739651,0.015237406,-0.5777756,-0.096387155,0.17622031,0.3725301
9029,-6.426129,0.04772614,-1.0904315,-0.59650743,-0.58974785,-0.123705596,0.3775419,-0.14118692,-0.11462246,0.47405753,0.3248332
9030,-5.8579273,-0.13436595,-1.0816214,-0.8391276,0.13129629,-0.16394086,-0.3055655,-0.23193815,-0.072627604,0.25291905,0.046531383
9031,-4.7726245,0.03679644,-0.68157405,-0.57738787,-0.17501989,0.042242955,-0.033981614,-0.36772582,0.12338398,0.41358867,0.42052835
9032,-4.3951645,-0.24085848,-0.7393426,-0.12533347,0.2018504,0.12563297,-0.04408795,-0.3000506,-0.15166424,0.35564134,-0.11852691
9033,-5.91912,-0.030074492,-1.418209,-0.46341753,0.15965095,0.11591629,-0.0045316964,0.33300555,-0.23750912,0.5476253,0.42625183
9034,-4.637244,0.09133662,-0.7507765,-0.3161043,-0.47722247,0.1886143,0.09169151,-0.55445135,-0.06281903,0.2974513,0.174328
9035,-5.028204,0.11072189,-0.9959981,-0.45656425,0.03841995,0.07025907,-0.18079145,-0.27883774,-0.2131074,0.21313663,0.20762786
9036,-7.637197,-0.2556368,-1.7073902,-0.9115007,0.3562436,-0.43218517,-0.44914198,0.123798706,-0.16358943,0.9124321,-0.12159505
9037,-5.62841,-0.019985162,-0.82616913,-0.4909321,0.28414357,-0.22564177,-0.0084921615,0.10129943,0.068947695,0.08173912,0.23813362
9038,-4.3120522,-0.35636714,-0.8636306,-0.6687901,-0.63764226,0.39510417,0.038453124,-0.15233338,0.011314759,0.6726667,0.620957
9039,-5.48661,-0.06440264,-1.4374212,-0.8426956,0.30434898,-0.18398987,0.019585513,-0.20782685,0.16507508,0.21001227,0.43339267
9040,-4.761864,-0.06657655,-1.0414207,-0.618571,-0.07503662,-0.10206223,-0.12759347,0.05096364,0.29102123,0.5510577,0.11297701
9041,-8.640892,0.18172117,-1.5149608,-1.1306648,-0.34294266,-0.24417116,-0.4767182,-0.23394613,-0.11376473,0.5345251,0.15204826
9042,-6.0976295,-0.10361506,-1.1402713,-0.7401316,-0.017552724,-0.119687825,0.30988604,0.20490165,0.20834988,0.49971044,0.4842851
9043,-5.6237264,-0.0801918,-1.31671,-0.8033215,0.22170894,0.40257943,-0.12383633,-0.6818078,0.26871318,-0.054687586,0.09585265
9044,-5.811152,-0.40875283,-0.93915844,-0.8194728,-0.35831603,-0.125796,-0.13589941,0.095764674,-0.06191942,0.3698749,0.721137
9045,-7.472799,0.03253691,-1.1560284,-0.63544345,-0.40643737,-0.43793517,0.15958089,0.14837472,-0.093045,0.5580578,0.77825004
9046,-4.739847,-0.14578466,-0.8891986,-0.32794088,0.08798694,0.047264583,-0.028412241,-0.29310566,-0.05482223,0.02261972,0.29400715
9047,-5.8039317,-0.03740978,-0.9841704,-0.4254622,-0.15173173,-0.1294726,0.16695827,-0.027259303,-0.039306268,0.3263076,0.48015586
9048,-5.7614665,0.00978882,-0.96576244,-0.5516756,-0.04899169,-0.36202413,-0.035810567,0.022803916,-0.14929709,0.16383873,-0.078712046
9049,-4.7885838,-0.12952326,-0.57605326,-0.28149644,-0.2620946,-0.080627784,0.00793965,0.08611296,-0.15808024,0.6124704,0.55333406
9050,-6.780281,0.022806212,-1.8059775,-0.6443297,0.024997812,0.05644369,-0.3855752,-0.2914762,0.037837636,0.66850376,0.2934833
9051,-4.951924,-0.1939738,-1.079231,-0.9669614,-0.526696,0.12339233,0.11432504,0.037442163,0.1606426,0.53671193,0.6841542
9052,-5.463042,-0.1621648,-0.76378185,-0.6235129,0.0763147,-0.18421887,-0.037735082,-0.05269789,0.03109452,0.51829946,0.16150968
9053,-5.6011786,-0.04699559,-1.1163108,-0.8539166,-0.16446938,0.21200249,-0.057113625,-0.104439266,0.19910084,0.60760844,0.5922657
9054,-4.420898,-0.12492375,-1.0078765,-0.5053264,0.0121036,-0.21489772,0.06369809,0.106143676,0.04406163,0.5441034,0.032037023
9055,-5.807035,-0.16354837,-0.9073037,-0.7745394,-0.2701393,0.005548947,0.18620205,0.05229459,-0.098726995,0.26408812,0.7822101
9056,-4.3136816,-0.0974997,-0.63163584,-0.43531433,-0.17350858,-0.24511884,-0.15516856,0.017970134,-0.2456416,0.49315012,0.2910172
9057,-4.408981,-0.074877195,-1.0411849,-0.3982032,-0.19179724,0.18678461,-0.1589873,-0.36198002,0.035769545,0.68218845,0.097719684
9058,-6.014941,-0.33076435,-1.2147166,-0.82683057,-0.27811268,0.101890504,0.0014784383,-0.07709397,0.18103525,0.6256395,0.5828104
9059,-7.6063633,-0.055199426,-1.4330969,-0.8895525,0.4172494,-0.04035426,-0.4130473,-0.6145299,0.1396619,0.59781134,0.09048267
9060,-4.832103,-0.15982185,-0.8982049,-0.3964962,0.023850005,-0.085796535,-0.013328196,-0.06916822,0.05559531,0.22269583,0.36755154
9061,-6.2537637,-0.19536014,-0.90024364,-0.6844233,-0.21345514,-0.19689237,0.17168488,-0.48602208,-0.3328925,0.2471869,0.41295823
9062,-5.617373,-0.23868132,-0.91073316,-0.48685023,-0.28913584,-0.53707355,-0.35004675,-0.39690873,-0.19758597,0.53041697,0.14602561
9063,-6.218096,-0.25193512,-0.8850122,-1.0488231,0.06804182,0.1876563,-0.008749411,-0.4700058,0.12229785,0.30359033,0.0917444
9064,-5.7094035,-0.22770688,-1.3915184,-0.6840556,0.12956478,0.12458206,-0.09211283,-0.061817683,0.25685692,0.91692907,0.29640913
9065,-5.505923,-0.03333822,-1.2340008,-0.38620177,-0.057101868,0.10397429,0.07071537,0.1322089,-0.058920205,0.2709795,0.32470685
9066,-5.405262,-0.16425261,-0.991793,-0.84734863,-0.24218257,-0.15864386,0.0003312733,-0.2245851,-0.152283,0.35527572,0.53997505
9067,-6.3093176,0.17397925,-1.3041929,-0.3552571,0.10222052,-0.18019351,-0.21684146,-0.55986637,-7.174909e-06,-0.029241204,0.18231997
9068,-4.643337,0.069593586,-0.7864692,-0.5690487,-0.1683094,0.005602204,-0.093234904,-0.22366393,-0.12968846,0.34996873,0.27955523
9069,-6.1387067,-0.019600902,-1.0457401,-0.49537444,-0.5045282,0.171263,0.12663652,-0.30852696,-0.07871117,0.23266992,0.54408514
9070,-7.3909993,-0.022698134,-1.6605154,-0.52073,-0.036051,0.39048153,-0.23039424,-0.6654665,-0.048340306,0.3486393,0.2687097
9071,-7.0386415,0.05153007,-1.4597559,-0.84290826,-0.15709503,0.09567988,-0.22831719,-0.2215451,-0.08886124,0.5810677,0.32697833
9072,-6.510933,-0.36482093,-1.1973181,-1.3375392,-0.06404225,-0.19904013,-0.35094815,-0.4000686,0.27619496,0.70135576,0.12690814
9073,-6.5500503,-0.32727912,-1.5281044,-1.0648355,0.19317506,0.3857243,0.08134902,0.10486424,0.21520147,1.2500515,0.3708609
9074,-5.6730995,-0.06834869,-0.9938124,-0.5549571,0.29561627,0.020210667,-0.14834458,-0.19186865,-0.1577904,0.29282954,0.19934884
9075,-8.406563,-0.5543658,-2.2458029,-0.81704795,-0.46170512,-0.34106284,0.0016561914,0.21546416,-0.18289062,0.5044558,0.35277376
9076,-4.8099585,0.113755636,-0.64176965,-0.42864507,0.15459962,0.009280547,-0.050607987,0.15923023,0.0007110294,0.26235777,0.14301297
9077,-7.5236316,-0.05736362,-1.3724244,-0.8731471,-0.14967088,-0.23579353,-0.20776838,-0.015492732,-0.18246034,0.40271655,0.16886495
9078,-6.5629535,-0.27663243,-1.1059133,-0.5720476,-0.12750007,-0.43539244,0.14598899,-0.08976334,-0.06649322,0.5247593,0.5236084
9079,-5.9745684,-0.22866914,-0.9811015,-0.8278455,0.08776582,-0.13154219,-0.1502452,-0.087728985,0.049391165,0.34890604,-0.0024426617
9080,-6.3216715,-0.3614151,-1.5619869,-0.37648687,-0.06199815,0.10758135,-0.08519064,-0.16519444,-0.42390293,0.56137764,0.16528617
9081,-5.5678053,-0.24077493,-1.342735,-0.756542,-0.47347036,-0.0077035837,0.40987098,0.18920489,-0.21640256,0.3308348,0.3196617
9082,-5.570036,-0.08877045,-0.86758524,-0.62918603,-0.3621679,-0.0066190893,-0.21318546,0.0028522206,-0.030516809,0.44941315,0.5878009
9083,-4.8032966,-0.2510661,-1.3114729,-0.72818613,-0.18685164,0.033807226,-0.16593511,-0.07714681,0.27842343,0.5694799,0.16864409
9084,-6.411541,-0.076480605,-1.3106108,-0.68699193,-0.38563162,-0.10279118,0.108018145,-0.2751812,0.12281014,0.46647525,0.42890954
9085,-6.016478,-0.18814693,-0.9623055,-0.61781174,0.12645869,0.4641614,-0.08338203,-0.39047873,-0.24248524,0.17455706,0.26574692
9086,-5.6111593,-0.2525371,-1.2019358,-0.8715541,-0.38195342,-0.20277908,-0.17713058,-0.063053675,-0.22187628,0.5480862,0.3117205
9087,-5.1084514,0.06378561,-1.0911964,-0.48222163,0.117510915,-0.1156357,-0.14117804,-0.11842165,-0.13549161,0.4740744,0.2325331
9088,-6.1738787,-0.09590756,-1.5744716,-0.96331155,-0.103729986,0.35159212,-0.13988073,-0.41462803,-0.066231355,0.6571631,0.65895903
9089,-7.9204464,-0.48368108,-1.6205971,-1.390678,-0.22649872,-0.039725754,-0.1464071,-0.439553,0.14203937,0.51658106,0.6420766
9090,-6.5168924,0.0388795,-1.2805126,-0.5125688,-0.37554267,0.23045996,-0.16394533,-0.27714938,-0.020984957,0.3146997,0.56700635
9091,-5.7305036,-0.30083367,-1.021043,-0.6470189,-0.6779079,-0.39092016,0.3989774,-0.394914,-0.060981207,0.32326177,0.51199454
9092,-6.000377,0.1168312,-1.3630943,-0.70887876,0.027424522,0.019514697,-0.39604655,0.08934888,-0.018304,0.46223137,0.10399822
9093,-4.721783,-0.2049046,-0.99024934,-0.42150563,0.019705229,-0.13139483,-0.09981886,0.11641906,-0.11849749,0.45076844,-0.040937036
9094,-6.751402,0.1765829,-1.278101,-1.063389,-0.4633152,-0.048875984,-0.1809895,-0.23018737,0.21798077,0.508193,0.7019988
9095,-4.454667,0.14105801,-0.7687574,-0.22359025,-0.0917069,-0.02810581,0.45650002,-0.12660615,-0.061090834,0.16832167,0.33441734
9096,-4.516123,-0.02987172,-1.0688356,-0.44389623,-0.004330344,-0.26901555,-0.02090234,0.041007195,-0.14677273,0.33052492,0.17169172
9097,-5.8640685,-0.21424375,-0.84221673,-0.5235921,-0.15936433,-0.054782685,0.100948095,-0.120297395,-0.18542309,0.48659217,0.3672122
9098,-4.574358,-0.24724077,-0.9536528,-0.49603856,-0.18903376,0.25042748,0.22256148,-0.063015245,0.2483737,0.56138086,0.40599656
9099,-4.8800445,-0.05125387,-0.981683,-0.45147428,-0.35604152,-0.08015852,0.22712071,-0.39022857,-0.1640861,0.3535969,0.28501466
9100,-5.4181957,0.12393492,-1.3397479,-0.787424,-0.28638703,-0.055894546,-0.17702153,-0.10057692,-0.09921202,0.5654966,0.035840884
9101,-5.6360755,-0.26067343,-1.0036898,-0.49220192,-0.4068877,-0.14595036,0.0371555,-0.45835888,-0.21241377,0.39093786,0.39285728
9102,-5.024924,-0.19554868,-0.726715,-0.65318936,-0.23664412,-0.33759493,-0.14305629,0.022033405,-0.102977835,0.49350712,0.2746033
9103,-5.944748,0.08333089,-1.5314369,-0.5919997,0.24127011,-0.4481923,-0.03350312,0.0974832,0.043370508,0.17130506,0.17518465
9104,-4.4926805,-0.21362753,-0.8677089,-0.7332894,-0.047934484,0.41784835,0.049865715,-0.27952632,0.29872102,0.58369386,0.23109539
9105,-7.8451786,-0.5333472,-1.5112175,-0.96157265,-0.84269667,-0.2716142,0.5814337,-0.081376426,-0.19532645,0.28344086,0.6129445
9106,-5.8990498,-0.18314803,-1.2034891,-0.9341508,-0.56976557,0.41356373,0.0001174286,-0.4681897,0.002644551,0.12801582,0.5587152
9107,-6.574071,-0.2578334,-1.5320009,-0.7632338,-0.5947778,0.24271399,-0.07824663,-0.20631382,0.26527098,0.9508504,0.39850274
9108,-6.0028825,0.07693356,-1.1748654,-0.8660556,-0.09173586,-0.030352246,-0.21043123,-0.58510584,0.30772617,0.60516477,0.08566411
9109,-5.619201,0.05299368,-0.96311194,-0.39764005,0.2027466,0.041716244,-0.18452646,-0.37452945,-0.05937826,0.17591509,0.07403858
9110,-5.566313,-0.10918741,-1.3159864,-0.45330983,-0.18671674,0.09267291,0.21379295,0.3273442,-0.29416376,0.552237,0.51017535
9111,-4.721955,-0.2351536,-0.97277325,-0.40487802,-0.788241,-0.052682847,0.36333707,-0.10681454,-0.2979441,0.54225045,0.6466908
9112,-6.261,0.18032874,-1.2188307,-0.6784442,0.09212999,-0.175342,-0.12901254,-0.03151179,0.1640983,0.64600235,0.20602237
9113,-3.414228,-0.121698454,-0.47976822,-0.3380673,-0.18792436,-0.11395786,-0.017452803,-0.1983022,-0.17542729,0.1759797,0.2040032
9114,-5.949998,-0.102272965,-1.0141325,-0.43953744,-0.038061608,0.15744172,0.003551885,0.09227554,-0.120018706,0.33914593,0.303271
9115,-5.1762605,-0.12733659,-0.8050465,-0.12750757,0.24356857,-0.24833445,0.036952388,-0.032614417,-0.2907204,0.40771925,0.31098002
9116,-7.4706297,-0.20346312,-1.8142354,-0.6099267,0.28013015,0.6415094,-0.15175125,-0.41923317,0.06576322,0.1852683,0.16729091
9117,-5.3885303,-0.27753362,-0.68756604,-0.6097701,-0.44237837,0.17921491,-0.037096895,-0.376796,-0.16059998,0.5014719,0.49563858
9118,-5.2457047,-0.26098844,-1.2595505,-0.5864368,0.31401205,-0.06100463,-0.13381921,-0.0800379,0.048673205,0.14216644,0.107828155
9119,-6.3152866,-0.025195017,-1.3294406,-0.8410101,-0.29230508,0.33713722,0.03816232,-0.2524263,-0.30557242,0.543292,0.35830405
9120,-4.937413,-0.10200028,-1.0170337,-0.6519791,0.23965149,-0.11426185,-0.10553224,0.01825731,-0.1622406,0.44118688,-0.14899352
9121,-7.7330995,0.092700586,-1.6930795,-0.38680515,-0.20639984,0.09784917,-0.25897208,-0.0053580767,-0.3990337,0.4192067,0.40634948
9122,-5.316214,-0.327341,-0.9086142,-0.36320397,-0.39136925,-0.41020846,-0.116537295,-0.06280849,-0.3631904,0.5801392,0.3911644
9123,-5.419667,0.036335614,-1.2305771,-0.54543865,-0.11543288,-0.20158878,-0.13859658,-0.19360612,0.27818623,0.5385938,0.331544
9124,-6.158438,-0.29541498,-0.8898129,-0.88012064,-0.42420295,-0.116147764,0.20988318,-0.50330645,0.003237065,0.36882526,0.8602062
9125,-6.955095,-0.3001623,-1.3045216,-0.8418099,-0.20423777,-0.24418344,-0.1185374,0.13422339,0.17410919,0.71519554,0.59766257
9126,-6.0861254,0.0103196325,-1.3872899,-0.7981162,0.24663068,-0.11965902,-0.4520423,-0.27297702,0.11239082,0.6462554,0.12201729
9127,-5.0287976,-0.45228195,-1.0004168,-0.4783919,-0.070087634,-0.3734157,0.117493086,0.19733323,-0.20444733,0.32513517,0.1763251
9128,-3.8912063,0.0056816675,-0.8528025,-0.5498983,-0.48253658,0.09333208,-0.010806347,-0.15860341,0.0028650742,0.16194908,0.3798341
9129,-4.4908237,-0.15714996,-1.0238303,-0.07019714,0.075351864,-0.011145769,-0.03883455,0.019298205,-0.20009743,0.3095231,0.113364436
9130,-4.284174,0.017575257,-0.8635805,-0.34859535,-0.041886345,-0.18287471,-0.20166616,-0.2270622,-0.25870433,0.17587382,0.091690265
9131,-4.649909,-0.09606703,-0.77946097,-0.5734273,0.043553673,-0.17696425,-0.08632357,-0.21211407,-0.06555997,0.5590942,-0.05944842
9132,-5.090208,-0.07062269,-1.2255254,-0.7754625,-0.3587243,-0.055657677,0.102926604,-0.2156028,0.0035848934,0.52227926,0.36186978
9133,-8.585447,0.21295752,-1.5695728,-0.54931515,0.14320388,-0.19273354,0.009181163,-0.07492061,-0.22728515,0.04534742,0.071763664
9134,-4.9325943,-0.15887958,-1.0631609,-0.6038761,-0.040596053,-0.06625764,0.061891012,-0.15518656,0.0041300515,0.38784778,0.17366785
9135,-4.8462925,-0.25170773,-1.161132,-0.58244705,0.12914051,0.38596487,0.13502556,-0.25467566,0.1529188,0.46494928,0.23370318
9136,-6.4988813,0.19177932,-1.3364923,-0.7391792,-0.23939334,-0.42021,-0.25397465,-0.18664925,-0.22222234,0.20803364,0.55647355
9137,-4.674731,-0.022884045,-0.9820613,-0.4923396,-0.033065673,0.0063617826,-0.35177267,-0.23664823,-0.18377937,0.2112142,0.21437174
9138,-5.331724,-0.18543708,-1.019626,-0.5766642,-0.264765,-0.30305701,0.048034426,-0.25644994,0.005773279,0.46828276,0.09173583
9139,-5.0912786,-0.20879075,-0.80614454,-0.6611266,-0.040615864,-0.043258086,0.03610194,-0.11533872,-0.025728816,0.20290586,0.41818652
9140,-6.3646398,-0.11560635,-1.0049063,-0.5089842,-0.75320005,0.4627664,0.13396685,-0.18299304,-0.27360064,0.3979104,0.29941574
9141,-6.36433,-0.06975366,-1.4481679,-0.2834772,0.3643204,0.2910881,-0.22132513,0.00031378772,-0.1276272,0.27184522,0.17082159
9142,-5.2011614,0.033124153,-1.0947037,-0.58526134,0.000546867,0.31795257,0.23106703,-0.13649352,0.08680358,0.46607596,0.28460935
9143,-5.427057,-0.20376559,-0.6738433,-0.37809262,-0.049328435,0.016441766,-0.24530627,0.0990107,-0.16911319,0.4259503,0.20392022
9144,-5.59107,-0.25290513,-0.97698075,-0.76035553,-0.6342337,0.020125903,0.2285086,0.13889518,-0.1046869,0.44593439,0.34463608
9145,-4.943759,-0.05233644,-0.5312452,-0.49320787,-0.16857053,0.06468582,-0.009618004,-0.25062948,-0.128906,0.3486782,0.4236292
9146,-6.636488,-0.19298518,-1.6127859,-0.7927134,-0.6085252,-0.189088,0.23785801,0.3242461,-0.021828836,0.4193106,0.59078515
9147,-8.35045,-0.28777277,-1.8240101,-0.515878,0.6512821,0.31950963,-0.48359126,-0.022727842,-0.062429227,0.7123336,0.09856988
9148,-5.646297,-0.06071728,-1.3073448,-0.53652406,0.29755503,-0.36524087,-0.4674865,-0.08784165,-0.16671738,0.26432282,0.31103456
9149,-5.0440793,-0.34747294,-0.93653625,-0.7368979,-0.45100343,0.015863216,0.0847345,-0.3063987,0.08538766,0.7622161,0.14419554
9150,-4.72983,-0.15154383,-0.6500305,-0.031209193,-0.21219845,-0.0068713725,0.058553353,-0.0790166,-0.26253116,0.3522023,0.1457515
9151,-3.7522874,-0.015026863,-0.69942945,-0.45663467,-0.16565995,-0.17125413,0.24593334,-0.06975435,-0.12863429,0.19620085,0.3101702
9152,-4.5863447,-0.21110462,-1.0316776,-0.45932564,0.2778167,-0.0876083,-0.15539974,-0.20431076,-0.03525442,0.35738003,0.21312253
9153,-3.1241305,-0.17367576,-0.46943238,-0.47688764,-0.21619795,0.077155195,0.123007715,-0.24807125,0.07106923,0.21749093,0.1509193
9154,-4.546288,-0.17568634,-0.87019885,-0.6826768,-0.5512152,0.2829938,-0.0045629675,-0.40854198,0.10171513,0.5102433,0.78698903
9155,-6.7773447,0.13565446,-1.4619349,-0.6329371,-0.13853145,-0.10626728,0.23368275,-0.17915747,-0.033439368,0.24528082,0.55130136
9156,-5.779628,0.12635902,-0.8217497,-0.58501554,-0.061774142,-0.13245647,-0.13063599,-0.36468995,-0.18864995,0.059763398,0.28524494
9157,-5.3875933,0.16911897,-0.82106537,-0.5568039,-0.1629345,-0.27988428,-0.19147387,-0.3818704,-0.18508081,0.22322577,0.26244715
9158,-6.354892,-0.24210854,-0.9548068,-0.693854,-0.6653199,0.4138075,0.019489873,-0.4448881,0.074168205,0.8067138,0.81852716
9159,-7.229222,-0.3055796,-1.1247854,-0.7756585,-0.17936404,0.007073564,0.0019242819,-0.6472032,-0.08175982,0.3247201,0.14418867
9160,-5.786739,-0.15154709,-0.95495206,-0.50631833,0.31117946,-0.0059190355,0.0028907582,0.007588839,0.0735938,0.5355165,0.35906816
9161,-5.4067187,-0.24005118,-0.88841337,-0.22115242,0.070523135,-0.24338178,-0.0937588,-0.42958894,-0.05258011,0.24899514,0.2140763
9162,-6.584835,-0.27402753,-1.5953715,-0.62976766,-0.13359548,0.09969049,-0.20151816,0.26457217,0.19737765,0.6424586,0.4187888
9163,-5.311592,0.019942276,-1.432819,-0.574186,-0.24994546,0.21262255,0.08386752,-0.25708053,0.07599285,0.23889431,0.19384098
9164,-5.2628717,0.066948764,-0.8587167,-0.59815323,-0.5161695,-0.08728916,0.30742562,-0.3503206,-0.13917732,0.4028645,0.4347535
9165,-5.2831554,-0.46783873,-0.9969929,-0.455813,-0.12596482,0.2204574,-0.22062652,-0.40636933,0.013310686,0.5692326,0.17391703
9166,-4.8127446,0.19228129,-0.8318126,-0.47406903,0.057508513,0.015923945,-0.06983966,-0.06595571,0.034296654,0.42398706,0.024174066
9167,-4.7555447,0.012912319,-1.2629185,-0.753141,-0.15985861,0.19365107,0.011523271,-0.176945,0.080738485,0.25162166,0.11225408
9168,-5.1730905,0.078692645,-1.0136226,-0.6813069,-0.13469584,0.011621483,-0.13651177,-0.115322806,-0.17331842,0.6916731,0.31074196
9169,-4.862483,-0.32120854,-0.99254256,-0.7473246,0.06916344,-0.06972852,0.09276429,-0.067458704,-0.098274164,0.17573915,0.22070768
9170,-4.1454377,-0.15495193,-0.67005706,-0.43666354,-0.2893734,-0.07978963,0.34330896,-0.058486827,-0.26685598,0.5122173,0.24299005
9171,-4.7183633,-0.19660315,-0.59803015,-0.53541183,-0.35636097,0.11851167,0.15579078,-0.2673727,-0.16469699,0.36019254,0.31792498
9172,-6.099861,-0.04289524,-1.1826258,-0.53324425,0.2105282,-0.37631834,0.06128673,0.05649764,-0.31031394,0.40432018,0.080407605
9173,-4.967533,-0.2642526,-0.95138526,-0.5923704,0.19203772,0.038634032,0.1818341,-0.29997617,0.0031796945,-0.112782374,0.27767262
9174,-4.969688,-0.20322178,-1.1220698,-0.8772257,-0.44596893,0.07018971,0.26535428,-0.1853495,0.17456979,0.71663517,0.69487274
9175,-5.6455345,-0.047081836,-1.1442986,-0.4422486,-0.1607101,-0.0052886456,0.08701282,-0.042014845,0.18029393,0.7495103,0.13680279
9176,-5.4587903,-0.048529495,-0.71272606,-0.68090683,-0.1248653,0.09643099,-0.3123174,-0.68620807,-0.11269724,0.43383598,0.14080325
9177,-4.661537,0.07251142,-1.0022576,-0.47059062,-0.00087687,-0.10635058,-0.26986533,-0.08756577,-0.39288768,0.4958838,-0.10109825
9178,-4.08033,0.010198889,-0.5933218,-0.31922603,-0.05177603,-0.24709307,-0.048920438,0.06038054,-0.11731112,0.4086584,0.32394043
9179,-6.7593126,-0.35889548,-1.6223367,-1.0969441,-0.24485329,0.084222406,0.18849394,-0.47636405,0.26454172,0.8252882,0.5294575
9180,-4.731526,-0.21869409,-1.2209319,-0.7010671,-0.051315587,-0.097400814,-0.22150649,0.09525895,-0.15121143,0.1436723,0.28469875
9181,-5.932396,-0.31074667,-1.3130236,-0.75120497,-0.2549901,0.23158062,0.33702758,-0.27664277,-0.13318881,0.4610449,0.41132453
9182,-7.4419103,-0.34170017,-1.6534215,-1.0380297,0.2306468,0.2510748,-0.30567297,-0.20312315,0.06585135,0.5825674,0.3355013
9183,-6.6812754,-0.13249616,-1.4107599,-0.7648702,-0.098623194,0.05263569,0.2267926,0.058702275,-0.14577869,0.2623218,0.6700013
9184,-4.702162,0.1849877,-0.9828711,-0.59302425,-0.20865037,-0.022364762,0.3700173,-0.16821867,-0.1115924,0.5922086,0.16549107
9185,-4.8074718,-0.3777899,-1.1155148,-0.53937936,0.32716236,0.17217478,-0.08778789,0.044547312,0.1369377,0.42712057,0.10433865
9186,-5.3642445,0.075248115,-1.1912657,-0.25868192,0.07104964,-0.34766865,-0.3704554,-0.013031941,-0.37279764,0.20604554,0.10761043
9187,-6.2357125,-0.3158746,-1.5594561,-0.83424914,0.3223893,-0.052248348,-0.4878766,0.025067396,-0.080983005,0.81041265,0.014008627
9188,-5.001309,-0.19579968,-1.1871356,-0.5875966,-0.21507503,0.030595765,0.0184101,0.04776685,0.0982194,0.45008302,0.53548634
9189,-4.71176,0.12274137,-1.2846966,-0.19227381,0.11541815,-0.091895916,-0.24909545,-0.09257581,-0.15856051,0.23439333,0.05712025
9190,-7.2126503,-0.49542943,-1.5028858,-1.2656595,-0.24461657,-0.04716034,0.33145976,0.04165846,0.14960358,1.2199497,0.62551594
9191,-4.4871597,-0.18577226,-0.9590456,-0.5615659,-0.21558729,-0.095095284,-0.2403576,-0.23593496,0.21256495,0.3673881,0.12044558
9192,-6.2384105,-0.024476718,-1.233829,-0.587811,-0.41671082,-0.10300427,-0.04257676,0.01401445,0.2204192,0.34542313,0.6680557
9193,-6.8359385,-0.25178215,-1.4611313,-1.0526211,-0.11958649,-0.2823674,0.12289325,-0.14260957,-0.0697138,0.33451912,0.4907921
9194,-5.571816,-0.1354616,-1.0843368,-0.5611619,-0.089355275,-0.2577294,0.21245277,0.21109949,0.09110153,0.49979866,0.514278
9195,-6.0516486,-0.31874043,-1.2771108,-0.60505676,0.32572237,-0.11957738,-0.29475024,0.0028766142,-0.3520849,0.5738572,0.10347994
9196,-4.718705,-0.16297767,-1.2987483,-0.7477063,0.10506456,-0.06639767,-0.08255685,-0.45637998,0.30169678,0.31500733,0.35442933
9197,-4.771608,-0.1600995,-0.9868435,-0.5794608,0.0770275,-0.15741271,0.0789008,-0.044658005,-0.1559986,0.41351187,0.29172954
9198,-5.604391,-0.21033703,-1.2234709,-0.80839354,-0.707375,0.019480426,0.22302617,-0.10163863,-0.25808012,0.30192316,0.41288328
9199,-5.2359686,-0.21766295,-0.8420604,-0.54783887,-0.49758202,0.022989433,0.26235563,-0.3757133,-0.05422155,0.3814594,0.5748665
9200,-5.617469,-0.27143615,-1.5196,-0.37407205,0.66292614,0.059758563,-0.06692284,0.20417833,0.080111876,0.47976157,0.25681707
9201,-5.4244156,-0.013866027,-1.1396827,-0.7196743,-0.05107033,0.28996766,0.28387868,-0.05247899,-0.21974374,-0.08748211,0.5660674
9202,-6.101145,-0.012257309,-1.3938842,-0.4414276,0.018807096,0.045039766,-0.32821423,-0.36302426,0.1014598,0.10030251,0.16221045
9203,-6.0564613,-0.17323847,-1.7258712,-0.28353155,-0.04065809,-0.02064861,-0.12993495,0.07354289,-0.42446694,0.19700296,0.22896822
9204,-6.4263487,-0.28701642,-1.0174615,-1.1694878,-0.056579433,0.05787154,-0.12167957,-0.45117584,0.46826088,0.6136559,0.7147742
9205,-5.9285393,-0.10427568,-1.0516887,-0.56252253,-0.34869233,-0.13053668,0.090727836,-0.3175727,-0.101320945,0.4468505,0.83921784
9206,-4.989953,-0.093924336,-0.8294183,-0.30051902,-0.57691544,-0.17577021,0.32509592,-0.0719542,-0.100939155,0.41884357,0.29738355
9207,-5.1518087,-0.24765502,-0.9888885,-0.91998434,-0.07919501,-0.18104078,-0.18436661,-0.24339193,0.104321994,0.3892088,-0.03189895
9208,-4.194485,-0.28701413,-0.689394,-0.59755915,-0.1823491,-0.033832334,-0.053405404,-0.08829817,-0.13164353,0.23015982,0.3164264
9209,-6.258416,-0.0026113698,-0.84743404,-0.76928014,-0.19238603,0.19679609,0.03731324,-0.623786,0.2553965,0.6909456,0.25120914
9210,-6.5235596,-0.10794151,-1.2136786,-0.3004731,0.20774502,0.002978973,-0.21171728,-0.0094711,-0.15773483,0.4709669,-0.019761126
9211,-7.1821666,-0.48971966,-1.799992,-1.028299,0.7075065,-0.014272414,-0.32580024,-0.40297955,-0.05608613,0.3002482,0.15191741
9212,-7.013894,-0.43600276,-1.2319139,-0.99751496,-0.33730447,-0.23367187,0.16299804,-0.119046785,-0.15476176,0.69804275,0.44790062
9213,-4.4768157,-0.042703383,-1.1636465,-0.579802,-0.17114738,0.13958289,0.21540727,-0.24777722,0.09118955,0.35260975,0.39516333
9214,-5.1993494,-0.20481364,-1.1006178,-0.83929604,-0.31578165,-0.2546957,0.33092922,0.0064238566,-0.15127778,0.67068833,0.5749284
9215,-7.272047,0.054923058,-1.718306,-0.93018836,0.322707,-0.1543163,-0.06887234,-0.26209995,0.005860367,0.23502031,0.4314719
9216,-5.15522,-0.06091029,-1.0134256,-0.25114113,0.24826415,0.027945107,-0.23214875,0.20063154,-0.14341268,0.42069015,0.26795498
9217,-5.6013627,-0.34344378,-0.8241362,-0.5317189,-0.06990567,0.06724943,-0.43410468,0.25318754,-0.20745978,0.30308157,0.071470104
9218,-4.542009,-0.2227445,-0.86872584,-0.3766929,-0.14087667,0.14075637,-0.05893705,0.22271173,-0.19617425,0.43661308,0.085093506
9219,-6.7391953,-0.28760746,-1.5233873,-0.5453607,-0.35171816,0.5035844,0.40755722,-0.25816047,0.064828336,0.7284132,0.7412616
9220,-4.4518595,-0.38968143,-0.60901654,-0.4157121,-0.10936588,-0.29752797,0.21842185,-0.2962461,0.012128336,0.345891,0.3515854
9221,-4.6527066,-0.23412797,-0.781811,-0.48837408,-0.3175652,0.31557035,0.094071485,-0.3320816,-0.28466725,0.5544258,0.39552718
9222,-5.5240507,-0.254229,-0.87662464,-0.036676854,0.11561428,0.32370788,0.027345926,-0.045220286,-0.1901007,0.53664446,0.24244352
9223,-3.9449205,-0.06766518,-0.7856838,-0.44641268,0.041089416,-0.13418727,0.039662164,-0.21900582,0.09017245,0.42772108,0.21372053
9224,-6.0684853,0.16223426,-1.2589644,-0.46336436,-0.45115563,-0.0916335,0.122561425,-0.19879565,-0.13825968,0.31360465,0.2253215
9225,-6.568526,-0.35293743,-1.3136139,-0.7719702,0.017591836,-0.35104614,-0.10534939,0.110167265,-0.24980153,0.5057853,0.29826257
9226,-7.241841,0.204769,-1.1311526,-0.5139546,-0.0058178767,-0.41067636,-0.09518324,-0.20940623,-0.15430374,0.23746422,0.16449128
9227,-6.353073,-0.2524388,-1.5482028,-0.83322585,0.50373083,0.3473481,-0.14224322,0.0996836,0.29764494,0.9746221,0.22886413
9228,-4.5437818,0.022923872,-0.5512543,-0.31880093,-0.22363679,-0.13809885,0.07283163,-0.10873662,-0.18933584,0.30701643,0.4463151
9229,-7.437904,-0.0067823445,-1.8100038,-0.83806175,-0.0719845,0.46620327,0.2612477,-0.5525187,0.23090464,0.52471,0.32405373
9230,-6.2766666,-0.36413738,-1.6599623,-0.98054343,0.4383793,0.032891452,-0.24266787,-0.17181873,0.38277104,0.4422944,0.5563492
9231,-4.3412623,-0.19732204,-0.6438644,-0.48894483,-0.36234364,-0.0889337,0.20469117,-0.11931572,-0.18094954,0.3491188,0.50748354
9232,-6.4854345,0.16635795,-1.2826376,-0.71996135,-0.33105543,0.45920533,-0.16488555,-0.4973816,0.2612452,0.45020258,0.36530495
9233,-5.2568254,0.13867708,-1.4157339,-0.771816,0.0707703,0.19191206,-0.26990274,-0.35244527,0.106057316,0.18772261,0.25876606
9234,-4.8407607,-0.18496272,-0.7011226,-0.3704119,-0.038158126,-0.052876934,0.003743358,-0.32534483,-0.14001575,0.43951577,0.26000208
9235,-4.780724,-0.02266784,-1.1495154,-0.66333324,-0.24672797,0.08155107,0.14445037,-0.084557995,0.09959087,0.4160667,0.36774537
9236,-6.366687,0.1299092,-0.768617,-0.9141986,-0.3013442,-0.2613938,0.16073051,-0.31114444,-0.15948151,0.2520638,0.3640496
9237,-4.8869305,-0.11788064,-0.6597388,-0.6576027,-0.37126455,-0.20279567,0.1341486,-0.32801002,0.02445283,0.22046901,0.30168468
9238,-5.223001,-0.1372823,-1.0959541,-0.67030776,0.13382562,0.00051754527,-0.2679869,-0.3307009,0.23018922,0.122658044,0.36630338
9239,-5.908595,-0.08367409,-1.314682,-0.41805255,0.16953619,0.37804925,-0.2198999,0.06609941,0.08062525,0.5674756,-0.00066994317
9240,-4.9777546,0.1534112,-1.1309524,-0.55064696,0.010441283,0.09750392,-0.11901832,-0.14551057,-0.0040814485,0.029333321,0.117874876
9241,-5.4849634,-0.1278488,-0.9215963,-0.6304851,-0.09673665,0.037422497,-0.12876174,-0.10728996,-0.27624357,0.42987013,0.3033231
9242,-5.0112805,-0.07405719,-0.88757515,-0.81351715,-0.49011037,0.045144744,-0.1384538,-0.064773574,0.40314868,0.5482994,0.26447582
9243,-5.748621,-0.17969614,-1.1278943,-0.48507977,-0.040580384,-0.13182421,-0.08251529,-0.44107383,-0.17433025,0.31615096,0.3465475
9244,-4.538838,-0.2196702,-0.8208403,-0.47643358,0.029763076,0.4302684,-0.27369735,-0.4106193,-0.08165696,0.14967924,0.20026192
9245,-4.5156336,-0.28093985,-0.8980836,-0.68280995,-0.11151742,0.2835673,0.2818048,-0.112168275,0.119838454,0.44470763,0.45196262
9246,-6.021784,-0.24332555,-1.2119392,-0.7302391,-0.26833695,0.08075078,-0.026362568,0.3729746,0.18456744,0.55468786,0.60264915
9247,-7.678561,-0.24184756,-1.9358848,-0.82282287,0.17028135,-0.18428484,-0.122203805,0.01971535,0.45280185,0.5821949,0.06717592
9248,-7.4166903,0.21249306,-1.2820187,-1.0020642,-0.058296658,-0.23333794,-0.22552258,-0.31482875,-0.049630873,1.1396679,0.44579858
9249,-6.993926,-0.45075712,-1.0481209,-0.890988,-0.5333601,-0.344171,-0.0016076136,-0.054222576,-0.4004397,0.51508874,0.8217439
9250,-6.9091854,-0.22560748,-1.5324222,-0.8901226,-0.4082755,0.24476229,-0.0091591785,-0.29612646,-0.015395304,0.41608632,0.8198076
9251,-6.3732715,-0.08885459,-1.2186501,-0.6481007,-0.019108817,-0.06878727,-0.2534133,-0.22966918,-0.0892355,0.6739689,-0.094645336
9252,-4.4985385,-0.14577618,-1.0109322,-0.51084006,0.35281932,-0.13096926,-0.15413308,-0.04507421,0.013853064,0.52280134,0.06017973
9253,-6.607042,-0.13364205,-1.4715469,-0.60620415,-0.021959204,0.22833094,-0.2545072,-0.33126944,-0.18696725,0.16678262,0.38315538
9254,-3.4952478,-0.22286536,-0.7190415,-0.26234007,0.011253182,0.16579206,-0.034417182,-0.36863104,0.02916947,0.38577318,0.16833228
9255,-5.5834546,-0.27981788,-1.3375006,-0.72667,-0.22667167,0.014204843,0.3226328,0.05056764,-0.149501,0.57116544,0.37638196
9256,-7.1821055,-0.31995666,-1.5910976,-0.6306348,0.0074816323,0.7919104,0.013803143,-0.1882511,0.0018392252,0.33901316,0.3906934
9257,-5.0346413,0.043517813,-1.15008,-0.5012405,0.288301,0.12571451,-0.3122996,-0.07662085,0.060592063,0.16778105,0.123421244
9258,-5.5182576,-0.04883162,-0.887254,-0.6257996,-0.05071275,-0.07355801,0.011918104,-0.19466433,-0.038151264,0.3748734,0.19247192
9259,-7.67542,-0.06331804,-1.3659399,-0.66244614,0.085630886,-0.082886405,-0.1561798,-0.100511804,-0.2576815,1.0317528,0.2423116
9260,-7.004066,-0.5057118,-1.5374548,-0.9145851,-0.09859682,0.20181134,-0.07373221,-0.3550333,0.2680931,0.58290654,-0.09749524
9261,-4.6228924,-0.0674742,-1.0406611,-0.42436028,0.15612446,-0.09888006,-0.15079576,-0.095330566,-0.09716561,0.15591097,0.26592693
9262,-7.3565726,-0.3781743,-1.103099,-0.8675046,-0.2972581,0.12675238,0.13468538,-0.060376704,-0.3908376,0.3140868,0.7531883
9263,-5.1335588,-0.149702,-1.371364,-0.36126885,0.035266317,0.56503487,-0.23549248,-0.20540123,-0.15282471,0.37478447,0.12325538
9264,-5.1766877,0.15571955,-0.8630447,-0.8402402,-0.18368298,0.18225124,0.0012553604,-0.52451104,0.08804399,0.58318955,0.03370853
9265,-6.576933,-0.29718438,-1.5324509,-0.91461533,-0.41263026,0.326351,-0.085512355,-0.33900034,-0.21110867,0.44583705,0.55894274
9266,-4.8734217,0.07024212,-0.7427921,-0.48434502,-0.508036,-0.14887366,0.13275674,-0.04971358,-0.11793029,0.40925828,0.38427073
9267,-5.404848,0.11556801,-1.2675569,-0.5529077,0.15763432,-0.12077221,-0.1784439,-0.4993641,-0.029887186,0.16694464,-0.06321458
9268,-5.9210124,-0.36794558,-1.3474072,-0.8001406,-0.22083995,0.02909162,-0.20097414,-0.23275267,0.23164888,0.5403428,0.30188814
9269,-5.5015926,0.038033202,-0.7997125,-0.6221727,-0.09270928,-0.1043773,-0.03971337,-0.077285394,0.26043153,0.47136587,0.38414985
9270,-6.8603916,-0.00032891612,-1.0267222,-0.6995064,-0.51261055,-0.02091826,-0.05900728,-0.60273135,0.07916753,0.44913328,0.48785162
9271,-5.033146,-0.21397567,-1.0322459,-0.82734114,0.1339033,0.0014079986,-0.30879757,0.009980284,0.21655558,0.55807436,-0.037113935
9272,-7.424072,-0.03042934,-1.3822609,-0.61608213,0.0865211,-0.0019915532,0.09793071,0.09875957,-0.19250223,0.56790745,0.19049853
9273,-6.455912,-0.21721177,-1.5364021,-0.7705473,-1.0110255,-0.009654896,0.10499901,-0.017388647,-0.25456765,0.3525851,0.81880254
9274,-7.8769784,-0.31859982,-1.4971037,-1.2462989,0.08090026,0.12812996,-0.28795496,-0.7313376,-0.087158464,0.37319586,0.580516
9275,-5.3659935,-0.32794294,-1.1684378,-0.46522906,-0.32010338,0.11041819,-0.02655068,-0.09169013,-0.2221632,0.32306683,0.21448998
9276,-4.649473,0.096460395,-0.87991565,-0.3056349,0.29340878,-0.053627238,0.063063204,0.3286073,-0.01120048,0.4066353,0.15401788
9277,-4.4652696,-0.24917172,-0.73273045,-0.57248485,-0.20051964,0.25363714,0.037891775,-0.08045652,-0.13745256,0.24423955,0.3852707
9278,-4.502424,0.0721937,-0.6400038,-0.41942734,-0.11203074,0.07941446,0.026690047,-0.48091078,-0.13683935,0.47816524,0.05482437
9279,-4.2826943,-0.07542035,-0.8020119,-0.5351963,-0.26512522,0.23080155,0.03731539,0.010623358,0.08493913,0.27740368,0.4281074
9280,-6.3200483,-0.28767374,-1.0566826,-0.7727554,-0.012018917,0.071201086,-0.26547003,-0.058561027,0.39268175,0.79251504,0.36789632
9281,-6.4913945,-0.048574273,-1.3778926,-0.7608932,-0.9942178,-0.14988403,0.49914935,-0.05714993,-0.20111807,0.37860128,0.5046054
9282,-6.6283383,-0.35677052,-1.0923111,-0.5830104,0.14728835,0.1651383,-0.07268025,-0.025667274,0.0116059035,0.66455746,0.5899692
9283,-3.8740726,-0.06089781,-0.8010654,-0.5907596,-0.356366,-0.01067239,0.26317915,-0.116989575,0.1476421,0.33744442,0.53314745
9284,-5.6718607,-0.23093902,-1.2039081,-0.78007334,0.3907612,0.09320641,0.0317984,0.114298284,0.00895186,0.6644706,0.37382466
9285,-6.9434867,0.040767998,-1.7981528,-0.6467037,0.19168681,0.26189905,-0.12187935,-0.3941962,0.0066118566,0.502747,0.18823163
9286,-4.260615,-0.11218428,-1.076093,-0.6838105,-0.34003112,0.35117006,-0.0824673,-0.53339964,0.07596824,0.24713421,0.48692146
9287,-5.810058,-0.31324062,-1.0156357,-0.54235154,0.016554896,-0.0998059,0.23643397,-0.36589366,-0.10061387,0.017858138,0.3575993
9288,-6.002677,-0.17310059,-1.1373509,-0.94529283,-0.23293594,0.20186056,-0.60723233,-0.4670649,0.045159094,0.8252562,0.08017025
9289,-4.1707234,-0.15052213,-0.7705992,-0.7286766,-0.2223079,-0.019775191,-0.033557106,-0.17902331,0.27097362,0.45314157,0.48781157
9290,-6.960961,0.10408426,-1.4868745,-0.8625844,-0.15521437,-0.05102489,-0.057496972,0.001851635,-0.16822778,0.43216667,0.73938996
9291,-5.8026757,-0.32223058,-0.56233776,-0.9819052,-0.72929233,-0.38110632,0.14329928,-0.29882675,-0.14034374,0.494203,0.7470887
9292,-3.8509042,-0.059514422,-1.0602964,-0.3753507,0.13181424,0.20143336,0.06359877,-0.015012419,-0.1036772,0.33911976,0.2917657
9293,-5.09854,-0.0631312,-0.9538827,-0.41531372,0.36261943,0.19353192,-0.30957106,-0.27383012,-0.22219521,0.29113993,0.036641754
9294,-4.3214297,-0.1498801,-0.6478889,-0.6151887,-0.07400521,0.065940544,0.04198716,-0.06114676,0.10821376,0.41006523,0.2234732
9295,-6.748737,0.18323268,-1.7707423,-0.69456863,-0.15235758,0.69677097,0.05143004,0.040536277,0.33135107,0.71378857,0.31372255
9296,-6.0840335,-0.18535164,-1.432721,-0.29484963,0.28061008,-0.065942146,-0.18379782,-0.08284542,-0.040802494,0.45993298,0.43467808
9297,-5.0227647,-0.20888087,-0.82141227,-0.2948463,-0.011143666,0.06931483,-0.0886701,0.187865,-0.21174052,0.320168,0.16497807
9298,-8.76176,0.0731407,-1.4456002,-1.1300461,-0.0494375,-0.38301772,-0.24783297,-0.3694494,0.034423426,0.55341387,0.30443427
9299,-4.1212482,-0.035375714,-1.1941227,-0.37648952,-0.060010456,0.12878656,-0.10943386,0.021214506,0.039578687,0.5298047,0.4513675
9300,-5.674931,-0.123725206,-1.3438191,-0.8476779,-0.018569877,0.00186205,0.027064148,-0.44508237,0.04575487,0.46118155,0.15547034
9301,-4.156309,-0.07589556,-1.1390576,-0.7162653,-0.0715746,0.10679779,0.035098657,-0.3118223,-0.037883267,0.17611063,0.04935276
9302,-8.264774,-0.35541484,-1.6788311,-1.1784699,-0.7836534,-0.11812237,0.662204,-0.25254977,-0.17669642,0.28896004,0.8669798
9303,-5.39118,-0.14866804,-1.3020113,-0.39163408,0.50482,0.072597384,-0.341062,-0.07001155,-0.04324846,0.33807555,0.12509447
9304,-6.1514425,-0.32418782,-1.0548536,-0.31048867,-0.12069284,-0.4202568,0.08546068,0.013654476,-0.19901499,0.11489066,0.56655794
9305,-6.358902,0.07737015,-1.442927,-0.60707927,-0.13829917,0.014658662,-0.4265239,0.012610735,-0.16751888,0.46096036,0.34837282
9306,-4.879388,-0.24640785,-0.86266047,-0.4856664,-0.29381362,0.06495121,0.20396246,-0.065358505,-0.17319448,0.5915542,0.40062243
9307,-7.039379,-0.31408283,-1.2426479,-0.7093603,-0.28144014,-0.3727339,0.037507754,-0.08640912,-0.18939374,0.77182657,0.7175651
9308,-5.3022547,-0.23365383,-0.64267516,-0.88527966,0.0031207784,-0.024313323,-0.11686481,-0.041587763,-0.22753735,0.573844,0.3208784
9309,-5.7639613,-0.1667717,-0.85390025,-0.87686896,-0.086284004,-0.2505266,0.00877445,0.14077148,-0.16909201,0.55875945,0.49476454
9310,-7.901557,0.019886382,-1.4031869,-1.0375348,-0.6954689,-0.42850077,0.12964596,-0.24280074,0.3049442,0.6200031,0.66683525
9311,-6.4782076,-0.4462883,-1.7674527,-0.95635056,0.23201291,-0.26388866,-0.25871718,0.019547768,0.29739082,0.63980293,0.17134273
9312,-5.817998,-0.010035277,-1.2848946,-0.5979797,-0.28272134,-0.008417217,0.22136864,-0.2670565,-0.24194275,0.13890907,0.44692943
9313,-5.6554193,-0.0972247,-0.94037616,-0.6535655,-0.49438286,0.26653218,-0.29311782,-0.26191416,0.0003865324,0.29600036,0.0803495
9314,-5.4844227,0.025460728,-1.023677,-0.6242133,-0.50921744,-0.034000263,0.06948014,0.00991228,-0.07639905,0.49879345,0.18333884
9315,-4.321052,-0.18540049,-0.6394007,-0.5281667,-0.12020273,-0.21201955,-0.20274408,-0.2852248,0.013111265,0.23118576,0.31638107
9316,-6.244459,-0.32426164,-1.2976784,-0.7235797,-0.088135146,0.2371075,0.12592046,0.045525424,0.058148026,0.46490547,0.23461485
9317,-5.0791836,-0.22364688,-1.0202013,-0.3645621,-0.08770639,-0.170833,0.052333195,0.114484236,-0.2921772,0.12460051,0.13870138
9318,-5.24431,0.08849782,-0.90022844,-0.5308657,-0.015642136,0.12969834,0.07506313,-0.25260472,0.10087144,0.43314302,0.0441
9319,-5.2049613,-0.18300043,-0.98023015,-0.44237134,-0.09583856,-0.1306708,0.14698224,-0.09039968,-0.17283165,0.4676644,0.66388404
9320,-6.0442014,0.09489747,-1.2822094,-0.726993,-0.13155161,-0.077786215,0.18516083,-0.29058275,-0.11442824,0.7585244,0.10170793
9321,-5.8286095,-0.1521136,-1.1370168,-0.53015405,-0.08529515,0.1644211,-0.26860026,-0.19097438,0.10398079,0.32320115,0.25580874
9322,-5.709685,0.07878871,-0.7479945,-0.6227634,-0.12497898,-0.0788385,-0.16236456,-0.049041122,0.034415845,0.66218174,0.12181235
9323,-6.3224435,-0.38526872,-1.3353878,-0.85832644,0.052694608,-0.00878421,-0.07872144,-0.36010522,0.4470517,0.46180248,0.56705064
9324,-6.3096066,-0.058467086,-1.2268351,0.05464205,-0.28000227,-0.13162135,-0.0033610929,-0.23366547,-0.49294668,0.41418839,0.49878848
9325,-5.138177,-0.004688453,-1.1213918,-0.54165155,-0.3056842,-0.42987663,0.14199564,0.0907497,-0.11669566,0.3594751,0.027654484
9326,-6.6137643,-0.2467029,-1.1667948,-0.8407332,-0.52046967,-0.27098405,0.096579745,-0.07636994,0.29968712,0.6398501,0.64720184
9327,-4.165035,-0.04770871,-0.733476,-0.5785128,-0.054894343,-0.12054567,0.018339861,-0.33143422,0.031128528,0.2848073,0.17736953
9328,-5.885079,-0.22269346,-1.1111864,-0.84037364,-0.16473426,-0.011811234,-0.14822215,0.013290213,-0.02281846,0.48746735,0.2900134
9329,-6.1386833,-0.34414294,-1.0204592,-0.22262569,0.45907357,-0.033249013,-0.2535387,-0.34268236,-0.04729621,0.38380355,0.1189794
9330,-6.49435,-0.13261957,-1.1780174,-0.70936394,-0.41137117,0.25023288,-0.070557795,-0.19193308,-0.15536644,0.7882899,0.7362474
9331,-4.888768,-0.0900174,-1.010029,-0.485778,0.10214123,-0.09228428,-0.19255741,-0.10804208,-0.08300546,0.40393677,0.13982975
9332,-4.5546947,-0.098279096,-0.8653262,-0.42085955,0.06433236,0.42866623,0.04237189,0.08811928,0.11301272,0.55680126,0.13293047
9333,-5.8342643,0.12614821,-1.0216317,-0.46135697,-0.42466176,0.11520918,0.17321034,-0.22623378,-0.096143514,0.5907444,0.48244366
9334,-4.7939634,0.06314978,-0.8295432,-0.3452076,-0.5358262,0.16846146,0.15603866,-0.15236042,0.100746974,0.45235625,0.42166704
9335,-6.19199,0.049683843,-1.3626797,-1.1694089,-0.62649286,-0.10174242,-0.10671927,-0.10681921,0.2138704,0.57095796,0.6004901
9336,-5.030849,-0.2149355,-0.88149196,-0.48014227,-0.26016852,-0.18210104,-0.08459148,0.2778398,-0.21052732,0.44179124,0.4201602
9337,-4.1686406,-0.30872962,-0.7595073,-0.60590005,0.0103467265,-0.22322021,-0.09283916,-0.01863685,0.024062302,0.2619486,0.05767608
9338,-5.387686,-0.09433008,-1.1816264,-0.2750226,0.4137682,-0.03190683,-0.21388282,-0.28398794,-0.12844819,0.051065903,0.16612282
9339,-5.684876,-0.22047631,-1.225475,-0.9859661,-0.43576443,0.3905027,0.2998607,-0.20376919,0.30085757,0.769572,0.9558832
9340,-5.3455224,-0.031293605,-0.8591393,-0.6498327,-0.19426768,-0.16395912,-0.11200625,-0.2079609,-0.021991855,0.449227,0.25810272
9341,-5.3882275,-0.097533196,-0.6967354,-0.27953142,-0.29323658,-0.026204318,-0.104239464,-0.24472558,-0.41302857,0.074197024,0.08212376
9342,-8.338617,0.078928635,-1.5743297,-0.098526895,0.06754875,0.1050236,0.11565322,-0.14163002,-0.478231,0.16036616,0.35512292
9343,-5.808634,0.025287751,-1.0579351,-0.38603503,-0.0013544015,-0.12023841,0.112462424,0.2626399,-0.16000603,0.31353047,0.2327657
9344,-4.0225105,0.06380393,-0.85532814,-0.25090438,-0.025720002,0.1415647,0.033545982,-0.0006007599,-0.10078262,0.17031366,0.2094241
9345,-6.0566745,-0.16549498,-1.356153,-0.6829462,-0.4269124,-0.018353626,0.12992038,-0.053786136,-0.17208034,0.96983105,0.19798194
9346,-4.3003297,-0.06341208,-0.55110765,-0.36491945,-0.36260974,-0.036263127,0.16296104,-0.046558037,-0.30420697,0.28701863,0.31222805
9347,-4.376201,-0.20920213,-0.87977666,-0.70899504,-0.1305143,0.15712628,-0.10390744,-0.5959411,-0.08292023,0.1425836,0.2629945
9348,-5.338488,-0.33340338,-1.1075127,-0.8086661,-0.045274198,0.17853177,-0.049874716,-0.4235495,-0.009279728,0.6527529,0.3264006
9349,-6.0717883,-0.33021933,-0.7964772,-0.18782768,-0.40091658,-0.252787,0.09653449,-0.04229431,-0.28680173,0.47545683,0.58708435
9350,-4.3165207,0.079603635,-1.0613585,-0.3575836,0.21673691,0.006965358,-0.1285788,-0.28596538,-0.29403895,0.08241442,0.013675084
9351,-6.2471004,-0.04604378,-0.94036824,-0.64124215,-0.18395971,-0.08577499,0.085700415,-0.7135892,-0.09467365,0.2953386,0.44958168
9352,-4.7026105,-0.010189622,-0.47651815,-0.5427058,-0.22717494,-0.10435206,-0.16860853,-0.25091898,-0.16994022,0.34914234,0.4089869
9353,-5.5252724,0.12090582,-0.9078869,-0.25202805,0.1441195,-0.13606746,-0.03808003,0.23566143,0.026078269,0.32404688,0.05643746
9354,-4.895887,-0.39153197,-0.8341327,-0.5028597,0.02668697,-0.30201727,-0.00871781,-0.052005127,0.031651292,0.45766306,0.60989094
9355,-5.964475,-0.14268413,-1.135072,-0.6667149,0.07253157,0.09543591,-0.07045367,-0.3367258,0.025117358,0.41075274,0.5920443
9356,-7.2599626,-0.21644537,-1.5354574,-0.8350053,0.46605146,-0.0824463,-0.5325027,-0.5360739,0.06709024,0.49233684,0.09733242
9357,-5.5292215,0.025970839,-0.7115584,-0.32717428,0.16612555,-0.1693978,-0.2213694,0.14208925,-0.12466113,0.28160685,0.21371748
9358,-6.5594254,-0.32610694,-1.2580979,-0.5957617,-0.12201945,0.26484084,-0.24789853,-0.35789108,0.246136,0.6151339,0.15844566
9359,-5.5873604,-0.037484508,-1.1560475,-0.34762585,0.22286409,0.07686163,0.009305973,-0.20379871,0.07236407,0.1927315,0.121576935
9360,-5.2375116,-0.21117765,-0.96260613,-0.6227302,-0.27344584,0.08352406,0.00018032081,-0.24881923,0.28095984,0.7886469,0.20100118
9361,-6.108588,0.03283128,-1.191262,-0.76501656,-0.4298775,0.2550428,-0.022486735,-0.08986881,-0.12556842,0.36397138,0.53208536
9362,-4.9086676,-0.17993915,-1.1613922,-0.5559355,0.17739151,0.08371735,-0.019933395,-0.2478165,0.20753318,0.44882554,0.0780315
9363,-8.192671,-0.43581146,-2.059161,-1.2783141,-0.46720588,0.318712,0.2400612,-0.45843688,0.06877108,0.96355236,0.71889687
9364,-5.8437824,-0.029747419,-1.5133123,-0.684614,-0.13828439,-0.08338392,-0.007236342,0.24646951,-0.13027912,0.18519443,0.48520792
9365,-6.124164,-0.13834898,-1.4135971,-0.41153005,-0.24263877,0.32285708,-0.019602142,-0.06782695,-0.39882988,0.65725213,0.34455922
9366,-4.841108,0.0959732,-0.9578094,-0.68132025,-0.11437601,-0.22831322,-0.1091194,-0.14923961,0.0016080644,0.54821944,0.4798255
9367,-5.474466,-0.21003762,-0.8294561,-0.26224312,-0.38067952,-0.10234198,-0.10378071,-0.0676086,0.009733887,0.40291098,0.22287703
9368,-4.928182,-0.2072267,-1.2854363,-0.49245322,0.28237432,0.46975404,-0.029182468,-0.07819266,0.05136039,0.7101794,0.1615371
9369,-4.6313267,-0.2712237,-0.8119318,-0.65676874,0.08266602,0.16638523,-0.3044488,-0.5245294,-0.12568007,0.42775103,0.08069884
9370,-4.6417427,-0.35268918,-0.7954282,-0.358206,-0.10532295,-0.09191738,-0.23211686,-0.22779901,-0.08612482,0.51016045,0.3078476
9371,-4.783506,-0.31933698,-0.76757777,-0.41339746,-0.20307328,-0.02478357,-0.11317829,0.0700827,-0.43756825,0.39474738,0.11533819
9372,-5.438,-0.19891703,-1.2282355,-0.38366503,-0.10483727,-0.14290039,-0.22983766,-0.054008134,-0.1085437,0.5370483,0.39222497
9373,-4.487907,-0.2510752,-0.617923,-0.5734994,-0.3996133,-0.09628178,-0.03476326,-0.317307,-0.024526058,0.44549912,0.5818519
9374,-6.6520033,-0.35113993,-1.3302913,-0.8853918,-0.43461117,-0.042735618,0.1138594,0.13627969,0.1007625,0.77423304,0.3692165
9375,-5.5089507,0.04989684,-1.4210525,-0.7771911,0.11419826,-0.09233592,-0.40211153,-0.29646352,0.14525878,0.11618854,0.13459174
9376,-5.7720704,0.03720121,-1.5825809,-1.0572813,-0.34417287,0.06998302,-0.26246762,-0.27038476,0.24112478,0.5415951,0.5713995
9377,-6.1982436,-0.3117333,-1.1639605,-1.0951184,-0.21080102,-0.30641782,-0.25128305,-0.21598126,0.1410814,0.74191624,-0.092787266
9378,-7.718069,-0.31604573,-1.5246845,-1.3227504,-0.10188362,0.14881231,-0.1379328,-0.23544057,0.11760671,0.3249608,0.43659568
9379,-6.4085674,0.14231724,-1.343087,-0.87263495,-0.0037800265,0.18192382,-0.31802297,-0.31453574,-0.07124093,0.709296,0.28117886
9380,-5.550891,-0.27329642,-1.1409539,-0.72303337,-0.09167155,0.22377469,-0.010970061,0.060641333,0.11271924,0.79050505,0.09201787
9381,-6.1117764,-0.32190055,-1.4132155,-0.7111123,0.2707275,0.31477457,-0.4416231,0.030454453,0.06159974,0.48325008,-0.04624704
9382,-5.1157823,0.2066947,-1.0797201,-0.5864624,-0.068184376,0.19944987,0.22623107,0.369065,-0.02634027,0.15070339,0.63321674
9383,-6.5279427,-0.27546644,-0.81767434,-0.4207587,-0.20848264,-0.2898897,-0.34457406,-0.09395115,-0.5245064,0.28421843,0.25735587
9384,-6.906227,-0.18536106,-1.2010692,-0.62808657,-0.33904654,-0.16869703,-0.13399288,0.06518673,-0.37227163,0.41334036,0.6392353
9385,-6.637343,-0.21545476,-1.6205376,-0.9287362,0.12279424,-0.25600773,-0.16635948,0.0588947,0.18898574,0.451271,-0.056489103
9386,-6.346293,0.0225517,-1.2335405,-0.6845668,-0.21887301,0.043340035,0.33324298,-0.013126222,-0.08608667,0.084028155,0.6096105
9387,-4.6011944,0.005297468,-0.6994876,-0.2316543,0.11084332,-0.011470763,-0.068763025,-0.57140374,-0.2864649,0.57799935,0.0747845
9388,-5.1210675,-0.24377422,-1.1209681,-0.6030283,-0.11181136,0.08674895,-0.087643236,-0.27820012,-0.04274313,0.4637064,0.08946466
9389,-5.2306285,-0.06901883,-0.811513,-0.39739504,-0.25139123,0.25356007,0.0976914,-0.5548789,-0.20849815,0.3399991,0.6128716
9390,-6.2031884,-0.06786044,-1.0173024,-0.8251256,-0.5322981,-0.26063114,0.16693477,-0.25792393,-0.24989472,0.36888513,0.7254321
9391,-5.387966,-0.3154031,-0.9051703,-0.46536335,-0.040893815,-0.07767157,0.05723106,-0.29939413,-0.15578,0.6178933,0.38797167
9392,-5.8491263,-0.14309402,-0.9817169,-0.7722625,0.048649624,0.10214339,-0.021577418,0.025811853,0.13104841,0.5066145,0.56601024
9393,-5.5332294,0.072403006,-1.203006,-0.41735083,0.10415951,0.279944,-0.026187629,-0.20178552,0.09454901,0.08281185,0.1869305
9394,-5.477714,0.039054133,-1.1199856,-0.54586184,-0.15878718,0.08669977,0.02018435,-0.3229067,0.2607494,0.6917371,0.21390237
9395,-7.175095,-0.4746073,-1.3586929,-0.8318732,-0.32407826,-0.11378028,0.061434086,-0.15877412,-0.10887205,0.50072414,0.37793902
9396,-5.2656465,-0.53422296,-0.98227715,-0.88376945,-0.49399817,0.017467707,0.3140771,-0.08642578,-0.09195117,0.631942,0.13005663
9397,-6.6410875,-0.3385994,-1.3835089,-0.5085732,-0.55517524,0.32186472,-0.042427167,-0.26399118,-0.20714456,0.4340151,0.51023364
9398,-5.5979843,0.13764082,-1.1136689,-0.61670375,-0.27143577,0.12305926,0.00796986,-0.40575027,-0.019120513,0.40067384,0.38089064
9399,-4.8199267,-0.1770327,-0.9479369,-0.6520977,-0.2739913,-0.24570881,0.040846895,-0.23040682,-0.11900155,0.15857802,0.35774797
9400,-4.4692545,-0.0044448907,-0.73146635,-0.3670473,0.31898868,0.14143041,0.041716732,0.2229438,0.11763089,0.38269725,0.2244373
9401,-5.8163843,0.086853296,-1.4692905,-1.0081731,0.0705469,-0.020026717,-0.18380025,-0.37637872,0.063676625,0.8508486,0.38197285
9402,-4.1704574,-0.07536709,-0.84445846,-0.41595986,-0.2835861,-0.20905901,0.047159784,0.071672775,0.096189685,0.27558643,0.20912935
9403,-4.5191455,0.19856773,-1.0887345,-0.24666408,0.34333837,-0.033329505,0.053984992,-0.19772096,-0.23394397,0.0011411281,0.047930405
9404,-5.705427,-0.15374847,-0.98685145,-0.5259014,-0.57243586,-0.39286858,0.2997459,0.03245204,-0.3478838,0.42151245,0.70687443
9405,-4.312861,-0.11459525,-1.2869513,-0.21920207,0.4340186,0.49112713,-0.10343135,-0.2238733,-0.0725616,0.2862883,0.03682674
9406,-5.3529806,-0.14083122,-1.1355553,-0.6807361,-0.24107237,0.2264052,0.28546906,-0.1008569,0.3843366,0.6589342,0.3267195
9407,-5.8585153,0.12984638,-1.3904942,-0.80771786,0.3253648,0.27194083,-0.23568965,-0.12701665,-0.14991374,0.21383333,0.41774327
9408,-5.867317,0.06808087,-0.90102696,-0.5059067,0.030054834,-0.21745063,0.045517407,-0.41222194,-0.27185687,0.3186247,0.19135943
9409,-6.7239914,0.016623076,-1.427115,-0.43632382,-0.1588355,0.07444571,0.021255635,-0.18323216,0.049356274,0.10601439,0.6256693
9410,-3.172298,-0.16683954,-0.55288357,-0.28026363,-0.25892195,0.0003721742,0.008906803,-0.24071929,-0.04869759,0.26905096,0.24370329
9411,-4.8832226,-0.302741,-0.6990389,-0.54316384,-0.16955923,-0.25544256,0.23535635,-0.0064714197,-0.07872083,0.2142515,0.5225935
9412,-4.9529524,-0.043782666,-0.8967112,-0.34177896,0.23977531,-0.15572184,-0.24130763,-0.14080703,-0.13421112,0.5367048,-0.055564627
9413,-5.847292,0.22519167,-1.2279044,-0.6034716,-0.16756581,-0.24842148,0.12974969,-0.24508366,-0.06759596,0.42527843,0.5722258
9414,-6.077362,0.17529424,-1.4674028,-0.7041173,0.16299193,-0.19801736,-0.23508821,-0.47311297,-0.07189102,0.47650483,0.28379875
9415,-7.072179,-0.2661629,-1.6173471,-0.9218998,-0.008982295,0.14426151,-0.12740932,-0.02459939,0.26871097,0.91200376,0.11618407
9416,-6.0598073,-0.32008114,-1.3713937,-0.19498852,0.41434973,0.069163635,-0.44025627,0.13559397,-0.36418012,0.7017864,-0.09016687
9417,-6.635042,-0.18851298,-1.3654666,-0.36807355,-0.44154525,0.74666315,0.1372268,-0.24914575,-0.30925557,0.37628865,0.2238967
9418,-6.3141885,-0.22543965,-0.8911415,-0.7046727,-0.3737219,-0.071566395,0.17266028,0.12006716,-0.23022033,0.64488614,0.18940021
9419,-5.3524675,-0.1375938,-0.97756225,-0.46181512,0.18760931,0.13434571,-0.3329936,-0.18561773,-0.26820266,0.6867389,0.05764391
9420,-4.994761,-0.37039417,-1.5356975,-0.5195228,0.22454612,0.1271806,0.07344554,-0.18323672,0.04573787,0.25391716,0.45149162
9421,-7.0598826,-0.010380386,-1.1891785,-0.20789668,0.2037862,-0.31723875,-0.14534295,0.14044334,-0.363924,0.1347665,0.2429804
9422,-5.199054,-0.04743357,-1.1259357,-0.6098297,-0.70833355,0.5474963,0.0107100215,-0.5683989,0.02708026,0.38938844,0.47523937
9423,-5.7314444,-0.19530074,-1.1938535,-0.71162075,0.43394843,-0.23444304,-0.40238884,-0.26833805,-0.019501371,0.7657182,0.10281694
9424,-4.5359654,-0.040122025,-0.9339025,-0.36195675,-0.00048511662,-0.1898223,0.11721434,0.0007095514,-0.37944904,0.5647376,0.14090301
9425,-6.438231,-0.37705532,-1.4358449,-0.96732295,0.05833039,-0.24282928,0.09702425,-0.13120891,0.07832001,0.46856895,0.719306
9426,-5.147319,-0.10004725,-0.88338155,-0.5884026,-0.40604556,-0.42885143,0.16673277,-0.1352284,-0.19676031,0.66385823,0.13171941
9427,-6.201706,-0.15857439,-1.000464,-0.82011986,-0.42119974,0.36812806,-0.1346298,-0.26460823,0.12005316,0.62803805,0.5802767
9428,-5.188154,-0.09939983,-1.1087549,-0.6541591,-0.50016284,0.35416913,0.2728534,-0.08755144,-0.21212736,0.42931888,0.56786233
9429,-5.520738,0.12675007,-1.1806666,-0.60517865,0.16582362,-0.1267853,0.08106954,0.026348976,0.24241617,0.24354178,0.29225764
9430,-6.6415243,-0.09123948,-1.3867723,-0.8852477,-0.06985175,-0.2419704,-0.10727342,0.24203907,-0.26724637,0.7555646,0.21140358
9431,-4.2969418,-0.02382905,-1.2628236,-0.3779631,-0.11526582,0.19707216,0.03374333,-0.20220585,-0.07993047,0.41838425,0.16642371
9432,-7.4392753,-0.20474757,-1.545597,-0.8240291,0.20181435,-0.007495234,0.19326605,-0.5667872,-0.058184348,0.45383963,0.36903688
9433,-5.4835587,-0.43260553,-1.0315313,-0.80862105,-0.07460083,0.2737717,0.07073887,-0.24518156,0.0020122463,0.4438435,0.49894512
9434,-4.5384526,-0.08125854,-0.8771927,-0.14495844,-0.16469929,0.17102966,0.21105261,-0.06131342,-0.20433153,0.3596074,0.28139147
9435,-3.9464228,0.006995187,-0.57750547,-0.47730607,-0.36340204,-0.18989007,0.061673425,-0.06917294,0.018290192,0.46636587,0.24002075
9436,-6.6556106,-0.0666911,-1.1022587,-0.8178182,-0.3131735,0.14636268,-0.117486246,-0.30856657,-0.14246204,0.6045133,0.0630851
9437,-6.284789,-0.29804295,-1.0953227,-1.0151192,0.17937396,0.0929637,-0.10454596,-0.3426008,0.09635104,0.3617483,0.047381468
9438,-8.323448,-0.11411792,-1.7285964,-0.8788581,0.1678428,0.59550595,-0.4138519,-0.11103807,0.025110207,0.6286519,-0.015099096
9439,-5.1519604,-0.08945907,-1.0201606,-0.8900562,0.17032982,-0.121766716,-0.33467272,-0.23595405,0.3699928,0.66020554,0.16048604
9440,-5.561296,-0.15924633,-0.9980498,-0.92685765,-0.06344873,-0.18949577,0.09520451,-0.39888835,0.048844233,0.4940063,0.29957524
9441,-5.6439786,-0.1834435,-0.98143023,-0.68858516,-0.4679737,0.17554542,-0.07856099,-0.18607414,0.1674231,0.5002263,0.6379805
9442,-4.5778437,0.115252085,-0.95517236,-0.6924746,-0.18008189,-0.12111318,0.2099631,-0.11986423,-0.1604532,0.3399577,0.3806582
9443,-7.6133146,-0.415227,-0.8808212,-0.891563,-0.66015506,-0.18012552,0.339979,-0.08814798,-0.22747552,0.3108611,0.9309895
9444,-5.939794,0.011905054,-0.8360264,-0.5581595,-0.28082883,0.06368117,0.24147841,-0.28070915,0.12740353,0.360853,0.57853895
9445,-5.4487157,-0.27828276,-1.0575376,-0.4736411,-0.2060334,-0.006927018,0.37899083,0.10608888,-0.12211895,0.36764196,0.40488607
9446,-5.1512527,-0.12727939,-1.5441532,-0.26329383,0.2507755,-0.025291517,-0.2360563,-0.16881217,-0.38555998,-0.0297868,0.29445595
9447,-6.6659327,-0.2980612,-1.1414555,-0.93198,-0.31269184,-0.22977819,-0.016431902,-0.09344679,0.0014839573,0.5051918,0.752863
9448,-3.9983559,0.15318833,-0.8413221,-0.4330457,-0.06676684,0.11766452,-0.044064116,-0.31958368,0.19155706,0.39052525,0.10973794
9449,-6.2655044,-0.19070646,-0.9411036,-0.52555573,0.03591636,-0.19622675,0.4596477,-0.15275839,0.04713274,0.34687218,0.4917629
9450,-5.047149,-0.22093302,-0.86720514,-0.62530327,-0.03735082,0.1960843,0.10978635,0.12126436,-0.069089495,0.63495624,0.08254618
9451,-3.8636253,-0.09964501,-0.81011736,-0.38118005,-0.14908543,0.31886977,0.08891259,-0.03952939,0.09190454,0.09091529,0.24752976
9452,-5.557355,-0.110758424,-1.197716,-0.70379066,-0.4040231,-0.32539976,0.10952802,-0.40328446,-0.006759299,0.39940712,0.55649716
9453,-7.6358933,-0.13122573,-1.5987523,-0.83157617,-0.48512256,-0.4801777,0.24386665,-0.036377616,-0.010044683,0.4631322,0.83852744
9454,-6.582293,0.16768362,-1.5308322,-0.68206453,-0.13586698,0.1563782,-0.19564448,-0.48393655,-0.027890043,0.03805842,0.2995157
9455,-5.9500155,-0.2903542,-1.0610812,-0.5343319,0.06886025,-0.12579888,0.03258454,-0.092489235,-0.1754222,0.24374025,0.35064203
9456,-3.8749282,0.03574324,-0.786248,-0.4786752,-0.08401547,0.122226216,0.12633717,-0.018715626,-0.011965282,0.37507328,0.2972786
9457,-6.379941,0.08627748,-1.1265118,-0.56050926,-0.2832786,0.07570939,-0.080281615,-0.40016285,-0.0462614,0.3951534,0.44812587
9458,-5.556889,-0.3269761,-0.62088865,-0.74922496,-0.472769,0.079024225,-0.14383042,-0.2584533,0.10720884,0.44261092,0.5428377
9459,-3.9778059,-0.08555807,-0.58630204,-0.5608893,-0.18046634,-0.18287212,0.1069708,-0.19170743,-0.16114938,0.46805012,0.224984
9460,-6.807881,0.08825016,-1.5525584,-1.1962917,-0.029455723,-0.3925445,-0.26073056,-0.19132233,-0.30585402,0.44735116,-0.04494274
9461,-6.4034033,-0.19040643,-1.4648398,-0.5790336,-0.16386546,0.29942185,0.19219778,-0.013450349,0.07974762,0.7064561,0.30916587
9462,-4.830824,-0.28331977,-1.149749,-0.57732964,0.1125418,0.037644096,-0.016835015,-0.23930345,-0.083552174,0.25520888,-0.0081879115
9463,-6.482436,-0.07157759,-0.9441728,-0.91628945,-0.75560457,0.16498898,-0.2503161,-0.5501491,-0.043461725,0.63674724,0.6007526
9464,-5.7002945,0.081239745,-1.0881588,-0.14611536,-0.15525141,-0.10941591,0.07683442,-0.15247439,-0.11922863,0.2363382,0.4131486
9465,-9.692089,-0.17443627,-2.0383956,-1.2765766,-0.44665912,0.21684375,0.11443523,-0.025347387,0.13373163,0.2946564,0.8390714
9466,-5.3777776,0.036882196,-1.1358732,-0.64776146,-0.16379233,-0.030313242,0.1303981,-0.48276445,-0.20193525,0.5673886,0.33135855
9467,-4.6240373,-0.09840911,-1.1613759,-0.25604615,-0.49470097,0.39954114,0.3866607,0.005446453,-0.018816153,0.3814352,0.35736513
9468,-5.175259,0.0878678,-0.9773807,-0.9202218,-0.10091729,-0.05194483,0.041813526,-0.26933375,0.038053945,0.6697128,0.3136155
9469,-6.549227,-0.30943856,-1.2615564,-1.1072822,-0.30891144,0.4616266,-0.39557162,-0.09251368,0.19690664,0.57835525,0.58885676
9470,-6.1942196,-0.20208038,-1.5472107,-0.52366257,-0.27958414,-0.15669067,-0.12331901,0.11287413,-0.23666967,0.68542904,0.23372309
9471,-5.3840313,0.05199696,-1.0536283,-0.46620685,-0.103738174,-0.35868,-0.010133666,0.066491626,-0.17097032,0.34891954,0.20564839
9472,-5.546946,-0.14092544,-1.2583836,-0.8480176,-0.1167841,0.027926804,0.005636983,-0.23487115,0.058258206,0.4854623,0.27897146
9473,-5.1047244,-0.07796154,-1.0115087,-0.51491433,0.028527515,-0.16073206,0.2888237,0.0062177526,-0.14359826,0.29325724,0.4415368
9474,-5.936147,-0.029881172,-0.8898149,-0.7862049,-0.29709783,-0.06401641,0.061414532,-0.80098814,-0.06232295,0.09776274,0.27690455
9475,-6.409482,-0.044230223,-0.907201,-0.8151916,-0.16472918,0.10723676,-0.04838339,-0.32104304,-0.18023399,0.45074412,0.26794744
9476,-4.7102537,-0.10566984,-1.0331246,-0.5777136,-0.14620899,0.293476,-0.12844402,-0.61920416,0.09559122,0.41978097,0.19479187
9477,-5.0165906,-0.015845057,-0.80747044,-0.49869698,-0.2755898,-0.08004916,0.005563527,-0.2103602,-0.13437243,0.17699786,0.389709
9478,-4.433169,-0.11472984,-1.050686,-0.6243871,-0.10194631,0.031195678,-0.22994989,-0.2630099,0.139325,0.79473406,0.04575122
9479,-5.398602,-0.06374186,-1.0193807,-0.39748725,-0.3552369,-0.083943784,0.11887424,-0.15795183,-0.062878154,0.51770973,0.1449711
9480,-5.5484324,-0.19096121,-1.1645331,-0.41934416,0.2987588,0.25496408,-0.026165526,-0.16514593,0.19675614,0.22209485,-0.024470631
9481,-4.271662,-0.21365127,-0.61075276,-0.67353743,-0.036281303,0.30614948,0.17532124,-0.26385412,0.10803059,0.62536794,0.27381408
9482,-5.1388445,-0.07303646,-1.0830566,-0.8266616,-0.25643203,-0.2348086,-0.018704247,0.123637974,-0.08957307,0.11984868,0.4635628
9483,-4.80426,-0.23615557,-0.83944315,-0.54151905,-0.058921047,-0.1907783,-0.15445739,-0.3545028,0.028601313,0.06821478,0.65584004
9484,-5.1616583,-0.054945495,-1.1578465,-0.6529667,0.25731114,0.4027825,-0.07432497,-0.017430922,0.25790367,0.4975282,0.44129974
9485,-6.932385,-0.030478496,-1.5653738,-0.82414913,0.5330917,-0.10891353,-0.022440989,-0.466136,0.23128246,0.51128536,0.29420644
9486,-5.495199,-0.13733558,-1.1695814,-1.001857,-0.20236017,0.041368224,0.11386433,-0.26039588,-0.07180941,0.541538,0.5963517
9487,-6.7727585,-0.328013,-1.6704637,-0.8543756,-0.5779211,-0.26955432,0.0867298,-0.05461575,-0.12504722,0.66864514,0.50881714
9488,-4.6626406,-0.013161843,-0.8884849,-0.71835226,-0.16943245,-0.11560604,-0.04681785,-0.045136116,0.038630985,0.29293337,0.3534995
9489,-3.9449558,0.0009223232,-0.46122715,-0.2669299,-0.21612696,-0.13357215,0.09889085,-0.009857116,-0.19331582,0.27759743,0.40798196
9490,-7.155465,-0.43126544,-1.4529806,-0.7202479,0.16553393,0.37669992,0.32075948,-0.07882202,-0.18490015,0.3113476,0.71225667
9491,-7.3422923,-0.097427435,-1.2717811,-0.49514228,0.37174028,0.5258429,-0.03385055,0.1900445,-0.18583667,0.5487889,0.17061158
9492,-6.1527343,0.15601702,-1.0892783,-0.613888,-0.0002885172,-0.25025618,-0.16382287,-0.124976404,-0.13191508,0.63074523,0.3616967
9493,-6.382534,-0.21826316,-1.2497454,-0.95418584,-0.13908365,0.3026271,0.108175874,-0.25620803,0.21985145,0.8579395,0.5847498
9494,-5.365636,-0.097452864,-0.8920839,-0.41464978,-0.43375555,-0.18378596,0.00649261,0.0047928467,-0.12037179,0.47506842,0.5531316
9495,-4.304672,0.10920932,-0.7927226,-0.3931167,0.03616329,-0.09664976,-0.15450394,-0.040969715,-0.010664834,0.31794938,0.2565719
9496,-4.2819376,-0.15858518,-0.3369733,-0.42679492,0.02393019,-0.05489827,-0.048913117,-0.22806752,-0.16930662,0.31043115,-0.0059067095
9497,-6.3978148,-0.30881643,-1.1702405,-0.56745756,-0.5703397,-0.12340897,0.17346224,-0.5152419,-0.2872659,0.03362933,0.50813156
9498,-5.9701705,0.10689108,-0.9447031,-0.84654856,-0.09276657,-0.16985813,-0.14786425,-0.39783332,0.0006135488,0.33154544,0.45660844
9499,-5.2455897,-0.22112095,-1.0149269,-0.40448514,0.10967612,0.21941853,-0.25312302,-0.09913926,-0.11624923,0.09565227,0.18557596
9500,-6.137818,0.1744032,-1.0453098,-0.43018755,-0.019257866,0.04612183,0.08318435,-0.3302,-0.13436969,0.6267696,0.2306052
9501,-5.050591,-0.01285814,-1.4282235,-0.09492745,0.34165442,0.2570424,-0.14327247,-0.065863945,-0.2630528,0.03495546,0.2392609
9502,-6.0229034,-0.11495653,-1.5425378,-0.7449193,0.24056575,-0.17818634,-0.31221142,-0.22642784,0.15822384,0.7363097,0.097914465
9503,-5.3638787,-0.24407066,-1.1429974,-0.7820933,0.0024408787,-0.06528554,-0.30810386,-0.103624225,0.22356479,0.60744244,0.16111806
9504,-6.974461,-0.19835603,-0.9605706,-0.86868197,-0.39602664,0.04737443,0.047824558,-0.28526127,-0.03873712,0.54049134,0.5636456
9505,-6.383503,-0.1648231,-1.2583303,-0.42597952,0.1271356,0.08391313,-0.20414777,-0.2558111,-0.2521168,0.025446914,0.20709851
9506,-5.9989495,-0.05253489,-0.90039074,-0.3663358,0.005689974,-0.33450198,-0.15973191,-0.17191888,-0.14843,0.13289662,0.22428739
9507,-5.2954874,-0.13668536,-1.2686245,-0.6465411,-0.10030765,0.58433264,-0.18345878,-0.44459057,0.350033,0.6704454,0.107618764
9508,-5.497531,-0.10602103,-0.99679214,-0.64445865,-0.00017932011,-0.11678332,-0.05251287,0.0428425,0.07592982,0.29092404,0.23384306
9509,-4.7373857,0.16415642,-0.84737414,-0.46573243,-0.20167315,-0.051583536,0.06208281,-0.17067356,-0.26137546,0.2111764,0.19647624
9510,-3.9440854,0.10770463,-0.96646184,-0.45189062,-0.2417758,-0.13259861,0.24212447,-0.3551004,-0.1630756,0.3618543,0.33506542
9511,-5.682947,-0.36542594,-1.4196835,-0.59270245,-0.1788738,-0.029120311,0.00069645885,0.25196993,-0.009901287,0.7261909,0.12335874
9512,-6.5813947,0.082541145,-1.009239,-0.33181325,-0.20355342,0.09545622,0.14168191,-0.26059335,-0.34618843,-0.17986268,0.2839701
9513,-5.257903,-0.24073529,-1.1720266,-0.5938811,0.088659,-0.07453727,-0.42924735,0.09482765,0.02218667,0.6398589,0.25238898
9514,-5.7110624,-0.037919067,-1.2137698,-0.8498494,0.09532804,-0.07185485,-0.08653738,-0.19311118,-0.014956934,0.22420248,0.29019406
9515,-5.7222147,0.07726665,-0.969685,-0.78521955,0.17675889,0.07642969,-0.15299812,-0.53005683,0.22845282,0.42753375,0.18481004
9516,-5.654063,0.056316193,-1.094207,-0.36449158,-0.44209188,-0.43405783,-0.025658567,0.052629746,-0.1415984,0.24213359,0.39168155
9517,-5.421415,0.11148302,-1.2042888,-0.12785484,0.40362105,-0.068618126,-0.08745473,-0.14526013,-0.38781,0.3438068,0.20037493
9518,-6.6917133,-0.27628472,-1.3078654,-0.61594725,-0.12195126,-0.2883256,-0.09370841,-0.026558196,0.05488894,0.47782236,0.06471795
9519,-6.333166,0.08262405,-1.3036289,-0.3005724,-0.5429318,0.036972977,0.31860694,0.03235323,-0.48484838,0.43756694,0.57238644
9520,-5.845146,-0.056750413,-1.5589881,-0.7734835,-0.04595922,0.32726127,0.02103645,-0.39999935,0.105505146,0.53507847,0.31322858
9521,-4.1426473,-0.2048549,-1.1371062,-0.3623309,-0.046232145,-0.011128893,-0.025371935,-0.19786038,-0.09041324,0.2018907,0.44937503
9522,-6.2539024,-0.2683489,-1.2181735,-0.7449058,0.33803636,-0.12414423,-0.17740974,-0.07627713,0.327909,0.6094561,0.26719218
9523,-7.402727,-0.16364603,-1.0381858,-0.74275273,0.29264393,0.029350199,-0.10131062,-0.52894276,-0.11194101,0.8195725,0.0077500883
9524,-4.625241,-0.1253134,-1.0241672,-0.28710204,-0.3111814,0.14727402,-0.03602513,-0.087049976,-0.023316575,0.3216304,0.33750114
9525,-4.9204397,-0.3276909,-1.1657195,-0.6504152,0.081472814,-0.11314668,-0.27652368,-0.03326986,0.2995624,0.32289577,0.5766284
9526,-5.296049,-0.07722699,-1.0774782,-0.67576504,-0.09614663,-0.073832825,-0.25049955,0.25647455,-0.029387126,0.45523223,0.2812262
9527,-6.084945,-0.15862466,-1.5311999,-0.40452597,0.25469315,0.043079026,-0.2829361,-0.24959648,-0.06976299,0.3540902,-0.034581948
9528,-5.430058,-0.12227711,-1.1573442,-0.7268921,-0.18122087,0.31967515,0.13149181,-0.3629858,0.26831612,0.7879477,0.26819438
9529,-6.7331333,-0.11073679,-1.7316847,-1.0588896,0.45297107,-0.16697331,-0.47883666,-0.28700745,0.21968137,0.48624587,0.19780482
9530,-5.7050533,0.16888514,-1.0637642,-0.5736977,-0.05563191,-0.36602634,-0.2961224,-0.09742937,-0.28869212,0.69406396,0.25025582
9531,-6.150732,-0.13399234,-1.0274782,-0.6595241,-0.26805595,0.05247828,0.20758547,0.15067933,-0.12550297,0.41725054,0.40009812
9532,-6.4433694,-0.4036561,-1.1184285,-0.43717083,0.16429105,0.26505005,0.042779632,0.000100263394,-0.2418875,-0.011306609,0.5529757
9533,-5.2606297,-0.17909507,-0.94417316,-0.73647773,-0.16210952,0.07801434,0.12814923,-0.19129744,-0.077559575,0.507357,0.49657744
9534,-5.0963287,-0.09430291,-0.7774342,-0.47787502,-0.112046756,-0.41971797,-0.035942085,-0.07316778,-0.41768283,0.3260049,0.19393349
9535,-6.3894463,-0.39778805,-1.0004339,-0.65136665,-0.06934985,0.020076495,-0.072216265,-0.21039943,0.1709799,0.9746807,0.38805142
9536,-3.6930792,-0.14092547,-0.5947279,-0.34846902,-0.03298098,-0.094850086,0.14138535,0.30285487,-0.15092108,0.3417688,0.120367944
9537,-6.860576,-0.2175866,-1.3369038,-0.5088343,-0.009476153,0.19322863,-0.43084663,-0.3626159,-0.016699145,0.70205814,-0.12445649
9538,-5.180005,-0.2502748,-0.92226183,-0.38044,-0.402808,0.020293133,-0.06662631,-0.09043823,0.12739968,0.7000767,0.20309292
9539,-4.657223,0.018471256,-1.0120615,-0.5551131,0.02097309,0.09977684,0.07593037,-0.31575724,-0.12872548,0.2589578,0.1925413
9540,-5.0238976,0.0030712816,-1.2309221,-0.83543605,-0.2728484,0.15640965,-0.16903564,0.020457752,0.0057474924,0.2290376,0.37999576
9541,-6.799293,-0.023702174,-1.4276513,-0.90826607,-0.45416728,-0.23094214,-0.17222592,0.050500564,0.013325935,0.56959236,0.5977736
9542,-5.296867,0.0042759036,-0.962369,-0.46296594,0.19746064,0.11362796,0.07873074,0.14550091,-0.074826084,0.44665843,0.3246275
9543,-4.946049,-0.2374849,-0.7263457,-0.44647783,-0.43606114,-0.03421836,-0.25000426,-0.046943873,-0.27549055,0.25974488,0.16861938
9544,-6.9620624,-0.36379412,-1.2559224,-0.79131,-0.26308218,0.09325265,0.19627285,-0.108849324,0.23483154,0.8990234,0.45132923
9545,-5.7708597,-0.15211302,-1.0134276,-0.52835345,-0.40453035,-0.035564993,-0.095904715,-0.16803569,-0.1121185,0.38077313,0.41246554
9546,-6.640622,-0.12944278,-1.216463,-0.9368611,-0.3703077,0.10802522,0.36061686,-0.40653342,-0.10094868,0.30913585,0.7369515
9547,-4.696211,0.05340127,-0.93665665,-0.15964925,-0.10201776,0.17971988,-0.10093644,-0.34860793,0.02246896,0.52864915,0.0045537325
9548,-7.454047,-0.16181287,-1.3102356,-0.79286623,-1.0211028,-0.19265178,0.63697326,0.067408025,-0.64415365,0.4137055,0.7605453
9549,-5.6185904,-0.12344642,-1.100057,-0.77507114,-0.36134997,0.45472628,0.004236993,-0.3834122,0.3546017,0.45835856,0.5152303
9550,-4.956135,0.17380188,-1.202469,-0.518832,0.3116171,-0.34142375,-0.07218684,-0.022440406,-0.11562915,-0.07453535,0.18637323
9551,-6.1415195,0.09609508,-0.94779676,-0.7428984,-0.24230778,-0.042757694,-0.26373482,-0.28352553,-0.2098481,0.24148265,0.28492722
9552,-6.224352,-0.15951033,-1.847299,-0.8507007,-0.3236421,0.09458963,-0.14148992,-0.27536207,-0.033790313,0.34780216,0.41547626
9553,-5.3839254,0.081774496,-1.0130532,-0.43838435,-0.3329719,0.0006164196,-0.122325234,-0.16247082,-0.14464363,0.33408928,0.3257718
9554,-5.9812636,-0.29507303,-1.0149786,-0.80633587,0.14358926,-0.11532425,-0.39501,0.16098134,-0.1123548,0.41319907,0.15676351
9555,-7.1306267,0.35679483,-1.6271974,-0.7366221,-0.1761258,-0.06796466,0.12197265,-0.11571028,-0.3574635,0.30628276,0.40451142
9556,-5.6442714,-0.108013876,-1.1181216,-0.76208055,0.15258446,-0.00074049365,-0.051706936,-0.16559486,0.063979305,0.5511796,0.16468383
9557,-3.4448793,-0.033724852,-0.63056964,-0.46570832,-0.26086134,0.059073523,0.1995987,-0.08314214,0.11851537,0.24439038,0.3669683
9558,-4.3658442,-0.034411438,-0.79626906,-0.6644781,-0.51259613,-0.24136357,-0.17319527,-0.0070489943,-0.13504204,0.33339587,0.34899196
9559,-5.7863927,-0.22399102,-1.1617138,-0.9081778,-0.24237731,-0.18741597,-0.121362574,-0.14494954,-0.15549958,0.6550723,0.45205253
9560,-4.8609095,-0.22032161,-1.0525674,-0.6372961,-0.20210747,-0.15929022,0.02301189,-0.11444558,-0.053582698,0.6163919,0.100777894
9561,-5.3761106,-0.4722333,-1.0629731,-0.6880891,0.19463846,0.41089237,0.026706137,-0.22081144,0.24751464,0.5148314,0.5471879
9562,-5.516983,-0.13308986,-1.1071674,-0.6315634,-0.37865224,-0.49107838,0.08795331,-0.0031133015,-0.28086516,0.20770949,0.26224598
9563,-6.4106913,-0.2712959,-1.0872126,-0.95126003,-0.2756596,-0.07934686,0.0016359398,-0.30353335,0.021069502,0.738748,0.1886778
9564,-3.4342878,-0.3656429,-0.54418534,-0.5126711,-0.23797718,-0.09090864,-0.16256845,-0.16378678,0.14344238,0.4203933,0.33853948
9565,-5.6527867,-0.32111162,-0.624304,-0.722655,-0.43492445,-0.41966593,0.34362495,0.033782993,-0.043188646,0.20023341,0.49105752
9566,-5.3077826,0.13043027,-1.044618,-0.695276,-0.20620202,0.16197471,-0.076818645,-0.23349243,0.1051839,0.35692754,0.33478993
9567,-5.6616507,0.16642837,-1.4915963,-0.5811264,0.29211363,0.21419774,-0.2429821,-0.34585318,0.1286387,0.10870647,0.1388653
9568,-4.255244,-0.009543248,-0.70330495,-0.2428256,-0.29447234,-0.120189175,-0.10761745,-0.017492263,-0.19784784,0.5235138,0.13106804
9569,-5.3624034,-0.022690248,-0.8564341,-0.5169722,-0.1523094,-0.036508072,0.22589688,-0.28793636,-0.27275768,0.35809445,0.36076784
9570,-4.429798,-0.02018509,-0.8072122,-0.557643,-0.3612858,-0.31852216,0.07642724,-0.19738206,-0.0919869,0.65366757,0.39074168
9571,-6.0739737,-0.4654212,-0.898891,-0.87474626,-0.47372544,0.12850575,0.059231177,-0.005426231,-0.10022938,0.8945973,0.60548633
9572,-5.0580544,-0.14208756,-1.5654998,-0.32199362,-0.18284824,0.06846453,0.20348163,-0.15007629,-0.20295012,0.24894008,0.45313343
9573,-3.666889,-0.03569608,-0.9877868,-0.25996247,-0.15746143,0.018069064,-0.08615882,-0.06848215,-0.10398692,0.2514585,0.24669552
9574,-6.045776,-0.060645115,-1.0190077,-0.21618116,-0.20071207,0.5141935,-0.26426154,-0.04788801,-0.025337929,0.5028045,0.22653311
9575,-5.850032,-0.1098841,-1.2201709,-1.1419667,-0.16527204,0.30833256,0.18090555,-0.7249892,0.26057455,0.38508838,0.48100314
9576,-7.196992,0.011703284,-1.3761798,-0.35080725,0.1131617,0.050451342,-0.22513977,0.1632591,-0.035718597,0.6707798,0.7010294
9577,-4.5785494,-0.36064446,-1.0236161,-0.48760468,0.29361415,0.06217448,-0.31536108,-0.28941458,0.05403211,0.25932103,0.25406173
9578,-5.2781005,-0.025934264,-1.0127065,-0.8008927,-0.06302621,-0.25200588,0.014809332,-0.15294193,-0.00077454187,0.23309347,0.40748817
9579,-6.040198,-0.15498242,-1.1565346,-0.7055243,0.028533,0.3415829,-0.00039782003,0.018409032,0.19481678,0.85141355,0.4442035
9580,-5.524744,0.00057802256,-1.0213342,-0.66500306,0.2010906,0.12166668,0.19796813,-0.25107497,0.11859684,0.38471034,0.19211237
9581,-6.4191175,-0.43597737,-1.1954138,-0.73111457,-0.13715093,0.27021086,-0.24605544,-0.52110285,0.27583203,0.4451306,0.5917967
9582,-7.3406787,-0.14264774,-1.429916,-0.94940877,-0.19237049,-0.027565997,0.026432049,-0.32851142,-0.05857552,0.77256507,0.26187265
9583,-6.5928135,-0.09542116,-1.1851085,-0.30393606,0.08778207,0.06367579,-0.2598332,-0.17412978,-0.1731511,0.31626326,0.05331325
9584,-4.3943653,0.1586252,-0.84142846,-0.53226477,-0.019325688,-0.025249526,-0.059835806,-0.54891706,-0.23076294,0.2649932,0.071567446
9585,-7.147621,-0.14935523,-0.9613031,-0.46823126,-0.17440677,0.09897961,-0.14081214,-0.120788105,-0.396269,0.5130531,0.21283378
9586,-5.3061085,-0.049760442,-0.9152348,-0.3856933,-0.08402955,-0.08867033,0.23676857,-0.023450652,-0.09001686,0.3526129,0.23985554
9587,-6.192923,-0.1275426,-1.1196786,-0.16417174,-0.10594229,0.18624644,-0.440773,-0.20567705,-0.2739156,0.571601,0.18416795
9588,-6.0808096,-0.088381425,-1.1667929,-0.43854287,0.04692252,0.37249064,0.055583715,0.25448936,-0.23572357,0.21637082,0.25388685
9589,-4.385161,-0.2759229,-1.0541279,-0.7481634,-0.50299746,0.050398324,-0.118262194,-0.38610068,0.044526998,0.5619434,0.49360803
9590,-6.1794853,-0.24696697,-1.4385182,-1.1795017,-0.19151987,0.08369789,-0.04068432,-0.43629846,0.16072409,0.8335402,0.47608534
9591,-6.057202,-0.23793603,-1.346892,-0.7106624,-0.124784626,-0.025455564,-0.5389745,-0.4785057,-0.12636116,0.47704396,0.08989819
9592,-5.634074,-0.5056313,-1.2183872,-0.73916006,-0.86743766,-0.03321537,-0.13187236,-0.12484572,0.11776924,0.841452,0.74901444
9593,-6.68262,0.18437612,-1.4406261,-0.75338817,0.11505604,-0.2557583,-0.33192143,-0.3925216,-0.114937216,-0.19490097,0.034053158
9594,-5.7173767,-0.026776548,-1.5914372,-0.77299064,-0.29088184,0.10762095,0.13483152,-0.38067704,-0.27877408,0.9968702,0.3351739
9595,-6.2594366,-0.11758132,-1.1245834,-0.8026899,-0.04090762,-0.1999136,-0.0040638447,-0.044948243,-0.118159875,0.37154943,0.260558
9596,-5.838835,-0.20303476,-1.4532888,-0.11146557,0.1809764,0.011210309,-0.29142523,0.04267872,-0.39802492,0.19212039,0.040476304
9597,-4.5445657,-0.015459211,-0.8504134,-0.5538744,-0.31639287,-0.13657136,0.23426385,-0.10073668,-0.37656152,0.41517556,0.09503131
9598,-4.0070233,-0.081187226,-0.81952953,-0.48364365,-0.16679823,0.08435598,0.05599059,-0.17301217,-0.02202258,0.3959484,0.07379029
9599,-6.0476975,-0.31499934,-1.1513697,-0.8126835,-0.20739111,0.030295921,-0.23580053,-0.2251538,0.08652073,0.71545535,0.31875202
9600,-4.375148,-0.10710914,-0.6683379,-0.59023076,0.13005488,0.15025017,-0.14931726,0.022639351,0.08394655,0.33012706,0.3209882
9601,-5.6290073,0.04402125,-0.5236582,-0.82179254,-0.6916675,0.09637808,0.14894749,-0.42855126,-0.12575434,0.5639964,0.28606558
9602,-3.4070292,-0.08533112,-0.6601111,-0.5756906,-0.23636848,0.0049218927,0.14225736,-0.037594028,-0.12654005,0.44235352,0.1803966
9603,-6.2758846,0.12959445,-1.4277009,-0.7109363,-0.2529638,0.0932997,-0.19000195,-0.34041888,-0.022388356,0.66282415,0.0007285271
9604,-4.9889245,-0.041094355,-1.1897151,-0.70477545,0.029748488,-0.0011349153,-0.05988501,-0.23550749,-0.011369165,0.12942278,0.30510375
9605,-6.3368955,-0.045977645,-0.97575337,-0.6377325,-0.36940652,-0.3263309,0.016043488,-0.19741952,-0.15033725,0.2835284,0.64333135
9606,-6.0720677,-0.10796976,-1.5052689,-0.71355146,0.015228851,-0.031996284,-0.14218168,-0.088002235,0.045350164,0.44532183,0.29340187
9607,-5.7414885,0.05295966,-1.2077857,-0.5396227,0.24120273,0.05802944,-0.52146107,-0.013524985,-0.03572876,0.33472958,0.07558505
9608,-6.0827427,-0.03787902,-1.5167037,-0.47361016,0.20564628,-0.068857856,-0.22436102,-0.16824956,-0.24117295,0.41415322,0.27857408
9609,-5.378831,0.14748998,-1.2080225,-0.5930233,0.23405199,0.1202271,-0.07942978,-0.23242897,-0.11566739,0.27314466,0.04927747
9610,-5.2687163,-0.19177042,-0.8936644,-0.615092,-0.32152054,-0.14137493,-0.039001357,-0.3964244,-0.05272045,0.22638193,0.5230419
9611,-4.4510903,-0.17928265,-1.0132118,-0.14946245,0.015962383,-0.1911817,0.008613769,0.14428513,-0.126435,0.1659662,0.24089064
9612,-5.1943326,-0.084733106,-0.78433114,-0.689346,-0.19896582,-0.088242315,-0.09946924,-0.3153257,0.0014347434,0.37939093,0.13724801
9613,-5.9194827,-0.21511945,-1.4242287,-0.47470593,0.025657292,-0.15678082,-0.02689103,0.10767763,0.083687745,0.47194535,0.2864999
9614,-4.7237363,-0.102911696,-1.0357201,-0.660062,-0.102655485,0.25470388,-0.2714275,-0.27652267,-0.03555148,0.6550009,0.26745737
9615,-5.0745864,-0.14898607,-0.94687027,-0.7184624,-0.546541,-0.1738735,-0.39158887,-0.13743798,-0.049766548,0.39450312,0.37064153
9616,-3.5369565,0.04132138,-0.8542434,-0.5912294,-0.4521797,0.1339702,0.01196414,-0.26218054,0.09185767,0.37583172,0.41696244
9617,-5.7806005,-0.105007716,-1.2092035,-0.8076543,0.20011854,-0.002499058,-0.20189875,-0.5705545,0.17071621,0.41720387,0.27923983
9618,-4.734841,0.27035466,-0.9832233,-0.49044937,0.027797505,-0.0926569,-0.11803279,-0.052106135,0.00027785264,0.16793248,-0.004190211
9619,-4.7311115,-0.068875834,-0.82032675,-0.409666,-0.12838826,0.11062615,0.015690535,-0.27005222,-0.032548286,0.31080484,0.090507865
9620,-5.3939238,-0.13129471,-0.9388424,-0.5808165,-0.49672478,-0.08804054,0.17992997,-0.1576487,-0.13191757,0.32210496,0.6072001
9621,-6.2318163,-0.214125,-1.1678313,-0.6611601,0.30574638,0.38384956,-0.038578566,-0.31955352,-0.12431529,0.33193007,0.25566596
9622,-4.802842,0.064564854,-0.70134693,-0.57473737,-0.049833804,-0.1436125,-0.118148886,-0.08887457,-0.10271873,0.6327728,0.2124293
9623,-5.53762,-0.062404495,-0.9474344,-0.8079671,-0.05093585,0.18904617,-0.047289133,-0.1895179,-0.18127438,0.27728185,0.4193904
9624,-4.080408,-0.25290018,-0.97160536,-0.604041,-0.43273115,-0.11324433,0.012233699,-0.088985816,0.08991325,0.2882375,0.5584129
9625,-6.146772,-0.093912534,-1.3019258,-0.6304875,0.066592045,0.08122283,-0.05303943,0.25465646,-0.12589265,0.7570756,0.53637904
9626,-3.694711,-0.045716442,-0.8645265,-0.3850219,-0.20627329,0.15021159,0.1481089,0.14371125,0.148863,0.53356487,0.35723835
9627,-5.8933163,0.08697173,-0.8212838,-0.59893155,-0.40680724,-0.2146169,0.018365752,-0.5976658,0.12099956,0.44520774,0.40570548
9628,-4.2976594,-0.3655002,-0.8923526,-0.31987557,-0.23694652,0.174518,-0.05943218,-0.2088149,-0.17006016,0.3689051,0.1680059
9629,-6.5548844,0.0004254477,-1.1986431,-0.7176721,-0.30127022,-0.11217515,-0.078071974,-0.25468504,-0.107999094,0.1953499,0.36123753
9630,-4.4710784,-0.25518373,-0.91011095,-0.4609428,-0.2939009,-0.18798576,0.10606356,-0.05766438,0.008058023,0.31876445,0.14240904
9631,-5.5592155,-0.19500262,-0.9817371,-0.5333109,0.0063579506,0.028592406,-0.29661506,-0.33417273,-0.18375666,0.06919284,-0.05269812
9632,-5.4235654,-0.025758188,-1.0403925,-0.26436406,0.016790193,0.16587499,0.09061827,-0.10828758,-0.28014895,0.06621379,0.24771729
9633,-5.5170684,-0.34504592,-1.0201025,-0.31802958,-0.17600378,-0.32997108,0.03112834,0.25318187,0.078680724,0.43940035,0.51236033
9634,-6.9286704,-0.32673636,-1.2683257,-0.6027121,-0.1496395,-0.088327765,-0.36448017,-0.47352305,-0.2836024,0.3875153,0.28464413
9635,-6.8684907,0.021596203,-1.513423,-1.0088766,-0.0104952715,-0.13712086,-0.44913548,-0.39671615,-0.26265413,0.60893726,0.090847254
9636,-6.738511,-0.096223615,-1.4919945,-0.6230746,0.2024843,0.30565214,0.2632834,0.23092054,0.07656225,0.5003433,0.26673174
9637,-4.8767104,-0.2434036,-1.0358782,-0.7531682,0.17503092,0.42501736,-0.100365914,-0.2764289,0.22868708,0.6303855,0.34212473
9638,-5.750518,-0.1587743,-1.3330964,-0.8102804,-0.37504882,0.1405969,0.030356817,-0.06816995,0.09331475,0.5466138,0.649558
9639,-7.2208557,-0.37245858,-1.4996588,-0.9741235,-0.8281392,0.2786284,0.10776542,-0.08324949,-0.21410128,0.63769543,0.5850287
9640,-6.491123,0.19132894,-1.4619205,-0.9021701,0.02571089,-0.028065842,-0.17997599,-0.2738378,0.30864844,0.88574296,0.13294187
9641,-3.32124,-0.064996794,-0.6774397,-0.4082604,-0.012690801,0.03560607,-0.05338616,-0.2655208,-0.049037218,0.19971862,0.1573599
9642,-6.2997584,-0.1869557,-1.4813356,-0.7801015,0.29584074,0.0011421801,-0.3122869,-0.26216793,0.018852562,0.5660025,0.152661
9643,-5.1689425,-0.22039293,-1.1447083,-0.7115666,-0.38921165,-0.06096097,0.03494926,-0.30860847,-0.116528854,0.3132826,0.151327
9644,-4.915501,-0.23990647,-1.1899232,-0.6136463,0.039590538,0.0039608963,-0.14695407,-0.35601237,0.20343411,0.33854073,0.48683903
9645,-5.7224994,-0.061927397,-1.1603827,-0.5865356,-0.23523395,0.06838545,-0.072759,-0.32625055,-0.005062772,0.6591433,0.08705031
9646,-4.1390676,-0.19369403,-0.97491,-0.26012936,0.18717282,-0.054457556,0.021139938,0.19795832,-0.1051769,0.36356914,0.10996067
9647,-4.5092707,-0.20165615,-1.0352769,-0.5095491,0.048695736,-0.32096636,0.10627356,-0.09616419,-0.114075884,0.2442287,0.21402068
9648,-5.0660324,0.001743136,-1.096431,-0.47897923,0.11967653,-0.25660998,-0.08538597,-0.073735245,-0.09880771,-0.10014043,0.3006442
9649,-7.4607606,0.10054129,-1.6219362,-0.9056138,-0.29017636,0.15381496,-0.17072195,-0.21473674,-0.06339521,0.39380583,0.4703104
9650,-4.688964,-0.076035485,-0.93729526,-0.3490635,-0.0753313,-0.24261685,0.07447536,-0.07149477,-0.0991362,0.3162831,0.3269565
9651,-6.1277766,-0.13803701,-1.0138327,-0.45340264,-0.09662416,0.09360688,0.39674994,-0.09594606,-0.14602475,0.3347813,0.46992394
9652,-4.9803553,-0.39432913,-0.9026312,-0.7923421,-0.43611923,0.10652723,0.017667565,-0.46247467,-0.13810259,0.7817024,0.4086445
9653,-5.682665,0.028622322,-1.2806659,-0.6532992,0.04328019,0.33796245,-0.26518887,-0.55602,0.11875392,0.30419296,0.16647416
9654,-8.412136,-0.14475797,-1.6696186,-0.8990492,-0.07793949,0.34305125,-0.14062347,-0.58846456,0.23347548,1.1188217,0.5957719
9655,-4.742788,-0.48270562,-0.8458782,-0.80126035,-0.5435367,-0.23383121,0.09089727,-0.29104063,-0.13455081,0.5299923,0.7134471
9656,-7.8848376,-0.01426171,-1.8157542,-0.9629756,0.13469103,0.46208763,-0.36243173,-0.59999627,0.3768581,0.10228572,0.36830917
9657,-5.5438967,-0.24270509,-1.0062178,-0.94560826,-0.21915688,0.0027407603,0.30038702,-0.12539884,0.024745142,0.63570994,0.458833
9658,-4.6975493,0.06793427,-0.99473315,-0.634242,-0.36793473,0.05515125,0.124801315,-0.27015182,0.035222646,0.5337012,0.39477247
9659,-4.4608307,-0.11580248,-0.82643485,-0.32063153,0.19320686,-0.31045634,-0.1509708,0.0152718155,0.11280339,0.112512216,-0.11265204
9660,-4.7289805,-0.20484807,-0.9358839,-0.24156505,0.06527312,0.17077406,0.054395393,-0.3377079,-0.14821887,0.52467287,0.073009975
9661,-4.6317806,-0.15705012,-0.8136698,-0.6440855,0.14738198,-0.06796146,0.06286524,-0.3200376,-0.06700796,0.1410746,0.33505186
9662,-5.063592,0.14290896,-1.2418009,-0.7363745,-0.22456382,-0.0989312,0.017278865,-0.036639057,-0.17054841,0.4123993,0.3021871
9663,-3.7520492,0.0005759718,-0.88002497,-0.48064932,-0.08123603,0.084773794,-0.11382111,-0.03789141,-0.16522336,0.37898245,0.04072312
9664,-5.863928,-0.013433349,-0.97405356,-0.52480966,-0.6610111,0.2584625,0.2712326,-0.49994466,-0.19234756,0.28697345,0.60599875
9665,-5.0142326,-0.22538084,-0.6733154,-0.46666116,-0.4094356,0.1267935,-0.16427076,-0.22886811,-0.0035350919,0.3294259,0.3109966
9666,-6.355959,-0.29113528,-1.4344414,-1.0427935,0.2593302,-0.32382244,0.048806265,-0.30109367,0.19044478,0.2052836,0.50859743
9667,-4.825555,-0.13561364,-1.0842884,-0.7220069,-0.06145998,-0.10839378,-0.02643682,-0.076881655,0.16852473,0.5441298,0.35771748
9668,-5.4258122,-0.5676315,-0.99588174,-0.6151208,0.18590228,0.161449,-0.13468064,-0.18256831,0.022172969,0.3077063,0.28590363
9669,-5.341589,-0.12839097,-1.0947853,-0.47587332,-0.04823557,-0.30130905,-0.17710163,0.007923646,-0.17085086,0.41089758,0.011658205
9670,-8.1208515,-0.32128584,-1.5357853,-0.50382745,0.42021117,0.43848974,-0.2851385,-0.20439267,-0.0648816,0.24301529,0.32111797
9671,-5.3154626,-0.1691713,-1.1214135,-0.66098684,0.097335584,-0.24857731,-0.32840276,-0.39329204,0.0023024278,0.4258151,0.14922512
9672,-5.819016,-0.051664628,-1.4153818,-0.14776011,0.379478,-0.09873391,-0.16296671,0.070353225,-0.2651674,0.13452522,0.08218817
9673,-6.3121977,-0.42559564,-1.0317738,-0.9754238,-0.21381213,0.27355433,0.013928013,0.1324975,0.23297268,0.827698,0.85757756
9674,-6.96419,-0.34052595,-1.5266341,-0.7736163,0.08439344,-0.070303544,-0.43932882,0.006707377,0.06523705,1.0243127,0.41367376
9675,-5.0191536,-0.10923996,-0.6487719,-0.55003166,-0.63146234,-0.18252112,0.018745774,-0.3428276,-0.15535276,0.44818908,0.33170635
9676,-6.1239915,-0.10729413,-1.6803591,-1.0720147,0.12701532,0.15760459,-0.30435324,-0.13722214,0.6186793,0.69973963,0.4694436
9677,-5.6797366,-0.31258288,-1.2369869,-0.6376887,0.03474594,0.47576386,-0.016409893,-0.15720436,0.18188633,0.8781312,0.20788793
9678,-4.2817616,-0.05819988,-0.9596762,-0.48268756,-0.12173175,-0.22155133,0.14189294,-0.030780477,-0.018723166,0.4020499,0.034187328
9679,-5.738273,-0.11305144,-1.1016822,-0.5138497,0.20799182,-0.05620317,0.16570246,0.038299866,-0.40572205,-0.043673906,0.198833
9680,-6.0018687,0.08698312,-1.3306457,-0.3335369,0.25271207,0.38061357,-0.11217665,-0.0024480596,-0.09346063,0.41411236,0.21152546
9681,-3.5904667,0.014613628,-0.7590418,-0.60078037,-0.24061479,-0.19195546,0.3186162,0.04787141,0.015055411,0.31831706,0.44225174
9682,-8.131773,0.17601503,-1.5338868,-0.6703408,0.43050876,0.037973426,-0.45690107,-0.24780741,0.059148587,-0.09180735,0.108319916
9683,-3.8128746,-0.12832408,-0.85630375,-0.40708137,0.09439983,-0.0017782357,0.25227025,0.12072582,0.09227441,0.3937742,0.16511178
9684,-5.304114,0.028536767,-1.503832,-0.6500219,-0.015658053,-0.060117014,-0.37906548,-0.029775502,0.086742215,0.5471439,0.41332424
9685,-5.6570487,-0.19011624,-1.4587369,-0.17662816,0.1465658,-0.051806107,-0.28226635,-0.20417807,-0.24868833,0.30092153,0.11332003
9686,-5.828646,-0.26555806,-1.6619099,-0.51193947,0.19111252,-0.26694238,-0.20063627,0.0091302,-0.10343005,0.3709338,0.09771788
9687,-7.2654314,-0.4534,-1.7239641,-0.94078714,0.796792,0.16752541,-0.56950283,-0.6380764,0.5810252,0.9495465,-0.02934746
9688,-4.9797144,-0.23461077,-0.97661453,-0.71325225,-0.4008412,-0.3778311,0.18238625,-0.08077082,-0.08270257,0.33402556,0.28178912
9689,-6.233372,0.04933936,-1.2472236,-0.5226296,0.12590554,0.0033813491,0.020938247,-0.4450539,0.13978098,0.3372326,0.27322587
9690,-6.572795,-0.23818836,-1.2553227,-0.8034033,-0.084379666,0.010691999,0.21012172,-0.4006108,0.32923028,0.63760084,0.17650457
9691,-5.5298395,-0.1454301,-0.913991,-0.51437926,-0.0069373115,0.24617198,-0.068122186,-0.22098573,0.09350197,0.25832757,0.10727506
9692,-6.6749105,-0.24476413,-0.9871585,-0.43867204,-0.15196212,0.032092966,-0.104714975,-0.2694143,-0.440181,0.34283754,0.3306567
9693,-4.9083686,-0.08032832,-1.4477158,-0.81561863,0.067951865,0.1581227,-0.27502102,-0.24563545,0.14583951,0.18190457,0.4658887
9694,-6.0559945,0.070165664,-1.4825659,-0.43293065,-0.039375454,-0.009298399,0.22950567,-0.05019377,-0.24817939,0.32261613,0.6565723
9695,-6.3341646,-0.098552495,-1.1657141,-0.59370816,-0.511749,-0.04255152,0.47518256,-0.043412037,-0.16180097,0.5740315,0.46598965
9696,-6.320779,-0.30855873,-0.9886321,-0.9608223,-0.28788003,-0.26312798,0.21394007,-0.71954226,-0.064702496,0.6059394,0.3981501
9697,-6.8583527,-0.03635192,-1.421009,-0.97428757,-0.27060717,-0.08069689,-0.07801185,-0.59087855,0.23726545,0.6468447,0.58284736
9698,-5.8530517,-0.09794558,-1.2767764,-0.89198786,0.2919191,0.040997494,-0.034202337,-0.46421322,0.23877266,0.28011534,0.49602363
9699,-5.7025113,0.02813223,-1.0410244,-0.508579,0.15501633,-0.20680222,-0.28788984,-0.25224733,-0.102626294,0.32713324,0.019473815
9700,-6.1114173,-0.22967409,-1.1381856,-0.4949097,-0.34879974,-0.2291899,-0.1033215,-0.090486325,-0.21273233,0.4149835,0.24722283
9701,-5.964371,-0.009140338,-1.0254394,-0.66550833,-0.3063356,-0.2535267,-0.21620448,0.060371287,-0.017616792,0.5014772,0.29434752
9702,-5.481591,-0.17039193,-1.3704011,-0.63364947,-0.23726287,0.102143794,-0.029715575,-0.19345467,-0.039208062,0.47002214,0.24313378
9703,-4.9959,0.01602175,-1.0008618,-0.5352624,-0.18438749,-0.16614197,0.11460139,-0.30171695,0.13051653,0.29056385,0.4714237
9704,-4.5691843,-0.17607743,-1.222402,-0.56163013,-0.08610223,0.33794922,-0.1580701,-0.36105207,0.26461273,0.3068388,0.116467625
9705,-3.9277813,0.018214885,-0.94764197,-0.3133852,-0.18591931,-0.024810057,0.3235446,0.15764114,-0.02962687,0.19126932,0.43249533
9706,-6.1898212,0.09575879,-1.281204,-0.68322587,-0.28182474,0.14453334,-0.15822302,-0.18187016,0.021588739,0.6179154,0.67687786
9707,-4.1721616,-0.018870164,-0.6598459,-0.5994019,-0.46554062,0.1171281,0.1931901,-0.014142694,0.062580764,0.5769017,0.4646366
9708,-6.2374,0.0031977878,-1.2015486,-1.1248227,-0.40313843,0.03836768,-0.12625961,-0.6481412,-0.093129106,0.45984447,0.44107854
9709,-4.885051,-0.23366952,-0.7192146,-0.46225858,-0.2578209,0.07235727,0.22719884,-0.142624,-0.3675791,0.41613075,0.44729486
9710,-3.8766263,-0.052330233,-0.90728796,-0.34843233,0.06986096,-0.17536046,-0.14907071,0.1529198,-0.04923016,0.31884477,0.1823111
9711,-6.7859907,-0.046167072,-1.5210515,-0.69167036,0.4454337,0.017856067,0.0692549,-0.44821307,0.370584,0.38968387,0.118877366
9712,-7.798341,-0.33562785,-1.8329753,-0.8955003,0.016523127,0.43979144,-0.16357838,-0.30999473,0.08915765,0.49865803,0.6918352
9713,-6.287932,-0.1260715,-1.0942898,-0.77688783,-0.43611377,-0.035021704,-0.034226567,-0.22778836,-0.24074484,0.6439498,0.25626552
9714,-6.205364,-0.099510655,-1.1934553,-0.6777546,-0.0022416036,-0.006255864,-0.05111014,0.015740292,-0.15282914,0.64453894,0.26098442
9715,-6.6304455,-0.1330953,-1.127723,-0.77544343,0.2632593,0.5664696,-0.4777625,-0.06694411,0.13597682,0.8072052,0.11286996
9716,-5.988718,0.08802029,-0.88109916,-0.7090438,-0.2834345,0.23091419,-0.021218933,-0.07418365,-0.1965818,0.578558,0.41951114
9717,-5.7891016,-0.09106455,-1.0956612,-0.750517,-0.055135842,-0.07844874,-0.08817181,-0.007915821,-0.120213106,0.7707019,0.20642415
9718,-5.250143,-0.015025075,-1.3280691,-0.47875583,0.16106054,0.047262017,-0.11706964,-0.3754122,0.04534915,0.2965298,0.28689784
9719,-6.9363956,-0.2329157,-1.102284,-1.030389,-0.3083154,-0.29190105,-0.22534285,-0.24220395,0.14876476,0.92638797,0.35372192
9720,-5.7245555,-0.12031129,-1.420981,-0.6242319,0.23432265,0.17390583,-0.3095895,-0.3468465,0.1250979,0.6305219,0.28380924
9721,-5.502905,-0.23261093,-1.1879147,-0.71653897,0.050070003,-0.028567344,-0.0136708645,-0.0058849137,0.03585388,0.94691133,0.5283771
9722,-4.896322,0.09347603,-1.2611009,-0.60685587,0.20890619,0.0731681,-0.07612476,-0.19694196,-0.07130064,0.132824,-0.042083625
9723,-4.8410883,-0.23316151,-1.0883524,-0.6350063,-0.3007419,-0.18940283,0.25698894,-0.15431465,-0.1017353,0.31119,0.18712603
9724,-5.9927697,-0.17947137,-0.92682195,-0.7380459,-0.6457298,0.059889,0.0022057313,-0.23409536,-0.38884833,0.21517539,0.73844665
9725,-5.753434,-0.18080169,-0.9821146,-0.26741165,-0.7306622,-0.18446147,0.37291378,-0.13904426,-0.40062255,0.4684313,0.29118603
9726,-3.8038833,-0.2425801,-0.7261342,-0.4809059,-0.058193043,0.0117485365,0.0397297,-0.10295427,0.09269579,0.37269866,0.4414272
9727,-5.780944,-0.43003926,-1.5656677,-0.6670376,0.24454242,0.068732575,-0.003771264,-0.050149955,0.008366348,0.49060953,0.49054122
9728,-4.945253,-0.032600418,-0.7027785,-0.7864844,-0.31531662,-0.21135932,0.00057915226,-0.45227,0.009623628,0.5953304,0.17907913
9729,-6.273359,-0.04943925,-1.2254655,-0.55409986,-0.26875612,-0.2726798,-0.21939467,0.33905992,0.17040804,0.6256601,0.41453212
9730,-6.442046,0.09724094,-1.6594384,-1.1297036,-0.049166553,-0.22903657,-0.0591802,-0.10149613,0.10549178,0.33196878,0.2884055
9731,-6.774261,-0.11483434,-1.218252,-0.6507195,-0.106614426,0.09640997,0.13652994,-0.44561002,-0.028031917,-0.021283012,0.3263941
9732,-6.2241545,0.1359987,-1.44979,-0.76448935,0.09389395,0.23886286,-0.22543171,-0.72279197,-0.16923684,0.2777937,-0.18315321
9733,-5.5427904,-0.34847364,-1.0702721,-0.6057368,-0.18300256,-0.123988345,-0.2105549,-0.26579717,-0.14934024,0.47694147,0.61777776
9734,-4.4087763,0.051495582,-0.83132267,-0.61557704,-0.19294493,-0.14173281,0.16047832,-0.035039477,-0.05676105,0.689137,0.24425276
9735,-4.4146347,-0.15838557,-0.6306986,-0.47682709,-0.18637212,-0.0025613261,0.18314955,-0.39111748,-0.16412535,0.092629015,0.20904812
9736,-5.2009344,-0.22316651,-1.0831583,-0.5718344,-0.015293101,0.29140574,0.14071578,-0.35299143,0.0732796,0.29165387,0.6377099
9737,-5.014736,-0.2808784,-0.9277422,-0.5585574,-0.19339891,0.15507846,0.04011025,-0.001924309,-0.0008217804,0.3186108,0.15331168
9738,-5.7982244,-0.53690475,-1.2806882,-1.1367964,-0.1369673,0.18531828,-0.208067,-0.10778946,0.39495584,0.65744036,0.50881964
9739,-5.196661,-0.111048445,-1.0141785,-0.6924528,-0.37835637,0.07928936,-0.029556245,-0.18253294,-0.093796246,0.372605,0.177343
9740,-6.736719,-0.106831215,-1.2421939,-0.7516044,-0.16115919,-0.20803821,0.38847798,0.012131481,0.12456712,0.59635586,0.68372
9741,-6.350321,-0.16222364,-1.3609288,-0.489766,0.62737674,0.09986857,-0.45263344,-0.074949116,-0.046164997,0.20605966,0.0036204709
9742,-4.926155,-0.19771914,-0.9324571,-0.5648527,-0.019017294,0.37433064,0.03609784,-0.046597727,0.13346426,0.62968516,0.3270742
9743,-5.03764,0.016486686,-0.7997234,-0.4975472,-0.054867648,-0.019883228,-0.06029138,-0.3591317,-0.0019588843,0.55082434,0.06174034
9744,-4.3369875,-0.20748383,-1.1475402,-0.6734357,-0.29329237,-0.008208092,0.09667703,-0.37389758,-0.12153144,0.41529503,0.22486582
9745,-4.341817,0.11431475,-0.9270982,-0.49457794,-0.064735934,-0.03028157,-0.08620308,-0.057365365,-0.24845554,0.059990533,0.21468571
9746,-5.261984,-0.06595541,-1.3039445,-0.6255791,-0.15085438,-0.43936098,-0.053682312,-0.10229016,-0.16297089,0.35805228,0.6036386
9747,-7.583803,-0.27231532,-1.6564362,-1.3945047,-0.6870187,0.12145018,0.08248062,-0.0892606,0.31002963,0.8351617,0.8025675
9748,-7.2048025,-0.044122763,-1.157012,-0.54703164,-0.24998882,-0.18846714,0.47187647,0.0063283117,-0.3010073,0.5607319,0.27313134
9749,-5.4199853,-0.35514206,-1.5188515,-0.67035776,-0.33680838,-0.16882494,0.15246144,-0.23047563,0.115369014,0.63170266,0.6922559
9750,-5.5578923,-0.35877255,-1.2260503,-0.8182891,-0.1464026,-0.14832792,0.14290152,-0.10489163,-0.27149618,0.2625501,0.7442709
9751,-8.107448,-0.04997128,-1.8231921,-0.880562,0.1729441,-0.35844302,-0.08506022,0.123928316,0.11119901,0.5546771,0.27199617
9752,-4.5942526,-0.2422788,-0.9200673,-0.3419703,-0.13478844,0.059388775,-0.06856325,-0.16661501,-0.0012286082,0.56654674,-0.06217388
9753,-5.3235164,0.093008876,-1.053857,-0.24222302,-0.24846047,0.07356587,0.07768604,-0.08421162,-0.11651124,0.3275467,0.44334552
9754,-4.7887826,-0.2227023,-0.7677527,-0.4013091,-0.65628296,-0.32622057,0.27249798,-0.08241982,-0.16146475,0.38641456,0.49641082
9755,-6.943367,-0.25631684,-1.0324591,-0.660412,-0.5167709,0.27793223,-0.07753459,-0.27048048,-0.1433023,0.44578782,0.3143452
9756,-4.686332,0.056889914,-1.0234935,-0.62297297,0.22073762,-0.13693361,0.06347919,-0.043225475,0.11192911,0.2830585,0.09004243
9757,-7.1177354,0.009823887,-1.2340412,-0.38341808,-0.39209718,0.007500319,0.10964233,-0.38578394,-0.5297515,0.6324718,0.14565843
9758,-4.4394298,-0.17739731,-1.3084466,-0.5374149,-0.05624461,-0.06336792,-0.057457954,0.055275954,0.028346235,0.4108162,0.49166954
9759,-4.783014,0.009485246,-0.91036576,-0.58438563,-0.2755718,0.047228616,-0.18935128,-0.5566957,0.015768016,-0.0049039247,0.29096168
9760,-5.3644595,-0.040852834,-0.74302477,-0.69162744,-0.47931507,0.23560253,0.16588834,-0.44535452,-0.1188197,0.11111913,0.45228013
9761,-6.280929,-0.1404597,-0.82055104,-0.724737,-0.22760668,-0.07483711,0.2768187,0.12373311,-0.2524253,0.6888711,0.55196947
9762,-7.632183,-0.3275233,-1.1618286,-1.1076922,0.06594827,-0.14187571,-0.044365622,-0.4452467,-0.03246717,0.6467425,0.6426031
9763,-3.9286335,-0.38929695,-0.75157213,-0.5903384,-0.06562025,-0.36147797,-0.074644655,-0.2136924,0.109905005,0.31735823,0.21190648
9764,-6.247455,-0.011355783,-1.2551403,-0.93305236,-0.23507103,0.16826774,-0.014206392,-0.108676605,0.28562877,0.9566576,0.5297735
9765,-5.481351,-0.13684084,-0.7213897,-0.51889616,-0.22508042,0.14524563,-0.27073053,-0.12229208,-0.15111634,0.2896422,0.041983984
9766,-4.1519084,-0.087960415,-0.89194524,-0.58697635,-0.17722833,-0.20671272,0.15560323,0.1160383,-0.0041482616,0.29402646,0.2670726
9767,-5.8541627,0.1008328,-1.49995,-0.6780257,-0.09245706,0.27489972,-0.08278101,-0.52236146,-0.013432739,0.1018878,0.29111296
9768,-7.3279295,0.23109342,-1.5622811,-0.8964833,0.02930075,0.058840714,-0.10822314,-0.6314284,0.45896232,0.67703515,0.15018587
9769,-5.675395,-0.07303049,-1.0172746,-0.90178204,-0.13688661,-0.1859528,0.018493403,-0.110491164,0.18864459,0.48951358,0.70793116
9770,-6.77837,-0.39264235,-0.68696934,-0.85556185,-0.2552928,-0.12958477,0.17412233,-0.12854421,-0.36067954,0.2829359,0.5532802
9771,-6.671051,-0.12711816,-1.7895921,-0.62835085,0.23769885,0.346385,-0.52562237,-0.037921093,0.008487394,0.0059470274,0.122361556
9772,-4.825932,-0.062088113,-0.75281066,-0.70509624,-0.3360844,0.1454621,0.28551736,-0.42024943,0.1896061,0.2959372,0.5296012
9773,-6.174949,0.10986174,-0.9750019,-0.8275585,0.18397363,-0.035181493,-0.1694573,-0.5492348,0.053827673,0.03192654,0.552759
9774,-7.6621056,0.027519032,-1.2249223,-1.134986,-0.16384618,-0.038540598,-0.105642974,-0.18476565,0.0851588,0.63863486,0.57237345
9775,-6.118517,-0.31501207,-0.7852402,-0.63595206,-0.15166558,-0.40282613,0.5859729,-0.068720825,-0.029498624,0.72152275,0.3621726
9776,-4.9129767,-0.0722142,-1.1681589,-0.69431794,-0.30769765,0.08525365,0.07809119,-0.22326605,0.110743605,0.6513462,0.53377306
9777,-5.1811733,0.008252556,-1.1326102,-0.514208,-0.15328473,-0.16931613,0.02001778,-0.1938392,-0.3706654,0.79076093,-0.21011652
9778,-7.1443725,0.38578266,-1.7469531,-0.6782271,0.22444382,-0.26824635,-0.5350609,-0.29378197,-0.087849386,0.15739499,0.3562155
9779,-5.330983,-0.19837992,-0.8068089,-0.7880636,-0.2654293,-0.039497357,0.07054618,0.14674304,0.23979212,0.94921476,0.41657093
9780,-5.0994253,-0.13700327,-1.3444356,-0.5823588,0.21457109,0.27892488,-0.056266814,-0.3543241,0.14351173,0.21666308,0.44955012
9781,-4.9720516,-0.3333501,-1.1240635,-0.26611078,0.0928098,-0.1670127,0.038001668,0.36869773,-0.11214672,0.35002428,0.051818475
9782,-4.1770887,-0.34646428,-0.733161,-0.5943095,-0.36240375,-0.0786674,0.2556233,0.10334476,-0.036789507,0.23714569,0.10338443
9783,-6.874446,-0.39421856,-1.1447563,-0.77523637,0.1969075,0.20759104,-0.5108204,0.064901374,0.05333858,0.84180754,0.29302877
9784,-6.546318,0.23636839,-1.3226695,-0.44161013,-0.015085256,0.24775456,-0.06729904,-0.16219684,-0.047766045,0.3427917,-0.07769331
9785,-6.686695,-0.25890875,-1.3669286,-0.86813927,-0.04243208,-0.052928153,-0.29963967,-0.02910353,-0.020397542,0.86193717,0.5646362
9786,-6.79695,-0.22275276,-1.5444924,-0.68896955,-0.45585454,-0.35628635,0.24279904,0.10753257,-0.13091168,0.35688725,0.35467744
9787,-5.6401043,-0.34034336,-1.5800729,-0.83091086,-0.5133339,0.14850986,-0.019285515,-0.100363694,0.06608875,0.5557448,0.7925099
9788,-4.7585874,-0.099292025,-0.8900929,-0.5315491,-0.23292962,-0.20538048,0.07640765,-0.18239532,-0.07931307,0.52410805,0.17560117
9789,-6.124404,-0.20864709,-1.3189182,-0.77410173,-0.60619086,-0.06314981,0.046943024,-0.09007051,0.35250273,0.4808946,0.62539715
9790,-5.1295557,-0.27188998,-0.77754706,-0.99109733,-0.18598951,0.22421981,-0.08130103,-0.4785395,0.17658514,0.086804666,0.66050535
9791,-4.0935345,-0.04618116,-0.9760762,-0.46226186,-0.23243488,0.21250978,0.2107894,-0.38716087,0.11724724,0.38141,0.184212
9792,-5.715098,-0.09965129,-1.1118908,-0.6510187,0.1471394,-0.17920151,-0.29928502,-0.20379853,-0.106170595,0.505252,0.065048836
9793,-4.707915,0.11200423,-0.8656212,-0.3494172,0.18423578,0.09203143,-0.11009073,0.080267824,-0.08222103,0.12470853,0.14336146
9794,-7.208467,-0.17000428,-1.0213095,-0.73561347,0.17277862,-0.1937929,0.066077776,-0.041175127,-0.060835667,0.3579478,0.20058656
9795,-4.701878,-0.11744627,-1.2288195,-0.35157365,0.12955047,-0.049224332,-0.11798901,-0.21827158,-0.04649079,0.24760914,-0.0025022374
9796,-4.075229,0.056248143,-0.8967832,-0.23091656,0.31399468,0.1431784,-0.30863878,-0.1030271,-0.14739878,0.49424562,0.02072497
9797,-4.1748257,-0.13966212,-0.9547336,-0.31458202,-0.05979889,-0.024422769,-0.0026177978,0.11173446,-0.039431103,0.15530178,0.399812
9798,-5.390343,-0.24791537,-0.94061816,-0.56001025,-0.24666238,0.35076743,-0.11402584,-0.6769138,-0.11888464,0.47356677,0.42469886
9799,-3.5210469,-0.26609847,-0.44118762,-0.5563869,-0.24470308,-0.0736652,-0.091045514,-0.23905747,0.10716513,0.64278656,0.16512573
9800,-6.5816035,-0.17009401,-1.2395616,-0.67489094,0.16952808,-0.038810734,-0.05359096,0.054769225,0.01068343,0.80760163,0.5973991
9801,-5.4866357,-0.120452344,-1.3746811,-0.30137366,0.18116777,-0.20969984,-0.04624548,0.024906084,-0.16172452,0.2201686,0.061761502
9802,-4.1259103,-0.28431377,-0.94208795,-0.46962306,0.052030902,-0.26184613,-0.03825375,0.19358234,-0.12375331,0.4222013,-0.0035840208
9803,-6.399,0.14380577,-1.1250466,-0.5433517,0.38084516,-0.3053319,-0.080905646,-0.3687183,-0.02994716,-0.14166503,0.05696426
9804,-6.0098963,-0.27142745,-1.4910791,-0.60959786,0.44191772,0.3386715,-0.540022,-0.43849555,-0.124432296,0.2638545,0.2208163
9805,-7.089578,0.094951764,-1.0444889,-0.4878322,0.052301016,-0.1361943,-0.10085496,0.3044989,-0.2698607,0.27585486,0.23261207
9806,-5.1875367,-0.10996023,-1.1398475,-0.4479794,-0.16268799,0.011917168,0.09333553,-0.203261,-0.11188015,0.10442822,0.3692462
9807,-6.359278,-0.051378395,-0.9405896,-0.43798444,-0.26490036,-0.26650548,0.5795427,0.070827596,-0.44761327,0.22673245,0.57329106
9808,-5.985635,-0.20284472,-1.1718926,-1.1717466,-0.31595057,0.04923135,0.17255908,-0.042179182,0.4389055,0.91898876,0.5560496
9809,-5.6886487,-0.028439585,-0.8857457,-0.53318965,-0.1286134,-0.14401966,-0.14519587,0.024251912,-0.42801097,0.3419433,0.049439114
9810,-5.075195,-0.08784281,-1.2217262,-0.3894264,0.047629844,0.03263548,0.11203389,-0.3929819,-0.34898025,0.108434364,0.2009953
9811,-6.037699,0.050337676,-1.15489,-0.48088068,-0.20216294,-0.6003041,0.3399556,0.22501548,-0.5044824,0.49502936,0.26730603
9812,-7.140119,-0.2431326,-1.7988237,-1.0858971,0.072789095,-0.17253765,-0.085970975,-0.26467773,0.046057213,0.37612107,0.2453996
9813,-6.387578,-0.26628286,-1.1174936,-0.47700265,0.07271507,0.09084586,-0.11916972,-0.60722196,0.005758903,0.234831,0.43574032
9814,-5.2393594,-0.26947358,-1.1485494,-0.6480063,-0.04460042,0.10110466,-0.08134921,-0.16935387,0.32704112,0.66183144,-0.047589045
9815,-5.4002576,-0.24996264,-1.0705069,-0.6747859,-0.13488562,0.1454219,-0.0485723,-0.5046652,0.050441973,0.46925172,0.15348473
9816,-5.977594,-0.12929502,-0.9904094,-0.9623534,0.21149138,0.083044894,0.043977305,-0.20815457,0.26801634,0.657381,0.24715862
9817,-5.6419897,0.11222085,-0.8976488,-0.55316895,-0.730367,0.0058115246,0.21385007,-0.098438695,-0.09642917,0.26386094,0.47644645
9818,-6.2204695,-0.04701519,-0.71009743,-0.73931277,-0.5274148,-0.111361556,0.22710796,-0.08105468,-0.42507935,0.4796601,0.64819497
9819,-6.957921,0.11406709,-1.2285403,-1.1075406,0.10155184,0.05969612,0.06249896,-0.47321907,-0.04924927,0.34842867,0.609375
9820,-4.167644,-0.06110389,-0.8269654,-0.2016851,-0.1553346,0.03858102,0.10603388,-0.13138473,-0.2175386,0.36140272,0.38317358
9821,-3.8349428,-0.19363217,-0.5252767,-0.66999066,-0.12565826,-0.04506997,0.048855383,-0.12836081,-0.08986087,0.0820623,0.28597602
9822,-5.7399893,-0.40928286,-1.044343,-0.8366713,-0.61173004,0.3930357,0.14738627,-0.06257642,0.10446714,0.63727486,0.6380742
9823,-6.3094306,-0.28117806,-1.2700537,-1.177919,-0.28730816,0.2620669,0.08028103,-0.5104648,0.16182947,0.37617353,0.75855136
9824,-5.0463357,-0.16545841,-1.1801277,-0.87740123,-0.05582266,0.021351786,-0.21094416,-0.2194486,0.2037232,0.64506507,0.17477995
9825,-7.127203,0.11394262,-1.440177,-0.2928226,-0.12236544,0.20582242,-0.22516157,-0.2927094,-0.18062425,-0.019774627,0.48977244
9826,-4.2550697,-0.10594107,-1.1313796,-0.4761469,0.05783762,-0.07222232,0.1604601,0.09090929,-0.07078336,0.3165313,0.28218293
9827,-6.4462223,0.022014596,-1.3086104,-0.8164866,0.3396963,0.48184103,0.15574905,0.06529005,-0.013315,0.6136526,0.271022
9828,-5.9184246,-0.05207472,-1.4314066,-0.8062035,-0.016840942,-0.1058882,-0.17950478,-0.16644034,-0.029233003,0.2587815,-0.14772853
9829,-5.871083,0.023539234,-0.8942756,-0.35769978,-0.11380799,0.23275906,-0.060825728,-0.5211169,0.03547898,0.5701755,0.112841904
9830,-4.7740173,-0.14298227,-0.9221279,-0.8096444,-0.008599667,0.14616954,0.0842728,-0.37995723,0.25174507,0.33780602,0.3883929
9831,-7.6333494,-0.07393582,-1.3475169,-0.5219734,0.031959865,-0.15901858,-0.4160934,-0.34201282,-0.15816738,0.0891265,0.4109158
9832,-6.4867454,-0.24686326,-0.95570254,-0.9072792,-0.1496474,-0.16960628,-0.019593075,-0.09577358,-0.21969636,0.7956077,0.4731136
9833,-6.414266,-0.33631352,-1.2600398,-0.9519393,-0.01939485,0.3635624,-0.18674563,-0.41524053,0.03494224,0.16243437,0.20300025
9834,-4.5971036,-0.05296191,-0.7472276,-0.54167455,-0.6554601,0.049343288,0.0704462,-0.031217331,0.06398128,0.45782617,0.34737313
9835,-4.876738,-0.15139896,-0.8774688,-0.40214652,-0.7357653,-0.19122498,0.076858886,0.04585079,-0.28417018,0.5551606,0.4771781
9836,-5.0040293,0.16790791,-0.9609016,-0.3349057,0.185869,0.14243795,-0.12944648,0.19454987,0.17701846,0.4882202,0.21072997
9837,-5.9313807,-0.23301105,-1.2693394,-0.61476064,-0.20155932,0.2164008,0.09796876,-0.14768806,0.1224248,0.7902576,0.33882925
9838,-5.4948516,0.12164549,-1.5015243,-1.1195327,0.087231904,0.028993,-0.13428804,-0.2083048,0.20853291,0.51680255,0.6702821
9839,-6.630716,-0.5495169,-1.411965,-0.6624311,-0.9162712,-0.054710407,0.3075919,-0.0064232834,-0.06311198,0.6802654,0.9312806
9840,-4.6976366,-0.3117635,-1.1108047,-0.566439,-0.2854807,0.14699952,-0.15724999,-0.20686415,0.0839272,0.6294042,0.35776812
9841,-4.402867,-0.0042898636,-1.151474,-0.7145129,-0.46839893,0.17270787,0.103370555,-0.050746024,0.24295369,0.2521505,0.568182
9842,-4.6419644,-0.14465523,-0.88994914,-0.3863359,-0.112524524,-0.42087853,0.14501458,-0.2660649,-0.31513497,0.2166035,0.1419726
9843,-5.7259226,-0.20780088,-1.0177104,-0.97578174,-0.16932149,-0.07608086,0.11937852,-0.4579183,0.14879256,0.7176845,0.15468177
9844,-5.9187913,-0.18040968,-1.3243225,-1.1972318,-0.62029314,-0.1288771,0.15411173,0.1398685,0.14817382,0.54749393,0.8587398
9845,-4.5980697,-0.082885616,-1.0761044,-0.6234265,-0.40656772,-0.15696734,0.085605234,0.065988444,-0.0080898125,0.37187472,0.37973619
9846,-5.209601,-0.36804587,-1.3571097,-0.7056105,-0.16701737,-0.0030082706,-0.13070226,0.04473096,0.27111524,0.63380533,0.19470222
9847,-4.5704117,-0.14813913,-0.72734237,-0.49741948,-0.14073926,-0.35533923,0.020313382,-0.115424566,-0.024266308,0.110290065,0.075742096
9848,-6.340946,-0.20097199,-1.1708698,-0.6670616,-0.26560625,-0.29161197,-0.386949,-0.20932233,-0.36969647,0.15984768,0.28162843
9849,-4.965142,-0.35571715,-0.7540667,-0.6117249,-0.071912795,-0.09082858,-0.052875504,-0.35036474,-0.19189875,-0.015797522,0.14501168
9850,-5.7185726,0.025877237,-0.93636596,-0.6909584,-0.41111553,-0.10516333,0.35015875,0.134988,0.026222724,0.40612194,0.66928387
9851,-5.4054494,-0.25888726,-1.3824815,-0.9909997,-0.068556994,0.2470374,-0.03661916,-0.3750459,0.06314807,0.5621432,0.43505883
9852,-5.865102,0.13389961,-1.3558273,-0.5337914,-0.104923755,-0.41738105,-0.20518345,0.040544905,0.008245945,0.5679024,0.5043916
9853,-5.7867136,-0.45387074,-1.6599425,-0.76001066,0.30499342,-0.20972443,-0.057836644,-0.34278318,0.1314277,0.2730421,0.40304932
9854,-5.930967,-0.10885906,-0.889576,-0.87496716,0.019264838,-0.09756127,0.17375232,0.009452009,-0.2150713,0.67766327,0.201911
9855,-6.126358,-0.13322163,-0.80727947,-0.55075186,-0.16627613,-0.18170354,-0.036984608,-0.26261303,-0.052640527,0.34436533,0.9986803
9856,-6.8391857,-0.24785171,-1.1169657,-0.8485343,-0.09838199,0.021042496,0.08603193,-0.14257951,-0.13295445,0.49976155,0.474087
9857,-6.064151,-0.09656819,-1.1293107,-0.75945264,-0.44396207,-0.2317162,-0.015286828,0.11676905,-0.053277016,0.32632843,0.38152164
9858,-4.905569,0.08797248,-0.8504714,-0.48196888,-0.18610474,-0.24044745,0.028953284,-0.19334254,-0.24942942,0.31524318,0.34371358
9859,-4.9552283,0.055273287,-0.6474297,-0.7315847,-0.2256537,-0.07923074,-0.056125224,-0.031547144,-0.18454608,0.65069395,0.45987564
9860,-7.734695,0.029194064,-1.5005529,-1.1274884,0.13924521,-0.3113817,0.093815334,-0.35055986,-0.06427022,0.92213047,0.06462981
9861,-5.419695,-0.27293438,-0.81114876,-0.4854532,-0.054487646,-0.29775494,0.00251632,0.13428403,-0.20093957,0.47400898,0.3712831
9862,-6.002064,-0.15386061,-1.1992568,-0.62408113,0.038289953,0.19677916,-0.06487522,-0.32786372,0.10315231,0.8287662,0.036785737
9863,-5.2330074,0.066070855,-1.0189525,-0.67367697,0.29050162,-0.15904222,-0.19910227,0.12994847,0.071578644,0.44358447,0.33968502
9864,-4.6208763,-0.22166792,-0.93118566,-0.40241975,-0.41828007,-0.07798207,0.29363188,-0.111777864,-0.47803652,0.5566238,0.25132477
9865,-5.1555753,-0.08683384,-0.8203845,-0.6559906,-0.4526268,-0.2534272,0.19959654,-0.0044930875,0.07462313,0.5337893,0.47439796
9866,-6.152331,-0.057662707,-1.5499088,-0.48470762,-0.00894421,0.5944627,0.19910926,-0.1391459,0.19344902,0.39543143,0.20754059
9867,-7.6189866,-0.43679294,-1.4938496,-0.7387349,-0.23695685,0.254156,0.2284862,0.36641797,-0.0007575862,1.0131062,0.5510066
9868,-5.357763,-0.3907177,-1.2299649,-0.82465714,-0.07118424,0.35995573,0.121236704,0.09776691,0.17731228,0.7411506,0.81792444
9869,-4.527848,-0.16400214,-0.9323108,-0.49610376,0.005480594,-0.13649592,-0.008713645,-0.053049266,0.01805097,0.55508953,0.44884098
9870,-4.612996,0.031120963,-0.9127484,-0.39474764,-0.08039802,-0.07726164,-0.0086147105,0.12365805,-0.09202649,0.38360876,0.4034583
9871,-4.294715,-0.00709824,-0.8917799,-0.43903148,-0.33826783,-0.16595857,0.17239468,-0.22595295,-0.24357904,0.4268156,0.22584124
9872,-5.0327992,0.041820243,-1.0497602,-0.7187936,0.28480393,0.07935808,-0.30755228,-0.3571169,0.01995456,0.48499557,0.25313926
9873,-6.922229,-0.069626294,-1.201004,-0.9784786,-0.32327646,0.3802374,0.136571,-0.776571,0.0497623,0.050539408,0.529909
9874,-5.7364283,-0.1275116,-0.96444446,-0.3248544,-0.5299691,0.20365143,-0.16365993,-0.033720568,-0.023111546,0.46329686,0.25761423
9875,-5.8847485,0.06697582,-1.1374862,-0.6676361,-0.12600562,-0.009983059,0.2420615,-0.3494295,-0.13733566,0.21779163,0.28964707
9876,-7.2532716,-0.18051465,-2.0105693,-0.7402115,0.63447094,0.15371297,-0.53377277,-0.040600516,-0.035720028,0.044215314,0.16741836
9877,-7.1871486,-0.276161,-1.4388016,-0.57948756,-0.12574977,0.17839812,0.05831406,0.28123733,-0.32136512,0.55855995,0.3664075
9878,-5.32829,-0.15227444,-0.9411835,-0.5068963,0.068320885,0.0025478578,0.016789556,-0.25258857,0.25228134,0.20077057,0.35164815
9879,-4.3707013,0.004139515,-0.5679157,-0.1303754,-0.121868186,-0.055179127,0.22990403,0.061248764,-0.27241915,0.4263826,0.0013804026
9880,-3.9541004,-0.21981463,-1.1289699,-0.38927314,0.10711774,0.029339174,-0.25226244,-0.35853413,0.028501708,0.2678328,0.24459259
9881,-4.8889256,0.16886856,-1.3281314,-0.34024966,-0.17480922,-0.19495073,-0.08862951,-0.06084016,-0.12334067,0.17939672,0.07465537
9882,-5.0352497,-0.25206953,-0.5321967,-0.33657822,-0.122655265,0.07943719,0.056135044,-0.32043725,-0.08705017,0.3408826,0.35680395
9883,-4.463754,-0.031662337,-0.84657013,-0.5380054,-0.27318457,-0.004931965,0.22238502,-0.3429663,0.07646923,0.5281743,0.7612693
9884,-5.516152,-0.14244728,-0.9105042,-0.9449617,-0.09264157,-0.2887283,0.19215049,-0.28976843,-0.2623235,0.25639448,0.43986604
9885,-5.9274383,-0.12713951,-1.2899827,-0.21775429,0.3345703,0.24880102,-0.3021672,-0.09054155,-0.16945235,0.6546834,0.14900246
9886,-4.554426,0.06953871,-0.88269174,-0.37214562,-0.1076486,-0.02562087,0.14752486,-0.41940457,-0.25583825,0.39249945,0.21647044
9887,-4.9935293,-0.054046873,-0.65849304,-0.5534879,-0.4724018,0.23519288,-0.111883834,-0.5572714,-0.028582284,0.18955328,0.31752867
9888,-7.837811,0.17086266,-1.5253159,-0.76904035,0.21524738,-0.05643893,-0.23116562,-0.14771667,0.20457175,0.5804328,0.3415538
9889,-6.8103786,-0.22975974,-1.3623463,-0.5532491,-0.22729138,0.5196241,-0.22657663,-0.28645685,0.03395152,0.43979654,0.40004548
9890,-4.9847274,-0.36317897,-1.0940235,-0.7518007,-0.3719034,0.32667267,-0.104136854,-0.54619724,0.24056879,0.5871745,0.3300924
9891,-4.1698065,-0.09877128,-0.77978116,-0.40606555,-0.062212914,-0.1505772,0.2324467,-0.124803506,-0.029146807,0.10261308,0.21857017
9892,-4.88225,-0.20907319,-0.8877028,-0.847187,-0.40103546,0.47173458,-0.10236113,-0.44627962,0.11659119,0.58415276,0.48944914
9893,-5.648182,-0.4733243,-1.4673349,-0.7297411,0.024259914,-0.17202377,-0.13220793,-0.34828052,0.0779731,0.45611587,-0.055573523
9894,-6.2726755,-0.15488377,-0.90939325,-0.4170413,-0.053695355,0.21902362,0.024606718,-0.39759126,-0.3234881,0.4476553,0.48742115
9895,-4.948891,-0.08830554,-0.699079,-0.565312,-0.1578099,-0.024341192,-0.17017256,-0.59739804,-0.090471976,0.2375051,0.3060483
9896,-5.5625095,-0.052042577,-0.8860138,-0.6832817,0.03837845,0.21595755,-0.13959134,-0.46802503,0.16836224,0.7287953,0.19978526
9897,-6.1549664,-0.14817114,-1.258885,-0.9542427,-0.51343745,-0.098838024,0.23369041,-0.10194503,0.10819654,0.42594716,0.7114962
9898,-4.7619276,-0.2020902,-0.7674159,-0.6782364,-0.2650453,0.014562646,-0.07543566,-0.17999917,-0.0839497,0.54142994,-0.12563084
9899,-4.7911515,-0.24770023,-0.94901997,-0.25733933,-0.11275129,0.14476778,0.120638,-0.34635645,-0.09496567,0.28210017,0.35146496
9900,-5.0903764,-0.366363,-1.001995,-0.38356078,-0.13883975,0.16927221,0.03532228,-0.17825578,-0.13989185,0.84151053,0.53032005
9901,-5.671842,-0.06820293,-1.2789857,-0.7539617,0.5621649,0.01104039,-0.3045204,0.07522852,0.30051073,0.5580905,-0.025108743
9902,-6.701521,0.19232479,-1.3258634,-0.80280364,0.11874656,0.024857754,-0.027946196,-0.4397972,0.08191354,-0.04716024,0.2953359
9903,-4.1559725,0.020104453,-0.9656109,-0.45076331,-0.3072233,0.074227594,0.24292848,-0.2774872,-0.08764852,0.33092156,0.11617942
9904,-6.0949426,0.10917042,-1.4354053,-0.96446913,-0.10239608,-0.110510044,-0.25107518,-0.19965355,0.32086053,0.57118905,0.26799834
9905,-6.0042224,0.19764194,-1.4580264,-0.50896716,-0.18453847,-0.428486,0.29128733,-0.28096062,-0.23204145,0.33712092,0.49812353
9906,-6.2838945,-0.38479516,-1.1572055,-0.77359974,-0.13909656,-0.12607506,0.27071324,0.1240363,-0.0023146458,0.78281367,0.440525
9907,-4.467683,0.06943356,-0.8396962,-0.3296044,-0.03718495,-0.24347125,0.02682358,-0.16399388,0.013096681,0.10360629,0.25107387
9908,-7.5786853,-0.103218205,-1.6054465,-0.18825713,0.24436145,0.15741985,-0.5213331,0.23248842,-0.20668736,0.3478202,0.30894163
9909,-3.7561376,-0.16262907,-0.64645785,-0.16471332,-0.0076254862,-0.30916333,-0.060506828,0.20772631,-0.16589497,0.3771266,0.082931384
9910,-4.622861,0.056877673,-0.8133052,-0.32396615,0.05075243,0.085150756,0.35427988,0.07819056,-0.2552432,0.13251702,0.18933947
9911,-6.6397233,-0.3597662,-0.95321226,-0.91933477,-0.72605354,0.15640362,-0.0073828036,-0.36084175,0.1402223,0.54390794,0.8772249
9912,-4.846131,-0.24821235,-0.81556726,-0.5335886,0.28472927,-0.29404598,-0.2733682,-0.12772451,-0.16972177,0.10476393,0.04028754
9913,-6.519182,-0.45945162,-1.5864352,-0.8876777,-0.43788183,0.28386617,0.19382355,-0.33481246,0.08854801,0.45170704,0.702814
9914,-6.293499,0.031218458,-1.5452299,-1.0507697,0.012927324,0.11786739,-0.2030783,-0.19294485,0.33270654,0.84302217,0.46770322
9915,-6.717188,0.14353912,-1.4055718,-0.9682907,-0.68655485,-0.19662818,-0.07241945,-0.35441855,0.15022975,0.42932034,0.5201388
9916,-6.097764,-0.07971886,-1.2083101,-0.49561357,-0.09138175,0.35350055,-0.08631125,-0.58323884,-0.082144715,0.26468614,0.3681081
9917,-6.87057,0.12269132,-1.4814512,-0.8033468,-0.19398351,-0.035494376,-0.22224595,-0.07971763,0.032495633,0.14963455,0.44941244
9918,-4.5294905,-0.11729027,-1.0333833,-0.6961628,0.07772693,-0.020104958,-0.05407186,-0.3254277,0.018335495,0.31605926,-0.009311519
9919,-5.555701,-0.14502433,-1.2777265,-0.7241511,-0.68461716,0.11058619,0.26492766,0.20959347,-0.0946069,0.61733776,0.53637314
9920,-5.355133,-0.105675705,-1.3417724,-0.5601886,0.2110079,0.11602344,-0.3590772,-0.126,-0.22482252,0.19848132,0.025152002
9921,-5.942043,-0.46289152,-1.0234574,-0.88752323,-0.18112984,-0.016886016,-0.13789032,-0.25153214,-0.06244167,0.6119378,0.12678011
9922,-5.773469,-0.0078410795,-0.8588407,-0.5392286,-0.47933793,-0.52145123,0.03288433,-0.30618137,-0.27614823,0.27084985,0.35320497
9923,-6.658936,-0.045827337,-1.4529183,-0.68196166,-0.16868787,0.3750385,-0.1525146,-0.31236187,0.18247804,0.262349,0.3031838
9924,-5.518532,0.012120118,-1.1361244,-0.6304248,0.013649141,-0.09301112,0.10061421,-0.14150181,-0.08246725,0.52566284,0.19477434
9925,-6.3222,-0.5475232,-1.2542467,-0.901173,-0.8375406,-0.03860522,0.31663954,-0.20867006,-0.121258855,0.5792084,0.4751234
9926,-4.819427,-0.11527566,-0.99736303,-0.4213566,-0.07474611,0.031221263,0.025165614,-0.12331938,0.09459206,0.5020442,0.07204642
9927,-6.2372165,-0.16700764,-0.9035712,-0.89747024,-0.45539206,-0.081845686,0.04883217,-0.51150537,0.1142476,0.4839285,0.78108656
9928,-4.620082,-0.12791355,-0.9939806,-0.39184272,-0.10736311,-0.10718027,0.07547942,-0.15000293,-0.25042027,0.108659305,0.027655987
9929,-6.935326,-0.17894965,-1.1038682,-0.7257959,-0.27532563,0.22174957,-0.07688046,-0.4801185,0.073086195,0.14376599,0.6256785
9930,-5.3912992,-0.49180135,-0.8391588,-0.5683873,-0.1649442,-0.21377605,-0.06862208,-0.1768208,-0.274276,0.6254285,0.34861565
9931,-4.029923,-0.12656178,-0.9124351,-0.30224705,-0.299231,-0.121857,0.2653426,-0.1373561,-0.0620481,0.25381455,0.30867153
9932,-5.2114863,0.0020658541,-1.0951092,-0.8371721,0.21999201,0.03345438,0.0510857,0.003568435,0.23180646,0.61055386,0.3052785
9933,-5.4435024,-0.19840218,-1.1959113,-0.61710006,0.03194702,-0.13022153,-0.19699138,0.08264037,-0.090648934,0.748916,0.1481514
9934,-4.9560647,-0.27179036,-0.9072263,-0.81187534,-0.33816373,0.09398452,-0.01727233,-0.11886866,0.015362215,0.65242994,0.70364314
9935,-5.1130223,-0.13202757,-1.0288482,-0.1567149,0.26942864,-0.17180254,-0.27653646,-0.096513435,0.036388136,0.1948922,0.3157674
9936,-6.265207,0.092734665,-1.2585394,-0.6607113,0.32554376,-0.17897783,-0.034210745,-0.16993675,-0.18540986,0.163238,0.24129151
9937,-5.8198733,-0.17741224,-0.5585009,-0.8245205,-0.4736342,-0.23572321,-0.04734574,-0.33695236,0.1462313,0.62963915,0.016403113
9938,-6.0945115,0.14103961,-1.062555,-0.6541875,-0.25641516,-0.4932127,0.3552599,0.0675701,-0.23813857,0.30101788,0.57807165
9939,-3.876663,-0.0769632,-0.74165976,-0.19537804,-0.15614036,0.15226257,-0.071785815,-0.19781816,-0.11730607,0.27714545,0.07193002
9940,-5.6179566,-0.16254082,-1.0067436,-0.6776499,-0.243898,0.22371234,0.36035547,-0.5138388,-0.06757493,0.6818862,0.30826634
9941,-5.8670735,-0.15803824,-1.2349133,-0.93415207,0.15392126,0.45243853,-0.4111129,-0.4251214,0.3995214,0.8771084,0.13059647
9942,-5.9444213,-0.07759999,-1.1926357,-0.7233052,0.31654382,0.2915886,0.13707088,0.2552934,0.31025538,0.5467056,0.5364389
9943,-4.4330206,-0.2489598,-0.7069266,-0.5852826,-0.15735833,0.45592654,0.22374368,0.16632909,0.16453898,0.52969575,0.442191
9944,-5.1745563,-0.33084777,-0.90062535,-0.51250607,-0.36548832,-0.045532756,0.058045324,-0.27891624,-0.041366115,0.58907205,0.50154316
9945,-3.2882936,-0.13989525,-0.7632991,-0.49272835,-0.19309422,0.009056631,-0.113264546,-0.14474657,-0.048078917,0.44196028,0.14603926
9946,-6.865594,-0.5406658,-1.1014212,-0.80365896,-0.26610336,0.21824072,0.005756591,0.13216525,-0.11642745,0.61866814,0.6369457
9947,-5.749463,-0.24577321,-1.4162021,-0.53839904,0.47443327,-0.07676524,-0.27760178,0.090686776,0.14875467,0.41949967,0.022426473
9948,-8.194851,-0.2115458,-1.6547521,-0.6287355,-0.043867923,-0.22397417,-0.19189425,-0.11634851,-0.2585243,0.4109505,0.31758907
9949,-5.2186694,-0.24356584,-0.9968615,-0.5709289,0.06814926,-0.256041,0.123058155,-0.16752727,0.008319039,0.60919577,-0.15911734
9950,-5.938566,0.20258763,-1.3909003,-0.17949553,0.09259221,0.028004946,-0.15411438,-0.36831707,-0.12435226,0.10589166,0.110354535
9951,-7.190458,-0.12557814,-1.7065103,-1.2710232,-0.22898377,0.1701882,-0.17796652,-0.46626776,0.30815092,0.4457612,0.5257207
9952,-8.352321,-0.14767298,-1.4745375,-0.7099258,-0.7373561,0.5460307,0.003202734,-0.30026275,-0.27456978,0.4679168,0.3170625
9953,-5.913319,-0.17716989,-0.973041,-0.7461128,-0.17266777,0.029083049,-0.2444704,-0.20408691,0.15944909,0.471512,0.4955037
9954,-3.8126602,-0.33252147,-0.752629,-0.21526833,0.054780107,0.08471699,-0.18775585,-0.117453165,-0.17606647,0.26059204,0.11114915
9955,-4.5519447,-0.05971313,-0.8490953,-0.6221555,0.20872653,-0.05657439,-0.20740579,-0.14891668,0.17822665,0.32023013,0.2631996
9956,-4.591689,0.13392317,-0.81428325,-0.29481676,0.25625348,-0.11088015,-0.065215126,-0.2083955,-0.14602534,0.17474064,0.00908801
9957,-5.3390102,-0.034078795,-0.9962521,-0.6230624,-0.1585156,-0.08870055,-0.12239135,-0.39795253,-0.067942165,0.71349066,0.076699205
9958,-6.50005,-0.049964983,-1.8206323,-0.7225797,0.07444327,-0.28353566,-0.30200863,0.029035304,0.16048394,0.47153926,0.33164603
9959,-4.100506,-0.15331939,-1.0243618,-0.6756335,-0.20213296,-0.10604221,0.0747876,-0.23441067,0.22591479,0.41581655,0.21591564
9960,-4.870733,-0.31521362,-1.0008762,-0.61531186,-0.5125792,0.049433667,0.06682467,0.027146196,-0.08906492,0.44672707,0.39014775
9961,-6.8267593,-0.22348751,-1.4540424,-0.55548215,0.022368673,-0.10407249,-0.1680224,0.06732807,-0.09032423,0.90437466,0.4778562
9962,-4.587291,-0.008791233,-0.85781157,-0.42834738,0.076449856,-0.11610689,0.080378495,0.047879517,-0.0293035,0.18828306,0.25991485
9963,-5.194894,-0.24113409,-0.8115637,-0.58219105,-0.17342314,0.14329407,0.015728466,-0.5335471,-0.11106613,0.22420813,0.38527262
9964,-5.30214,-0.18340433,-0.87349904,-1.0022874,0.22426808,-0.04477054,-0.08495893,-0.39312702,0.1917231,0.20157404,0.3603739
9965,-4.025971,0.052875504,-0.94930404,-0.49181676,-0.34757897,0.011721332,0.1534305,-0.612879,0.18798722,0.42637062,0.46809316
9966,-6.7091846,-0.19302408,-1.3702883,-0.3616813,-0.17561123,-0.009184059,0.2875701,-0.10745391,-0.22033705,0.56328714,0.6446061
9967,-6.3105345,-0.16965203,-1.5610299,-0.71642625,-0.42353633,0.21611795,0.017573811,-0.18856862,-0.008342562,0.72152483,0.03909008
9968,-6.6305904,0.01060532,-1.260076,-0.20558786,0.35755682,-0.39393765,-0.07693236,0.026068466,-0.29394007,0.024309725,0.19371949
9969,-3.4805772,0.06077209,-0.60756385,-0.161077,-0.2309238,0.13544492,0.038206503,-0.2600536,0.07655004,0.26841798,0.12046155
9970,-6.4326673,0.1185727,-1.4071414,-0.7447557,0.2270015,-0.23422645,-0.1455033,0.13009673,-0.1382677,0.42290968,0.18188351
9971,-5.7019043,-0.039044347,-1.0020638,-0.75577796,-0.037695758,0.03661438,-0.1666287,-0.2687903,-0.057732023,0.5158566,0.25420934
9972,-8.240892,0.014000937,-2.0831277,-0.5076948,0.23439363,0.5111538,-0.18426226,-0.08210593,0.1305124,0.36163774,0.45659873
9973,-5.7654266,-0.46951762,-1.151452,-0.7860115,0.3649584,0.17361481,0.12611467,-0.15682125,0.42414835,0.627506,0.30717653
9974,-7.5199223,-0.20429753,-1.4794639,-0.5383774,-0.24347197,-0.13290532,-0.14661229,-0.3182358,-0.1793805,-0.08177757,0.83048195
9975,-5.0022454,-0.0871469,-1.0959023,-0.48599127,-0.06274101,0.116147146,0.31411964,0.031904392,0.107637756,0.6330228,0.44373918
9976,-3.8728945,-0.17290413,-0.48569146,-0.57562846,-0.2310133,-0.19558442,0.28647855,-0.010539584,-0.090918586,0.26407403,0.5933185
9977,-6.021577,0.0779444,-1.0913775,-0.89503676,-0.26538926,0.13283066,0.08639084,-0.43447137,0.21531293,0.7685879,0.5180826
9978,-6.5476966,-0.39455467,-1.6680012,-0.7913219,0.18611981,0.112257324,-0.48662513,-0.2849833,0.2189359,0.2934653,0.0250125
9979,-4.882551,-0.1446403,-0.66226786,-0.8471223,-0.32198948,-0.38403946,0.020912223,-0.15622278,-0.08904115,0.35949457,0.27272993
9980,-6.4023085,-0.09967342,-1.1763505,-0.68426526,-0.1976308,0.27639085,-0.46077198,-0.48052877,0.102853656,0.39040023,0.008407923
9981,-5.4941487,-0.0031682877,-1.4769354,-0.1607466,0.41447848,0.01348272,-0.26065382,0.13747498,-0.28521994,0.14504507,0.1465822
9982,-6.7128544,-0.20559661,-1.4553307,-0.8188804,-0.04194519,-0.18652332,-0.019027092,-0.013819376,0.18052284,0.6367974,0.19069703
9983,-7.5679092,-0.032791972,-0.97448194,-0.27900174,0.07128048,-0.542743,-0.21450207,-0.3532073,-0.499263,0.11726347,0.39668602
9984,-3.973562,-0.26521304,-0.988585,-0.49387068,-0.14990641,0.26487887,-0.034549978,-0.22128406,0.16200693,0.5556886,0.33931935
9985,-5.845634,-0.17461583,-1.1684002,-0.49904525,0.43268043,0.0928145,-0.013519972,0.13042797,0.047042556,0.45155928,0.23648335
9986,-5.153827,-0.086117506,-0.81372565,-0.41080707,-0.09459313,0.105679214,-0.044179976,-0.29978043,-0.0299124,0.5409865,0.10126385
9987,-4.878195,-0.26823807,-0.8522841,-0.6622285,-0.4373253,0.2914374,0.1336661,-0.44011506,-0.026139485,0.43348598,0.22364484
9988,-5.483546,-0.3437574,-1.2121904,-0.6281771,0.16004911,0.20890193,-0.34642807,-0.21332434,0.1971181,0.774512,-0.09413324
9989,-7.3420753,-0.22131795,-1.445878,-0.8571922,-0.44116208,-0.12800303,-0.24223681,-0.35108745,0.4420773,0.8590615,0.12010927
9990,-5.4675713,0.0910327,-1.231908,-0.58457434,0.24911672,0.10102588,-0.0007168865,0.059285693,0.049766406,0.26963952,0.020968083
9991,-5.62128,-0.018802628,-1.1929775,-0.31723326,-0.24518576,0.083725244,-0.054761626,-0.3762665,-0.065819405,0.8360843,0.07712127
9992,-6.230021,0.01908056,-1.395185,-0.38221484,-0.29937217,0.040626425,0.20011295,-0.10803165,-0.20675398,0.550798,0.4955565
9993,-5.2865887,0.24381095,-1.2289563,-0.477931,-0.021741938,-0.021693725,-0.015919901,-0.03224068,-0.07862874,0.20775118,0.29527566
9994,-3.7553842,-0.13723044,-0.70383203,-0.3473361,0.05366263,-0.11832513,-0.1376715,-0.0036303774,-0.014962876,0.14745554,0.084381595
9995,-4.9594994,-0.2089766,-0.77659136,-0.45387566,-0.5865447,-0.045844637,0.2100304,-0.243541,-0.17628494,0.35629773,0.4995361
9996,-5.3262215,-0.15100016,-1.5210303,-0.83643013,-0.098630086,0.1528219,-0.018323295,-0.03084966,0.371828,0.80002594,0.2614642
9997,-4.5270977,-0.060022797,-0.7410874,-0.33662692,-0.22783566,-0.07173594,-0.17511828,-0.0996006,-0.321248,0.21631497,0.33751112
9998,-5.419562,0.07287523,-1.0069462,-0.28252992,-0.14910516,0.3478111,0.10605033,-0.20397206,-0.051248588,0.36881977,0.22870912
9999,-5.589471,-0.43319646,-1.283423,-0.6612509,0.11696431,-0.10908149,-0.25703835,-0.08796039,0.17003857,0.5518338,-0.018501718
10000,-4.7988,-0.2333446,-0.92215997,-0.7220749,-0.012183601,0.057648696,-0.016098224,-0.29641294,0.057713702,0.60677814,0.6273315
10001,-5.5437746,-0.14304015,-0.9510266,-0.5208345,-0.29880673,-0.3417914,0.19160195,-0.3600155,-0.087920636,0.4882475,0.25853878
10002,-6.292656,-0.41074595,-1.3755953,-1.1879247,-0.12969063,0.07902413,0.043867696,-0.14859809,0.03745976,0.5579381,0.16144718
10003,-6.9557133,-0.44481948,-1.77633,-0.45353857,-0.36627552,-0.030397505,-0.056140088,-0.073800534,-0.27357483,0.24252373,0.20987219
10004,-5.368482,0.00828414,-1.3227466,-0.64595366,-0.117120236,-0.066206105,-0.059852682,-0.13933732,0.08237464,0.6011333,0.3913705
10005,-4.6820607,-0.1986558,-0.73702145,-0.6976192,-0.47304788,0.031580914,-0.40174848,-0.36713907,-0.05727455,0.09117903,0.23549022
10006,-4.821092,0.020262402,-0.9870263,-0.44142908,-0.04718394,0.23346625,-0.24700384,-0.37147737,-0.15841463,0.26258695,0.17279561
10007,-5.1148524,-0.2008793,-1.0211638,-0.5991906,-0.08407426,-0.2902283,-0.06529124,-0.06679324,-0.038578197,0.483637,0.15883498
10008,-5.4842157,-0.013714748,-0.9883313,-0.7048898,-0.001057162,-0.051209033,-0.07712865,0.12402553,0.13192846,0.7484755,0.43360528
10009,-4.9306765,-0.029858556,-0.81629384,-0.5998956,-0.27262774,0.22279577,0.083920285,-0.37152952,0.16523981,0.3889819,0.449162
10010,-6.353702,-0.04996507,-1.7095405,-0.52924585,-0.028467787,0.56484467,-0.08903262,-0.24687898,-0.124362856,0.13096614,0.23523958
10011,-5.9100747,-0.46637785,-0.9246114,-0.5317767,-0.25366893,-0.27560025,0.16661632,0.028820736,-0.1961191,0.28545028,0.8270016
10012,-5.846916,-0.102691785,-1.7203954,-0.4946763,0.07900499,0.2843274,-0.068501234,-0.105333254,-0.10654427,0.6550291,0.28917137
10013,-6.1344757,0.06642544,-1.2154621,-0.8459488,-0.13350374,-0.06384716,0.1427164,-0.18089545,0.087434836,0.6085897,0.42304498
10014,-6.314437,-0.14993022,-1.1618198,-0.45296577,-0.07979674,0.23463903,0.23119132,-0.12234128,0.2084789,0.72799903,0.37720954
10015,-5.016296,-0.42570236,-0.8762687,-0.3614532,0.07197673,0.1664206,-0.22545715,-0.39765888,-0.08133819,0.43394932,0.13918383
10016,-4.024597,-0.0716543,-0.62954354,-0.360192,-0.02436677,0.047810126,-0.060463957,-0.38693672,-0.09293629,0.15281257,-0.07447149
10017,-6.037637,-0.070304774,-1.1569382,-0.4422582,-0.44259393,-0.32991827,0.18263091,-0.3048237,-0.3795069,0.086614154,0.34443864
10018,-4.578888,-0.13930681,-0.97256,-0.48446605,-0.108593605,-0.11292848,-0.05636716,0.003860904,-0.07644846,0.44822016,0.048700508
10019,-7.889593,0.14567283,-1.7812147,-0.5807417,0.6857236,0.054087073,-0.24124487,-0.24789563,-0.12217529,-0.114764795,-0.07486878
10020,-5.516502,-0.11094899,-1.2869792,-0.9425958,0.05096852,-0.12555745,-0.05699867,-0.1473858,0.19644581,0.82365936,0.16545053
10021,-7.6816487,-0.09482023,-1.350045,-0.7686807,0.20648599,0.15849318,-0.226237,-0.27603528,-0.1712767,0.3412817,0.38616478
10022,-5.4634647,-0.15774529,-1.2617006,-0.96452814,0.00027409662,-0.2580797,-0.2158524,-0.330178,0.039420657,0.7207123,0.18473214
10023,-5.2905946,-0.09158309,-0.9914981,-0.66323584,-0.38504106,0.013695259,0.21173647,0.12678733,-0.25510323,0.26083982,0.25870743
10024,-4.1911736,-0.13771075,-0.73312336,-0.48823255,0.046856456,0.17763141,0.08123172,-0.095144674,0.0038284827,0.46737784,0.3181306
10025,-6.210891,-0.114774,-1.0734078,-0.14061333,-0.41757202,-0.1281507,0.1602101,-0.20619164,-0.57077646,0.41769436,0.6087204
10026,-6.332402,-0.09855424,-1.3276484,-0.35354596,0.16945109,-0.026852876,-0.036319077,0.15314147,-0.19797452,0.66629845,-0.033643417
10027,-5.4618297,0.00022794586,-0.87272304,-0.7440444,-0.6883088,0.23123907,0.078798234,-0.43514207,-0.15931644,0.7348724,0.65134877
10028,-5.4515314,-0.1304171,-1.1815039,-0.42809013,0.2515748,-0.18506089,-0.39764628,0.11858538,-0.033408575,0.32785597,-0.15163141
10029,-6.9157286,-0.35622132,-1.3808436,-0.7228541,-0.10708319,-0.1566121,-0.088480905,-0.24353483,-0.03825753,0.45235822,0.01616998
10030,-5.851341,0.022503326,-1.0946544,-0.6157482,-0.12266261,0.1795803,0.38935974,0.27133083,0.094854176,0.4216626,0.72286546
10031,-5.4451256,-0.25123605,-1.1293781,-0.6027081,-0.20428103,0.517394,0.11267727,-0.30927467,0.20674469,0.49697933,0.4922016
10032,-5.23282,0.02582686,-1.1018082,-0.2610656,0.14229704,-0.10343403,-0.017379057,-0.0075570457,-0.119875535,0.25506324,0.23338635
10033,-5.038376,-0.10902273,-0.88049936,-0.29641277,-0.1497251,-0.16127944,-0.059828855,-0.3644347,-0.28123754,0.27408445,0.29334947
10034,-5.5868783,-0.24302761,-0.7499837,-0.6658681,-0.4721586,-0.37525398,0.12939027,-0.27626482,0.004406388,0.43934628,0.5992719
10035,-5.268836,-0.025646795,-1.0020283,-0.58051527,0.13637452,0.08952408,-0.052256785,-0.3634945,0.063843064,0.07900124,0.19785547
10036,-5.7078786,-0.5380683,-1.0920283,-0.6360584,0.0043733176,0.026447462,0.06396147,0.010621308,0.07790185,0.67826515,0.23308763
10037,-6.389464,-0.12971188,-1.0184925,-0.47735342,-0.31914794,0.14223371,0.16815881,-0.43185574,-0.01585084,0.32181352,0.46708107
10038,-5.2631063,-0.20252247,-1.0128564,-0.71915114,-0.16808075,-0.16863443,0.30309907,-0.2292788,0.1229268,0.5105692,0.35263646
10039,-6.3269076,-0.20200157,-1.5217386,-0.758447,0.03726099,0.14116827,-0.24456681,-0.18079188,-0.02979725,0.6288618,0.2568004
10040,-7.5034537,-0.5353343,-1.33192,-0.6802626,-0.37592742,-0.5195648,0.026060503,-0.103950575,-0.2807061,0.34878632,0.60548544
10041,-5.6212335,-0.16324188,-1.027378,-0.81821245,-0.2318085,-0.09360762,-0.23631838,-0.1846055,-0.057678282,0.6240101,0.29277384
10042,-4.7976456,-0.18556404,-0.97242475,-0.42662492,0.23124574,0.2715276,-0.2424872,-0.18568458,-0.054989845,0.08831812,-0.06848361
10043,-6.810863,-0.20186494,-1.5198247,-0.73541784,-0.087221555,-0.06881286,-0.105997086,-0.06672239,-0.1986797,0.45027757,0.21605794
10044,-5.0486126,0.12550774,-0.8478005,-0.4095361,-0.19501884,-0.06381578,0.18996026,-0.07657927,-0.20292999,0.4361639,0.36426404
10045,-4.9547853,-0.11886501,-0.58462316,-0.29694515,-0.105176724,-0.14417338,0.26791912,0.053453587,-0.360421,0.33805904,0.3446218
10046,-6.315142,-0.2260524,-1.2172123,-0.8846712,0.15871567,-0.22284277,-0.1420652,-0.4354509,-0.04847555,0.43452072,0.57055056
10047,-4.589677,-0.10432043,-0.7676031,-0.50440496,-0.8010402,0.13514973,0.22047119,-0.21187072,-0.018900318,0.41816497,0.47800207
10048,-8.424728,-0.43362376,-1.5284195,-0.9348684,-0.72626644,-0.37306952,0.056740887,-0.21505155,-0.20473966,0.45655006,0.71852547
10049,-6.5446177,-0.2011095,-0.97096896,-0.84020966,-0.5804823,-0.10613203,-0.2287952,-0.45098585,-0.03211455,0.44151944,0.3221422
10050,-6.996536,0.10418629,-1.4222296,-0.8905346,0.14377095,-0.49773532,-0.1526171,0.14092433,0.18808536,0.92001796,0.27445865
10051,-5.090825,-0.118227676,-1.1172066,-0.59624684,-0.013574457,-0.20670202,0.11861721,-0.22486947,0.104133904,0.07496876,0.6183019
10052,-5.2442837,0.005028962,-1.0781925,-0.6205564,-0.08801273,0.03007897,-0.08466628,-0.3206321,0.06722035,0.39062428,0.2801763
10053,-3.8896449,-0.013702962,-0.727511,-0.45725456,-0.17653674,-0.24577378,0.0972937,0.027530214,-0.1157881,0.35033086,0.2056583
10054,-4.2026362,-0.024091411,-0.9988908,-0.39543203,0.015567943,0.058814023,-0.051674433,-0.1745053,0.16052498,0.32194263,0.14140965
10055,-4.498419,-0.095795296,-0.85110754,-0.76806194,-0.37148163,-0.22255048,0.025380831,-0.1742747,-0.07520371,0.43310314,0.34358674
10056,-4.996224,0.09994433,-0.89349675,-0.7510622,-0.21154527,0.32807666,0.18376814,-0.35061052,-0.19148356,0.14072609,0.28839815
10057,-5.0384707,0.059296515,-0.82887477,-0.56453997,-0.22213064,-0.015686119,0.20675081,-0.09993282,0.048467197,0.36545053,0.14705226
10058,-6.2078457,-0.16735546,-1.0870916,-0.6541694,-0.11673543,0.12958646,-0.28496572,-0.797258,-0.07405073,0.09598455,0.3271295
10059,-4.6284237,-0.16267367,-0.8643845,-0.7707287,-0.25115094,-0.058033936,-0.021453425,0.014907444,0.20271076,0.5573152,0.39491132
10060,-4.875383,-0.07653993,-0.7863062,-0.38254893,0.21061037,0.24084581,-0.06799818,-0.22929172,0.025857355,0.3104269,0.30863672
10061,-5.764557,-0.050537243,-0.9833116,-0.44543532,-0.1995023,-0.04619355,0.030165702,0.16415228,-0.22068425,0.5067301,0.62157714
10062,-5.4654408,-0.3199932,-1.0787741,-0.62842363,0.25421456,0.14585201,-0.119959705,-0.2720551,0.1304276,0.33899364,0.046274267
10063,-3.9138324,0.10229437,-0.6672707,-0.4279294,-0.13690867,-0.18789656,0.13211825,-0.2164498,-0.036878474,0.15351854,0.25658423
10064,-5.3857083,-0.08903992,-0.84100866,-0.65392053,-0.40841976,-0.112332776,0.33837485,-0.29173413,-0.1293277,0.35841656,0.4629032
10065,-4.153829,-0.29446554,-0.7929473,-0.67645895,-0.37167218,-0.1958136,0.048242997,-0.28958172,0.07422371,0.49587697,0.61555064
10066,-4.7070546,-0.120271906,-0.725517,-0.4782123,-0.06287325,-0.15172474,-0.06127809,0.052719943,-0.15956476,0.24637204,0.44963354
10067,-6.100405,-0.15641305,-1.1431634,-0.48206687,-0.2299644,0.47777486,0.009778141,0.0006397506,-0.04140006,0.57105273,0.36975226
10068,-4.4314294,0.022242524,-1.1659224,-0.31603146,0.1861679,0.12802185,0.19686349,-0.050854355,0.05281706,0.3675943,0.18327036
10069,-5.2368484,-0.06549839,-0.96040475,-0.79432046,-0.20959148,-0.3377006,-0.2876897,0.20686029,-0.17959009,0.33668917,0.36233497
10070,-3.7260334,-0.091776654,-0.60093623,-0.4606181,-0.37258294,0.06164351,-0.21005155,-0.046912752,-0.0064937603,0.4263373,0.107872166
10071,-6.0951786,-0.47144735,-1.2326288,-0.42521128,0.22336361,-0.09720893,-0.20445931,0.07067764,-0.15970914,0.27998707,0.39248842
10072,-7.3024054,0.075579986,-1.8063097,-0.7202988,0.059134573,0.060143556,0.12999779,-0.5182114,0.2690045,0.4364404,0.3050137
10073,-6.5129256,-0.15222569,-1.4645627,-0.5558978,-0.18208252,0.053228058,-0.15004267,-0.085107364,-0.08614678,0.022604048,0.74500567
10074,-4.258158,0.039743528,-0.99140894,-0.30126667,-0.2931458,0.21954538,0.04383915,-0.55257857,-0.10678287,0.2027097,0.34810707
10075,-4.2645235,-0.24469216,-0.7130574,-0.56513053,-0.4915744,-0.11244941,0.20304163,-0.045600213,-0.033683762,0.31436956,0.58617836
10076,-5.6269817,-0.19642608,-1.3155718,-1.0396391,0.03891324,0.0069251354,0.053283144,-0.16536143,0.031678125,0.26282302,0.2895007
10077,-6.142578,-0.18194425,-1.4980515,-0.75539285,-0.12336696,-0.13462283,-0.14329441,-0.13547678,0.27407023,0.9284575,0.44928133
10078,-6.0343366,-0.14040805,-0.885884,-0.86851805,-0.3417015,0.09833267,-0.06990374,-0.38733166,-0.08199573,0.4096531,0.3154803
10079,-5.5966,-0.082215436,-1.0265123,-0.5272786,-0.25918582,0.088130474,0.064154565,-0.42734045,-0.07869931,0.31628194,0.25677633
10080,-5.541223,-0.18632022,-1.3276274,-0.36019036,0.46528545,0.45574963,-0.12590988,-0.105748534,0.118628554,0.3105475,0.13635449
10081,-6.827883,-0.1177478,-1.281486,-0.6851431,-0.28860632,-0.2977311,-0.101879805,-0.43007535,0.056137927,0.070109494,0.2642656
10082,-5.5750294,-0.21305321,-1.1225106,-0.6911672,0.38587222,-0.18229833,-0.14162616,-0.26784733,0.118684985,0.4889001,0.40003476
10083,-6.2942805,0.05704237,-1.0230134,-0.7901151,-0.44150072,0.16464274,-0.26341474,-0.46260917,-0.06269377,0.8154779,0.61421746
10084,-5.7637706,-0.41536748,-1.5559455,-0.6358074,0.10643787,-0.17341156,-0.1680203,-0.011397464,-0.3903283,0.40992013,-0.06571794
10085,-4.0862203,-0.12427354,-0.78960234,-0.6040427,-0.054576863,0.06444633,0.27322918,-0.014271455,-0.08470926,0.28425118,0.3234809
10086,-4.838124,-0.079308994,-0.96296614,-0.32629147,-0.14454128,0.3804044,-0.1522752,-0.1865246,-0.097392835,0.2852022,0.22963828
10087,-6.037048,0.06814673,-1.3102951,-0.9292167,-0.055746667,0.25218424,-0.2732108,-0.32176772,0.22715311,0.5834505,0.32325447
10088,-4.4600086,-0.23107639,-0.8181826,-0.59587824,0.08567092,0.32670254,0.11269857,-0.24603054,0.08163007,0.67040586,0.52035266
10089,-4.5835795,-0.057663728,-1.1378845,-0.56813705,0.30230018,0.15518093,-0.18337041,-0.34277973,0.16368423,0.32857373,0.134738
10090,-5.0996695,-0.051456325,-0.94475514,-0.61248225,0.35025495,-0.12491815,-0.014953031,-0.3285272,0.0089347,0.69818985,0.24700181
10091,-7.4015403,-0.30560964,-1.0003026,-0.504703,-0.20265608,-0.4305387,-0.21261463,-0.28391752,-0.15890439,0.62679976,0.3935994
10092,-5.6240683,-0.1266532,-1.2525585,-0.85719246,0.41213042,0.0075327563,-0.121341,-0.1577532,0.062265888,-0.033206318,0.16167536
10093,-6.030934,-0.3629856,-1.0430062,-0.66598976,-0.16958313,0.10295066,-0.14653249,-0.3300966,0.16221838,0.49330974,0.5302661
10094,-5.9400263,-0.29908037,-1.2792705,-0.79136425,-0.16842708,0.018305495,0.009380609,-0.24085036,0.109406166,0.280352,0.29115638
10095,-6.4462905,-0.14964534,-1.6433549,-0.86824775,-0.07441222,-0.021142012,0.12407163,-0.4151406,0.30432642,0.7290154,0.26594695
10096,-5.0835733,0.103747785,-0.9095379,-0.66627556,-0.18603446,0.12219562,0.42707422,-0.16788375,0.01032198,0.48085278,0.20320319
10097,-5.4022417,-0.15904471,-1.1635009,-0.75795555,-0.24278267,0.37873793,-0.06114708,-0.3222459,0.089455605,0.930243,0.34393883
10098,-4.677884,-0.28805855,-0.8910201,-0.49090093,-0.31946605,0.009108429,-0.11834111,-0.33840445,-0.13913351,0.63548523,0.354435
10099,-5.8276567,-0.29819375,-0.81508565,-0.45215413,0.15953167,0.05167244,0.009363897,-0.21854112,-0.114590466,-0.08020612,0.4800777
10100,-4.7799163,0.15013164,-0.90737116,-0.33874193,-0.17486331,-0.23015445,0.030660834,0.21509594,-0.20984091,0.39668813,0.09788168
10101,-6.5684185,-0.47976524,-1.233023,-0.9319641,-0.13467659,-0.19642147,-0.06076713,-0.3529267,-0.1454726,0.5160029,0.10384293
10102,-6.453954,-0.47294822,-1.4571627,-1.0065618,0.003938466,0.35936815,-0.046359748,-0.48077834,0.027072191,0.59188783,0.62894374
10103,-5.8802285,-0.114314556,-1.1012974,-0.8832233,0.14134653,0.10396836,-0.37356862,-0.4773094,0.0915257,0.08220236,-0.038367935
10104,-5.856242,-0.010749883,-1.3660661,-0.9866737,0.1701804,0.031692144,-0.0482132,-0.47782323,0.2814323,0.36830413,0.17273912
10105,-4.545663,-0.34117782,-0.97909385,-0.73226744,-0.41570264,-0.090795346,0.09825164,-0.13984327,0.107775435,0.51767796,0.22762235
10106,-7.8140397,-0.06569517,-1.6074047,-0.54436594,-0.20233697,-0.055950284,-0.1320247,-0.1081019,-0.074771084,0.16610749,0.5459237
10107,-6.7526627,-0.1319398,-1.3945148,-0.6301133,0.13713585,0.124229096,-0.13439792,-0.8717107,0.107074946,0.9636506,0.41175386
10108,-6.6103916,-0.046251748,-1.2185948,-0.7998192,-0.65345454,-0.1748419,0.26295084,-0.15187478,0.05969528,0.74092376,0.82903427
10109,-5.4669075,-0.10904918,-0.9534323,-0.73739326,-0.6719018,0.12114126,-0.0016820459,-0.33226243,-0.14578371,0.6305418,0.5660892
10110,-4.6528087,-0.22679664,-0.7462712,-0.5616648,-0.22467549,0.18288456,0.045847394,-0.12008009,-0.15125993,-0.04987144,0.36035615
10111,-7.0442343,-0.09719382,-1.226549,-0.8580108,-0.13513108,-0.070781365,-0.2809187,-0.3936794,0.18740028,0.70315033,0.2330498
10112,-4.80944,-0.13522406,-0.8050004,-0.31341967,-0.68638164,-0.055178776,0.028294578,-0.12888074,-0.23551832,0.6531222,0.41110557
10113,-3.6376383,0.016062241,-0.6698636,-0.36267045,-0.11207343,0.29110223,-0.020693671,-0.118313335,-0.001963133,0.28396046,0.06921537
10114,-5.413671,0.15184826,-1.188436,-0.5631525,-0.47520775,-0.14115134,0.26089013,-0.2659284,-0.17018388,0.5524023,0.38964733
10115,-4.6121116,-0.10518281,-1.0260968,-0.2687377,-0.6121021,0.05242527,0.14862181,-0.3843455,-0.16657339,0.19852035,0.3344334
10116,-5.5299444,-0.12558703,-0.8731815,-0.42153215,-0.016519815,0.2777663,0.023258012,-0.27048942,-0.087883204,0.63009375,0.2750371
10117,-6.6978703,-0.40091515,-1.2939409,-0.8635225,0.38491085,-0.31995654,-0.3354092,-0.13477576,0.2528229,0.9617743,0.1806402
10118,-6.1118484,0.10891649,-1.2920655,-0.7190345,0.06965461,0.03253492,0.0012092348,-0.4938148,-0.29613048,0.011571526,0.092083655
10119,-6.4311566,0.049144216,-1.3386195,-0.78471845,0.024144571,0.32677454,0.30572134,-0.28609252,0.067250006,0.32668054,0.4544367
10120,-5.776074,-0.2685035,-1.3276836,-0.7283914,0.33084795,-0.17251098,-0.090666465,-0.08525395,-0.10139874,0.39566612,0.06476115
10121,-5.570499,-0.20376368,-1.0604198,-0.6387817,-0.39298236,0.23913018,0.0983376,-0.23087186,-0.36218554,0.21468654,0.6474561
10122,-5.711639,-0.14181453,-1.167583,-0.35402226,0.24081288,-0.2043958,-0.25913942,-0.0741161,-0.11895841,0.34319422,-0.037314903
10123,-6.6956296,-0.16002247,-1.2992984,-0.8056894,-0.6791086,-0.41642708,0.41256657,-0.12770648,-0.27607188,0.37788123,0.7975467
10124,-4.023214,-0.21580617,-0.53141576,-0.2740273,-0.10726941,-0.029908553,0.007105584,-0.34710062,0.09361416,0.38435987,0.26398808
10125,-4.746,-0.0696478,-0.9549129,-0.4045663,-0.39639288,0.3023622,0.058477156,0.16511129,0.040699173,0.6571323,0.5772901
10126,-5.8057685,-0.10577029,-1.2401712,-0.9008686,0.026357189,0.34466714,0.034930006,-0.41785377,-0.011943003,0.8324211,0.4549528
10127,-5.621763,-0.1748599,-0.845911,-0.73889214,0.12342248,0.307648,0.22415161,-0.092565335,0.21696877,0.48180315,0.50051945
10128,-4.76629,-0.12653717,-0.9047898,-0.57586914,-0.23867059,0.018725302,-0.038171057,0.22679219,-0.052814215,0.5412299,0.28217313
10129,-5.841367,-0.044344652,-1.162435,-0.6435189,0.35017577,-0.08477246,-0.40140557,0.07024144,-0.04136517,0.7014922,0.1834531
10130,-7.4935527,-0.42390403,-1.8217889,-0.61628985,0.0751257,0.49598694,0.013132317,-0.22123969,0.04787088,0.61128026,0.6236437
10131,-5.596718,-0.06336577,-1.2002996,-0.5117351,-0.33524084,0.25874007,0.4498239,-0.32686055,-0.21962778,0.31108516,0.4319454
10132,-5.0654445,-0.09196345,-1.1850374,-0.78132546,-0.10664758,-0.18060006,0.1116102,-0.17939779,-0.06452011,0.5685998,0.14170587
10133,-4.603175,0.11160435,-0.8212628,-0.2961675,-0.19840659,0.0560866,-0.0702729,0.23258436,-0.20527448,0.2518229,0.23246096
10134,-4.9054227,-0.07451647,-0.95837957,-0.47085854,-0.12481444,-0.1517268,-0.068392664,-0.27851567,-0.088236414,0.6171321,-0.032174073
10135,-5.508747,0.03641476,-0.9826988,-0.77917004,0.028066458,-0.014281405,-0.19089244,-0.16450833,-0.11497079,0.20208013,-0.0037441188
10136,-5.5996623,-0.14221548,-1.3042308,-0.23880455,0.33839953,0.053439446,-0.18644097,0.19747755,0.015413598,0.4095766,0.22436714
10137,-4.8273163,0.1266532,-0.9130897,-0.5244311,-0.09663109,0.12424531,0.17307726,-0.1858052,0.11431389,0.461658,0.1436845
10138,-5.707356,-0.38092536,-1.028684,-0.7636593,-0.47532845,0.2935043,0.084203556,-0.016308215,0.03207509,0.5494251,0.32297397
10139,-6.330366,-0.28663665,-1.3214573,-1.0100168,0.18666832,-0.080963954,0.008249899,-0.35436034,0.10047445,0.6088372,0.04188272
10140,-5.260877,-0.098594286,-1.0328829,-0.52169746,0.16529053,-0.24321313,-0.22422937,-0.37194017,0.12217137,0.54379773,0.21393645
10141,-7.2373095,-0.19851336,-1.3362778,-0.86850125,0.050802734,-0.14335197,-0.16393776,-0.5220644,-0.22081263,0.15737554,0.573376
10142,-5.2671504,-0.26771775,-0.88698274,-0.84862113,-0.107843034,0.21777657,-0.05747749,-0.42089435,0.1974249,0.49802664,0.41709876
10143,-5.8232145,-0.073967844,-1.1023203,-0.6043022,0.021421183,0.19533595,0.11242948,0.27529866,0.021742113,0.831484,0.4068878
10144,-5.3395524,-0.13481808,-0.85918695,-0.42261812,0.01727059,0.0702383,0.2271182,-0.87315696,-0.10133233,0.5630441,0.29540104
10145,-6.2794065,0.09568801,-1.8981332,-0.37966427,-0.29367343,0.18268922,0.021111822,-0.08274954,-0.5788747,0.18033369,0.71905833
10146,-6.665643,-0.2996211,-1.1696185,-0.93355775,0.09454819,-0.204889,-0.11378578,-0.23572528,0.06461111,0.5290445,0.55937827
10147,-4.4814334,0.008293048,-0.7932973,-0.6850082,-0.5734146,-0.15767637,-0.0581981,-0.18444982,-0.30251098,0.49819568,0.10920231
10148,-6.12139,-0.3388757,-1.1269394,-0.7878536,0.078830995,-0.28097147,-0.11066712,-0.24172977,-0.20971093,0.3633018,-0.18397531
10149,-5.8421607,-0.2425548,-0.9603489,-0.62303036,-0.35461378,-0.48779917,-0.13117062,-0.092024855,0.10956155,0.40616763,0.24220118
10150,-5.4364347,0.09274036,-1.3753744,-0.5996127,-0.38686273,-0.044335227,-0.06533702,-0.14987211,-0.10865961,0.3755664,0.5267494
10151,-6.270908,-0.074529946,-1.0584326,-0.6527205,0.017516643,-0.0770798,-0.0627177,-0.1419662,-0.025537228,0.5938389,0.37617356
10152,-6.4453945,0.061027743,-1.3817309,-0.42143854,-0.22273636,0.19458821,0.10933439,-0.5257473,0.009562576,0.67372626,0.3837422
10153,-7.1540875,-0.30062935,-1.2989601,-0.5734604,-0.23398893,-0.09577658,0.12964824,0.19747926,-0.19740596,0.9418067,0.5943819
10154,-5.1622434,-0.19029927,-0.9027155,-0.27134588,-0.0932867,-0.01848892,0.030490696,0.1460049,-0.042061515,0.25600696,0.18008211
10155,-4.666201,0.09859274,-0.92760766,-0.5641728,0.22473975,-0.13983393,0.11880654,-0.19777897,0.038757183,0.15481463,0.30353922
10156,-4.435708,-0.081097215,-0.9140703,-0.17271632,-0.07919646,-0.07061298,0.23443422,-0.027838266,-0.21363226,0.102344766,0.25621682
10157,-5.1759396,-0.2602083,-0.970549,-0.4040356,-0.1555379,0.13540661,-0.2579762,-0.34861597,0.094062,0.44345438,0.408493
10158,-6.9331956,-0.2794814,-1.1895994,-0.9932289,0.023305506,-0.017793879,0.04405141,-0.2616993,0.03749333,0.21466462,0.50779444
10159,-6.4913254,-0.26944953,-1.3182255,-0.8705388,-0.029844636,0.036485657,0.12247325,-0.095297344,-0.1536481,0.34579208,0.32934856
10160,-5.452142,-0.055426616,-1.154993,-0.42968723,-0.18133596,0.06029228,0.11956364,-0.36915636,-0.20393234,0.26651597,0.231423
10161,-4.832755,-0.22451845,-0.98391515,-0.53675103,0.07416033,-0.24342577,-0.1291142,-0.037396826,0.11774304,0.50747085,0.2915253
10162,-5.147524,-0.28901255,-0.8532216,-0.4803056,-0.07728676,0.099396124,0.04019983,-0.37296247,0.10137197,0.29674017,0.44261676
10163,-4.911549,-0.1294998,-1.2043364,-0.7435096,-0.15967692,0.4335372,-0.1207119,-0.47064912,0.12105828,0.5375662,0.42909873
10164,-5.3109136,0.06712309,-0.8548032,-0.47183642,-0.041687284,-0.1981841,-0.44961324,-0.19428118,-0.17166695,0.19728665,0.43929005
10165,-4.802052,0.063574344,-0.851358,-0.6301704,0.048886254,-0.023455326,0.29474977,-0.14523622,0.0304845,0.17595595,0.28988236
10166,-4.7612925,-0.18210988,-1.1398413,-0.85967237,0.1333413,0.096595235,-0.16111663,-0.13099161,0.33118972,0.8508721,0.23763159
10167,-6.460805,-0.26829305,-1.1071798,-0.3333131,-0.40762138,-0.36733037,0.338565,0.10307171,-0.4035459,0.21574025,0.5680277
10168,-4.7898445,-0.091822885,-1.2591947,-0.42180723,0.5173948,0.14098376,-0.12500031,0.12696822,0.1909704,0.20838273,0.23992904
10169,-5.077743,-0.00084074493,-0.8849937,-0.57598215,-0.36577877,0.001706785,-0.025938105,-0.20518176,0.13749167,0.40693352,0.64080364
10170,-4.3746805,0.0006079832,-0.83372724,-0.4818197,-0.20110904,0.0006216429,-0.122549854,-0.21280146,0.045315653,0.1515373,0.37248906
10171,-5.095781,-0.1101073,-0.6107986,-0.27765605,-0.26205066,-0.4047637,0.3644931,-0.018315306,-0.40108383,0.32663488,0.3048291
10172,-4.697473,-0.10662867,-1.2036532,-0.45911586,-0.06304812,0.15192083,0.20948641,-0.42658752,-0.30713242,0.3373258,0.24709158
10173,-6.06067,0.0013853223,-0.9293041,-0.22689782,-0.34001353,0.062430594,0.07863854,-0.14837174,-0.29865935,0.10858219,0.41638947
10174,-5.9845757,-0.17621869,-1.0606526,-0.6504183,0.034703705,0.04382348,0.053254206,-0.3469506,0.09546895,0.26997894,0.0034868866
10175,-3.8643646,-0.33530182,-0.60966384,-0.47793484,-0.19466512,0.14199892,-0.21411468,-0.16590658,0.018266002,0.4879288,0.17604713
10176,-5.584457,0.011141707,-0.7499062,-0.59704995,-0.08855057,-0.15727037,0.037499078,-0.24913436,-0.17156936,0.11072572,0.39989263
10177,-6.3650365,-0.31345728,-1.0150955,-0.6189308,0.2555565,0.03808631,-0.35991842,-0.33755812,0.110281885,0.660626,-0.17185903
10178,-6.4846,-0.12221202,-1.0130684,-0.661562,-0.11423508,-0.331096,-0.061244592,-0.5118016,-0.008770514,0.26751304,0.4310038
10179,-6.0082755,-0.0510503,-1.0694903,-0.44395784,0.18175301,-0.03128141,0.2551743,0.0050759,-0.06205055,0.475237,0.40000916
10180,-5.7627506,-0.12110327,-0.7166417,-0.6245009,-0.22373366,-0.019976588,0.040541135,-0.44210312,-0.18781379,0.57976896,0.70996237
10181,-5.5188446,0.07822995,-0.8961314,-0.7688577,-0.5516993,-0.15987939,-0.19084105,-0.19120674,-0.0020847935,0.46717373,0.44773838
10182,-4.669747,-0.29286206,-0.7828579,-0.72837526,-0.12747167,0.14523908,0.12570018,0.059896022,-0.011975093,0.30471715,0.4079608
10183,-4.847368,-0.035672955,-0.5514678,-0.24306172,-0.47224024,-0.19945505,0.24218436,-0.36383018,-0.31479555,0.3997044,0.41585934
10184,-6.117082,0.033957493,-0.8314649,-0.55509424,-0.16371189,-0.19568421,-0.07146806,-0.19248721,0.07949145,0.5154114,0.09633317
10185,-6.0103173,-0.196546,-0.50755066,-0.42608598,-0.13959298,-0.35921156,-0.007520669,-0.06714087,-0.10921615,0.096211545,0.40193757
10186,-4.9128532,-0.46149898,-0.8192715,-0.6526239,-0.12386217,-0.061338753,0.14991842,-0.08083757,0.005782497,0.46456692,0.66219914
10187,-3.8535066,-0.053687114,-0.9713116,-0.47467798,-0.0073548104,-0.107246876,-0.056307174,-0.26932192,0.11212502,-0.0072453143,0.20989324
10188,-6.507034,-0.42141426,-1.0057589,-0.9357049,-0.29191953,-0.30838692,-0.18771327,0.12817204,-0.16034791,0.8868495,0.47165567
10189,-5.210924,0.10684627,-1.3540306,-0.4580308,-0.10220735,0.12863213,0.16296232,0.069067575,-0.28839976,0.2923161,0.50504065
10190,-4.956817,-0.1037192,-0.8971002,-0.34057593,0.2741073,0.09849038,-0.06236521,-0.21358341,-0.20069492,0.30265594,0.33409733
10191,-4.297484,0.067541376,-0.58398664,-0.7165232,-0.2365788,-0.107155964,-0.09742363,-0.3327615,0.0061146654,0.39765432,0.15839455
10192,-4.610907,-0.16542351,-1.1915281,-0.71604425,0.07097039,0.38062638,-0.17680019,-0.45753318,0.22249468,0.25849313,0.15071133
10193,-6.1015625,-0.119747356,-0.9527262,-0.3481164,0.029538136,-0.2530501,-0.11218539,-0.21673146,-0.41842157,0.41281098,0.08492146
10194,-4.456335,-0.33007964,-0.7289096,-0.5233777,-0.25699738,-0.19259825,-0.11912332,-0.007566221,-0.11233753,0.49262422,0.18178822
10195,-7.572199,-0.21621767,-1.3221723,-1.2956084,0.4508391,0.06792085,-0.14214838,-0.41985357,0.10259034,0.43214157,0.25392124
10196,-5.623163,-0.19968423,-1.0231717,-0.48661342,-0.50339055,0.2345663,-0.14022228,-0.05923777,0.036847256,0.2953012,0.39753267
10197,-4.637471,-0.22463144,-1.0128144,-0.5892085,0.35698143,-0.16665487,-0.29673412,0.10861369,-0.047971733,0.41434282,0.0026213303
10198,-6.14947,-0.308352,-1.0751656,-0.64467514,-0.56326884,-0.09536618,0.36287498,0.074829206,-0.053256996,0.6853918,0.67787147
10199,-5.621586,-0.005766225,-1.1135828,-0.361515,0.34698555,-0.10760221,-0.6029859,-0.21050985,-0.22478801,0.059987083,0.15084791
10200,-4.4915075,-0.081402026,-0.98451614,-0.5501753,-0.114242636,0.12969644,0.12549019,-0.105914645,0.17422758,0.41701484,0.1835438
10201,-7.9276576,0.123339705,-0.9937949,-0.7393876,-0.6843925,-0.040378522,0.41098654,-0.14838497,-0.30865926,0.4201007,0.5369767
10202,-4.660002,-0.05229601,-0.76439244,-0.29440328,0.43650043,-0.10919327,-0.28941774,-0.07953897,-0.08447164,0.31112647,-0.10736754
10203,-7.344269,-0.53717035,-1.2081819,-0.9042891,-0.39714774,0.0265383,0.02787818,-0.1322975,-0.13310456,0.5087466,0.83541334
10204,-4.3504877,-0.2684844,-1.0013676,-0.5114048,0.18855171,0.15080422,0.20285234,-0.1417689,0.057449847,0.52521455,0.4536579
10205,-4.918173,-0.16513474,-1.2682592,-0.5605858,0.10241726,0.11417887,-0.19850221,-0.28010523,-0.13407326,0.4345986,0.09378819
10206,-4.4549313,0.0672914,-0.6417693,-0.5234813,-0.28082648,-0.12581722,-0.004089874,0.07065498,-0.15047505,0.44654238,0.3612673
10207,-5.7069054,0.09280373,-1.2942418,-0.54043263,0.0360889,-0.20435706,-0.19784594,0.0036815056,-0.018530888,0.51725286,0.22148488
10208,-4.291732,0.19157046,-1.0463725,-0.3270556,-0.030875137,-0.14852145,-0.007464708,-0.20358099,-0.2578341,0.10962754,0.14950655
10209,-4.922674,-0.16876838,-0.8350492,-0.5822552,0.048794284,0.05279902,0.10124217,-0.25248736,0.05743517,0.6524692,0.23166662
10210,-5.4476,-0.17182301,-1.2767347,-0.42646164,0.06764257,-0.43273592,-0.40805227,0.032427393,-0.0033669658,0.40869027,0.22601798
10211,-5.1250157,0.010903273,-0.96592045,-0.79494226,-0.05081601,-0.11906214,-0.015276468,-0.4135843,0.0190892,0.31779,0.21368708
10212,-6.3955407,-0.11451802,-1.1040015,-0.8118043,0.20717835,-0.26338446,-0.24204855,-0.21827024,0.27856717,0.48880538,0.44546217
10213,-5.6770844,-0.34085184,-1.5589578,-0.7163898,0.0376211,-0.31335813,-0.14756416,0.28060663,0.2250534,0.6536143,0.24645334
10214,-3.691004,0.048951775,-0.6107928,-0.3542339,-0.23403455,-0.05956155,-0.12993436,-0.18207756,0.021399552,0.15969694,0.3028628
10215,-5.5233965,-0.19192824,-0.885698,-0.89332396,-0.093619436,0.15886149,-0.1585308,-0.2234858,-0.024174215,0.31080204,0.16357365
10216,-5.8931923,-0.20689027,-1.2661489,-0.679768,-0.30842227,0.27409422,-0.041113757,-0.46101725,0.15980315,0.3048767,0.20056073
10217,-5.952886,-0.097677365,-1.2979168,-0.7548157,-0.23088214,-0.29468584,0.00799388,0.43046895,-0.04819102,0.5644009,0.32510647
10218,-5.7389336,-0.29712546,-1.1242657,-0.73535365,-0.007105095,0.26366717,-0.094224095,-0.25710636,0.41693828,0.720951,0.20409375
10219,-4.048894,-0.100855365,-0.77892315,-0.41142285,0.26696557,-0.0030857613,-0.19150636,-0.076404616,-0.024786083,0.21986803,-0.00030119903
10220,-6.379562,-0.3605525,-1.7309427,-0.8913981,-0.38672987,-0.17347224,0.04856383,-0.27761003,-0.03961923,0.37946022,0.4664388
10221,-3.2634556,0.043168377,-0.7152982,-0.3143013,-0.10408439,0.046952594,0.2481803,0.06257749,-0.061749823,0.277097,0.285556
10222,-5.0794973,-0.31195503,-1.2093025,-0.5216774,-0.059057236,0.4289046,0.01166626,-0.3565622,0.06371863,0.38346803,0.10735098
10223,-6.096215,-0.17226933,-1.0433221,-0.50467837,-0.40770623,0.0066512907,0.40068018,-0.015198119,-0.2303733,0.24537697,0.8532162
10224,-4.505142,0.086789645,-0.79280347,-0.4926995,0.24792217,0.008267365,-0.2585147,-0.21402311,0.0038715722,0.63783884,0.018922878
10225,-5.6535234,-0.06369825,-0.8306499,-0.5070025,0.19146477,-0.33511227,-0.27475774,0.07554507,-0.26021135,0.40402505,0.3278855
10226,-5.227645,-0.027206972,-1.3667184,-0.77763623,-0.065805644,0.30839282,0.15994126,-0.25069666,-0.41507664,0.28336337,0.5794906
10227,-5.6297636,0.12784071,-1.3129406,-0.6481324,0.0929599,-0.46102643,-0.097956814,0.010400553,-0.46596643,0.0784446,0.1869087
10228,-5.8151755,-0.26199692,-0.98030317,-0.6789513,0.2746465,0.16552842,-0.38942313,-0.15800484,0.011148777,0.46486363,0.06439601
10229,-5.875026,-0.15276542,-1.2254666,-0.74582195,0.20798132,0.17203757,-0.30017388,-0.36875662,0.04228259,0.51054037,0.028647704
10230,-6.866535,-0.010012013,-1.4825962,-0.5905476,0.0007954333,0.22352906,-0.4915894,-0.30772188,-0.030872015,0.6505582,0.2720779
10231,-4.095326,-0.045395445,-0.6864649,-0.43824175,-0.3214341,0.09931631,-0.011390469,-0.2378257,-0.07379723,0.4176468,0.45568326
10232,-8.372445,-0.248325,-1.7969016,-1.2686174,-0.0671459,-0.028749075,-0.29470953,-0.8511983,0.35254213,0.7882862,0.9313065
10233,-5.1978855,-0.12431872,-1.0214932,-0.48710966,-0.08933121,-0.026073419,0.237276,-0.11620743,-0.0035543386,0.4594917,0.29425967
10234,-6.226023,-0.1292888,-1.099613,-0.82829726,-0.18235964,-0.119733274,-0.037950505,0.1005953,0.14294878,0.759648,0.40559387
10235,-4.491156,-0.14807606,-1.1727477,-0.3584449,-0.07757413,0.10077709,0.30418268,-0.10605284,-0.18058008,0.21981941,0.5225122
10236,-5.0932765,-0.16363116,-1.2930635,-0.7567433,0.06790631,0.17874414,0.08793754,-0.19326647,0.034431294,0.25952885,-0.07114879
10237,-6.6077633,-0.33170408,-1.1271765,-0.67370623,0.3107123,-0.12992321,-0.20567861,-0.03748902,0.002732166,0.49508467,-0.006114471
10238,-4.3570046,-0.06684415,-1.1904403,-0.37586135,-0.026519326,0.06078696,-0.020325165,-0.1790139,-0.1503767,0.19647165,0.045478247
10239,-4.122811,-0.19950251,-0.91305166,-0.45903713,0.16762525,-0.20571323,0.085464545,0.003599042,0.10987945,0.06907224,0.3877142
10240,-5.6459002,-0.41684178,-1.0813642,-0.5496941,-0.15328819,-0.099731065,0.040330764,-0.4617846,-0.04917059,0.1293003,0.6478719
10241,-4.843552,-0.015336507,-0.9458931,-0.5663313,0.09296671,-0.062010475,-0.31579062,-0.2522064,0.0977937,0.255785,0.2619517
10242,-4.7493906,-0.15591748,-0.8744905,-0.6458745,-0.20526406,-0.12813155,-0.089260936,-0.115834855,-0.14575322,0.2171628,0.4177568
10243,-5.2814984,0.044050805,-1.0947946,-0.6224476,-0.12754907,-0.23100005,-0.040475808,0.12378724,-0.31162047,0.28917134,0.3265353
10244,-6.0562224,-0.17445667,-1.385433,-0.7496388,-0.38157654,0.04874776,-0.07112106,-0.01520733,-0.081413165,0.43926996,0.2324418
10245,-5.088383,-0.2897817,-0.93014985,-0.7340933,-0.52878165,-0.3004231,0.08075748,0.057035804,-0.10610601,0.41711,0.54101914
10246,-5.2442527,-0.11335222,-1.3975555,-0.38771942,0.10011022,-0.011459049,0.2986279,0.2884514,-0.2178492,0.31842282,0.47192764
10247,-5.0454316,0.14785175,-0.9947579,-0.57267725,-0.46345642,0.1464927,-0.058972664,-0.23526901,-0.1602664,0.39858654,0.0712332
10248,-6.3009577,0.2172043,-1.181546,-0.68832606,-0.03242696,-0.08716145,-0.06939318,-0.67851955,-0.10167223,0.2551863,0.42046213
10249,-6.2895966,-0.0024572955,-1.4764041,-0.6562183,0.14225636,0.10211052,-0.09115427,-0.24148768,-0.07196725,0.19255303,0.15313713
10250,-6.038855,-0.19464073,-1.2346666,-0.2716089,-0.14288774,0.24279515,0.009244449,-0.6672633,0.07365263,0.40446356,0.56437266
10251,-6.1756635,-0.4420001,-1.418385,-0.37213376,0.2769636,-0.020582428,-0.3259931,-0.39598045,0.06923406,0.3464976,0.17516102
10252,-5.890023,-0.05058554,-1.1841838,-0.62535155,0.13903697,-0.055883728,-0.20204619,-0.27414605,-0.08430628,0.5207757,0.19522367
10253,-5.1640735,-0.3022196,-1.1138449,-0.54037976,-0.027789434,0.060778692,0.037630554,-0.2902988,-0.15540558,0.323319,0.021701433
10254,-4.6839623,-0.07557042,-0.6804669,-0.60145444,-0.3931738,-0.26611328,0.021329466,0.046956196,-0.08501218,0.3724223,0.36294538
10255,-5.4549627,-0.09226722,-1.2689571,-0.25380868,-0.34329614,-0.10571793,-0.07185607,-0.3765879,-0.37733704,0.3735373,0.16836236
10256,-6.170248,-0.5190019,-1.1798252,-0.597982,-0.2110764,0.023624863,0.06920427,-0.01402965,-0.062709995,0.43078,0.72092575
10257,-5.6096535,-0.18413693,-1.0138243,-0.65161145,-0.08750993,0.20476465,-0.069257006,-0.39519742,0.12635924,0.5651521,0.0049124425
10258,-4.29162,-0.06367612,-0.7401255,-0.5006848,-0.08925946,-0.2738111,-0.17712328,-0.17617744,-0.0684503,0.28446928,0.4562462
10259,-4.105679,0.009583755,-0.9175677,-0.64892036,-0.28791058,0.13265826,-0.07712005,-0.22421333,-0.046016835,0.4150906,0.32601944
10260,-4.2798257,-0.22805679,-0.39159456,-0.5450237,-0.16318996,-0.39490747,0.14770547,0.18010505,-0.20831136,0.287223,0.43423694
10261,-5.8420053,-0.36836812,-0.9547223,-0.38712686,0.055858523,-0.1585643,-0.20912845,-0.21004754,-0.053123705,0.66010106,0.20990403
10262,-6.905314,-0.045014452,-1.1839725,-0.8767328,0.32210934,-0.26815295,0.029006623,-0.15188274,-0.06647987,0.5108701,0.39255673
10263,-6.2009754,-0.08389228,-1.4964051,-1.2412131,-0.18237115,0.6884691,-0.09454364,-0.7163571,0.5665743,0.76389706,0.7299727
10264,-7.3634787,-0.36005297,-1.7174009,-0.7372524,0.016606307,-0.027041022,0.13016124,-0.18260276,-0.1965678,0.41990668,0.5772906
10265,-3.508665,-0.09398166,-0.7632562,-0.426392,0.16114521,-0.17870475,-0.13810626,0.036457017,-0.024222644,0.15394579,0.14112104
10266,-5.7446146,0.29487318,-1.5237863,-0.4426712,0.18025236,-0.07383885,-0.18342644,0.03654314,0.1015948,0.38221827,-0.14668456
10267,-6.7826257,-0.22333646,-1.8088052,-0.85482323,-0.7005774,0.058082435,-0.016021155,0.1726134,0.1934155,0.71853226,0.46327698
10268,-7.0989647,-0.51615316,-1.0860133,-1.203957,0.32286438,-0.08807015,-0.18484594,-0.85064095,0.18130472,0.45329785,0.34704468
10269,-5.6364126,-0.0046371687,-1.1171285,-0.63727933,-0.15454677,-0.2706172,-0.065913565,0.24228713,-0.16296121,0.4992101,0.2754067
10270,-4.748204,-0.07645847,-0.72800344,-0.35317507,-0.4804763,-0.08356229,0.45441508,-0.45253667,-0.16990887,0.27018592,0.30467552
10271,-4.52573,-0.08367064,-0.93650687,-0.5969595,-0.07149239,0.16319655,0.21446481,-0.052507512,-0.13281138,0.28001425,0.43221724
10272,-5.496432,-0.22419342,-0.97108376,-0.5547308,-0.33199137,-0.21196477,0.05375059,0.09319332,0.1866724,0.4299602,0.6447232
10273,-5.700594,-0.105582684,-1.0776933,-0.9046672,-0.17729595,-0.053861227,0.04166333,-0.21494494,0.028885068,0.24799858,0.48649666
10274,-5.61227,0.0010101134,-1.015164,-0.5530879,0.07733488,-0.07699629,-0.14614902,0.20718843,-0.09916384,0.7493142,0.29244012
10275,-4.5804873,0.16038373,-0.79631454,-0.5682213,-0.27200532,-0.11194746,-0.2941715,-0.10511233,-0.16171728,0.43014622,0.18368116
10276,-5.5681295,0.051803228,-1.4084631,-0.51414734,-0.44021693,0.23189478,0.08983618,-0.40163362,0.01548795,0.28736636,0.36730602
10277,-7.3122334,0.20170356,-1.0500342,-0.940611,-0.27195343,-0.08506689,0.27126512,-0.27353653,-0.106336705,0.33810556,0.47431803
10278,-5.590976,-0.21223,-0.99355656,-0.69842166,-0.007532338,-0.11124146,-0.28567243,0.02742819,-0.137923,0.5953676,0.20701496
10279,-6.4638004,-0.45678273,-0.80720997,-0.76050794,-0.35625026,-0.285528,-0.052758396,-0.28034675,-0.230539,0.3880888,0.8569836
10280,-4.537285,-0.18047099,-0.83886594,-0.6675166,-0.056832038,-0.100463435,-0.08114875,-0.10617434,0.06554695,0.34135666,0.34716424
10281,-5.97669,0.007176947,-1.2296293,-0.6439451,-0.21775416,-0.025043026,-0.032806415,-0.17042238,0.01351532,0.23432812,0.429367
10282,-5.4076934,-0.34580845,-0.84699696,-0.3205,-0.119747885,-0.16461074,0.15778658,-0.30737925,-0.37022504,0.53215325,0.19302808
10283,-5.432803,0.118478,-1.3767004,-0.3842709,0.08847612,-0.21072665,0.15596628,0.03429793,-0.061146043,0.47826487,0.01156624
10284,-6.4875245,0.037936073,-1.0234423,-0.42712918,0.0020493441,-0.016280442,-0.051691603,0.10049402,-0.20636187,0.34146616,0.49258658
10285,-4.495505,-0.2037487,-0.73398334,-0.50414455,0.116829775,0.11688931,-0.012010916,-0.04022754,-0.07089794,0.1770109,0.07040232
10286,-4.851672,-0.040950846,-1.102997,-0.60001665,-0.04988373,-0.348615,0.020463735,0.050679125,-0.074517705,0.45209238,0.18490152
10287,-3.6958873,-0.19239941,-0.8124533,-0.40351972,-0.26243544,-0.11291519,-0.03825728,-0.3034963,-0.01829763,0.3029624,0.5455163
10288,-5.047355,-0.21531826,-0.9771193,-0.38234755,-0.34578377,0.23589453,0.20180371,-0.3451841,-0.16067147,0.123151205,0.47305775
10289,-5.2027287,-0.34182036,-0.82448524,-0.38248453,-0.19533825,0.30521107,-0.07339831,-0.51547635,-0.3240627,0.19712725,0.10057839
10290,-3.5991292,0.08533572,-0.8555165,-0.4344755,-0.005924978,0.037243422,0.051219005,-0.35854414,-0.06954453,0.20340446,0.07561303
10291,-5.1119485,-0.015137651,-0.8034985,-0.45335644,-0.11488842,-0.1371735,-0.08164049,-0.4606591,-0.055344306,0.48461983,0.16097303
10292,-5.879737,-0.23192942,-1.238646,-0.7195224,-0.2898221,0.61310047,-0.18156685,-0.8515242,0.29040113,0.46353412,0.38219485
10293,-3.7518115,0.027912017,-0.742418,-0.085903846,0.44724542,-0.091252275,-0.13757806,-0.038777433,0.0034885546,0.23179084,0.057782017
10294,-6.3805857,0.0074959695,-0.7809985,-0.82965034,-0.090039805,-0.22740103,0.18880779,-0.4770129,0.066508174,0.012865795,0.30101073
10295,-5.5927777,-0.42378998,-0.93428165,-0.63098073,0.21436925,-0.101675816,-0.5158131,-0.2269164,0.27220118,0.5536272,0.09368366
10296,-5.0921807,-0.21952212,-1.1718934,-0.54388344,0.05963262,0.24183816,0.17472592,0.062989205,0.028974682,0.29589078,0.3546229
10297,-6.3586135,-0.49334857,-1.3865858,-0.8361063,-0.010724833,0.4818756,-0.08734244,-0.16921084,0.07546294,0.4634935,0.2983246
10298,-7.192349,0.0011220528,-1.1715652,-0.5107995,-0.35010362,0.11111338,0.4529584,0.13758586,-0.31583166,0.07189602,0.6008271
10299,-5.2112074,-0.106461145,-0.8023715,-0.7897566,-0.424272,0.017011173,0.08122634,-0.22713126,0.019046206,0.43392697,0.53900534
10300,-6.9670033,-0.05818094,-1.7170726,-0.67937344,0.19356374,0.06514676,0.12866423,0.035764653,-0.079825416,0.42576542,0.27228066
10301,-6.8044987,-0.4080771,-1.5092484,-0.4894574,0.64189965,0.07643362,-0.48187274,0.020116175,-0.0015047323,0.22443455,0.20139088
10302,-4.8962836,-0.009043236,-1.3550158,-0.4509414,0.02653577,-0.12660395,-0.25478324,0.12643953,-0.1764318,0.2952024,0.10728581
10303,-5.9387646,-0.053912487,-1.0727817,-0.7907781,0.122246474,0.010346085,-0.025175165,0.25581428,-0.08545318,0.6313414,0.21678062
10304,-6.3014274,0.193755,-1.4791881,-0.39820376,0.38869736,-0.30501205,-0.31272474,0.14281501,-0.11186536,0.5399188,-0.020188209
10305,-6.63424,-0.12890002,-1.3212881,-0.72223675,0.3842201,0.45886463,-0.42173722,-0.6292171,0.26276886,0.5066828,0.070708506
10306,-5.504327,0.18875688,-0.80377734,-0.4580834,0.25885996,-0.23287784,-0.001222563,-0.23834983,-0.12192559,0.30890054,0.28653857
10307,-4.7801905,0.028601784,-1.0713676,-0.5255392,0.24410295,0.22069697,-0.1892562,-0.6322663,0.15572013,0.098252304,0.42107835
10308,-5.1377587,0.06645164,-0.8619542,-0.345073,-0.2814906,-0.11970338,0.4558137,0.030877339,-0.2532316,0.3025751,0.34743875
10309,-5.766261,-0.3591489,-1.1562836,-0.5373704,-0.38626263,0.061389767,-0.24104093,-0.39834285,-0.16445051,0.5106902,0.54632825
10310,-3.8427143,-0.09264141,-1.09019,-0.75067466,-0.12348103,0.24814004,0.0020317426,-0.2223089,0.085051544,0.5830437,0.24246833
10311,-6.552744,-0.18762903,-1.1191095,-0.6706982,-0.10131121,-0.5779326,0.09440456,-0.12793066,-0.2261262,0.18768558,0.22041976
10312,-6.679358,-0.30920717,-1.0784428,-0.5583894,-0.20299527,0.289303,-0.34815544,-0.42002738,-0.17360684,0.42390665,0.4120506
10313,-4.9020495,-0.12343156,-0.85250545,-0.47674745,0.010685941,0.07633257,0.0517499,-0.41726586,-0.14699218,0.17333905,0.3044738
10314,-5.196261,0.116255365,-0.90723014,-0.45183322,-0.11666183,-0.2680003,0.10816463,-0.7142554,-0.048950367,0.25111514,0.29730222
10315,-5.0174885,-0.015016456,-1.0431268,-0.77446085,-0.3361447,-0.03662046,0.074336246,-0.05866664,0.05568245,0.66341835,0.09343921
10316,-6.51447,-0.2399638,-1.3459369,-0.37327075,0.43458173,-0.013546243,-0.379065,-0.25093037,0.050501294,0.2960583,0.095744535
10317,-4.6599092,-0.02132506,-0.9147376,-0.8231335,-0.012900414,-0.33983612,-0.20752,-0.0750911,0.2112223,0.23439638,0.092144236
10318,-7.527711,0.027866818,-1.4739027,-0.94002473,-0.16289033,0.28519613,0.03150357,-0.5592057,0.11093956,0.7256876,0.14318897
10319,-6.6476426,-0.23705277,-1.1630006,-0.7903852,0.04673778,0.2433127,0.12797926,-0.2148182,0.10032092,0.042671688,0.24919766
10320,-6.5015078,-0.30037063,-1.3526293,-0.66073936,-0.019730678,-0.31862748,-0.13371792,-0.28378338,0.36519527,0.50021625,0.39975238
10321,-4.114641,0.13431816,-0.997523,-0.25402728,0.13302709,0.14948463,0.12154735,-0.17841037,-0.22961974,0.059877224,0.4362027
10322,-6.7400637,-0.22584942,-0.9303049,-0.49977064,-0.54116595,-0.07775497,0.24509144,-0.23780598,-0.046173126,0.46611887,0.5396537
10323,-5.9462557,0.0072260844,-1.1330938,-0.8755418,-0.5229176,0.098862715,0.37878275,-0.050356127,-0.08639925,0.44078863,0.6526828
10324,-6.6315794,-0.3395169,-1.2737164,-0.87945265,0.007884362,-0.104295455,0.07690062,-0.54140764,-0.044611752,0.450397,-0.01798056
10325,-5.0122333,-0.21282978,-1.1804403,-0.435713,0.17060387,-0.08316994,-0.14018783,-0.15982334,-0.1730392,0.3818716,0.14115074
10326,-6.0347586,-0.09585681,-1.4081991,-0.41508338,0.5232754,0.21201767,-0.043497626,-0.10810597,0.08918109,0.19424951,0.44860405
10327,-6.067695,-0.2813709,-1.338326,-0.9122565,0.08743902,-0.006860908,-0.06560386,-0.31640214,0.17247808,1.0160183,-0.17469865
10328,-5.6682653,-0.041302335,-1.1354438,-0.41028342,-0.28532806,-0.28215957,0.07152932,0.26248488,0.20637393,0.5965751,0.17546432
10329,-4.8076606,-0.40677586,-0.81393623,-0.7918095,-0.3884627,0.14973764,-0.11000934,-0.34957108,0.18227705,0.6404103,0.40903667
10330,-4.9428463,-0.09763423,-0.6602185,-0.38456154,-0.25819376,0.12887627,0.03395228,-0.21892415,-0.13947462,0.38649002,0.37677273
10331,-4.7623625,0.01382109,-1.2279395,-0.4723039,0.18413515,0.048136856,-0.27017236,-0.1842263,-0.04448378,0.3165489,0.17624597
10332,-6.702521,-0.19425075,-1.562729,-0.40083525,-0.08984038,-0.16720748,0.2486144,0.37081,-0.18044749,0.11735822,0.4585698
10333,-6.7881184,-0.05706181,-1.4722958,-0.6553179,0.12375648,0.33871704,-0.3381834,-0.45476362,-0.08142926,0.21172893,0.12018419
10334,-4.6114383,-0.25681385,-0.9093472,-0.23279187,0.051063206,0.014003668,-0.25675306,-0.17751852,-0.047710724,0.28366363,0.1247375
10335,-4.22411,-0.16140582,-0.55058384,-0.33785373,-0.19459152,-0.07995169,0.1098423,-0.30046386,-0.12968166,0.07132315,0.19843963
10336,-4.851557,-0.07202724,-1.053854,-0.50087994,-0.17728874,-0.17535867,0.10406073,-0.24488568,-0.13343391,0.32359508,0.406885
10337,-4.467697,-0.30763343,-1.1154215,-0.584672,0.14173175,0.006081453,-0.08673587,-0.13494699,0.24824546,0.43985578,0.12764628
10338,-6.231139,-0.2903395,-1.7397742,-1.2486299,0.42177138,0.011313591,-0.46453285,-0.3009658,0.56123555,0.7811698,-0.031241242
10339,-5.060927,-0.1341194,-0.8270971,-0.4444273,-0.15243748,-0.15493004,0.008055725,-0.12936021,-0.34208944,0.484134,0.31047657
10340,-5.0773244,-0.0075353933,-1.0564864,-0.49280548,0.05815154,0.119302906,0.04371547,-0.16522604,-0.23384205,0.23114423,0.42963558
10341,-5.716721,0.05106047,-1.4090149,-0.6510046,-0.117011495,0.07156072,-0.017291147,-0.016632695,-0.061276108,0.32284638,0.6055614
10342,-4.878604,-0.32689193,-0.91042453,-0.84745926,-0.25393504,-0.13490538,0.04558978,-0.48328835,0.1402186,0.3115665,0.27369192
10343,-6.6006846,-0.10820899,-1.1382973,-0.49217492,-0.29491538,-0.14873236,-0.05831836,0.025797032,0.0871561,0.7477796,0.35488287
10344,-5.116173,-0.3404748,-0.9958871,-0.58448863,-0.20920837,-0.039048977,0.105831854,-0.09312834,-0.10135468,0.5578727,0.54336965
10345,-4.9487414,-0.08277235,-0.7453234,-0.5644982,-0.18916,0.19315761,0.08322834,-0.42922148,-0.09684922,0.45851704,0.50682116
10346,-4.438682,-0.04148712,-0.7251409,-0.5501623,-0.19336511,-0.1977039,0.025679626,-0.4112355,-0.24593668,0.3137887,0.3119635
10347,-5.0614114,-0.08192647,-1.1316087,-0.6581083,-0.07798056,-0.2608294,-0.09833351,-0.10392116,-0.009167893,0.45017028,0.12466636
10348,-4.739595,-0.1696379,-0.95460975,-0.665567,-0.053007618,0.117339335,0.06536383,-0.23608676,0.007936933,0.51198995,0.3052467
10349,-5.079609,0.20274876,-1.1548904,-0.49545062,0.21191618,-0.12402326,-0.15214278,0.047862217,-0.06372575,0.09320692,0.050024956
10350,-5.7362885,-0.12923053,-1.1988939,-0.8613254,-0.13821575,0.10585433,-0.47738186,0.20594388,0.0882731,0.58466893,0.4026505
10351,-6.466641,0.06435674,-1.560219,-0.39626196,0.30255753,0.17923503,-0.23397642,-0.122977085,-0.08102994,0.08048402,0.13289769
10352,-5.456236,-0.018093977,-0.87563616,-0.17688945,0.35570204,-0.025878217,0.112914406,-0.30574247,-0.11253351,0.07432168,0.276635
10353,-4.4710116,-0.27064946,-0.9067078,-0.4599959,-0.1394328,0.054827902,0.015890464,-0.39359018,0.14642525,0.3136041,0.44343466
10354,-6.241742,-0.24366207,-1.0376062,-0.6150773,0.18134342,0.06603423,-0.05401513,-0.6970766,0.2225423,0.6577855,0.31722078
10355,-4.3460164,-0.09218694,-0.7293717,-0.52046156,-0.4615475,-0.019539231,0.25296363,-0.322986,-0.1141129,0.6486707,0.3007096
10356,-7.653177,0.088673234,-2.0176055,-0.63828605,-0.16901144,0.119110055,-0.1862628,-0.48692426,-0.58099455,0.58496517,0.4102318
10357,-5.055966,-0.011643865,-1.0112028,-0.3983579,0.25317106,-0.3745612,-0.41538656,-0.44352227,-0.17863938,0.33416575,-0.026653018
10358,-5.080418,-0.09986984,-0.8777543,-0.5955116,0.04864608,-0.071307756,-0.32249027,-0.14414759,0.16583991,0.9289532,-0.01682077
10359,-6.0005727,-0.2578376,-1.0604421,-0.5070398,-0.33309025,-0.28391695,-0.1458841,0.12108538,-0.29670417,0.6739872,0.3828717
10360,-5.6228247,-0.1804811,-1.0447693,-0.6472887,0.057180524,0.12544367,0.08081935,-0.4360874,0.047564365,0.7166425,0.50881135
10361,-6.0796123,-0.19393714,-1.6260021,-0.801985,-0.13177767,0.5068131,-0.27229697,-0.81708324,0.014234538,0.34497595,0.3303132
10362,-6.030016,-0.65618676,-1.4905367,-0.790266,-0.16850536,-0.24879293,0.04902431,-0.3177594,-0.04322108,0.34954485,0.35661373
10363,-5.057636,-0.015847981,-1.043149,-0.35009336,0.041841637,-0.07883339,-0.04987791,-0.28874153,-0.047756314,0.22641943,0.12645175
10364,-5.0979304,-0.15265031,-1.0001097,-0.6050476,-0.5635365,0.38571584,0.11517967,-0.8910814,0.058597974,0.44982198,0.39867604
10365,-5.1473002,-0.1116282,-1.2181135,-0.628328,-0.018032955,-0.19315857,-0.0689074,-0.048834875,0.03982211,0.3878417,0.38087723
10366,-4.9939075,-0.014331331,-0.70052546,-0.13111703,0.42183405,0.016210077,-0.30209666,-0.013786245,-0.29004556,0.41739458,0.045347564
10367,-5.542943,-0.17318556,-1.1006677,-0.754052,-0.023551043,-0.009687914,0.066461325,-0.31953987,0.30241916,1.055773,0.17907985
10368,-6.3405232,-0.3646532,-1.2691092,-0.71421045,-0.4423905,0.40370148,0.17339136,-0.28076088,0.114515625,0.6082136,0.5113418
10369,-6.2423162,-0.44305095,-1.495729,-1.0542353,-0.7489574,0.09809098,-0.018556345,-0.22007212,0.19227087,0.7859716,0.7112153
10370,-4.9250245,-0.1548991,-0.7533608,-0.18072702,-0.2473208,0.0025667273,0.36073714,-0.14845818,-0.4091047,0.3138805,0.28207907
10371,-7.590417,-0.04746604,-1.128813,-0.8423482,-0.24840114,-0.25660312,-0.05911681,0.086086236,-0.45419934,0.75797904,0.45298156
10372,-6.230166,-0.25437665,-1.4446106,-0.6106886,-0.41985747,0.17662512,0.09910224,-0.14592135,-0.13330619,0.57535565,0.58083767
10373,-5.058053,-0.1435098,-0.8403343,-0.62729055,-0.54956293,0.3744111,-0.024956103,-0.12971218,0.065154254,0.6419893,0.35791677
10374,-4.416011,-0.0141664175,-0.906897,-0.40117767,0.10606176,0.0577086,0.22268116,-0.2509815,0.069212206,0.36850286,0.22384627
10375,-5.051311,0.021561801,-0.5935086,-0.51530683,-0.21784104,-0.19634834,-0.063267425,-0.0807231,-0.3487065,0.14322628,0.183631
10376,-3.3436174,-0.2362763,-0.81179744,-0.15286231,0.069977164,-0.02360078,0.04648437,0.07561017,-0.08677845,0.1310618,0.06313508
10377,-4.768411,-0.14267625,-1.0400447,-0.54120076,0.12327874,0.056866065,0.1091163,0.13590749,0.010497112,0.29872662,0.51381665
10378,-4.837908,-0.09246407,-0.69562787,-0.3983019,-0.2831772,0.12901124,0.07510729,-0.17180645,-0.17165306,0.16713272,0.4831877
10379,-7.7565293,-0.4623955,-1.5800763,-0.682541,0.03492965,-0.11282296,-0.21056461,-0.21709384,0.15513271,0.55557877,0.48369658
10380,-6.75009,-0.18240951,-1.3789148,-0.7416637,0.05439457,-0.13197145,0.12864257,-0.19108945,-0.31634453,0.73589444,0.32177454
10381,-6.1612544,-0.17436698,-1.12963,-0.5557476,0.03516033,0.5610088,0.048741706,-0.10149901,0.1797574,0.93188554,0.21484384
10382,-4.5016694,0.26676598,-1.1089113,-0.33386093,0.01660867,0.29007047,0.19173689,-0.23105726,-0.063689955,-0.002010188,0.47292
10383,-4.6999636,-0.079221316,-0.6663458,-0.8035113,-0.27437922,-0.15186433,0.04367867,-0.17902318,0.06899298,0.17376003,0.06730384
10384,-5.86439,-0.28184804,-1.2461244,-0.14986166,0.22610524,0.045072988,-0.04014968,-0.06664899,-0.3072094,0.3579866,-0.02485814
10385,-5.294546,-0.17725068,-0.984574,-0.60260975,-0.32484537,-0.1311166,-0.13487123,-0.2771468,0.224716,0.6529011,0.1831477
10386,-5.587353,-0.21338786,-1.2182324,-0.3408515,-0.29620153,-0.0331554,-0.015927128,-0.111467354,-0.1581261,0.1008221,0.23776919
10387,-5.297375,-0.1808295,-0.7820816,-0.6620888,-0.0022680159,0.04581211,0.06358386,-0.34719783,0.09465352,0.32984862,0.15192641
10388,-4.7689695,-0.03181261,-0.9141608,-0.33806744,-0.0061991834,0.34590334,-8.137897e-06,-0.087764464,0.076855354,0.031079065,0.19143406
10389,-6.160288,-0.1699333,-0.9173098,-0.7242852,-0.7382525,0.025439952,0.12830435,-0.57277846,0.09831051,0.28351083,0.5852022
10390,-5.6478724,-0.13079466,-1.1480509,-0.6018021,-0.3625035,0.3172071,0.04053864,-0.010373814,-0.16552107,0.5399045,0.20804623
10391,-6.872718,-0.21242245,-1.1284896,-0.8628769,-0.25022265,0.10454185,0.16177846,-0.0420454,0.0060185604,0.87477666,0.5361773
10392,-5.238219,-0.08400463,-1.0471414,-0.5507944,-0.5765357,-0.09274672,0.017488321,-0.11922508,0.009269444,0.5781099,0.13216846
10393,-5.7818766,-0.18226218,-0.834303,-0.69576776,-0.49460828,0.260114,0.20061582,-0.26269773,0.12296802,0.5357625,0.5375769
10394,-5.5282397,-0.15041292,-1.0677786,-0.62519836,-0.22952843,0.29852587,-0.24406199,-0.25837862,0.10108917,0.48089123,0.08349899
10395,-5.0646396,0.042120393,-0.91234756,-0.30550513,-0.08355593,-0.062841415,-0.13407838,-0.20790626,-0.26141843,0.3956347,0.12661484
10396,-5.4676485,-0.28158477,-0.96338946,-0.46895468,-0.37130332,0.015735699,0.09578747,0.118267305,-0.050406225,0.697494,0.32746026
10397,-5.6605926,-0.023108598,-0.9552321,-0.5957434,0.31542936,-0.36797225,-0.025159054,0.021388512,-0.1714895,0.26403257,0.28527644
10398,-6.1990266,-0.060955394,-1.1915253,-0.5005541,-0.37669608,0.03656797,-0.003162329,-0.38183406,-0.25570476,0.33285344,0.26587713
10399,-5.06897,0.010089819,-0.8140672,-0.51950514,-0.08369587,-0.24915265,-0.058369048,-0.48124877,-0.06497393,0.1329443,0.43258667
10400,-4.7687435,-0.4015007,-0.91210926,-0.7544245,-0.3787746,-0.0059113046,-0.14822878,-0.3435826,0.13131033,0.5322381,0.48626083
10401,-5.8155904,0.026047342,-1.2520407,-0.8754659,-0.045076177,-0.2638349,-0.030333772,-0.02443272,0.105869256,0.2804114,0.45158368
10402,-5.1841445,-0.11043384,-1.0722046,-0.24527851,0.34162006,0.17833178,-0.24553894,-0.22970906,-0.0017879028,0.2900935,0.21156602
10403,-5.911348,-0.094763815,-1.2018244,-0.6737055,0.18395783,-0.3666891,-0.34903026,-0.19461484,-0.32879457,0.65288913,0.13932462
10404,-5.6854825,-0.061416756,-1.0605413,-0.84397393,0.06404909,-0.023975201,0.19261925,-0.6881386,0.12732436,0.26714256,0.2814227
10405,-5.0172987,0.058410414,-0.9246851,-0.70725447,-0.15976068,-0.19684966,0.018971216,-0.42514944,0.03488772,0.27769884,0.1600564
10406,-4.5285864,-0.20030408,-0.976557,-0.48809683,0.33797377,-0.016067663,-0.029941496,-0.102846734,0.10020853,0.5393202,0.016315006
10407,-5.3949842,0.03997709,-0.9448609,-0.64380115,-0.47894076,0.012643508,-0.12338684,-0.31142417,0.063744605,0.53379244,0.2355209
10408,-4.6878934,-0.08097934,-0.7760456,-0.62277097,-0.15053578,-0.25425857,-0.11356704,-0.11185646,0.062574364,0.46746883,-0.027349722
10409,-4.8598504,-0.036387596,-1.0496918,-0.4046609,-0.12355452,0.30724216,0.102771245,-0.204119,-0.12011592,0.49614766,0.37957945
10410,-7.542346,0.16236143,-1.4977949,-0.0935676,0.2543699,0.05736166,-0.30142626,-0.049726576,-0.1436558,0.10588975,0.39867124
10411,-5.5442376,-0.13573799,-1.198635,-0.6116063,0.019743541,-0.12237598,-0.10014301,0.08563045,0.28697196,0.83699363,0.15982237
10412,-5.232194,-0.08585336,-0.9803284,-0.45707995,0.20128918,-0.10078404,0.031674728,0.012008598,-0.08978874,0.4712673,0.050377198
10413,-5.5008297,-0.09821103,-1.2013971,-0.4222718,0.17126407,-0.05660753,-0.066086255,-0.023843134,0.16281986,0.5844551,-0.11456711
10414,-6.40916,-0.07048807,-1.022647,-0.91757536,-0.6518795,0.17062715,0.11983296,-0.3295067,0.44541335,0.69585794,0.50411963
10415,-5.128281,-0.30293775,-0.9464647,-0.58229375,0.18205513,0.24775979,-0.19801402,-0.018484302,0.24242878,0.41661006,0.045136075
10416,-5.7499666,-0.097616576,-0.78499246,-0.5282165,-0.28651193,0.25129932,-0.1377154,-0.33121124,-0.13127998,0.29018843,0.1529465
10417,-9.005099,0.10588641,-1.5588208,-1.0940822,-0.49304202,-0.15607114,-0.027854532,-0.28388357,-0.058610864,0.4902656,0.71360016
10418,-5.4018416,-0.11884332,-1.1160583,-0.9826223,-0.22463784,-0.19586961,-0.19971213,-0.39938086,0.14838926,0.52583957,0.32595083
10419,-4.073843,0.005720824,-1.0390618,-0.6576385,0.0220564,-0.102480225,0.10600828,0.037410565,0.08240136,0.2088532,0.27513862
10420,-7.2318964,-0.12596923,-0.9985537,-1.0300771,-0.5352291,-0.2404029,0.5688571,-0.29911268,-0.09774549,0.4771855,0.67492723
10421,-4.9674706,-0.04548749,-0.70271635,-0.7148873,-0.32126343,-0.033642117,-0.12161786,-0.48471537,0.3478104,0.5226471,0.5834722
10422,-6.2130365,-0.1353395,-1.4680324,-0.48947513,0.34555057,0.2728358,-0.290808,-0.045799077,0.02576149,0.7716147,0.3076525
10423,-6.155263,-0.16165821,-1.4486648,-0.7279983,-0.22863182,0.11208451,-0.114257306,-0.4615872,0.31779894,0.7239422,-0.087191135
10424,-5.6514406,0.07879142,-1.0131257,-0.8333171,-0.12194785,0.14720571,-0.17357352,-0.86088896,0.0045012655,0.42718983,0.20867041
10425,-6.787282,-0.20987363,-1.3537096,-0.84013104,0.42483062,-0.28489465,-0.31648836,0.17707416,0.0612093,0.39891776,0.034459513
10426,-5.4080095,0.04171946,-0.7932808,-0.8199864,-0.02636115,-0.13775316,-0.22098054,-0.06267262,-0.04240761,0.8408721,-0.021594565
10427,-5.3277545,-0.1664964,-0.9259843,-0.53103924,0.10424037,-0.3323881,-0.055220872,0.05056496,-0.13125165,0.41827485,0.024674896
10428,-5.9351916,-0.15030816,-1.7352035,-0.63569915,0.051345818,0.25428367,-0.19228067,0.0035664379,0.2028453,0.7570592,0.33358657
10429,-6.386485,-0.25545803,-1.157802,-0.5233379,0.036567383,0.07505362,-0.22087818,-0.4675486,0.04766129,0.26199952,0.20723721
10430,-5.30475,-0.24126877,-0.6914762,-0.6214343,-0.12330953,0.05710368,-0.13524863,-0.20706412,0.0109687345,0.07510602,0.12339336
10431,-5.501189,-0.46088818,-1.0121648,-0.63905483,-0.3859941,-0.27393353,0.13831964,-0.080304675,-0.031385936,0.37232798,0.47239506
10432,-6.091781,0.041269414,-0.99207723,-0.42492807,0.018397292,0.16413411,0.02230636,0.11671357,-0.40358216,0.31749955,0.44244623
10433,-6.24394,-0.042639427,-1.206728,-0.72700477,-0.109884016,0.18132341,-0.11695083,-0.19155672,-0.20478942,0.7028308,0.023406839
10434,-6.126765,-0.20825149,-1.3887374,-0.7165677,0.16906647,-0.10610361,0.108033635,-0.2066773,-0.12208924,0.80835855,0.13391848
10435,-5.303023,-0.19748148,-0.656591,-0.6879282,-0.21851462,-0.19597624,-0.2034905,-0.1823002,-0.11517604,0.76681036,0.2462968
10436,-4.400414,-0.048222646,-0.88856936,-0.37540972,-0.11186224,-0.19312026,-0.07750516,-0.0641844,-0.24175514,0.2716408,-0.07495435
10437,-5.4920993,-0.22066443,-0.9729654,-0.7099053,-0.5458634,0.14670114,-0.0061225714,-0.41717267,-0.03880304,0.21812336,0.3176829
10438,-3.1769333,-0.12236205,-0.4457142,-0.26577127,-0.037374754,-0.011447366,0.015041973,-0.14893243,-0.18062332,0.25403556,0.27096727
10439,-5.5930758,-0.043241523,-0.8254293,-0.44628462,-0.05109138,0.028965158,0.29843146,0.51176304,-0.1817506,0.4543661,0.35301244
10440,-8.51888,0.16243109,-1.6558186,-0.6727533,-0.06541903,0.2382081,-0.20245337,-0.21697822,-0.20074947,0.12689097,0.46576837
10441,-4.132595,-0.07953855,-0.6973053,-0.5084112,0.13445418,0.01753065,-0.042298023,-0.41222373,0.015558614,0.4113259,0.08682792
10442,-4.9184976,0.028462473,-0.83186746,-0.22654538,0.010113914,-0.11601835,0.1091822,-0.026751159,-0.14093848,0.050236337,0.19562128
10443,-6.301021,0.077046745,-1.9543437,-0.34933186,-0.12655987,0.21677653,-0.07142534,0.18466061,-0.23612456,0.4397161,0.6403723
10444,-4.7286153,-0.36090958,-1.0035965,-0.60792637,0.020020496,-0.05142434,-0.29108948,0.02563173,0.23093031,0.5760792,0.07152635
10445,-5.936193,-0.19767445,-1.2096779,-1.0649686,-0.1510591,0.019518133,-0.03469633,-0.3354498,0.062480263,0.86839545,0.39217755
10446,-5.450891,-0.15409039,-1.2986009,-0.60205054,0.26820567,0.28418076,-0.17080618,-0.14080483,0.060270004,0.20647302,0.22882885
10447,-6.831285,-0.12449059,-1.2774799,-0.61981755,0.028724778,-0.21379909,-0.015142758,-0.045645334,-0.24254058,0.617523,-0.18100007
10448,-6.0653815,0.12719283,-1.3982285,-0.46047103,0.104936935,0.28050286,-0.3448132,-0.18801741,-0.051026233,0.12681186,-0.043423105
10449,-6.408104,0.10983738,-0.9395553,-0.8383898,-0.25135565,0.03493335,-0.08302781,-0.39752603,-0.16733706,0.055455208,0.3161273
10450,-4.5646887,-0.32878324,-0.86106974,-0.6525261,-0.123899005,0.25870907,-0.04296909,0.11085566,0.15941559,0.7789639,0.42249128
10451,-6.709889,-0.39078206,-1.1560316,-0.63829523,-0.14862806,-0.22805533,-0.026754871,-0.36672476,-0.16553502,0.2528941,0.65249157
10452,-4.5736575,-0.13884594,-1.0404571,-0.7093824,-0.097347744,-0.2278292,-0.09729555,-0.4296089,0.3016347,0.24661104,0.5506884
10453,-4.5475154,-0.23025252,-1.1415278,-0.5302549,-0.23206368,0.098772086,0.033335112,-0.017402675,0.01123862,0.47485206,0.32369253
10454,-4.859879,0.09341313,-1.205728,-0.476913,0.27544937,-0.2397871,-0.18197711,0.04049281,0.050864816,0.29701948,0.220182
10455,-5.599894,-0.29097,-0.9451892,-0.5440764,-0.35641778,-0.20798533,0.19355845,-0.19906141,-0.24138926,0.54873955,0.43527162
10456,-5.172059,0.051964093,-0.832119,-0.6892838,-0.35294634,0.115131654,0.042000327,0.18175507,0.17469527,0.49397495,0.59199774
10457,-6.5899653,-0.0840465,-0.91535354,-0.5699657,-0.48232985,-0.22253825,0.49247578,-0.30468175,-0.5217678,0.271917,0.33814183
10458,-6.5008373,-0.09739691,-1.0185559,-0.8639691,0.02392759,-0.11050444,0.008099081,-0.11870318,-0.04630129,0.73345864,0.3958031
10459,-5.0052953,0.056037374,-0.9257266,-0.6221547,0.2237413,-0.07844378,-0.041947372,0.113973536,0.0061575957,0.6609138,0.26919
10460,-5.0253716,-0.13123979,-1.1809398,-0.48642403,-0.16070393,0.116790466,0.24717797,0.100115135,-0.14006712,0.61719733,0.44347286
10461,-4.727965,-0.016493704,-0.89274037,-0.35343713,-0.0152780395,0.031420168,0.10775441,-0.36896423,0.053105578,0.16722953,0.18317908
10462,-3.7930496,-0.01647501,-0.9539716,-0.4017826,0.06838055,0.14560223,-0.24050836,-0.28864288,0.12244932,0.37495327,0.13779692
10463,-5.977076,-0.269583,-1.1545808,-0.6283412,-0.2693531,0.0016233488,0.33352417,0.13897362,-0.20760907,0.56672525,0.3744843
10464,-6.957069,-0.3715801,-1.4717289,-1.1550812,0.11360809,0.13149928,-0.14636922,-0.40394974,0.23415734,0.3086754,0.39551538
10465,-5.458909,-0.38235584,-0.97185826,-0.6701178,0.15947896,0.26093745,-0.15262276,-0.5333679,0.1511966,0.24880838,0.42747024
10466,-4.5920157,-0.14054738,-1.1397467,-0.6348585,-0.018655678,-0.015330512,-0.24037941,-0.29076803,0.22330305,0.5068886,0.39170852
10467,-6.0761538,-0.03173221,-1.3174212,-0.3558156,-0.07851166,0.23772666,0.23609443,-0.22168417,0.005796168,0.32345822,0.3379454
10468,-4.904769,0.06871377,-1.2166004,-0.75723046,0.035572104,0.28279585,-0.086855374,-0.24417251,0.21328357,0.45275638,0.43957978
10469,-6.8243613,-0.27267218,-0.9400884,-0.63845485,-0.20905623,-0.24429317,0.05030559,0.13212079,-0.38590285,0.43476698,0.69441825
10470,-4.6771264,-0.09411478,-1.1801292,-0.7770218,0.07593916,-0.2628913,-0.18094379,-0.025358787,0.09467726,0.27214733,-0.032352664
10471,-5.3494067,-0.08235304,-1.2318226,-0.79896086,-0.14727408,-0.12039426,0.01392891,-0.21700525,-0.1480678,0.48121586,0.30917162
10472,-7.4433246,-0.37082693,-1.4010539,-1.2039559,-0.92532736,0.15490167,0.33081636,-0.62940335,-0.09257578,0.32032108,0.9423915
10473,-4.9151306,-0.3025724,-0.72443324,-0.45478076,-0.17959929,0.3208735,-0.23226939,-0.14696263,-0.21754232,0.29418167,0.29479867
10474,-5.654147,-0.24541835,-0.86357176,-0.5641373,-0.20681885,-0.19824553,0.13017078,-0.28077778,-0.40285125,0.5537358,0.013797072
10475,-4.501971,-0.013569343,-0.62920684,-0.40050367,-0.15597597,-0.03497317,-0.15955898,0.016753444,-0.06975046,0.5895136,0.1306533
10476,-5.5691123,-0.03991294,-0.9673074,-0.8072787,-0.020566575,-0.04961928,-0.2169848,-0.29061306,0.14763962,0.6791936,0.31044617
10477,-6.092658,-0.045201693,-1.4549404,-0.7626823,0.029409328,0.54286575,0.30034915,-0.30691,0.0653162,0.17520218,0.18638736
10478,-4.920202,0.16454376,-0.91573626,-0.29219118,0.20098631,-0.16325226,-0.01735901,-0.39042705,-0.2835407,0.35608697,0.25965348
10479,-4.1597023,-0.1368706,-0.79191905,-0.42418346,-0.4655135,0.17448291,-0.054307394,-0.042873226,-0.0067823045,0.2881974,0.4169486
10480,-6.296701,-0.3417363,-1.3711625,-0.776917,0.27277523,0.18956506,0.049734257,-0.35744134,0.1849342,0.57395,0.0977845
10481,-7.153951,-0.27515084,-1.1589513,-1.0246913,0.16688721,-0.074900195,-0.8293559,-0.19026342,0.08728585,1.0475143,0.25570312
10482,-5.8471212,0.1642965,-0.83907664,-0.22936325,-0.112754054,-0.22080313,-0.3234684,-0.30419093,-0.29220808,0.17520255,0.1386585
10483,-6.8956723,-0.3712557,-1.488033,-0.78384614,0.39395413,0.0913018,-0.282546,0.11229698,-0.12901218,0.14511673,0.21782812
10484,-7.021373,-0.68676364,-1.5616491,-0.9034836,-0.46375352,0.0012519131,0.14634685,-0.27738267,0.025634099,0.26934254,0.9821037
10485,-6.590772,0.10430862,-1.4799753,-0.6368772,-0.3288416,-0.08118446,-0.42100453,0.2571604,-0.23822166,0.7490107,0.55903316
10486,-5.4142756,-0.24185877,-1.0921105,-0.5821833,-0.11716892,0.38963133,0.093850724,-0.011260552,0.21733744,0.8048194,0.2256478
10487,-6.6302605,-0.28911677,-1.373445,-0.4226794,0.06564145,0.0071775774,-0.023755398,-0.37431535,-0.13179778,0.12419034,0.81395525
10488,-4.518558,-0.04872193,-0.86249703,-0.42487863,-0.21483597,-0.07442827,-0.17227685,-0.20952699,-0.16921669,0.5744665,0.02796009
10489,-4.6362033,-0.33872682,-1.0713384,-0.5359532,-0.23755261,-0.019442478,0.024201121,-0.20987135,0.049931012,0.32319936,0.24062242
10490,-4.059088,-0.19427426,-0.8161711,-0.45450306,0.0081907725,0.029708628,-0.18306793,-0.33085185,0.16955319,0.50458384,0.09147645
10491,-7.8775654,0.07020853,-1.7552521,-0.73215836,0.1328931,0.6047362,-0.10962432,-0.24574456,0.0585384,0.52433175,0.5442782
10492,-5.7437487,-0.18978795,-1.370377,-0.60025036,-0.31896728,-0.53202564,0.0049013076,-0.2659808,0.13345264,0.53706706,0.6451171
10493,-5.67073,-0.22738111,-1.6355851,-0.79379135,-0.43636602,0.30559826,0.082834125,-0.10757283,-0.09976249,0.5837166,0.45220536
10494,-4.7454863,-0.21599054,-1.0749078,-0.5896146,-0.3801134,0.26058,0.093864456,-0.31542262,0.07902201,0.49855644,0.43436274
10495,-5.341379,-0.00489756,-1.2913586,-0.88724226,-0.18982911,0.0005863076,-0.16738032,0.025735302,0.27964628,0.47716066,0.5522746
10496,-7.165498,-0.31675336,-1.4283137,-0.44757515,0.00845211,-0.2776243,0.036235336,-0.16289164,-0.21201293,0.15364097,0.56015944
10497,-5.1149316,-0.25932857,-1.132126,-0.11645222,-0.16080621,0.022649221,0.0597445,0.17769125,-0.21699972,0.3362075,0.22140905
10498,-5.7104206,0.09062836,-1.1192188,-0.5279339,0.24892071,-0.21726461,0.010183643,-0.36807874,0.06539994,0.1530277,0.090648435
10499,-6.1161575,-0.23010021,-1.0428573,-0.7306068,-0.22426412,-0.031353384,-0.366446,-0.33452234,-0.094441466,0.20160773,0.38018128
10500,-6.0283327,-0.055826213,-1.2554102,-0.96913916,-0.11501537,-0.43249846,-0.16707267,-0.013066532,0.104682416,0.6710839,0.11364386
10501,-6.2325053,0.005384672,-1.3541937,-0.7072494,-0.62456477,0.08025112,-0.20540234,-0.34655565,-0.043464154,0.3994711,0.48391593
10502,-3.754682,-0.054148685,-0.47419068,-0.39411163,-0.34595218,0.020805217,0.12849082,-0.32514742,-0.14134239,0.30007467,0.14926009
10503,-4.0159535,-0.065503955,-0.7787363,-0.4417716,-0.27897516,0.13875644,0.11403649,-0.46444634,0.19250861,0.21100028,0.47602302
10504,-5.0642347,-0.13427354,-1.1773113,-0.86159724,-0.44757566,-0.25348586,0.14232808,-0.21145488,-0.21135037,0.43342397,0.40905842
10505,-4.9420877,-0.12946342,-1.2515342,-0.54405594,0.10837424,0.072152555,-0.19496551,-0.12348794,-0.10960458,0.46820194,0.025900528
10506,-6.4339743,-0.06880132,-1.0735705,-0.7478697,-0.3953144,-0.08681148,-0.016838398,-0.54464054,-0.090059325,0.69739026,0.42431694
10507,-5.673316,-0.2054309,-1.4111902,-0.27768636,0.3157518,0.13104342,-0.12414286,0.06596074,-0.13070273,0.39130205,0.17407732
10508,-6.35936,0.031094812,-1.1814984,-0.31743646,0.07350146,-0.12872455,0.07014645,-0.044832066,-0.053444043,0.18800725,0.013520288
10509,-5.9912596,-0.34620485,-1.0967962,-0.6365225,-0.032694485,0.058558166,-0.07534734,-0.18252604,0.1360514,0.4279644,0.42931825
10510,-3.9991636,-0.16110887,-0.79754364,-0.5843039,-0.08715677,0.12377304,-0.054161474,-0.3976583,0.040655874,0.047210008,0.12639008
10511,-6.4994345,-0.19370958,-1.3413609,-0.9708993,-0.043091513,-0.28038985,-0.35533622,-0.22033094,0.2535047,0.49619806,0.387868
10512,-7.110575,-0.057315763,-1.2427514,-0.84659725,-0.99908787,-0.009585366,0.15193394,-0.05391419,-0.10393869,0.63140327,0.6128099
10513,-4.9685087,-0.162015,-0.8477188,-0.5097454,-0.16248578,-0.18838261,-0.0683661,-0.21723749,-0.37751466,0.3287286,0.19106327
10514,-6.5448956,-0.16794902,-1.1791869,-0.6659528,0.24897017,0.36067492,-0.4094286,-0.33567005,0.016189357,0.46906376,-0.07304304
10515,-5.5033255,-0.08155072,-1.3666157,-0.4998799,0.04666785,0.080152005,0.23642607,-0.075268395,-0.3606768,0.4578485,0.055420153
10516,-4.7647057,0.016006798,-0.7300085,-0.38498393,0.26438916,0.2523927,0.02632647,-0.003410669,0.039432727,0.7139226,0.29381466
10517,-8.043985,-0.15027705,-1.4783337,-0.79313725,0.259561,-0.1773948,-0.15322001,-0.23511703,-0.071678825,0.7795205,0.48221293
10518,-5.195235,0.090616316,-1.5114996,-0.5173399,-0.18134807,-0.20708932,0.20359877,-0.1903017,-0.37039846,0.6456077,0.14462587
10519,-4.983861,0.1490914,-0.683247,-0.5305007,0.14961804,-0.3325796,-0.22454913,-0.23899315,-0.24110128,0.42186427,0.079758756
10520,-5.041387,-0.23168443,-0.5369834,-0.35005346,0.11188253,-0.14248565,-0.039399665,0.070687845,-0.07560169,0.13001035,0.33791718
10521,-6.0731144,0.060053136,-1.5340493,-0.82930803,-0.38537148,-0.33474028,-0.14612217,-0.06256736,-0.11510791,0.3244013,0.50580096
10522,-5.2624063,-0.28178975,-1.1939249,-0.6749945,0.10582863,0.007862043,-0.17129306,-0.07504109,0.016820664,0.20577416,0.47591117
10523,-6.1283746,-0.10365232,-1.2245386,-0.16497222,0.3747148,-0.017122665,-0.49768654,-0.11835637,-0.39514777,0.2853127,0.17870669
10524,-8.118186,0.049299583,-1.528395,-0.53643644,-0.013902413,0.29517573,-0.52498573,-0.34151173,-0.13436604,0.10162061,0.21508807
10525,-4.7499137,-0.07401724,-1.0896047,-0.54208577,0.063395426,0.33908206,0.09739757,-0.36269924,0.12652968,0.70493335,0.27602106
10526,-5.7111106,-0.06592025,-0.7800563,-0.4228961,-0.6261784,-0.15221195,0.091032326,-0.008656483,-0.3197078,0.49874163,0.2676823
10527,-4.8973804,-0.041272093,-1.1064751,-0.6368316,0.3345576,0.2115998,-0.24579428,-0.29069927,0.17636172,0.756794,0.06746518
10528,-6.045398,-0.11673783,-1.7517544,-0.42378083,0.30981818,0.45410746,-0.049140744,-0.24897641,0.14192778,0.4741423,0.21563083
10529,-5.6347146,-0.5425244,-1.0537165,-0.5774049,-0.51052886,0.5302596,-0.25594726,-0.49699768,-0.019134985,0.6053915,0.6515268
10530,-6.7019815,-0.24839346,-1.3761178,-0.5815831,-0.7705051,0.44319767,0.1430701,-0.3666435,-0.29495552,0.7012376,0.09728162
10531,-3.6983466,-0.048693202,-0.88526845,-0.33162355,-0.144136,-0.029370718,0.047334023,-0.1758687,-0.17376952,0.2245613,0.15221922
10532,-5.8762584,-0.14193362,-1.0038462,-0.5766392,-0.5376825,-0.18256079,0.25240603,-0.042859077,-0.040438846,0.59651375,0.30645376
10533,-5.611142,-0.04339112,-1.3467072,-0.3706668,0.07423992,0.24130836,-0.06169972,-0.09026364,0.19756855,0.61511385,0.115840234
10534,-6.310227,-0.1111019,-1.3136486,-0.62565356,0.11898659,0.052247927,-0.052384384,-0.47017732,0.16423175,0.2939761,0.017955162
10535,-4.529029,-0.19994496,-0.8098061,-0.46320522,-0.37353566,-0.18214047,0.22524406,-0.19021727,-0.25215757,0.28691554,0.50240815
10536,-5.811094,-0.27615786,-1.4257889,-0.74815893,0.21049148,-0.0250334,-0.2365252,-0.07042551,0.22797935,0.48266783,-0.050682522
10537,-4.856916,0.191299,-0.7056741,-0.3448098,-0.424983,-0.03553748,0.2954019,-0.30441663,-0.17563502,0.51580125,0.34223947
10538,-3.5420802,-0.12130441,-0.7624297,-0.46202517,-0.03166483,-0.040618073,0.23685263,-0.09145639,0.031746708,0.22916023,0.31357607
10539,-5.6040425,-0.21012902,-1.0765407,-0.9746302,-0.074667476,0.04136054,-0.22662799,-0.42461145,0.34997222,0.36898562,0.16749135
10540,-4.792084,0.12752867,-1.1695733,-0.44133556,0.13124055,0.06725067,0.17622642,0.10541478,-0.072905526,0.29834366,0.39644045
10541,-5.784985,0.19468732,-0.96479493,-0.20187561,0.17119184,0.21030863,-0.15232033,-0.4567937,-0.25243735,0.6350652,0.20751344
10542,-4.180376,-0.0826608,-0.6965784,-0.6987084,-0.14883666,0.143923,0.044167046,0.12710004,-0.041244328,0.24745193,0.3639049
10543,-5.9703526,-0.29061848,-1.3701893,-0.70427775,-0.23662055,0.4789523,-0.23529065,-0.40519133,0.35466197,0.96534294,0.44096255
10544,-4.9045563,-0.095096,-0.87163234,-0.3052408,-0.23689096,-0.12241013,0.07547804,0.2581857,-0.28977522,0.4486005,0.28832218
10545,-6.8322964,-0.089184575,-1.3842242,-0.79234356,-0.334644,0.0019610124,0.4940993,0.13125704,-0.1409127,0.20740344,1.047786
10546,-8.010002,-0.16645353,-1.426863,-0.9548608,-0.36622357,0.18416367,-0.13359489,-0.12235015,0.0741267,0.8878761,0.5025835
10547,-5.8836317,-0.14340417,-1.3869855,-0.6827285,-0.2886407,0.26214755,0.34774578,-0.29343894,-0.21148187,0.02077245,0.58471316
10548,-6.4100842,-0.040892042,-1.0840007,-0.048654813,-0.31515276,0.28553975,0.107680924,-0.121332936,-0.07075904,0.39416146,0.44442207
10549,-7.21788,-0.2541857,-1.7368493,-0.39767313,0.4177517,0.013521347,-0.15257207,0.18520714,-0.123691514,0.7449141,0.25016493
10550,-6.7634034,-0.11241409,-1.0823414,-0.9572925,-0.31520316,0.30206263,-0.11141664,-0.38742092,0.12276571,0.36361998,0.5395351
10551,-5.2893224,-0.23212972,-1.3113168,-0.64363647,-0.16264333,0.2253246,0.14030908,-0.14416711,-0.1279703,0.80879265,0.27441436
10552,-6.2079206,-0.06901027,-1.2093298,-0.5857651,-0.7852288,0.08624138,0.28782615,-0.05204326,0.10989447,0.47765386,0.5587326
10553,-6.54713,-0.2865738,-1.3891622,-0.3603108,0.13843742,0.0031305375,0.04400756,0.041474856,0.08886903,0.9470081,0.047208406
10554,-7.4610777,-0.2838184,-1.5272602,-1.138464,-0.49950278,0.029057926,-0.16159296,0.0059696315,0.26625773,0.9439928,0.74173635
10555,-4.55868,-0.063532025,-1.4367963,-0.37609434,0.23017514,-0.10004913,-0.15360063,0.24166667,0.016176375,0.25009713,0.18029192
10556,-6.46473,-0.12090771,-1.5222962,-0.70496446,0.44980815,0.22250602,-0.49643037,-0.74102855,0.154626,0.42732653,-0.08641142
10557,-5.899453,-0.17174332,-0.9308445,-1.046776,-0.22181736,-0.44544345,0.073885016,-0.36235902,0.08399385,0.53358907,0.24487701
10558,-4.4448776,0.029198669,-1.09951,-0.25535846,0.37488562,0.094303854,-0.13048814,0.040041942,0.097449206,0.32445973,0.044261392
10559,-5.0137506,-0.3658262,-0.758761,-0.5820039,-0.09691444,-0.32102638,-0.19373149,0.038663194,-0.21707945,0.57818496,0.3101726
10560,-6.330784,-0.25171745,-1.2743635,-0.7356967,-0.629962,-0.058713198,-0.032293104,-0.2444618,-0.25906414,0.21588813,0.47764668
10561,-4.9776917,-0.2914079,-0.79861116,-0.6249974,-0.308179,0.0042071035,-0.16277981,-0.0022328096,0.11867778,0.67488945,0.24207823
10562,-4.829323,-0.099114105,-1.0371636,-0.40505505,-0.1318486,0.030786136,0.13198505,0.020333264,-0.087327614,0.3618106,0.1460728
10563,-4.7746444,-0.12057136,-1.019833,-0.5243175,0.004728388,0.0077811526,-0.09351659,-0.46537885,0.08254501,0.5821912,0.30849835
10564,-4.6776304,-0.46284813,-1.0267965,-0.1431537,0.3205671,0.076261036,-0.29174542,-0.006768221,-0.1652416,0.16462196,0.10571553
10565,-6.1067986,-0.10158689,-0.8531617,-0.70268697,-0.20904341,-0.08140788,0.025052892,-0.063772336,0.010575235,0.3078304,0.7018726
10566,-5.2168517,-0.15877402,-1.2588269,-0.58729583,0.044655185,-0.236754,0.030209515,0.0632206,0.24243009,0.6131793,0.052761447
10567,-5.906388,-0.024857715,-0.7855407,-0.70767546,0.019607767,-0.23573142,0.17839603,-0.22353753,-0.11752874,0.15038298,0.4161153
10568,-5.244481,-0.0646159,-1.4991236,-0.8672475,0.4846797,0.022055645,-0.20894663,-0.0728864,0.21773005,0.37124646,0.206767
10569,-5.5613594,-0.13187867,-1.1785564,-0.5005131,-0.19143355,-0.144641,0.00375234,-0.16167359,-0.04876762,0.4655656,0.20105626
10570,-6.1225505,-0.2342919,-1.0961754,-0.4958046,-0.09511467,0.09610303,-0.07109547,0.029241921,-0.29094887,0.65517235,0.102185056
10571,-4.991266,0.15028585,-0.9751542,-0.5066503,-0.045005243,0.014647982,-0.12275029,0.05078177,-0.12040894,0.43297407,0.43831843
10572,-5.1720457,-0.28426176,-1.0450194,-0.7680898,-0.12306719,0.109550186,-0.024315022,-0.2416983,0.0956789,0.51268905,0.7084051
10573,-6.335943,-0.38034454,-1.1385089,-0.58234173,-0.15603662,-0.21295372,-0.012603703,-0.47439587,-0.4732099,0.79795986,0.1525021
10574,-7.1065397,0.33724856,-1.0051867,-0.51408964,-0.19875717,-0.21737795,0.03395443,-0.2184219,-0.04927796,0.12592733,0.46453604
10575,-4.908356,-0.36543882,-0.87673855,-0.61409134,-0.36881503,0.040081948,-0.13123456,-0.22312784,-0.10249897,0.17686068,0.19526736
10576,-4.171215,-0.30379626,-1.1432135,-0.49294448,0.44050422,-0.14522031,-0.03838012,-0.0992852,0.06406509,0.096434586,0.15128656
10577,-5.819781,-0.3670431,-1.0974116,-0.88532966,-0.49097422,-0.08098949,0.48906952,-0.12505214,-0.13224643,0.4820886,0.6939973
10578,-6.275013,-0.2933363,-1.056125,-0.5549441,0.017519498,0.37330866,-0.0629657,-0.619485,-0.2822696,0.036556862,0.0515358
10579,-5.1179833,0.034389812,-1.000296,-0.59746265,-0.6068109,-0.2138714,-0.24966781,0.005665249,-0.1396796,0.3195191,0.3827183
10580,-5.7371783,-0.14921448,-1.2737854,-0.5293008,-0.083509475,-0.29414713,0.0038342206,0.082926154,0.031254314,0.82521635,0.15769956
10581,-5.7565565,-0.26948315,-1.1553966,-0.813596,-0.17457949,0.21097086,0.43867418,-0.18990013,0.10739411,0.39189324,0.30720136
10582,-5.549222,0.08229259,-1.2871188,-0.45708266,0.16013092,-0.006949814,-0.09966634,-0.27162343,-0.030122025,0.17160203,0.33705485
10583,-6.6208377,0.094731905,-1.390573,-0.61943233,-0.074371494,-0.20959967,-0.35709277,0.1069036,-0.030484708,0.5033672,0.1777437
10584,-6.711661,-0.038827516,-1.6679572,-0.9413211,0.086063325,0.010309832,-0.47816098,-0.7373391,0.027069025,0.28490728,0.45624432
10585,-5.3920655,-0.2005461,-1.021372,-0.5147605,0.33245286,0.06490089,-0.11716261,-0.16791105,0.0018049087,-0.0068907673,0.34220156
10586,-6.0821023,-0.06883278,-0.88664216,-0.67516434,0.10703437,0.30536455,-0.15185152,-0.4937097,-0.1716941,0.5889627,0.23814501
10587,-6.7573643,-0.07038741,-0.9199245,-0.5113617,-0.43506995,-0.21539958,0.16646636,-0.5447881,-0.2599415,0.029208932,0.75213957
10588,-4.923292,-0.19274926,-0.88616717,-0.63189375,0.15192705,-0.39326084,-0.1774624,0.082969055,-0.0038969591,0.41207072,0.035456393
10589,-5.6922264,-0.13755336,-0.8228168,-0.7362314,-0.67281044,-0.11777824,0.043393563,-0.12826294,0.26494983,0.8380206,0.6037937
10590,-5.2881618,-0.099150375,-1.4582139,-0.69034946,-0.098769814,0.38775903,-0.022308245,-0.071429566,-0.0082316585,0.5140485,0.53265136
10591,-8.139249,-0.35625812,-1.5637219,-0.88582814,-0.4031963,-0.22065835,0.25641537,0.14710179,-0.31233183,0.5188918,0.5320175
10592,-5.177064,0.049043097,-0.7469762,-0.11691891,-0.20172402,-0.07161969,0.042663533,-0.1615273,-0.08604082,0.14705476,0.2078353
10593,-5.58997,0.070905685,-1.3704737,-0.6268671,-0.09571744,-0.16099943,0.26263696,-0.2400898,0.005388922,0.35627687,0.28718007
10594,-6.517788,-0.32498285,-1.3405541,-0.5857164,0.1296574,0.28338814,0.14852078,-0.31300548,0.020603523,0.35110688,0.3635881
10595,-5.255976,-0.0013604835,-1.2074172,-0.65166974,-0.007877488,0.2478431,-0.042322945,-0.3099193,-0.02924514,0.6872841,0.40314525
10596,-7.062686,-0.04204361,-1.3547966,-0.8682796,-0.6865859,-0.084023066,-0.16216606,0.018896375,0.13613601,0.72611606,0.55818415
10597,-6.258545,-0.30070564,-1.3368238,-0.95829743,0.59971786,-0.2766062,-0.52398115,-0.19691373,0.38180724,0.68069816,-0.1325444
10598,-5.709163,-0.23333465,-1.4939297,-0.78089666,0.28645822,0.31661224,-0.17622443,-0.4266739,0.1310891,0.18767841,0.014921362
10599,-5.307763,-0.014849414,-1.3555231,-0.2637822,0.3461019,0.020040475,-0.30402958,-0.09793942,-0.16768272,0.06514815,0.014460031
10600,-3.8876789,0.007575269,-0.79173493,-0.11260554,0.055732306,-0.0099429,-0.061319925,0.33331457,-0.15003172,0.23949003,0.14439647
10601,-7.58577,-0.36273754,-2.0330968,-0.8432407,0.26263797,-0.3214326,-0.41282564,0.20207457,0.037528083,1.0207509,0.021237997
10602,-5.011301,-0.38784218,-0.99593765,-0.70353216,-0.028920906,0.50357646,-0.023443833,-0.19580016,0.023021663,0.5557622,0.49154398
10603,-5.6535726,-0.56127936,-1.0646315,-0.58027595,-0.48342037,0.34840792,0.30705118,-0.056028903,-0.20165037,0.7504102,0.71110827
10604,-7.101338,-0.19836697,-1.7699305,-0.7943937,0.08790901,0.09334089,-0.2683407,-0.0656449,-0.21308945,0.6981279,0.32419696
10605,-6.4831743,0.01901916,-1.0537554,-1.1312368,0.060325354,-0.13726822,-0.0098653855,-0.46431482,0.117908195,0.4815453,0.45874634
10606,-4.6216173,-0.10626214,-0.9559839,-0.3841701,-0.33874068,0.16432384,0.046008777,-0.14699312,-0.0734264,0.51716954,0.30140185
10607,-6.8196917,0.092681445,-1.7092949,-0.54766345,0.28956443,0.13497028,-0.29271626,-0.20423356,0.012377353,0.3960494,-0.024348296
10608,-6.5467577,0.053501047,-1.2491939,-0.6611934,-0.21528108,0.34250212,-0.2916329,-0.76168466,0.18416168,0.6104837,0.20969814
10609,-5.4395914,-0.45398313,-1.1626612,-0.80850595,-0.36788663,-0.13834947,0.3306727,-0.17435056,0.045523934,0.5745346,0.56034786
10610,-4.59475,-0.028054751,-0.63053,-0.49687624,-0.23290767,-0.2500806,0.15337478,-0.16927782,0.014867513,0.18727499,0.55834913
10611,-5.196085,-0.10804465,-1.4591964,-0.39941686,0.18330029,0.21213411,-0.23424827,0.12070706,-0.2826739,0.7711157,0.32710838
10612,-5.665669,-0.13545904,-1.0388572,-0.2960058,-0.21448576,-0.15136032,-0.30062,-0.1406386,-0.5094741,0.3162797,0.17201239
10613,-5.3757577,-0.055496436,-0.82962704,-0.566059,-0.01160837,-0.071093775,-0.36614096,0.07393181,-0.181536,0.12486257,0.02830853
10614,-3.7446852,0.01630998,-1.116403,-0.2923103,-0.019548029,0.21574426,-0.0055417353,-0.19653994,-0.13264793,0.12467754,0.2105826
10615,-5.59462,-0.28497884,-0.89563346,-0.8440236,-0.0057637985,0.008895346,-0.13397269,-0.2332227,-0.063062824,0.1513454,0.3049368
10616,-5.6778717,-0.16651103,-0.94095904,-0.62393606,-0.1924826,-0.118980214,-0.22047915,-0.20295785,-0.29096195,0.42096227,0.38247055
10617,-5.37807,-0.046873283,-0.9218382,-0.49243122,-0.14486314,-0.22200595,0.08927512,-0.16378213,-0.26380458,-0.044069365,0.40561652
10618,-7.228239,-0.3317442,-1.2847842,-1.2228249,-0.05353605,0.094609156,-0.2350654,-0.15457441,0.16060625,0.6301776,0.8819564
10619,-5.3104243,-0.31823733,-1.2913861,-0.33897862,0.38146234,0.11260161,0.17791392,-0.059480168,-0.11601807,0.5717938,0.17238589
10620,-5.381631,-0.08840093,-1.1862308,-0.5801265,-0.1164664,-0.42396903,0.04791641,-0.2396533,-0.03870984,0.83183104,0.19752939
10621,-5.3838234,-0.26372024,-0.90802354,-0.8840079,0.008053553,0.01054685,-0.18130365,-0.5189038,0.12370307,0.71858317,0.2699148
10622,-5.3035746,0.16411859,-0.6633701,-0.4606139,-0.2958247,-0.04508033,0.022023864,-0.33778578,-0.17662509,0.33204308,0.44880974
10623,-5.0018167,0.01963023,-1.080353,-0.6848653,-0.06714875,-0.3632326,0.06867228,-0.04337748,0.16748759,0.4240875,0.3744337
10624,-5.0684443,0.011942471,-1.0911118,-0.5840591,-0.24330597,0.20500728,0.3566387,0.1870003,-0.07204686,0.29364187,0.47181
10625,-4.8604712,-0.16457304,-0.84936225,-0.60691416,-0.09296979,-0.03656117,0.070639834,-0.3219583,-0.013967631,0.35310778,0.45302832
10626,-5.362947,-0.33498722,-1.0377103,-0.4762345,0.06457932,0.035351466,-0.38284615,-0.18057305,-0.021475801,0.50829864,-0.0529093
10627,-5.456965,0.37313932,-1.647498,-0.39647418,0.16238435,0.2752455,-0.16171202,-0.07039953,0.07798562,0.09903303,0.14924039
10628,-8.614579,-0.14642113,-2.0084527,-1.3554394,0.059790734,0.053063367,-0.032261327,-0.53238857,0.124767855,0.45836398,0.1466464
10629,-6.5877333,-0.23420317,-1.1005793,-0.8008257,0.31716573,0.048170883,0.0041509005,0.3353525,-0.19340833,0.78795993,0.50577426
10630,-5.8742495,0.09896775,-1.0256732,-0.4736789,0.2719044,-0.34703428,-0.03108799,-0.11080125,-0.28360388,0.34658924,0.18395202
10631,-5.2218328,-0.15727857,-0.7293764,-0.38835004,-0.3128338,-0.039028168,0.15414679,-0.5221919,-0.030952213,0.31998798,0.5100395
10632,-6.0368047,-0.21044403,-1.2876521,-0.6152502,0.056674525,-0.27544326,-0.006655487,-0.19510815,0.18000913,0.50788,0.25297332
10633,-4.399624,0.08091564,-1.375181,-0.43912202,-0.09050103,0.1328283,-0.19393066,-0.16593315,-0.025347797,0.47874045,0.32180172
10634,-5.2978363,0.038228493,-0.4839784,-0.63366944,-0.4545295,-0.44154692,-0.24910276,-0.08597557,-0.1715185,0.63588655,0.3411394
10635,-5.9015074,-0.06213906,-0.7114651,-0.59188104,-0.43168244,-0.109902605,0.10120151,-0.22993486,-0.403355,0.029106209,0.17283481
10636,-4.3671637,-0.23894697,-0.8079827,-0.34106183,-0.3323608,-0.25707006,-0.03099382,0.003142959,-0.11156772,0.40289763,0.2528412
10637,-7.1915803,-0.1382041,-1.0893335,-0.42078808,-0.41999257,0.10139459,0.33895057,-0.035714492,-0.2821237,0.036477897,0.25345442
10638,-5.393627,-0.066078596,-1.3254651,-0.8322322,-0.31616682,-0.032739814,-0.21886942,-0.22716756,0.12225449,0.564189,0.33265746
10639,-6.3158097,-0.54754215,-1.2779766,-0.897144,-0.74983793,-0.3457904,0.28580296,-0.25944734,-0.37785533,0.9006391,0.4746607
10640,-5.1073165,0.098179385,-1.1413403,-0.7216978,-0.13163842,-0.022933139,0.018668821,-0.6008176,0.07195471,0.50663877,-0.09384884
10641,-5.6772776,-0.31778568,-1.329331,-0.29782456,0.02424581,-0.062560864,-0.25128365,-0.06332683,-0.15385504,0.45216024,0.6294647
10642,-4.6929264,-0.11460372,-0.84710914,-0.6660483,0.03190789,0.027229963,-0.059582256,-0.31478307,0.097830415,0.4507238,-0.105768226
10643,-5.176581,-0.25594807,-1.0069437,-0.56611884,-0.12191423,0.16963601,0.08857423,-0.18155596,0.046182744,0.6732245,0.6112463
10644,-5.009046,-0.14749001,-0.8397811,-0.45872936,-0.04079338,0.15962426,-0.2491089,-0.21495092,-0.17194495,0.7226813,0.19282189
10645,-4.313035,-0.052105237,-1.0670294,-0.43717438,-0.35473257,-0.18252547,0.071221896,-0.030300366,-0.27196535,0.1025782,0.15431099
10646,-5.5740376,0.07055379,-1.134603,-0.7117115,-0.19714819,-0.031885017,0.26212955,-0.44668347,0.120357394,0.6415652,0.4848479
10647,-4.2542977,-0.043997858,-0.7175597,-0.20820315,0.021902822,-0.149204,0.12781167,0.15620536,-0.30705482,0.15361263,0.031277783
10648,-6.2874007,-0.33166578,-1.1721067,-1.0340657,0.12749104,0.13362002,0.0335251,-0.13521309,0.03841781,0.52596384,0.46372944
10649,-4.7540946,-0.08230481,-0.90306425,-0.5111259,-0.2567315,0.15889041,0.17060716,-0.36810714,0.17122988,0.3866155,0.3621343
10650,-5.7652054,-0.20211284,-1.1443968,-0.6253795,0.2273361,0.4797511,0.0057814308,-0.27925625,0.14344937,0.19988944,0.18081167
10651,-3.0322165,-0.066146344,-0.65215826,-0.29813278,-0.09970473,-0.00778855,0.023291998,-0.10778964,-0.035103507,0.22795397,0.2739591
10652,-4.8055673,-0.23124726,-1.1916623,-0.6397718,0.380106,-0.21944985,-0.37651628,-0.006274918,0.014259931,0.25270247,-0.047022156
10653,-4.9739375,-0.052898236,-0.8436196,-0.38216156,-0.009713953,0.050955046,0.44531015,-0.13246746,-0.13606817,0.5289423,0.4605879
10654,-5.7547116,-0.43172768,-0.9245328,-0.7588973,0.19298337,0.25928432,-0.40785342,-0.56155896,0.091123305,0.24546212,0.21901879
10655,-6.7645073,0.03194487,-1.3633775,-0.50332147,0.39111528,0.032980964,0.030083865,0.3795109,-0.13106818,0.15069087,0.43417636
10656,-6.6575146,0.07156158,-1.1579149,-0.7109071,0.06064497,-0.24410616,0.0020968188,-0.0016124314,-0.11483586,0.60000765,0.3474426
10657,-5.471778,-0.18906355,-1.0097864,-0.71814466,0.051529773,0.08797257,-0.121152304,0.10020746,-0.07535603,0.2949668,-0.08268792
10658,-6.749655,-0.40554258,-1.5499759,-1.1837082,0.2493532,-0.048317246,-0.1159515,-0.27002767,0.09951725,0.35771465,-0.24710035
10659,-4.9329033,0.014643376,-1.0053806,-0.40594268,-0.16110283,-0.046968628,0.2690281,-0.07998568,-0.33511817,0.6323808,0.29183996
10660,-4.3821993,-0.1219479,-1.1635212,-0.38905644,-0.04372295,0.14795725,0.13753326,0.09789272,0.028024158,0.3072125,0.2507
10661,-4.1388087,-0.145387,-0.80118287,-0.69951266,-0.27261156,-0.32780522,0.31833142,-0.14919032,-0.02192689,0.32418647,0.5414214
10662,-5.582083,-0.17042282,-0.9403399,-0.375302,-0.34961578,0.2975573,0.3321921,-0.26749468,-0.26583838,0.37775007,0.51586324
10663,-6.6386213,0.012959004,-1.6961423,-0.90893465,-0.3591606,0.037362017,-0.21133056,-0.7972509,0.018577944,0.33183864,0.6780241
10664,-6.7243237,-0.05561023,-1.4841468,-0.43254206,0.3477733,0.5539161,-0.33616716,-0.34304464,-0.19491197,0.5739841,0.14062737
10665,-4.917207,-0.07945963,-0.81469876,-0.38654733,-0.008117048,0.34959257,-0.063610256,-0.121503495,-0.18206453,0.14104201,0.24840574
10666,-6.4506493,-0.2134842,-1.139261,-0.6957921,0.27437234,-0.20869903,-0.51312757,-0.24036735,0.056266174,0.6307702,-0.07749222
10667,-6.169029,-0.35893524,-0.93190694,-0.60277075,-0.39363593,0.38235325,-0.0640845,-0.6106236,-0.011480788,0.99250257,0.089071274
10668,-4.792892,-0.10092772,-0.6220148,-0.5253759,-0.37467667,-0.16353726,0.13295823,-0.15069142,-0.008455675,0.3252662,0.21235421
10669,-5.992601,-0.20764922,-1.40488,-0.8384413,-0.37867448,0.031905323,0.31016135,-0.21946546,0.16170684,0.7683704,0.6756311
10670,-5.4866853,-0.3075942,-0.71782553,-0.71706295,-0.66872245,0.17297076,0.03743955,-0.5107748,-0.01069963,0.17885937,0.42618588
10671,-5.453379,0.039362174,-0.74076754,-0.20578773,-0.083002046,-0.35467577,-0.22134678,-0.21325651,-0.31416187,0.38784373,-0.045231096
10672,-5.218938,-0.43302813,-1.058147,-0.60779035,0.13530461,-0.014924223,-0.4598281,-0.08533974,0.13019815,0.6288425,0.11179462
10673,-5.2894826,-0.11945252,-1.4036132,-0.6224692,0.030304393,0.38093078,0.23589922,-0.35197496,0.22961158,0.30376074,0.19531353
10674,-6.3440576,-0.12051286,-1.2732078,-0.9885478,-0.10664413,-0.29979867,-0.20781283,-0.3196394,0.0006290013,0.5674604,0.15995656
10675,-6.1191354,-0.042818785,-0.9099804,-0.73512125,0.09352369,-0.024504572,-0.11019138,-0.4799753,-0.08240319,0.14617501,0.23947597
10676,-7.8156705,-0.43092698,-1.4454398,-1.0451882,-0.8212446,0.03991889,0.44438323,-0.25351495,-0.30780816,0.76120543,0.78947085
10677,-5.259509,-0.19693461,-0.6829612,-0.424311,-0.36968127,-0.12991373,-0.14398971,0.18165325,-0.14082353,0.43959627,0.6399062
10678,-5.57046,-0.27056712,-0.8381593,-0.7159866,-0.40221983,0.041693065,0.019421387,-0.07686287,-0.11080627,1.1190479,0.43513948
10679,-5.8693647,-0.051368564,-0.9213391,-0.51116943,-0.26404533,0.4103033,-0.16219428,-0.7778581,-0.08488871,0.24168704,0.058579188
10680,-6.1235023,-0.16324572,-1.1119938,-0.41592675,0.38391122,0.002256916,-0.20983618,-0.18245555,-0.36398268,0.4452902,-0.07430117
10681,-3.445259,-0.053559322,-0.7943014,-0.2977523,0.09561832,-0.005744462,-0.032134056,0.01898972,-0.003132332,0.32145268,0.012565383
10682,-5.779433,-0.24604501,-1.2007331,-0.57901376,-0.49778235,-0.0067093037,0.20287228,-0.3655052,-0.008035313,0.1928059,0.7116982
10683,-5.0445323,-0.19043127,-1.0352786,-0.7113662,-0.024756923,0.038083844,-0.023109954,-0.5148991,0.15160161,0.49068752,0.23538792
10684,-5.200401,0.020803919,-1.079117,-0.65579665,-0.3188005,0.19983658,-0.04691131,-0.18163806,0.15607768,0.5174115,0.11719703
10685,-6.2248034,-0.094850756,-1.61049,-0.9274781,-0.112328544,-0.29083514,-0.19420609,0.07554559,0.021880873,0.41692054,0.47452167
10686,-5.366793,0.08580062,-1.1908491,-0.29070896,0.18287486,-0.06930326,-0.22057882,-0.012170358,-0.31878644,0.55530506,0.22391364
10687,-5.280073,-0.13190149,-0.84575856,-0.56353813,-0.20618644,-0.11494608,0.10305794,-0.46666276,-0.15347034,0.10866795,0.44394833
10688,-4.9494395,-0.39456913,-0.9546191,-0.4842202,-0.367229,0.37877983,0.06411491,-0.18832895,-0.1774373,0.28035504,0.22664255
10689,-6.240671,-0.08068257,-1.3836386,-0.7065329,-0.28610408,0.17162034,-0.15658894,0.0476707,0.24752009,0.60206795,0.37023717
10690,-5.038089,-0.30811918,-1.0324312,-0.6849401,-0.16465512,0.01303305,-0.028853927,-0.4507271,0.13302796,0.26135555,0.5855353
10691,-5.9596915,-0.019074526,-1.2001735,-0.26337498,0.10112811,0.21307689,0.24981546,-0.32085684,0.010230364,0.6161625,0.31118008
10692,-6.1805186,-0.14762154,-1.1824095,-0.41899174,0.22903983,0.20316276,0.013999609,-0.23331603,-0.19120128,0.5922713,-0.20928906
10693,-4.493302,-0.0038860813,-0.76339,-0.1868204,0.17403878,-0.14598364,0.051999938,0.138872,-0.07047137,0.39207557,0.076109715
10694,-6.5936017,-0.35613275,-1.0764934,-0.93464315,-0.3029476,-0.1636241,-0.37285045,-0.28284118,-0.09999127,0.57795817,0.29261744
10695,-7.567005,-0.14287588,-2.0101168,-0.68465203,0.19658323,0.21176039,-0.24153452,-0.1318021,0.18173513,0.69152087,0.02664993
10696,-5.646776,-0.027630214,-1.4658993,-0.19078934,-0.045167573,0.40519726,-0.14589961,-0.30522722,-0.28174776,0.020659357,0.3132023
10697,-6.4472227,-0.117441654,-0.97898805,-0.71252906,-0.3140622,0.08611773,0.16820128,-0.10080221,-0.18719514,0.16734259,0.48958832
10698,-7.3493986,-0.07801592,-1.0875857,-0.8705922,-0.36392197,0.20419247,0.3726833,-0.40615547,-0.06170199,0.433569,0.45667133
10699,-5.2831903,-0.111545935,-0.831725,-0.45469433,0.1053225,-0.0796007,-0.0952403,-0.049744092,-0.056598246,0.37816766,0.088417746
10700,-4.433714,-0.099784695,-1.1584121,-0.6012789,-0.065521695,0.09759436,0.20731808,-0.05398483,0.042274434,0.37108493,0.43281218
10701,-7.0560493,-0.2669064,-1.123842,-0.8795832,-0.039452817,-0.20117638,0.15812372,-0.24878296,-0.018545358,0.24037771,0.6817084
10702,-5.733185,-0.18741342,-1.3270178,-1.0852641,-0.010047575,0.013412653,-0.197931,-0.3657072,0.2940475,0.5728816,0.43643013
10703,-5.1300907,-0.108053334,-1.0032142,-0.6492823,0.012730397,-0.031020265,-0.03898354,-0.19078532,-0.05590877,0.7197978,0.4623166
10704,-4.683195,-0.05628485,-0.9158799,-0.47682685,-0.14472887,-0.045329116,-0.18900628,0.0415112,0.0021899613,0.23499086,0.3367061
10705,-6.79666,-0.16676846,-1.4009709,-0.46606365,0.5995207,-0.18232757,-0.2669137,-0.20278011,-0.32713893,-0.010042199,-0.10239402
10706,-7.527949,0.13418065,-1.1103479,-0.63481754,-0.096073315,-0.22797455,-0.081147745,-0.23827595,0.12196751,0.30229756,0.44591132
10707,-5.7022314,-0.05149054,-0.7516415,-0.90156895,-0.35960948,-0.11920394,0.060082223,-0.14592937,-0.16097379,0.72990614,0.21297002
10708,-4.550662,-0.40409955,-0.9745068,-0.56539774,0.21569581,0.00628966,0.24470764,-0.32830864,-0.0141944345,0.39269066,0.18397415
10709,-5.174252,-0.13812566,-1.056752,-0.76305526,-0.083413474,0.21321598,-0.019991342,-0.25811982,0.088438064,0.47791934,0.64200336
10710,-6.8743253,0.23750368,-1.6602044,-0.6258511,0.44889617,0.14242381,-0.22633451,-0.34264743,0.2716434,-0.02673069,0.0848285
10711,-7.8848557,-0.34193254,-1.3271703,-1.1428168,-0.6005798,0.4089988,0.013438999,-0.33905464,0.0858923,1.1293485,0.7302073
10712,-5.5550666,-0.16456589,-1.2237723,-1.0751851,-0.34093493,0.045045465,0.07447335,-0.31001735,0.31487557,0.46875724,0.46912736
10713,-5.8876176,0.2394033,-1.1227292,-0.6164508,-0.17058995,-0.12696911,-0.012722085,-0.2637494,-0.17915055,0.39904016,0.29491723
10714,-4.8531666,-0.20696948,-0.95966333,-0.8031715,-0.21953824,0.07304742,0.14853176,0.009781337,0.007709478,0.4822517,0.3364942
10715,-5.5053487,-0.049690433,-1.383316,-0.5841004,-0.034523524,-0.15059432,0.21749678,-0.60531104,-0.11736213,0.6306184,0.13431674
10716,-4.3398085,0.031187184,-0.927768,-0.44122326,0.10957061,0.09536622,-0.05763767,-0.055441372,0.1309574,0.43274957,0.21824627
10717,-4.547672,-0.0043790247,-1.0496023,-0.58215964,-0.07556995,-0.06532968,-0.064865984,-0.15560381,0.19711506,0.41853243,-0.023973953
10718,-3.586857,-0.09764105,-0.57283616,-0.42179835,-0.15307555,0.043031543,0.32922265,-0.16625085,0.07144691,0.31383982,0.24941285
10719,-6.1292176,-0.28105277,-1.3153311,-0.85208267,0.37116396,-0.0969076,-0.08478703,-0.16677737,-0.1174043,0.11893152,0.23957896
10720,-4.3344483,-0.18948644,-0.62444973,-0.31554562,-0.047761545,-0.12721811,0.041937936,-0.46238732,-0.03165622,0.40527156,0.25536177
10721,-4.7631598,-0.23274802,-1.064141,-0.27333298,0.21143395,-0.020558054,-0.016361818,0.09616255,-0.13305674,0.21443857,-0.004983262
10722,-5.154023,-0.16827533,-1.074175,-0.4117906,0.2484911,0.06379312,-0.0051352745,0.04537642,0.15385231,0.3742049,0.044321895
10723,-5.6222253,-0.10320392,-1.1193023,-0.81351244,-0.25333843,-0.1456721,-0.27859858,-0.10645733,-0.04573308,0.80281305,0.25207838
10724,-6.0334015,0.101132065,-1.0991995,-0.5701031,0.49171,-0.13928027,-0.48018464,-0.21189514,-0.01638203,0.22220497,-0.2066046
10725,-6.438873,0.17514169,-0.79666567,-0.6130431,-0.20600381,-0.15248351,-0.22445048,-0.41401616,-0.23634817,0.24828784,0.5013915
10726,-4.5345507,-0.102328666,-0.8405526,-0.3653125,0.16971365,0.14059684,-0.263577,-0.29743037,-0.16204734,0.28886625,-0.023461286
10727,-6.6302366,-0.05658469,-1.4984637,-0.52767736,-0.42879757,0.06211537,0.22333956,-0.36228764,-0.2808022,0.15916288,0.7590545
10728,-4.591207,-0.044958703,-1.2490685,-0.35806042,0.20634496,0.24635419,-0.16944718,-0.0447542,-0.09363894,0.279942,0.28520733
10729,-5.8945055,-0.13680828,-1.0700403,-0.42792073,-0.3333103,0.35284477,-0.11278961,-0.49601457,-0.35615155,0.8555826,0.21539827
10730,-5.0359173,-0.13376506,-0.92014164,-0.8229354,0.03394265,-0.18839476,0.114839084,-0.44209385,0.2605661,0.40203172,0.32184896
10731,-5.81394,-0.33873925,-0.74764675,-0.70412815,-0.43140894,-0.0015024776,0.1168849,-0.37965757,-0.058392912,0.6741442,0.41796076
10732,-4.3232985,-0.07852069,-0.9149231,-0.3927482,-0.44828913,0.09337515,0.060767327,-0.11230309,-0.156706,0.314739,0.51791435
10733,-5.2653723,0.016070303,-1.1588598,-0.5039927,0.28407255,-0.09249473,0.10041192,-0.16037445,-0.07340325,0.11844215,0.07641378
10734,-5.436202,-0.13100947,-0.9980877,-0.60596997,-0.1373482,-0.1679685,0.278989,-0.27977547,-0.17454123,0.25079745,0.5010834
10735,-5.874453,0.0027455953,-1.2964331,-1.0298291,-0.17695056,0.10921793,0.03922194,-0.51864856,0.18550031,0.335339,0.45490423
10736,-5.0215874,-0.17164323,-1.1824495,-0.47156382,0.063717976,0.3451181,-0.37997514,-0.46292618,0.030178662,0.41220942,0.10849908
10737,-4.8961453,-0.032181483,-1.0259279,-0.5391006,0.33894545,0.08354332,-0.33996263,-0.21140982,-0.07141545,-0.03514686,0.102876276
10738,-4.7407637,-0.13254966,-0.99870497,-0.8347363,-0.32949907,-0.07455971,0.26311213,-0.44138566,0.25747073,0.2628641,0.66141385
10739,-4.916849,0.12739415,-0.75436026,-0.35608524,-0.19056039,-0.36928415,-0.34138575,-0.25231877,-0.18707763,0.11443018,0.09725545
10740,-6.04172,-0.48982102,-1.4013082,-0.87097436,-0.40462065,-0.2100213,0.22454038,0.006389156,-0.29053095,0.3528169,0.68787533
10741,-5.6241317,0.097508945,-1.4249161,-0.65806085,-0.26538184,0.16697073,-0.41996762,-0.41733572,-0.22662586,0.39516428,0.34867588
10742,-5.64519,-0.34184462,-0.7373473,-0.75072956,-0.3557666,-0.26160562,-0.25769627,-0.14050357,-0.058834635,0.54587734,0.12436838
10743,-3.7243962,-0.03703212,-0.7195478,-0.38994431,-0.05156824,0.2101126,0.37699038,-0.017266339,-0.055086777,0.41715166,0.2656868
10744,-7.020284,-0.102859944,-1.4926376,-0.9219306,-0.15065561,-0.16933002,-0.15708518,-0.24683195,0.12316106,0.49083993,0.8807142
10745,-5.36776,-0.27274936,-1.111625,-0.41845945,-0.007171796,-0.057898127,0.0019843448,-0.051188387,-0.33932513,0.7703313,0.06660796
10746,-6.265583,0.07968273,-1.3810529,-0.41400063,-0.21552186,-0.19074275,0.5269676,0.26000622,-0.31410676,0.31429076,0.38432926
10747,-6.112027,0.2086906,-1.710722,-1.0244703,0.08476016,0.18427499,-0.08492334,-0.46147296,-0.0110324435,0.43970865,0.49500373
10748,-6.6128063,-0.13291968,-1.2649926,-0.8558361,-0.11230375,-0.4086178,0.04747551,-0.36133203,0.34404093,0.561678,0.15796657
10749,-5.8883553,-0.2950165,-1.3487136,-0.6947731,-0.42850634,0.16073057,0.1877289,0.12973267,-0.025549812,0.8760926,0.53496283
10750,-4.153561,-0.19150543,-1.0090015,-0.36227196,-0.055186994,0.39392513,-0.071311705,-0.37880227,0.07029506,0.44028267,0.16951382
10751,-3.7330499,-0.053124346,-0.9265742,-0.21679097,0.19307463,-0.03839536,0.0058887973,0.030733291,-0.2659301,-0.048165534,0.16641036
10752,-6.7863708,-0.25044578,-1.0095434,-1.0633585,-0.5541265,-0.26214337,-0.13412252,-0.34525973,0.049687654,0.85334957,0.47475827
10753,-6.4472637,0.05904432,-1.5673999,-0.63292664,0.6341777,0.060605887,-0.27820152,0.12404617,0.05673912,0.18532635,-0.20398672
10754,-4.5050626,-0.29851702,-1.0363759,-0.62183917,-0.086828835,-0.06471696,-0.003967724,-0.022921422,0.2200403,0.4003693,0.3474228
10755,-5.6912384,-0.14761592,-0.98090565,-0.3399466,-0.3399674,0.22458549,0.17189415,-0.5844519,-0.06839498,0.22387207,0.28865317
10756,-4.7209663,-0.14127403,-0.72607535,-0.41193762,-0.47005314,-0.12428723,0.5183139,0.10601681,-0.37278095,0.33667022,0.43634343
10757,-5.1860523,0.033263523,-1.1247222,-0.6319089,0.068695754,0.06442251,-0.10311285,-0.36594456,0.038161963,0.33688733,0.3926839
10758,-6.500883,-0.28046882,-0.97722334,-0.7698526,-0.7022545,0.014643285,0.62732553,0.009199054,-0.13271606,0.38991484,0.40229076
10759,-3.5690856,0.015236534,-0.5872767,-0.5304523,-0.32857186,0.13028589,-0.16699171,-0.3064348,-0.11460599,0.29720044,0.22224903
10760,-5.6249156,-0.2340244,-0.9698677,-0.8454666,-0.4908371,-0.22831814,-0.031787865,-0.3299468,0.107438505,0.5534307,0.7632494
10761,-6.4151425,-0.3165997,-1.2305735,-0.5813852,-0.4869977,-0.08479397,-0.113527305,-0.21912217,-0.25944397,0.36144754,0.7740657
10762,-4.592923,-0.16519539,-0.8810258,-0.7886518,-0.44316325,0.23954943,0.16951881,-0.5026248,0.09261624,0.6366366,0.22047399
10763,-5.2976494,-0.26537046,-0.99519813,-0.8634315,-0.27295423,0.17726514,0.2139609,-0.06541037,0.08542723,0.5352119,0.711772
10764,-7.1021113,-0.2871173,-1.3440148,-0.7314284,-0.56609875,0.1910984,-0.037162468,-0.35216844,0.07907615,0.8671554,0.31445086
10765,-4.368707,-0.20109515,-0.91937566,-0.3487843,-0.5671959,0.29013872,0.04667199,-0.23091523,0.11157561,0.42110914,0.3875704
10766,-5.6068263,-0.0077513875,-1.4965371,-0.9370599,0.28520736,-0.17990124,-0.52995634,-0.17704308,0.16340339,0.5388466,0.043815672
10767,-5.759151,-0.43296066,-1.2336565,-0.88727534,0.07822486,-0.19080469,-0.38748702,-0.45165917,0.22965987,0.1369454,0.29983994
10768,-5.967163,-0.119980976,-1.1209625,-0.7739494,0.19889136,-0.13550948,-0.0014922181,-0.63735163,0.19568732,0.21826401,0.24179263
10769,-5.541752,-0.15149334,-1.1062776,-0.38903156,-0.47536474,-0.19466734,0.33622253,0.050247125,-0.45369977,0.18852718,0.43317762
10770,-5.3772864,-0.15122315,-0.99605125,-0.7716,0.073820606,0.003260585,-0.25802594,-0.18833211,0.38552055,0.65315944,0.06741856
10771,-4.1887913,-0.20261447,-0.7101348,-0.27217385,-0.04113613,0.29129326,0.13067238,-0.309083,-0.019199839,0.0829678,0.22767562
10772,-4.7514586,-0.12323946,-1.0423123,-0.45783916,-0.024601711,0.24774149,0.04797626,-0.03994938,0.029102303,0.42778215,0.14427014
10773,-7.0906677,0.05749315,-1.6877426,-0.7424923,-0.1187908,-0.3790211,-0.39314106,0.120314956,-0.2566891,0.42176718,0.4401855
10774,-6.703032,-0.37680864,-1.3651028,-0.9173986,0.05494707,-0.05094538,0.0057747583,-0.2483913,0.036053073,0.5488529,0.30466846
10775,-6.0474796,-0.052192476,-1.1214073,-0.5935747,0.2907345,0.15465495,0.27138788,0.44724128,-0.055809118,0.07120933,0.4415814
10776,-5.978308,-0.017823603,-1.511046,-0.344112,0.06684172,-0.026209775,0.06515038,0.398773,-0.051685184,0.5558046,0.26159754
10777,-6.6107707,-0.2151742,-1.2441701,-1.0600798,-0.1560308,-0.29444104,0.18331118,-0.5556957,-0.34367615,0.19689155,0.22463506
10778,-4.774321,-0.16045876,-1.1340925,-0.4334597,-0.2892638,-0.053115085,0.1772444,-0.10477928,-0.15373597,0.29683822,0.2593602
10779,-6.31183,0.042058446,-1.5980568,-0.7145784,0.02463485,0.19375798,-0.05062034,-0.5453085,-0.12456821,0.09468913,0.3480538
10780,-5.9328437,-0.10100813,-1.1082104,-0.1918371,-0.20441519,0.0074570407,0.030151278,0.0006663231,-0.4210041,0.18351273,0.018287104
10781,-7.3048053,-0.36283123,-1.1703092,-0.75795484,-0.11762615,0.3315965,0.12898731,-0.20187809,0.19025396,0.97397345,0.56743217
10782,-7.968613,0.0753423,-1.2628922,-0.40966102,0.3426787,-0.05822911,-0.08161592,0.08320522,0.07002628,-0.117081106,0.36470607
10783,-7.5718656,-0.22567962,-1.5850388,-0.8541153,0.16615102,-0.19276379,-0.27773675,-0.54420286,0.27027267,0.6493694,0.3497718
10784,-7.085109,-0.09767534,-1.1444424,-0.9258248,-0.120995946,-0.05910176,0.06060537,-0.59356064,-0.22547884,0.6147013,0.11586682
10785,-3.3293324,-0.18840933,-0.8662634,-0.25398892,0.15970406,0.049504504,-0.075141124,-0.1092627,0.011130038,0.29498005,0.052734364
10786,-5.159449,-0.24772336,-1.0931743,-0.77180463,-0.23196232,0.04129929,0.053439796,-0.3412314,-0.17764892,0.2458852,0.23864362
10787,-6.2206984,-0.04817125,-1.1863594,-0.31952268,-0.07871533,-0.25426668,0.014951596,0.13971736,-0.46937147,0.2414486,0.40123215
10788,-5.8970637,-0.2276398,-1.138748,-0.37414968,-0.10903935,0.023246888,0.30455557,-0.22935133,-0.03060834,0.57568157,0.1277126
10789,-6.6451373,-0.18778218,-1.3286368,-0.6789531,-0.30568743,0.18574455,-0.25827578,-0.62770057,-0.045234576,0.4074085,0.5315364
10790,-5.666707,-0.19806422,-1.1232938,-0.78613776,0.253245,-0.020995786,-0.12726088,-0.22431159,0.16098474,0.47639617,0.111954875
10791,-4.80803,-0.18789156,-0.976601,-0.16566592,-0.45506418,0.12991543,0.062618695,-0.076124765,-0.07492456,0.4468955,0.40991095
10792,-5.4060698,0.14115407,-1.0581819,-0.6636812,-0.0069003473,-0.16655755,-0.06235575,-0.32593426,0.03028934,0.36694327,0.4656008
10793,-6.322482,-0.4273221,-1.1365308,-0.88881993,-0.52640945,-0.12435576,0.26276574,-0.34271035,0.11883571,0.736105,0.1821922
10794,-4.6081834,-0.03530731,-0.77591264,-0.35582367,0.06234402,-0.20745987,-0.028668571,-0.18044104,-0.15550646,0.12534826,0.25147393
10795,-7.409265,-0.21835335,-1.2160339,-0.48821127,0.21992542,0.3270368,0.060236715,-0.20267414,-0.28556228,0.30242687,0.45376107
10796,-5.836627,0.10725132,-1.2184371,-0.50157136,0.13388656,-0.6004782,-0.21549177,-0.058697045,-0.01570697,0.04907355,0.1833321
10797,-6.7498484,-0.17835,-1.223949,-0.8793336,-0.17614289,-0.55187744,0.042974193,-0.09098015,-0.09653779,0.3835186,0.31319645
10798,-5.9643464,-0.31106704,-1.3195078,-0.25949296,-0.19212162,0.41695625,0.040463243,-0.47256026,0.12392373,0.74123675,0.14313969
10799,-7.075514,0.09939542,-1.3189706,-0.47882432,0.248569,0.16056147,-0.11997447,0.39517584,-0.16439582,0.5269268,0.7831175
10800,-4.9079385,-0.21134005,-1.0641174,-0.49348885,0.061779574,-0.26525044,-0.29602647,-0.15683457,-0.1300076,0.24989845,0.31166714
10801,-6.279529,-0.11982687,-1.2525799,-0.33560792,0.3528071,0.16821484,-0.1260707,0.12977514,-0.11752148,0.49335542,-0.2323712
10802,-5.991866,-0.27037597,-1.3815279,-0.7672129,0.13009696,-0.017795427,0.0826569,-0.069025,0.04159352,0.49824604,-0.061925925
10803,-4.2283607,-0.11169886,-1.1658424,-0.34604123,-0.16936629,0.5108571,0.13648652,-0.46113977,0.1388573,0.48427922,0.10753173
10804,-4.7923646,-0.17714097,-1.03927,-0.79848325,-0.055599052,-0.09193383,-0.13418193,-0.27228466,0.27712438,0.45203382,0.3799735
10805,-6.301653,0.04316112,-1.4804262,-0.6734491,0.013479924,-0.037977077,-0.13668112,0.11364455,-0.09996169,0.87116855,0.026006445
10806,-7.8276014,-0.06248593,-1.5184914,-0.71895593,0.14338209,0.67700475,-0.063680865,-0.014839364,-0.17901982,0.81062526,0.3799634
10807,-4.7268214,0.008702922,-0.89664704,-0.459257,-0.18698052,0.00700396,0.06121448,-0.41638184,-0.22904398,0.5077725,0.026124641
10808,-6.184192,-0.08439355,-1.1897961,-0.43041173,-0.1494317,0.16906336,0.32750946,-0.12196443,-0.42645383,0.48538652,0.49202794
10809,-4.7335715,0.19003846,-0.8699025,-0.20952111,-0.026356248,0.13129863,-0.06859229,-0.37689033,-0.030072996,0.14896116,0.20417349
10810,-5.024743,-0.15268214,-0.9102189,-0.46556625,-0.120458,-0.073710635,0.24190217,0.20648697,-0.20545523,0.60580987,0.4252486
10811,-4.7609887,-0.027983975,-0.79438376,-0.5131815,-0.06202981,0.07742583,0.11487589,-0.07811451,-0.14834978,0.3038905,0.12692565
10812,-6.455359,-0.2816791,-1.2053477,-0.66529137,-0.63953453,-0.019644195,0.19576962,-0.2144613,0.15263832,0.37050176,0.61209935
10813,-5.344308,0.013275046,-1.2774674,-0.42499256,-0.019875199,0.021293461,-0.19920976,0.20857333,-0.24104734,0.20782013,0.25071484
10814,-5.3326716,-0.20888005,-1.0229353,-0.7084654,-0.019971177,0.31768262,-0.21754225,0.059028506,0.17672345,0.3811141,0.29738793
10815,-5.426778,-0.10156724,-1.2362226,-0.4764562,-0.00454447,0.22956017,-0.14541315,0.21277042,-0.11052695,0.30950993,0.28604063
10816,-6.0772405,0.15500045,-1.3650461,-0.38771996,0.37319654,-0.2314811,-0.3581921,-0.06638665,-0.19261713,0.34287506,0.096066415
10817,-6.9244967,0.05693832,-1.1965348,-0.88832605,-0.4418401,0.19166523,0.04227729,0.02630071,-0.15340397,1.0130006,0.57840747
10818,-4.5934763,0.06435772,-0.804772,-0.3586514,-0.2501135,0.20549282,-0.081667304,-0.022336869,-0.2023082,0.26812905,0.061953623
10819,-5.6211376,-0.3911081,-1.0167649,-0.38351473,-0.45747438,-0.077175274,0.08930441,0.011927865,-0.38798055,0.59757024,0.4025731
10820,-6.7087727,-0.08375805,-1.2917603,-0.7727036,-0.3120248,-0.057540193,-0.052951545,-0.34567085,-0.034970738,0.6660379,0.40566352
10821,-4.334844,-0.20497242,-0.9260065,-0.65369934,-0.08153829,0.0049634925,0.060336,-0.13970737,-0.10508642,0.41059482,0.22778735
10822,-4.2738385,0.038356036,-0.9359004,-0.46448237,-0.09641818,0.14160115,-0.14523973,-0.042962566,-0.080005385,0.14263427,0.09146528
10823,-5.9271755,-0.25860113,-1.1566254,-0.7413497,-0.23063368,-0.0017683972,-0.43717346,0.41807586,0.1817878,0.5226992,0.4582412
10824,-5.7357054,-0.09090751,-1.3136256,-0.7177719,-0.018960338,-0.22218588,0.06899065,0.08450641,-0.09485754,0.75397605,0.5305569
10825,-6.8528776,-0.18997334,-1.5957319,-0.6370776,-0.086414814,0.27819777,-0.2910957,-0.27480158,-0.20235959,0.67284644,0.19637187
10826,-5.739725,-0.114027835,-1.1216486,-0.7181497,-0.013706502,0.062332094,-0.01469583,-0.046522565,0.09351339,0.32465824,-0.02923273
10827,-4.651316,-0.18893526,-0.97380555,-0.7016679,-0.078738235,-0.20941001,0.06499366,-0.34333202,0.12967058,0.42648712,0.25638595
10828,-5.147614,0.12730534,-0.93596846,-0.4065681,-0.24363662,-0.11233827,0.3040358,-0.27987972,-0.064402655,0.5074253,0.42345563
10829,-6.0061736,-0.11617814,-1.3342364,-0.5112035,-0.1830532,0.18988836,0.01751097,-0.22877325,0.23818108,0.6312646,0.04770077
10830,-4.6188197,-0.13461721,-1.2167037,-0.5034124,-0.050077636,0.029888246,-0.02393515,-0.22159038,-0.13190565,0.012461012,0.13474956
10831,-6.7204375,-0.16164538,-1.2484735,-0.49729848,-0.47638178,-0.18365179,0.093297906,0.18302509,-0.23805393,0.42725688,0.4398613
10832,-6.7598724,-0.16065815,-1.165731,-1.1017417,-0.32054693,0.31533766,0.003979528,-0.47345984,-0.0151929725,0.47600138,0.71285254
10833,-6.7658114,-0.17647445,-1.0244933,-0.5249365,-0.07705797,0.50527555,-0.058253482,-0.51889724,-0.09199718,0.2485042,0.20297885
10834,-3.9071064,-0.10947239,-0.86005425,-0.6217642,0.11392443,0.005496133,-0.10008862,-0.19505247,0.080611244,0.40241516,-0.011322658
10835,-5.645403,-0.11694975,-1.2518759,-0.72841364,0.115178466,-0.4314294,-0.11359601,-0.020351205,0.082270734,0.535455,0.045787543
10836,-7.288495,0.09152663,-0.92863804,-1.013721,-0.89780116,-0.36645246,0.025693346,-0.35039857,-0.24470891,0.5477666,0.79815716
10837,-4.617195,-0.041960634,-0.71987295,-0.116358355,-0.15593779,0.13631512,-0.14435206,0.20338717,-0.026196213,0.41690972,0.40988025
10838,-5.5024676,-0.2674747,-0.9123602,-0.52146983,-0.5543738,-0.11194431,0.40071848,-0.164273,-0.28643644,0.11566164,0.5610096
10839,-6.288423,-0.17878364,-1.5159751,-0.9448216,-0.29029322,0.1531717,0.28041354,-0.13830893,0.34065825,0.79564434,0.5583242
10840,-7.1967726,-0.35224295,-1.2681736,-0.49880517,-0.5820365,0.2777695,0.047444783,-0.018780015,-0.48603642,0.3729832,0.48583433
10841,-5.6419024,-0.293073,-0.9538734,-0.685751,0.054990932,-0.08037928,-0.30503982,-0.13743106,0.17153001,0.7087017,0.3540277
10842,-7.189014,-0.22120836,-1.5508044,-0.28219303,0.2794708,-0.22043774,-0.33608705,-0.009806789,-0.3035825,0.07344864,-0.13197224
10843,-3.4934018,-0.04093334,-0.9074838,-0.53714454,-0.2113971,0.14794546,0.12408441,-0.32272726,0.12246517,0.19755886,0.40771872
10844,-5.0312366,0.008508214,-1.3160717,-0.85704327,-0.12010851,-0.033859465,0.13019072,-0.34577027,0.11361755,0.5003204,0.44488448
10845,-4.4830427,-0.08463476,-0.9095376,-0.20945859,0.0030454593,0.18642704,-0.14560644,-0.048415273,-0.19276845,0.30771655,0.20511305
10846,-4.197645,-0.11703096,-0.8670322,-0.26823708,-0.046120815,-0.2693451,-0.1612549,-0.11606822,-0.12466037,0.34327447,0.115268044
10847,-5.821639,-0.019122917,-1.2773137,-0.679279,0.2345401,-0.123998016,-0.17274985,-0.51570034,0.03097478,0.3088394,0.03477977
10848,-6.0476727,0.08765225,-1.1725028,-0.37744436,-0.3176333,0.14418362,-0.044315163,-0.0028909547,-0.04551337,0.6694475,0.1948826
10849,-4.9992285,-0.038257375,-1.2644901,-0.094425455,0.14587805,0.10992168,-0.12300178,-0.25189114,-0.35924035,0.44050044,0.06785018
10850,-5.8066087,-0.3914957,-0.993404,-0.8482654,0.16467513,-0.22081695,-0.23141734,-0.1319891,-0.22562046,0.30658352,0.17990467
10851,-5.601636,-0.19142823,-1.3062007,-0.92869526,-0.26257992,0.03549002,-0.1940194,-0.59525496,0.1524984,0.29317784,0.34213677
10852,-6.223511,-0.17901742,-1.6607721,-0.83051646,0.0022945735,0.5104676,-0.23778954,-0.3565653,0.4152337,0.80269766,0.19510314
10853,-6.117978,-0.24863176,-1.1077366,-0.47718635,-0.2746913,-0.2988097,0.18370588,-0.2655309,-0.032082096,0.27666366,0.7743974
10854,-6.9983377,-0.3772579,-1.6687214,-1.212602,-0.023239654,0.12652606,0.01343872,-0.6682999,0.19487637,0.54370886,0.4254477
10855,-6.0120926,-0.40896735,-0.92855483,-0.74692035,-0.03727679,0.6545154,0.0019043954,-0.3853901,0.24051775,0.6881633,0.3109308
10856,-5.811901,-0.323162,-1.0480982,-0.7906425,-0.5150597,0.10943411,-0.065392226,-0.148234,0.3658773,0.5131731,0.55878735
10857,-3.530607,-0.1540142,-0.7378738,-0.5558521,-0.3913578,0.014156116,-0.061900415,0.052762553,0.039202966,0.52626985,0.35091138
10858,-6.4228616,0.14406036,-1.2523917,-0.06361146,0.39064854,-0.08882486,-0.026516892,0.27690455,-0.26158407,0.24401985,0.20889366
10859,-4.8246174,-0.15263802,-1.1878338,-0.40510756,0.11478623,0.008365906,-0.048580986,0.011366354,0.008577559,0.29052386,0.09423539
10860,-5.3443737,-0.17777143,-1.1874013,-0.70929575,-0.057042718,0.24908824,-0.11726206,-0.37857574,0.20685829,0.30462387,0.2944366
10861,-5.958174,-0.40605187,-1.2249852,-0.5925598,0.064549685,0.053500626,0.25915238,0.046076573,-0.12571833,0.24256372,0.30144998
10862,-4.3835125,-0.12735575,-0.7166538,-0.62752813,-0.5749681,-0.21207038,0.05563793,0.09080445,-0.0030137468,0.42466453,0.418468
10863,-6.417685,0.14524199,-1.3607991,-0.5507988,0.22501993,-0.11044338,-0.059702635,-0.13636433,0.074923776,0.47614214,0.4451949
10864,-6.3567424,-0.016673334,-1.201057,-0.76868874,-0.3452396,-0.022482686,-0.010177451,-0.1894129,-0.08511141,0.33571804,0.88485867
10865,-6.9968243,-0.36182994,-1.3105103,-0.84669304,-0.33669215,-0.07054167,0.0011640163,-0.46964824,0.44136482,0.74848634,0.5575183
10866,-5.588109,-0.20216581,-1.0496258,-0.29120865,-0.075502776,-0.20432113,-0.050724573,-0.2813428,0.04512597,0.3545029,0.42800623
10867,-4.214636,-0.106421106,-0.75255936,-0.4024851,0.09687333,0.24634494,0.5381987,0.30030653,0.023827918,0.4268189,0.22622336
10868,-6.3537273,0.0049280785,-1.251371,-0.5704135,0.19269085,0.3261863,-0.20894264,0.45638078,0.078650385,0.65075284,0.29074177
10869,-4.9854064,-0.4905338,-0.71322656,-0.7555152,-0.84078526,-0.12830366,0.11931313,-0.09204465,-0.10755043,0.43574405,0.5003619
10870,-5.6833467,-0.3063906,-1.1271377,-0.36882275,0.04281387,0.38693595,0.07725645,-0.26397014,-0.32583034,0.35559875,0.2247583
10871,-5.3024807,-0.06658072,-1.0849669,-0.19406788,-0.10270107,0.04080847,0.14636502,-0.15959582,-0.14691994,0.29336298,0.371221
10872,-5.6747174,-0.22092636,-1.2839539,-0.31151134,-0.19766061,0.06678725,-0.068296105,0.13643111,-0.060232133,0.6711703,0.33479038
10873,-4.57774,-0.13307337,-0.8416386,-0.6461133,0.15024835,0.100177765,0.08566118,-0.10709287,0.049168788,0.089118615,0.12936328
10874,-5.0318384,-0.20441149,-0.9943086,-0.4236149,-0.1931372,-0.03959058,-0.0046473416,-0.18681172,-0.10303916,0.26668936,0.3866023
10875,-6.0759997,-0.14725897,-1.0414181,-0.7275822,0.11742417,0.009954752,0.21600085,0.007424582,-0.14122227,0.19917078,0.44738647
10876,-3.8832388,0.081974,-0.6325756,-0.3549375,-0.12187501,-0.34225333,0.094059356,-0.0013611531,0.11345234,0.44940493,0.19697213
10877,-4.0354595,-0.022764478,-0.9795092,-0.2969147,-0.14480264,0.2342722,-0.16315481,-0.061968625,-0.017227953,0.34221664,0.012108717
10878,-7.446796,-0.065451846,-1.4595277,-0.9043366,-0.6138703,-0.44209695,0.14697105,-0.3174256,-0.3589715,0.31742877,0.8052628
10879,-4.448777,-0.15577015,-0.7082425,-0.4765826,0.01453769,-0.10538043,-0.10689776,-0.08451976,-0.19028597,0.34073842,0.010309954
10880,-5.555016,-0.09027003,-0.86576355,-0.6496603,-0.30033582,-0.5811922,0.24259004,-0.09771783,-0.3241696,0.3877762,0.23170839
10881,-4.6717725,-0.105608925,-1.3436253,-0.79927534,0.008346456,0.24684629,0.19557998,-0.35189983,0.25754347,0.69127303,0.4059758
10882,-4.3428845,-0.21685013,-0.6107585,-0.70038086,-0.120209776,-0.11511119,0.022205565,-0.27365878,-0.04085414,0.18010052,0.32505396
10883,-4.110451,-0.21326092,-0.90905607,-0.3681354,0.08075052,0.01390101,-0.12225961,0.118617706,-0.21742809,0.2511369,-0.011329048
10884,-5.1530433,-0.04348945,-1.572699,-0.20650314,0.28640327,0.18019699,-0.10276313,0.2729263,-0.1857148,0.14427863,0.01412434
10885,-4.853221,-0.15750553,-0.94256085,-0.056332782,0.3293875,-0.059222758,-0.15084824,-0.28964546,-0.3200391,0.09465757,0.15199316
10886,-4.3004603,-0.0908691,-0.74671674,-0.22947073,-0.00044118194,-0.14032489,0.107635096,-0.08515818,-0.086293414,0.06552153,0.1327634
10887,-6.924375,-0.4607378,-1.1068397,-0.73735136,-0.36996233,0.12916481,0.16674581,-0.11398331,-0.39129105,0.37546203,0.76205575
10888,-5.346734,-0.07939551,-0.66036755,-0.3909691,-0.06960031,-0.012415314,0.021197438,-0.11362656,-0.44501784,0.3097719,0.38832882
10889,-6.754036,-0.28692174,-0.85710686,-0.09649726,-0.085886426,0.38224566,-0.18643823,-0.6085507,-0.18854408,0.44068637,0.22300437
10890,-5.1476564,-0.059343744,-0.7759813,-0.6506564,-0.16082045,0.029046202,-0.050408464,-0.05806157,0.014603983,0.675471,-0.05040358
10891,-7.136269,-0.14549659,-1.4852873,-0.6469704,0.46040267,0.22086854,-0.23949198,0.117417425,0.20531361,0.32543108,0.30867177
10892,-5.7547426,-0.18039621,-1.0196686,-0.63263637,-0.22054492,0.3543628,-0.049053524,-0.47597224,0.038104944,0.3454551,0.15723197
10893,-6.282581,-0.19072048,-1.2579463,-0.41730484,-0.2596351,-0.14510296,-0.14048281,-0.007074099,-0.1561678,0.47813222,0.3580889
10894,-6.266354,0.0054504424,-1.0539712,-0.88937014,0.30523604,-0.0725488,-0.0722863,0.05999531,0.14757325,0.3247539,0.24415521
10895,-4.5557585,-0.33270553,-0.8756447,-0.6351517,-0.4280998,0.018881602,0.067668326,-0.1551493,-0.15851972,0.37628597,0.5347208
10896,-5.7013974,0.09530661,-1.6861238,-0.8069472,0.20857333,0.11305081,-0.17947844,-0.035428815,0.21715525,0.28669038,0.19849858
10897,-4.6841965,-0.27106875,-0.8038049,-0.39168927,-0.048893455,-0.020338349,-0.34308138,-0.19969754,-0.083405904,0.3492666,0.11297175
10898,-3.0401309,-0.08559475,-0.61943007,-0.39268368,-0.25055954,0.16828518,0.22387236,-0.024305573,-0.035734877,0.17085658,0.1972166
10899,-4.700446,-0.024380632,-0.6803331,-0.2919911,0.0016322942,-0.08560329,0.124722056,-0.10528617,-0.3384765,0.12860806,0.35422495
10900,-3.8836982,-0.1634398,-0.6912691,-0.35347077,-0.031228872,-0.18612313,0.050186835,-0.28283876,-0.26695535,0.35675645,0.15133184
10901,-5.7456675,-0.13363038,-1.2175312,-0.6559107,-0.251487,0.028731942,0.37132943,-0.45546964,0.09271715,0.35711858,0.4557587
10902,-4.0400586,-0.0317109,-0.7414595,-0.36830002,-0.073646024,0.100622766,0.17060916,-0.07988399,0.20958981,0.3163865,0.19160412
10903,-4.0905685,-0.037913945,-0.96291834,-0.23004754,0.21280871,0.19564204,0.0022952836,0.15491821,0.00060854945,0.42461234,0.3492093
10904,-4.720437,-0.14190525,-0.7836431,-0.852204,0.048507787,-0.11341245,0.11859388,-0.116568126,-0.056244627,0.48746255,0.2394032
10905,-7.227064,0.07187996,-1.065499,-0.602282,0.048201937,0.15685539,0.021617386,-0.03684739,-0.067151256,0.46876004,0.56408906
10906,-7.4512978,0.059746165,-1.8804939,-0.90478355,0.14268114,-0.27535456,-0.26148674,0.14234947,0.18448943,0.45742542,0.5926891
10907,-4.3569407,0.036623374,-1.0074801,-0.75286156,-0.21109398,0.061669625,0.14835192,-0.6027892,0.18728814,0.49359405,0.21401179
10908,-4.8769364,-0.10507796,-1.0835319,-0.4828247,0.008752985,-0.048916217,0.06935722,-0.18790239,-0.4474718,0.05152495,0.2837292
10909,-6.604049,0.065797314,-1.4353024,-0.56358695,-0.06612521,0.47954923,0.07959549,-0.5097043,0.09396637,0.4604632,0.56924266
10910,-5.2711153,0.023869071,-1.3264519,-0.7231615,-0.30608946,0.46925634,0.19045088,-0.050045066,-0.23375517,0.97211325,0.4873573
10911,-6.366536,-0.060604203,-1.5490158,-1.105398,-0.35634583,-0.4491833,0.25323567,0.16115437,-0.12424253,0.6571769,0.5344759
10912,-5.528691,0.05674578,-1.4683484,-0.41679943,0.016468665,0.030351965,0.012388436,-0.2949712,0.013714412,0.34657863,0.25169763
10913,-6.6167006,0.05722203,-1.686145,-0.9952837,0.123976074,-0.05016336,-0.34530792,0.066763796,0.2670715,0.85113055,0.38765967
10914,-6.7269053,-0.29699966,-1.4879624,-0.6861114,-0.4397934,-0.04742561,-0.04253051,0.011855031,0.23836309,0.5681237,0.55003405
10915,-6.9517107,-0.24509023,-1.3619181,-0.4748922,-0.018322775,0.35653174,-0.120475926,-0.01619252,-0.09207675,0.30036688,0.61240655
10916,-6.7849255,0.14401963,-1.1642146,-0.5405827,-0.16483817,0.23394203,0.07079603,-0.6307494,-0.3106693,-0.056063723,0.24934293
10917,-7.100045,-0.06295505,-1.6270144,-0.8834009,-0.19933076,0.071407,-0.19655791,-0.73160213,-0.10383266,0.6016236,0.25115845
10918,-6.0194106,-0.08359811,-0.88440925,-0.4345831,-0.68079424,-0.028698877,-0.05805739,-0.6008276,-0.524848,0.40251946,0.4150945
10919,-6.525817,-0.21818669,-0.98283523,-0.67410845,-0.37798128,0.07334832,-0.081903115,-0.12353548,-0.1429808,0.86465245,0.35815698
10920,-6.056909,-0.27654162,-0.7876479,-0.8210218,-0.4013857,-0.38128507,-0.16497968,-0.15206912,0.04980594,0.722038,0.2111601
10921,-6.5445023,-0.09618354,-1.8312271,-0.94200754,0.05360183,0.5046641,-0.2681238,-0.032387897,0.020220578,1.0796984,0.60634965
10922,-5.400923,0.025463905,-1.5222486,-0.67266774,0.03176991,-0.21501255,-0.22916882,-0.06737504,-0.2514335,0.50487906,0.31107816
10923,-5.9328036,-0.20723301,-0.9952882,-0.60044444,0.2700189,-0.20076871,-0.24654235,-0.29357693,0.31560817,0.685561,-0.011544288
10924,-4.332677,-0.13952796,-0.7461964,-0.04399332,0.061598424,-0.12322667,-0.34680906,0.252365,-0.26139423,0.4162539,0.020697284
10925,-6.490057,0.072619565,-1.4397238,-0.077191025,0.2830541,-0.00020679645,-0.018919539,-0.42829692,-0.5214052,0.5011826,0.05480634
10926,-4.5488877,-0.26433495,-1.1880064,-0.4218852,-0.041027863,0.15812746,0.07250925,0.12908654,-0.13031565,0.74832433,0.5209189
10927,-8.220952,0.1400807,-1.1820364,-0.88574475,-0.00077979174,-0.089663684,0.11411482,-0.5473593,0.1723697,0.77846736,0.5771741
10928,-4.689337,-0.14443016,-1.296417,-0.716687,0.1288184,-0.1195496,-0.23631676,-0.23260984,-0.16464749,0.24006903,-0.040349983
10929,-4.82408,0.0127459755,-0.9840709,-0.45662537,-0.39858633,-0.24087083,0.22463654,-0.1767521,-0.20781992,0.16867092,0.58351606
10930,-5.547343,-0.15304533,-1.0223308,-0.65641934,-0.61108756,0.11699679,0.5273803,-0.08181459,-0.11269061,0.28628296,0.48657537
10931,-7.2358313,-0.0039340435,-1.964333,-0.45174626,-0.7927555,0.064547114,0.015758049,0.099760406,-0.017487867,0.68349046,0.688704
10932,-5.5715413,-0.076868884,-1.1794473,-0.33524275,-0.3988176,-0.1424188,0.41705844,0.093891904,-0.24647824,0.5487307,0.3462746
10933,-5.7066927,-0.070464626,-0.96621054,-0.8362879,-0.1968101,-0.18002594,-0.15633442,-0.09779048,0.04470773,0.28522572,0.28164873
10934,-5.478982,0.038555,-1.3497008,-0.3964577,0.4657396,0.04171829,-0.13077842,0.21272534,0.0545469,0.17284516,0.14020531
10935,-8.455465,-0.34948787,-1.5972829,-0.89546853,-0.3086014,0.2295494,-0.12750135,-0.19840863,-0.053893536,0.90539175,0.22955444
10936,-4.6540546,-0.22847416,-0.95949036,-0.49526286,0.28882408,0.094163135,-0.18724343,-0.15549892,0.015662443,0.43425813,0.19898023
10937,-4.868793,0.08065926,-1.099044,-0.5128258,-0.19898477,0.30516297,-0.18034987,-0.29853997,0.13921879,0.6206533,0.04846181
10938,-5.5833807,-0.046804156,-0.8913568,-0.6459475,-0.07967758,0.16956508,0.110646114,-0.1570429,-0.31734204,0.3820022,0.4470814
10939,-4.170423,-0.035741128,-0.84611726,-0.64111865,-0.14854692,0.089617245,0.25295565,-0.15008327,-0.22131063,-0.0436323,0.2296097
10940,-6.190068,-0.1900612,-1.152422,-0.58055204,-0.4665483,0.18291797,-0.07376188,0.23903437,-0.17793173,0.8276717,0.25437647
10941,-6.1208143,-0.24129044,-1.1136452,-0.88577104,-0.010347238,0.15827477,-0.040520757,-0.6668232,0.11590755,0.107504204,0.24996763
10942,-5.488207,-0.1383601,-0.8859993,-0.8709588,-0.21022072,0.19081281,-0.25450468,-0.327398,0.19159895,0.54992384,0.4353006
10943,-5.339838,-0.13342993,-0.90954304,-0.28566542,-0.25545228,0.62137985,-0.05201806,-0.61748904,-0.12560086,0.5541465,0.16687968
10944,-7.2853208,-0.43766797,-1.6584548,-0.64248776,-0.09136927,0.97074586,-0.36225367,-0.7246032,0.14647269,0.32196036,0.4147364
10945,-6.323137,-0.49888298,-1.3137323,-0.9037156,-0.63020366,0.5713186,0.035089485,-0.09319847,0.24961697,1.0997028,0.6537199
10946,-6.376668,-0.21161439,-1.5627165,-1.0114625,0.053183224,0.26634264,-0.13604216,0.10085064,0.42632583,0.88542926,0.48429134
10947,-7.8204355,0.10950807,-1.6089679,-0.7320757,-0.311262,-0.4740414,-0.033726737,0.09146034,-0.29786378,0.57333857,0.45769855
10948,-5.343865,-0.4703449,-0.9117352,-0.7706243,0.10232357,0.16515721,-0.016603053,-0.13964804,0.22844867,0.47188497,0.25494424
10949,-4.8046346,-0.100746885,-1.1039951,-0.30942467,-0.033474747,-0.101434685,-0.34432024,-0.050042495,-0.2184904,0.50548035,0.18691666
10950,-8.041058,-0.39583948,-0.8366742,-1.0513698,-0.49941337,0.053067457,-0.4592383,-0.49268797,-0.21156736,0.5583514,0.6893142
10951,-6.741987,0.14465053,-1.2500657,-0.71985644,0.07495104,-0.085744955,-0.11965496,-0.20731692,-0.05996269,-0.21277966,0.22313207
10952,-6.584025,-0.3774664,-1.4066719,-1.1107974,-0.55799264,0.13277782,0.16304438,-0.34164956,0.76915276,0.8558741,0.44165373
10953,-5.38677,0.06184937,-1.033819,-0.67117846,-0.036598653,-0.10715585,-0.07623448,-0.29947144,-0.023180509,0.49281815,-0.15677083
10954,-6.3529286,0.13383986,-1.3879917,-0.15229495,0.71870595,-0.2886355,-0.28408387,0.08928801,-0.21903144,-0.0005165804,-0.0531409
10955,-6.38615,-0.20554672,-1.0834128,-0.7730409,-0.3186389,0.28621584,-0.19755219,-0.12846982,0.15965202,0.7941568,0.38711134
10956,-5.4632716,-0.079679176,-1.0815275,-0.8436651,0.18598253,-0.22067398,-0.0728857,-0.6007659,0.2770535,0.47734755,0.030283537
10957,-6.153035,-0.089527175,-1.3021836,-0.5990071,0.33285964,0.00066378294,0.0421397,0.36691278,0.019319674,0.45090824,0.17517887
10958,-5.654856,-0.26908353,-1.0701668,-0.68981725,-0.33872652,0.4007768,0.33767438,-0.4423901,-0.10069986,0.6583215,0.65099996
10959,-6.4921913,-0.46954164,-1.2297778,-0.67573774,0.16696864,-0.17523055,0.27190644,0.47014463,-0.038650878,0.6708098,0.38823736
10960,-6.0309854,-0.18251862,-1.2404466,-0.5536501,0.13573273,0.29816502,-0.22512251,-0.3623973,-0.17787005,0.29341555,-0.100729324
10961,-4.596671,-0.026848663,-0.9244032,-0.6226725,-0.26825324,0.10493246,-0.050419416,-0.0063927025,0.21364497,0.5353354,0.4676872
10962,-5.6033583,0.1126923,-0.7115649,-0.2410954,0.03903676,-0.08279423,0.092664644,0.05212058,-0.23908822,0.22513956,0.18275452
10963,-4.2793784,0.13508093,-0.83111876,-0.34100318,0.056849316,-0.10603279,-0.08817276,-0.10921451,-0.063528605,0.22803396,0.3805196
10964,-5.6084385,-0.23722897,-1.1232413,-0.34597722,-0.41791216,-0.49424,-0.037394375,-0.08278789,-0.03801661,0.4332764,0.29433653
10965,-4.6397376,-0.06133445,-1.1827368,-0.5227154,0.21117619,0.3656717,-0.0894905,-0.22622679,0.1253745,0.57038236,0.26506728
10966,-6.858358,-0.091361545,-1.3549336,-0.22032024,0.23016176,-0.31641114,-0.20598501,-0.15207475,-0.2669715,0.09285781,0.22307898
10967,-5.2330503,-0.02176841,-0.95292574,-0.75906146,-0.17492484,0.12297269,0.05490552,0.054672442,0.14479527,0.61014587,0.5809755
10968,-4.9874234,-0.052228328,-0.7807998,-0.72509754,0.06478796,-0.08229242,0.09012588,-0.23391578,0.08292724,0.41369763,0.5232515
10969,-5.740004,0.099125154,-1.008928,-0.5688379,-0.113613866,0.03722748,0.13224024,-0.10187671,-0.03199978,0.37775445,0.25837505
10970,-6.118321,-0.23955275,-1.1095374,-0.45202473,0.19543932,0.02351092,0.008182913,-0.16452135,-0.18094721,0.6898607,0.41333994
10971,-5.2080235,-0.26186207,-0.8743673,-0.71303475,-0.27055472,-0.12374595,-0.011329283,-0.054997735,-0.06145604,0.12587826,0.19095227
10972,-7.6325593,-0.105238065,-1.4103543,-0.94940907,0.156187,0.04465783,-0.0663628,-0.16382983,0.1565447,0.73199165,0.30066645
10973,-3.9313679,-0.08424945,-0.706574,-0.42028594,-0.24730545,0.033848096,0.11822194,-0.11638031,-0.2419535,0.18487458,0.15884896
10974,-6.2778907,-0.0523856,-1.0233636,-0.9205176,-0.18247303,0.38238096,0.25506186,-0.16774307,0.11230487,0.733735,0.5365868
10975,-6.0931325,-0.25798255,-1.3484821,-0.60736495,0.548324,-0.3231926,-0.5176172,-0.072660506,0.026652638,0.40137297,0.072429195
10976,-5.7399635,0.12233003,-1.1340631,-0.5118318,0.105154224,-0.07455365,-0.048547294,0.21489176,-0.21728644,0.043212943,0.5409143
10977,-6.046089,-0.6361144,-1.2907709,-0.5378264,-0.10878552,-0.038869638,0.004447167,0.1697836,-0.07581776,0.5286105,0.63117725
10978,-5.8287144,-0.25360313,-0.6553518,-0.7531653,-0.45783645,0.015842065,0.3153133,-0.29141238,-0.27555338,0.4085501,0.45567012
10979,-6.225076,-0.3875888,-0.8529537,-0.7813863,-0.63619703,-0.018550547,0.3720616,-0.2246679,-0.30217493,0.36403716,0.69604695
10980,-4.8337965,-0.5211989,-1.0113386,-0.5598387,0.09998892,0.040684037,-0.32112926,-0.13197741,-0.035148725,0.42519638,0.22433527
10981,-6.2136,-0.11170461,-0.9428081,-0.735819,-0.024247631,-0.18788576,-0.27374965,-0.16845238,-0.061246358,0.3057679,0.3804086
10982,-5.708437,-0.33178237,-1.1130406,-0.63793784,-0.46503675,0.15610915,0.019245088,-0.108094715,0.016367476,0.35609815,0.58303016
10983,-5.9154034,-0.057369906,-1.1259077,-0.80741215,-0.28667244,-0.04766133,-0.051444124,-0.43598422,-0.21223724,0.5299518,0.668655
10984,-6.9427648,0.20100725,-1.2296802,-0.5773158,-0.32964596,-0.19085738,-0.0120853195,0.1367969,-0.10796536,0.6139025,0.5781661
10985,-4.757777,-0.07235296,-0.6688098,-0.35631883,-0.4265756,-0.2450553,0.1650247,-0.19536236,-0.14699146,0.18093418,0.63806784
10986,-5.660733,-0.06695575,-1.3680577,-0.5757842,0.050863106,0.16533215,-0.335379,-0.07618338,0.006176863,0.43833002,0.05496659
10987,-5.628168,0.022765685,-0.8570347,-0.36741328,0.0024382372,0.068185166,0.67558426,0.24991225,-0.18526867,0.53622764,0.35851404
10988,-5.6857247,-0.0022434024,-0.9352504,-0.43831122,-0.3696162,0.2074895,0.19689484,-0.747903,0.057925038,0.34992734,0.2958977
10989,-6.34426,-0.22812477,-1.3841423,-0.88002056,0.18888627,0.33346707,-0.18690701,-0.46305653,-0.045185097,0.25455907,0.16643375
10990,-7.6207137,-0.317822,-1.6764842,-0.600207,-0.18752602,0.29272515,-0.09005596,-0.28154632,0.018858932,0.46648684,0.4886735
10991,-5.608911,-0.14593266,-1.2996019,-0.6708144,-0.32606855,-0.043439187,-0.1013927,-0.5906997,-0.10777626,0.9653621,0.36837387
10992,-7.523363,-0.4324005,-1.6424111,-0.83967304,0.11883406,-0.14391884,-0.30292562,-0.13954979,-0.110135645,0.48147646,0.23960367
10993,-7.2289886,-0.27485105,-1.4645634,-1.1494186,-0.5147497,-0.15697233,0.03420282,-0.13986638,0.45671797,0.8547051,0.45889208
10994,-6.721909,0.06448612,-1.2976077,-0.73215044,-0.20095287,0.023436075,-0.18951279,-0.367603,-0.042969875,0.6446428,0.35265815
10995,-5.619901,0.063774854,-1.0075084,-0.5883339,0.13802116,-0.53413695,-0.22146304,-0.41228658,-0.075962506,0.48995945,0.008948529
10996,-4.124477,-0.14799514,-0.57702243,-0.43470612,-0.416156,0.16050224,-0.04844148,-0.37625563,-0.21627009,0.050976753,0.32303655
10997,-5.843312,-0.22848397,-1.1095277,-0.19608699,-0.254585,-0.21693535,0.26546764,-0.09220282,-0.24614172,0.26411545,0.32875234
10998,-7.2648983,-0.6101121,-1.733067,-0.70392126,-0.42420432,-0.09352938,-0.18886918,-0.015733927,-0.3394261,0.48197854,0.5510497
10999,-7.006485,-0.016979728,-1.4792279,-0.45549113,-0.57794416,0.13480358,0.05463545,-0.23086765,-0.18948416,0.44795159,0.72053653
11000,-6.477804,-0.20311096,-1.4408761,-0.4742209,0.20125614,-0.13058956,-0.07358681,0.04890936,-0.15284407,0.7581628,0.03252746
11001,-5.326439,-0.074699,-1.170169,-0.7000544,0.5039093,-0.109677546,-0.5645634,-0.16652858,0.1283574,0.32751969,-0.27221268
11002,-7.6743402,-0.1838094,-1.6062912,-0.49659032,0.37750623,0.003959911,-0.2609048,-0.25428104,-0.15006283,0.5387753,0.48869544
11003,-5.7780924,-0.14883499,-0.989818,-0.9255301,0.038124874,0.630204,0.13905858,-0.051263943,0.26818728,0.89949316,0.49696898
11004,-5.7985077,-0.20719162,-1.1744764,-0.80208355,-0.48421872,-0.24269257,-0.09226101,-0.2960907,0.30951473,0.57760173,0.6492886
11005,-5.940012,-0.09589492,-1.1288255,-0.6116237,-0.21979411,0.20446987,-0.26319948,0.066529855,0.09329712,0.40789625,0.5975452
11006,-5.267868,-0.27904755,-1.0265466,-0.8550803,0.037588585,-0.07248979,0.10016086,-0.48117515,0.1784444,0.25961256,0.6829591
11007,-6.85905,-0.17178118,-1.6129469,-0.98372096,-0.5555781,-0.105363764,-0.0042597754,0.25651765,-0.06817747,0.5749818,0.9302344
11008,-6.043716,-0.14655837,-1.2275782,-0.52237356,0.046138033,0.11154581,0.11087208,-0.1696687,0.18655376,0.4374036,0.31668246
11009,-5.250948,0.016529799,-0.5881588,-0.27705973,0.18086879,-0.3579328,-0.15380143,0.2307204,-0.17497474,0.11300595,0.02951812
11010,-6.079556,-0.07256628,-1.197676,-0.8683587,-0.2420505,-0.032142393,0.081027366,-0.36460355,0.13054563,0.70361143,0.56134707
11011,-5.2328258,-0.47366133,-0.51575637,-0.49351805,-0.26134652,-0.2768033,-0.063170955,-0.25303298,-0.5129348,0.4745487,0.3200637
11012,-5.800471,-0.015045396,-1.0354207,-0.20241481,-0.50047266,0.2878002,0.24496305,-0.24924254,-0.36625585,0.393061,0.15319306
11013,-6.701129,-0.1516935,-1.0789822,-0.7258334,-0.5249951,-0.1569343,-0.124062456,0.16977271,0.036496677,0.23590226,0.8754516
11014,-6.1179657,-0.08754582,-1.2700944,-0.8042321,0.073643036,0.54265404,0.024499197,-0.22150642,0.18776421,0.12599653,0.5202716
11015,-6.433433,-0.03797754,-1.6558383,-1.0860667,-0.24853355,0.01770042,0.3534546,-0.09666039,0.02361085,0.6806811,0.5790302
11016,-5.427193,-0.4928119,-1.1186736,-0.8938802,0.25186783,-0.004487712,-0.52856404,-0.1944398,0.0822758,0.36015722,-0.24975497
11017,-6.1838355,-0.028152138,-0.8935888,-0.6274384,-0.16656254,-0.11259895,0.20476905,-0.020556916,-0.44119814,0.09532817,0.5707436
11018,-7.685366,-0.0033237822,-1.6109977,-0.5059595,0.36786377,0.11998607,-0.076354235,-0.18664,-0.112115905,0.29210418,0.36990666
11019,-4.688836,-0.28592688,-0.9907271,-0.49468088,-0.48769704,-0.17641969,-0.042847294,0.021029523,-0.34812286,0.6564641,0.2739153
11020,-4.472353,-0.00399647,-0.85295737,-0.38175696,-0.3818847,-0.09464858,0.37016293,-0.14928232,-0.22296244,0.24133109,0.25190747
11021,-4.766509,-0.0569315,-1.0243381,-0.6844587,-0.031329516,0.25178507,-0.17850573,-0.46959898,0.26653478,0.48540634,0.00015491527
11022,-4.6932387,0.038888134,-1.1166186,-0.27791524,0.3216782,0.12703136,-0.23654157,-0.16933753,-0.10679754,0.061367337,0.01346387
11023,-6.3926163,-0.5708166,-1.2871238,-1.0789126,0.11575215,0.020701163,-0.3424978,-0.2509924,0.2905787,0.6098326,0.038087275
11024,-6.031756,0.082697436,-1.057635,-0.6902807,0.02528371,-0.32337445,0.09150195,-0.092212714,-0.071233496,0.31655157,0.16994518
11025,-4.5546927,-0.20521556,-1.0666019,-0.52680176,0.22403586,-0.25700986,-0.023619343,-0.18307893,0.12595221,0.4528045,0.12918061
11026,-4.21094,-0.33913058,-0.81337976,-0.31387872,0.13806744,0.13066885,-0.32636774,-0.22215527,-0.22379553,0.30695483,-0.15324987
11027,-5.671247,-0.3404536,-1.1454184,-0.5897974,0.027712192,0.2318766,-0.17309557,-0.11400794,-0.020193564,0.21608782,0.0069855764
11028,-7.1310463,0.07632737,-1.5085855,-0.6700912,-0.21366872,0.1488549,-0.104611,-0.15364593,-0.16946234,0.57764465,0.5731393
11029,-6.6335616,-0.3195287,-0.8026623,-0.48883146,-0.35582873,-0.53309536,0.21585725,0.083604775,-0.37198362,0.31475273,0.48094288
11030,-4.613124,-0.26857218,-1.2606659,-0.5998358,-0.0062619443,-0.20356612,0.033461243,0.093351565,-0.103833236,0.3795937,0.017247217
11031,-5.1821513,-0.10472542,-1.554054,-0.56603765,-0.104768336,0.09339671,-0.2186878,-0.0044768825,-0.039607145,0.40212297,0.23981418
11032,-6.35393,-0.026873637,-1.2214904,-0.442525,-0.25398052,-0.4031725,0.17820236,0.14161015,-0.3422475,0.0021948284,0.36569634
11033,-3.7092767,-0.13326451,-0.54408634,-0.5834151,-0.24836156,-0.1735514,0.07357411,0.12589517,0.0541989,0.36216965,0.40131336
11034,-4.7261953,-0.23267184,-1.0634623,-0.81309116,-0.65208656,0.032223143,0.17212804,-0.48444203,0.30532783,0.39218694,0.6500609
11035,-5.579824,-0.18137966,-1.3563602,-0.56700927,-0.16682978,0.46727347,0.033123955,-0.051483676,0.08824836,0.5496653,0.3618236
11036,-4.311772,-0.115033075,-1.1997908,-0.5669283,0.058166105,0.2899254,-0.017884515,-0.4655358,0.09596909,0.27524984,0.30124617
11037,-5.9767103,-0.24429263,-1.0224136,-0.35261402,-0.7332122,-0.07356548,0.49327716,0.051911756,-0.1495878,0.7441497,0.7301655
11038,-5.559424,-0.14179799,-0.9797685,-0.7270299,-0.16844064,-0.14419611,0.061210647,-0.143975,0.0009763548,0.39589065,0.56417537
11039,-4.0676103,0.064411424,-0.9625044,-0.61138487,0.00044870703,0.017932326,-0.08842941,-0.43587008,0.11498535,0.108629,0.20918246
11040,-6.226496,0.008055496,-0.87895495,-0.7272626,-0.5007083,0.21768722,-0.20859419,-0.64910537,-0.13072045,0.28252113,0.3724568
11041,-5.2083716,-0.054032367,-0.64552855,-0.55021596,-0.1592297,-0.24371,0.07012754,-0.16923319,-0.10136066,0.23608606,0.33068365
11042,-5.1614466,-0.3074922,-1.3099946,-0.7139234,-0.39760095,0.05009416,0.35197538,0.042834923,0.12557958,0.43171692,0.57540953
11043,-7.0654216,-0.09945418,-0.9858226,-0.70537734,-0.48897517,0.16002686,0.3055999,-0.4310682,-0.5047589,0.4655907,0.4696719
11044,-5.115226,0.015381409,-0.8994314,-0.51512694,-0.33567467,-0.2619474,0.07317828,-0.24217656,-0.08284885,0.3447269,0.32567433
11045,-6.210819,0.04715205,-1.1953588,-0.5595658,0.15703873,0.28822815,0.084478706,0.04946416,-0.03676682,0.4928339,0.3696194
11046,-5.3508983,-0.3246066,-1.0601807,-0.5294194,-0.33273557,0.2465854,0.046057865,-0.50049984,-0.09192972,0.86041397,0.17369245
11047,-6.6160316,-0.36530483,-1.0140275,-0.49236506,-0.08876268,-0.36226737,0.03909253,-0.28590748,-0.40875006,0.78983,0.35148713
11048,-6.9174004,-0.010485019,-0.87779254,-0.9744828,-0.12181952,0.28648013,0.3008148,-0.801048,0.10231858,0.5052598,0.45914242
11049,-5.5002685,-0.20095034,-0.8433701,-0.97297907,-0.20330122,0.13018578,-0.28376195,-0.68180805,0.01950241,0.28492182,0.25861552
11050,-5.3621216,-0.30382985,-1.1733632,-1.0757763,-0.043081507,-0.13215151,-0.31553152,-0.31905672,0.37232557,0.5572727,0.2507978
11051,-5.332468,-0.13907315,-0.7984019,-0.6170529,-0.32759553,-0.2462561,-0.10217281,-0.2338923,-0.0416089,0.42501372,0.64121497
11052,-6.519577,-0.20496295,-1.0155673,-0.95871514,-0.6283928,-0.0743912,0.32082155,0.036440346,0.015797893,0.49680606,0.5298419
11053,-3.8995159,-0.09983512,-0.83514816,-0.25444886,0.14146395,0.035124857,0.058506366,0.2564756,0.0350158,0.20085801,0.23179725
11054,-7.225181,0.13083757,-1.5375508,-0.8337317,-0.032269802,0.0806879,-0.35951924,-0.45800874,-0.053178236,0.80150795,0.4753755
11055,-5.5755973,-0.11038624,-0.7030012,-0.6526922,-0.23966587,0.09912237,0.06688946,-0.24462166,0.07149757,0.38504967,0.457574
11056,-6.89728,0.08272402,-1.5566388,-0.74572355,0.39450872,0.0076790727,-0.1944674,-0.1671627,0.092240274,0.3266725,0.2489125
11057,-5.005935,0.01308386,-0.7278643,-0.41973448,0.34613922,-0.29554385,-0.14050819,0.07891631,-0.12488066,0.29628977,0.28781796
11058,-5.08644,0.04117518,-1.0024924,-0.69216365,-0.18373923,-0.18427056,0.10478082,-0.102380104,-0.15363677,0.32049555,0.37458238
11059,-5.5318713,-0.05798391,-1.3653698,-0.7671822,-0.17771783,-0.26867855,-0.3240396,-0.25451282,0.10209343,0.39791155,0.17155956
11060,-7.030818,0.24076334,-1.3826827,-0.76172566,-0.14366135,0.024242757,0.23573013,-0.57005686,0.055178724,0.5193711,0.51041996
11061,-5.6432414,-0.36441693,-1.0593389,-0.6571088,0.20967159,-0.096284494,0.07154294,0.061610684,0.16326176,0.42100146,0.1919658
11062,-5.284092,-0.3508584,-1.1675351,-0.50064677,0.49035183,-0.21368107,-0.20936534,-0.015715277,-0.05255509,0.19586241,-0.10820036
11063,-6.578358,-0.20067206,-1.3430878,-0.83757263,-0.05295273,-0.14972991,0.20291306,-0.11472204,-0.03192889,0.72082305,0.34488612
11064,-6.2844133,0.08939066,-1.4836103,-0.33141223,0.07101559,0.016475355,0.0035325955,0.4724248,-0.2799998,0.38062274,0.26275855
11065,-6.179127,-0.019506045,-1.1408234,-0.82652706,-0.51828384,0.023337804,0.024499364,-0.23285085,-0.049741603,0.39692947,0.51171154
11066,-4.159563,-0.09688742,-0.89410007,-0.72673655,-0.23230544,-0.22795051,-0.092884414,-0.025915721,0.12477704,0.52370256,0.13956097
11067,-6.2130346,0.1276405,-1.1971728,-0.27758783,-0.3194747,-0.4966539,0.14776774,-0.10647441,-0.34073526,0.008919621,0.43881267
11068,-5.6398306,-0.061355118,-1.1030164,-0.31518874,-0.1152767,0.16187556,-0.11937041,0.050793603,-0.13121371,0.7686554,0.44808763
11069,-4.636346,0.031047162,-0.8063535,-0.20178759,0.08023351,0.17676888,0.0186292,-0.24572116,-0.27401465,0.5282942,0.099388346
11070,-5.363487,-0.05271775,-0.78418416,-0.6106686,-0.16587469,-0.16968158,0.03708929,-0.079075485,0.08528085,0.49753097,0.23070823
11071,-5.5470557,-0.014143025,-1.3869884,-0.47296742,-0.052093294,-0.013164397,0.000659246,0.00082057714,0.16532741,0.37593597,0.08537937
11072,-7.882452,0.13294552,-1.3493376,-0.83888876,-0.33029094,0.31601197,-0.19962287,-0.3910424,0.03782096,0.47423303,0.70977104
11073,-5.2344475,0.14201444,-1.0901278,-0.5701932,-0.42694286,-0.3814407,0.1621412,0.07061712,-0.33584577,0.39640337,0.4649202
11074,-5.2134047,-0.031787194,-0.90083987,-0.1269501,-0.0038614697,-0.011607014,-0.101503976,-0.30681962,-0.3645202,0.39745083,-0.067866534
11075,-6.0871553,0.041849457,-1.0067503,-0.39032713,0.11607003,-0.39908993,-0.19639175,-0.278419,-0.09439778,0.37768728,0.1173724
11076,-5.61885,-0.23585384,-0.92051065,-0.5874608,0.30391592,-0.27202314,-0.4364541,0.08251635,-0.2645035,0.36329544,-0.027801558
11077,-6.3245497,-0.24152921,-1.4751599,-0.91795653,0.024138834,0.037166484,0.022362025,-0.15252945,0.059763104,0.56675404,0.1262614
11078,-5.8521037,0.0416083,-1.0828501,-0.9065886,0.005088216,-0.32782418,0.015708158,-0.16255902,0.04529294,0.28769863,0.5048526
11079,-4.7696886,-0.2022568,-0.8038981,-0.40444902,-0.10092671,-0.18347758,-0.08825085,-0.09815277,0.020258587,0.40429258,0.44548035
11080,-6.0854197,-0.16786304,-1.6466619,-1.0079776,0.3002392,0.056938037,-0.2946311,-0.20842458,0.4088898,0.3397797,0.15085809
11081,-6.9668145,-0.07407797,-1.1259776,-1.0970153,-0.6166012,0.11441774,0.14811029,-0.08366249,0.097642265,0.7632403,0.7515713
11082,-6.9463425,-0.08846316,-0.89737815,-0.79770106,0.14238878,0.083808005,-0.0967098,-0.36559066,-0.23879518,0.30690295,0.52825296
11083,-6.2192807,-0.2102976,-1.0976778,-0.7385435,-0.027297804,0.3157252,-0.12962326,-0.79799616,-0.113413855,0.45513698,0.09716612
11084,-6.324966,-0.15892115,-1.5048712,-0.9192668,0.22176442,-0.01306965,-0.088290066,-0.29521754,-0.084120125,0.28950647,0.18820438
11085,-8.402011,0.23759067,-1.3631907,-0.7802667,-0.04004831,-0.21496953,-0.123085536,0.030300604,-0.31573412,0.14072591,0.688653
11086,-5.1238585,-0.0869383,-1.1691267,-0.1248544,-0.0028912234,-0.31947237,-0.17355374,0.05738452,-0.27508882,-0.011376361,0.18797852
11087,-4.8988643,-0.36046514,-0.8521857,-0.7596155,-0.12306953,-0.08366857,-0.38723823,-0.4632301,0.0841892,0.38714242,0.004994911
11088,-5.019631,0.25956252,-0.9271382,-0.4623888,-0.39611834,0.2692623,-0.067146584,-0.40012047,-0.060196325,0.2740813,0.32583478
11089,-3.6387365,-0.07743645,-0.8645931,-0.498675,-0.050198615,-0.30224472,0.11720342,-0.14906853,-0.16786088,0.3366519,0.340114
11090,-5.6801696,0.047982756,-0.992625,-0.45195186,-0.53267807,-0.044564944,0.33607832,-0.3787944,-0.33873078,0.18584412,0.40181783
11091,-5.9979606,-0.007598919,-1.297783,-0.13120098,0.1336828,0.28472608,0.13584301,0.30308294,-0.12181038,0.39390594,0.16198222
11092,-6.725948,-0.4619218,-1.676365,-0.6575678,-0.21170047,0.19326483,-0.12553029,0.12072199,-0.04140594,0.8982219,0.5126626
11093,-5.4803424,-0.14330393,-0.737488,-0.60249025,-0.5381527,-0.09390312,0.2275796,0.0008115461,-0.47309574,0.354674,0.2053766
11094,-5.2136755,-0.10038158,-0.91922504,-0.5731173,-0.33825114,-0.2057145,-0.051109347,0.050063856,-0.17253126,0.4155005,0.3359574
11095,-6.528783,-0.04033825,-1.3018256,-0.42028734,0.106463395,0.1501641,0.20944235,-0.1853323,-0.25308478,-0.025473133,0.31389344
11096,-6.3403745,-0.035237662,-1.0281953,-0.6456134,-0.24963239,0.29785347,-0.070575245,-0.41561088,0.0613555,0.5352755,0.52107614
11097,-6.336861,-0.48818648,-1.3690225,-0.9802529,0.050135296,-0.05915112,0.1268437,-0.29636222,0.13194047,0.6772497,0.7174562
11098,-6.029467,0.14273027,-1.0645809,-0.46497333,-0.028815234,0.0897058,-0.08983795,-0.26615107,-0.24888135,0.23270118,0.10268326
11099,-4.508832,0.013307158,-1.1044669,-0.48011947,0.3346573,0.17747201,-0.064574964,-0.08230855,-0.06412667,0.1813604,0.2337149
11100,-4.4396634,0.005722007,-0.70110404,-0.30036363,-0.19802848,-0.06014344,-0.07352863,-0.17853804,-0.01044322,0.37893727,0.20945099
11101,-5.6787786,-0.3395112,-0.822699,-0.7682873,0.19283278,0.5678393,0.23196426,0.023381557,0.19711773,1.0048597,0.4216791
11102,-4.1908484,-0.2311779,-0.9141851,-0.28579557,-0.76585317,-0.16949762,0.35806718,-0.070591755,-0.17693055,0.39894775,0.6235391
11103,-6.7168727,-0.0043392954,-1.091795,-0.3368242,0.2569958,0.20845725,-0.21474941,-0.41696727,-0.17795923,-0.060533244,0.34585512
11104,-4.5020504,0.014241958,-1.0193344,-0.24860954,0.17118989,-0.14421923,0.15706481,0.20996466,-0.25624976,0.25624198,-0.0096921725
11105,-5.679912,-0.2698032,-0.9244003,-0.72568405,-0.055004023,0.064326294,-0.122465424,-0.35342667,-0.039777003,0.40936118,0.27369335
11106,-4.7733355,0.18795729,-0.8096987,-0.05615376,-0.100605115,-0.18875432,0.24325472,-0.1138722,-0.40656707,0.26337293,0.09926127
11107,-5.8678627,-0.02467385,-1.2681609,-0.35909945,0.23708555,-0.5070992,-0.14950398,-0.009927629,-0.162334,-0.09520694,0.286442
11108,-9.0716305,-0.49208334,-1.3020992,-1.0071932,-0.670081,-0.43806058,0.21442667,-0.04089894,-0.3470238,0.928885,0.80470634
11109,-8.660041,-0.42778662,-1.2783017,-1.1471096,0.097435564,-0.25782222,-0.13045937,0.21016426,0.1402659,0.51057917,0.70013934
11110,-4.1991215,0.07973176,-1.0603633,-0.23837233,0.21753402,-0.1248595,0.09101515,0.07565966,-0.15396883,0.21455836,0.170413
11111,-7.0567174,-0.29432443,-1.3000326,-0.9018701,-0.350807,0.3921917,-0.10586649,-0.4268289,0.02142959,0.68215865,0.51340955
11112,-4.8833985,-0.53683096,-0.6809734,-0.8071297,-0.45681563,0.09628329,0.08632787,-0.36046928,-0.015135609,0.5615453,0.51632786
11113,-6.1381397,0.078654565,-1.40123,-0.6909561,-0.22667979,0.21877316,-0.46270406,-0.4817912,-0.24024568,0.41831785,0.22248338
11114,-5.2333364,-0.011118413,-1.2548357,-0.65099555,0.124423616,-0.15279977,-0.06728206,-0.1983733,-0.12979427,0.086116016,0.2028462
11115,-4.7915583,0.08268793,-0.8658604,-0.459257,-0.1378022,-0.4402181,0.23737493,0.21072921,-0.17648706,0.32621783,0.31265813
11116,-6.293699,-0.04691844,-1.1198261,-0.4628674,-0.49075958,-0.051354244,-0.22911826,-0.13878392,-0.10231242,0.38748688,0.27209845
11117,-5.383728,-0.16421483,-1.1620809,-0.82689536,-0.29872388,0.26260495,0.09911855,-0.63739425,0.0737537,0.60845745,0.30663612
11118,-6.0191813,0.11809902,-1.4235523,-0.36087558,0.26528153,0.0023499397,-0.25041056,-0.033558466,-0.45436186,0.18763217,0.33555493
11119,-3.7092452,-0.03239211,-1.0346202,-0.27938554,-0.09399682,0.13930601,0.19134656,-0.20846853,-0.13979456,0.18766305,0.17592353
11120,-7.950194,-0.28142703,-1.1202179,-0.9439466,-0.4390956,-0.1009093,0.44283226,0.043858446,-0.49048746,0.6298395,0.4478951
11121,-7.460783,-0.4025643,-1.4801836,-1.0218446,-0.036388505,-0.13762978,0.044069927,0.0760811,0.10865632,0.89234865,0.32468125
11122,-5.4939966,0.11491198,-1.2786748,-0.47642407,0.36725125,0.09538712,-0.24173008,-0.14776653,0.020442449,0.14825873,0.06370901
11123,-6.149404,-0.34606305,-1.1461321,-0.7047535,-0.2171571,0.08171494,-0.022680875,-0.30886215,0.026368715,0.63654625,0.42986873
11124,-5.0171676,-0.18969278,-1.0434359,-0.62174416,-0.079642564,0.29568213,-0.21522242,-0.23845017,0.02284933,0.71909314,0.15458035
11125,-6.2642527,0.051704112,-1.486158,-0.62715524,0.020632705,0.6163385,0.1194837,-0.24272579,0.16191718,0.43245167,0.22308572
11126,-7.827192,-0.022918582,-1.6776533,-0.31940112,0.2822032,-0.119423315,-0.33926648,-0.28819615,-0.30210125,0.021120645,0.23550239
11127,-6.465402,0.00015714671,-1.2543093,-0.78140104,-0.041791722,0.15545651,0.031528827,-0.38202786,0.04474077,0.90373176,0.25831023
11128,-6.9103923,-0.27766064,-1.0469445,-0.72899723,-0.58507985,-0.068745516,0.046808388,-0.86825687,-0.092737176,0.15458815,0.5743525
11129,-5.726743,0.10582166,-1.1090845,-0.1729245,-0.17170285,-0.17205584,0.08494155,-0.26262963,-0.019733561,0.45960373,0.23357925
11130,-7.2399015,-0.46641448,-1.7458421,-1.0687183,0.21029443,0.026536679,-0.40500668,-0.49121872,0.23874038,0.7090113,0.29818496
11131,-6.072989,0.011892278,-0.98956007,-0.36982352,0.07571298,-0.21262006,-0.045948986,-0.2237918,-0.57358813,0.13944502,0.23452595
11132,-5.3425455,-0.059582006,-1.0778884,-0.35491493,0.19397542,0.36558872,-0.0098918425,-0.33313587,0.026305834,0.05553636,0.14357719
11133,-7.2250953,-0.3094523,-1.2803655,-1.2250495,-0.6300757,0.16414689,0.49794325,-0.14848693,-0.013179487,0.8192569,1.0484939
11134,-6.4697757,-0.1833789,-1.2008768,-0.9822959,0.13680254,0.009008344,-0.4069219,0.001428687,-0.09664434,0.39939106,0.639152
11135,-4.3766217,-0.052132107,-0.7892153,-0.70908064,-0.16571829,0.12505195,-0.21875203,-0.42398065,0.119846836,0.29847383,0.27547735
11136,-4.06583,0.121279776,-1.0847499,-0.43385765,-0.019572249,0.020580802,-0.18530938,-0.2516795,-0.08640644,0.2770281,0.37883517
11137,-5.387056,-0.21567044,-0.94593,-0.39105678,0.0765419,-0.14474219,-0.06564137,-0.5025638,-0.29129812,0.2626439,0.19850641
11138,-5.4887185,-0.36853644,-1.2817383,-0.5044112,0.050971333,0.023059193,0.06794464,-0.049378604,-0.05481875,0.47705775,0.33000174
11139,-3.852767,-0.21546756,-1.0772003,-0.50979006,-0.08718704,0.18996845,-0.22002845,-0.320585,-0.03349319,0.33949435,0.33910617
11140,-6.027292,-0.1769252,-1.0939939,-0.8988058,-0.26614997,-0.2834831,0.54524565,0.17636622,0.054024614,0.35446602,0.4568903
11141,-6.095437,0.0011560265,-1.0447638,-0.4235651,0.12798406,-0.25155008,-0.13859755,-0.18039402,-0.17966369,0.39137378,0.021066643
11142,-5.429172,-0.16819462,-1.0151705,-0.7621574,-0.2175281,0.3030101,0.24385361,-0.15088263,0.044241287,0.5248381,0.5831217
11143,-4.441459,-0.18152027,-1.04931,-0.49043018,-0.16249962,0.18806897,-0.03961497,0.13413313,-0.022372393,0.53977054,0.16436818
11144,-4.6533494,-0.021113954,-0.75750154,-0.39460102,-0.13371697,-0.023172062,0.09879854,0.070351355,-0.098181,0.22143392,0.32811275
11145,-5.612423,-0.39127144,-0.83969516,-0.81682247,-0.36530304,-0.039480504,-0.009125997,-0.43196806,0.2735192,0.66917515,0.19066744
11146,-5.8643813,-0.14422254,-1.207924,-0.50819,-0.11886407,0.32302308,0.26456466,0.10781159,-0.14639573,0.828803,0.6400037
11147,-5.5354414,-0.14428358,-1.1553394,-0.7667138,-0.67458916,0.07156955,-0.1402654,-0.090007894,0.032479063,0.80190676,0.40395704
11148,-5.4133706,-0.33815628,-0.69216365,-0.2926814,-0.5334184,-0.19266593,-0.056878462,-0.27177954,-0.40891188,0.55390257,0.30725113
11149,-6.022892,-0.087746195,-1.7122945,-0.9027983,-0.055218887,0.055847656,-0.15102054,-0.4190649,0.3239052,0.43946514,0.49910063
11150,-6.5874114,-0.26956475,-1.4378449,-0.31303158,0.08899644,-0.16068389,-0.13906355,-0.20497884,-0.10893938,0.11648268,0.2624086
11151,-5.9765186,-0.39634883,-1.1660216,-0.7014931,-0.12255848,0.06150908,-0.2411846,-0.63336486,-0.0754925,0.6433677,-0.11974042
11152,-8.170519,-0.026171781,-1.6463246,-0.91426986,-0.114342175,0.18349639,-0.37768558,0.12438152,-0.44895548,0.115888044,0.408439
11153,-5.3239746,-0.47343057,-0.67614305,-0.84336334,-0.18091735,-0.10114239,-0.11307298,-0.08578545,-0.17973086,0.40613082,0.32922176
11154,-6.6512704,0.062751636,-0.87352943,-0.67926186,-0.27913058,0.18839008,0.04961844,-0.076541275,-0.22887507,0.54261583,0.109132215
11155,-5.1117034,0.07804403,-1.1008607,-0.38429362,-0.2501387,0.07924947,-0.1273854,-0.3364891,-0.2033051,0.23637913,0.36010852
11156,-4.6798177,-0.1042096,-1.0597426,-0.73783064,0.22902633,0.0032981047,-0.15195538,-0.35275722,0.08981184,0.21507245,0.28169438
11157,-6.1696587,0.15952878,-1.1876887,-0.56965625,-0.09556859,0.06484782,-0.30388007,0.03593368,-0.19888055,0.2193767,0.04592848
11158,-5.6163635,-0.18552355,-0.7939268,-0.35638937,0.0026820821,-0.02444188,-0.14289562,-0.19755718,-0.11075261,0.2665116,0.20836395
11159,-5.307532,-0.41821212,-1.128068,-0.79485416,-0.8222646,-0.069613956,0.22470921,0.04741271,-0.004632393,0.602669,0.43517238
11160,-6.7273498,-0.062199485,-1.2889196,-0.62476707,-0.2430769,-0.32034564,0.18764067,0.048984766,-0.377169,0.361647,0.4703677
11161,-4.989566,-0.35992897,-0.99785656,-1.173538,-0.31768775,0.38193095,0.037396252,-0.3520402,0.392213,0.7433266,0.5637968
11162,-7.535057,-0.25877213,-1.0491488,-0.7369333,-0.42154658,-0.54818135,0.034510355,-0.19261216,-0.10196436,0.4580201,0.23747568
11163,-6.01623,-0.3272277,-1.0694705,-0.61704564,-0.37053245,0.2733373,0.121806316,-0.341974,-0.15539438,0.16949761,0.5155822
11164,-5.3533087,-0.025404468,-1.2213243,-0.74299383,0.04493487,-0.10738637,-0.11092933,-0.10132418,0.17266835,0.27367848,0.26164728
11165,-5.340959,-0.1151824,-0.9981311,-0.343662,0.28331023,0.27654028,0.21528192,0.01674385,-0.22614299,0.6445623,0.2663267
11166,-7.0093913,-0.012761199,-1.627889,-0.9107597,-0.15052582,0.17345452,-0.11163864,-0.12084516,0.37377545,1.0037676,0.4537342
11167,-8.155862,0.019188369,-1.2343383,-0.8164813,-0.21387698,0.14733857,-0.197034,-0.40622908,-0.017483508,0.54828435,0.19739072
11168,-7.1053987,-0.061097723,-1.6364568,-0.82762,-0.24543765,0.15923642,0.027591597,-0.25370747,0.0041480875,0.42245176,0.10088409
11169,-5.397274,0.15910426,-1.0076433,-0.33958972,0.033595864,-0.035195988,-0.16047858,-0.06170045,-0.31799352,0.22154565,0.34009987
11170,-5.7138753,0.082996465,-1.0097344,-1.0873072,-0.9063817,0.063982315,-0.030703068,-0.36802405,0.11401143,0.55504763,0.38948706
11171,-5.6618547,-0.17675419,-0.9535524,-0.60375655,-0.06809089,0.26886433,0.189211,-0.18188068,0.17469291,0.5204378,0.51953536
11172,-4.4360456,-0.26059186,-0.8713747,-0.26406872,-0.14575386,0.009712367,-0.038740516,-0.09619023,-0.06492658,0.71358436,0.32654434
11173,-6.819437,-0.06806452,-1.4106054,-0.79171664,-0.045625314,0.045885816,0.12890238,-0.12260624,-0.1499977,0.27122346,0.9829442
11174,-5.657579,-0.051617533,-1.1553757,-0.52282816,0.11590555,-0.042445518,-0.20533471,-0.51276076,0.12660436,0.2809227,0.21186695
11175,-7.0691,-0.0750105,-1.5172583,-0.3679901,0.1987576,0.23165697,-0.3594,0.15986663,-0.36285087,0.18359466,-0.058796674
11176,-6.865712,-0.12830934,-1.5014197,-1.1347455,-0.09699482,0.16290985,-0.038304303,-0.46641314,0.45307016,1.1924537,0.80097836
11177,-6.083164,-0.17921747,-1.6281862,-0.23084784,0.067808814,-0.2377854,-0.25732598,0.055933543,-0.3251484,0.3756138,0.28867176
11178,-5.70746,-0.20460731,-1.3980503,-0.3849382,0.091965966,0.21852832,0.22284722,0.3373238,0.07729774,0.8678249,0.30878118
11179,-6.6816883,-0.4150603,-1.400576,-0.54834425,-0.058358394,0.55661756,-0.11307115,-0.3523144,-0.016766002,0.7962199,0.2201533
11180,-6.912616,-0.19992127,-1.2548169,-0.5077776,0.5214978,0.32642108,-0.11249492,-0.21474946,-0.20033714,0.2296953,0.09040005
11181,-6.6169705,-0.05068963,-1.3002641,-0.5432104,0.04870009,-0.007626909,-0.107029885,-0.2758928,-0.3738905,0.17043951,0.18422689
11182,-7.0626554,-0.21930283,-1.2716037,-0.7146671,0.05141321,0.111444645,-0.2124813,-0.15310295,-0.34827173,0.8858522,0.47503743
11183,-6.1342373,-0.25098735,-1.4132551,-0.7613583,-0.5654428,0.08973557,0.016470814,-0.08196063,-0.11271672,0.7703593,0.49319708
11184,-6.0786123,-0.40371582,-0.9304538,-0.72387064,-0.2963051,0.40158224,0.021993496,0.12382175,0.220274,0.94913286,0.64128274
11185,-5.4408193,0.12585281,-1.3792856,-0.44590506,0.26412845,0.031673778,-0.3197067,-0.2557888,-0.012767348,-0.1503437,0.16039735
11186,-4.7094145,-0.116752625,-0.80197847,-0.46590272,-0.18737027,0.40403533,-0.038697254,-0.5954713,0.14760368,0.28845114,0.24788862
11187,-7.3692875,-0.11287291,-1.1020416,-0.733986,-0.4075593,0.008256832,0.2767279,-0.012272228,-0.75984746,0.3225456,0.12107841
11188,-5.2121367,-0.026672967,-1.0042526,-0.4180635,0.0061876974,0.20799194,-0.1209139,-0.20588095,0.13442695,0.32557192,0.24284412
11189,-5.3852696,0.076893605,-1.1961341,-0.51907355,-0.46548715,-0.07534256,0.05132757,-0.34076732,-0.07052937,0.26450813,0.30372444
11190,-5.3695807,-0.16356683,-1.0299139,-0.37447748,-0.2936004,0.112469114,-0.22889715,-0.06246724,-0.08789768,0.6160089,0.59937423
11191,-5.1821785,-0.23837434,-1.3030858,-0.5351637,-0.2931644,-0.081012644,-0.047729634,-0.03483832,-0.012768015,0.31086338,0.11302867
11192,-5.6513176,0.041040067,-1.3467221,-0.83686125,0.171644,0.21815419,-0.030661494,-0.124674775,0.23174897,0.23883164,0.6617636
11193,-5.4272327,-0.02344279,-0.90910894,-0.70255166,-0.30763125,-0.2451102,0.20578468,-0.31913772,0.020531956,0.5281812,0.091108456
11194,-5.6768703,0.06722523,-0.8284305,-0.78547347,0.002584392,-0.34795862,0.12675548,-0.20544098,-0.17555538,0.15695189,0.29077587
11195,-4.633427,-0.15139405,-0.9357638,-0.6426162,-0.018598838,-0.11628339,0.1389514,-0.03909558,-0.23264067,0.15309241,0.071605526
11196,-5.796428,-0.24556486,-1.3187332,-0.87408274,-0.1931268,0.081165485,-0.24134971,0.01796725,0.011325332,0.6307414,0.5778785
11197,-4.3157163,-0.17415021,-0.80098486,-0.58777183,-0.2600085,0.046983868,0.21502885,-0.121725984,-0.030764448,0.6267043,0.6681568
11198,-6.59259,-0.2507301,-0.77114916,-0.5107635,-0.21942939,-0.097450286,-0.021680068,0.075013734,-0.14989224,0.5715824,0.7315051
11199,-6.4569726,-0.15703861,-1.1414324,-1.1635655,-0.78502136,0.029237868,0.056672722,-0.32812056,-0.024610003,0.42842826,0.6963453
11200,-6.3941283,-0.052805565,-0.98721963,-0.7551902,-0.6310267,0.32450217,-0.14745224,-0.4603455,0.27475372,0.6444124,0.48510712
11201,-6.5087023,-0.49096557,-1.3387094,-0.6086917,-0.12475821,0.083372906,-0.24788506,-0.39826223,0.0014431421,0.35890466,0.49773997
11202,-7.2680316,0.1517484,-1.7509598,-0.6646487,0.36064255,0.0023309742,-0.1286319,-0.07384865,-0.22923294,0.09789134,0.16744952
11203,-4.9583006,-0.11567626,-1.1463149,-0.76500267,-0.09295853,0.003997591,-0.04085083,-0.3542113,0.096669555,0.26506373,-0.12928858
11204,-4.147608,-0.1291789,-0.6445948,-0.5387098,-0.40879342,-0.43971252,0.26710868,0.03302746,-0.2060073,0.48460078,0.22878474
11205,-7.3494897,-0.09477813,-0.85464376,-0.8996343,-0.32364354,-0.23207952,-0.059028894,-0.025776474,-0.22335438,0.14969452,0.59238774
11206,-4.300624,-0.12769355,-0.5597134,-0.29308236,0.049498845,-0.010553237,-0.12583958,0.037433777,-0.0041783303,0.47212774,-0.07432561
11207,-6.3273897,-0.1991234,-1.7013385,-0.8809069,-0.5566758,0.2562189,-0.040972058,-0.16515039,-0.10430435,0.29817855,0.5772364
11208,-5.6085296,-0.070677534,-1.4090133,-0.29172215,-0.092693225,0.57775486,-0.063214004,-0.15727761,-0.02906545,0.21656631,0.20826018
11209,-8.984599,0.024585638,-1.8325517,-0.4248774,-0.3419476,0.272025,0.29864454,-0.5405773,-0.47168055,0.16393591,0.3904858
11210,-6.562369,-0.0030597178,-1.3255852,-0.6461751,-0.2112694,-0.15398508,-0.04530569,-0.11641865,-0.45256758,0.12429152,0.372036
11211,-7.1282067,-0.5601927,-1.160108,-0.7660934,-1.0601642,-0.2816623,0.06572125,-0.23983422,-0.5467185,0.36670756,0.63729405
11212,-5.9071274,-0.034017116,-1.3146956,-0.39290366,0.02563212,0.12501463,-0.17157699,-0.13882242,0.032252543,0.44416726,0.42487836
11213,-7.677808,-0.06334286,-1.0522923,-0.86691576,0.266135,0.024009813,0.4211693,-0.037866995,0.3848517,0.3272372,0.40809146
11214,-3.9899616,-0.116559,-0.9835216,-0.66813415,0.18117502,0.19526339,-0.100784875,-0.09880239,0.24299851,0.43609637,0.27103248
11215,-5.7728815,-0.4613952,-0.9753146,-0.869515,0.051991176,0.21903098,-0.06175153,-0.15019423,0.17611201,0.46793827,0.46605638
11216,-4.145441,-0.16245294,-0.833444,-0.3763992,-0.023039702,0.2794451,0.23121811,-0.02611669,-0.038573556,0.43627396,0.28500947
11217,-4.3676114,-0.18607198,-0.6164404,-0.4352176,-0.014792597,0.11475235,-0.07285496,0.0070332084,-0.04855001,0.3299422,0.2865294
11218,-6.168062,-0.12958908,-1.2001538,-0.55803627,-0.4002211,-0.053377267,0.28839114,-0.10476756,-0.32708853,0.5248737,0.35520738
11219,-7.1355004,-0.36085317,-0.8655547,-1.0698987,-0.55598724,-0.025422566,0.3058044,-0.5774913,-0.2821999,0.14037995,0.6679721
11220,-6.571365,-0.15474121,-1.0408096,-0.69322634,-0.041550174,-0.17140085,-0.19206108,-0.2299177,0.029620536,0.40575272,0.15982385
11221,-6.1964083,-0.25916377,-1.1081003,-0.9183572,-0.17058298,-0.010228928,-0.3594632,0.2941452,0.21397364,0.72962725,0.21997705
11222,-6.6195426,0.024736516,-1.3047781,-0.7741788,-0.08003133,0.07077587,-0.34905696,-0.26213166,-0.16651964,0.79262096,0.3876319
11223,-5.655519,0.05293787,-0.97184473,-0.37688664,-0.6799262,-0.3453455,0.24612199,0.004584951,-0.39502615,0.35659462,0.53181523
11224,-4.592352,-0.016182616,-0.84595263,-0.63279325,-0.46671414,-0.08309111,0.14695536,-0.060543314,0.006306057,0.1838764,0.4057328
11225,-7.38544,-0.12808801,-1.3766613,-0.70996416,0.079247974,0.102695614,0.0042267963,0.009296827,0.05086516,0.18853883,0.5599052
11226,-6.326053,-0.088215195,-1.2390633,-0.68104285,-0.026316358,0.28380132,-0.01303973,-0.19127707,-0.1152447,0.064167656,0.30483618
11227,-6.8744965,-0.037000306,-1.5381802,-0.68035257,0.36999762,-0.06361201,-0.37683165,-0.06450573,-0.040233254,0.43441918,-0.097387604
11228,-5.945305,0.17005152,-1.0630192,-0.7011143,0.23027803,-0.26717877,-0.18586491,-0.08829798,0.07400815,0.6369426,0.16787197
11229,-4.835007,-0.30819696,-1.2440201,-0.81546915,0.14359586,0.10023069,-0.23372118,-0.4295649,-0.019926636,0.11929278,0.25603384
11230,-5.168491,-0.4939547,-0.81499195,-0.711452,-0.20666668,-0.11337008,-0.011186163,-0.07018051,0.066114485,0.35927042,0.034328848
11231,-4.54256,-0.04954267,-1.132327,-0.20298809,0.09176476,0.051853333,-0.07070215,0.39295456,0.024039142,0.30844238,0.18001546
11232,-5.883652,-0.1342853,-0.92820597,-0.42906547,-0.46136957,-0.088888586,0.066499345,-0.3284348,-0.2195997,0.6021159,0.29686192
11233,-7.424248,0.17749204,-1.605022,-0.9110645,-0.199435,-0.2564718,-0.06231618,-0.040149167,-0.3671956,0.1360669,0.6134016
11234,-4.695682,-0.092976175,-0.97787666,-0.6011492,-0.21911938,0.29039037,-0.26436135,-0.51070493,0.2895368,0.25840122,0.11085842
11235,-4.879907,-0.16353114,-1.081356,-0.5136734,0.14165638,-0.0395138,-0.1391319,-0.09603351,0.05302044,0.6177503,0.17840943
11236,-6.793926,-0.288983,-1.0344026,-0.6801654,-0.42209348,-0.16635314,0.11637764,-0.2714678,0.15368366,0.8641281,0.47824022
11237,-5.6764436,-0.017394036,-1.3470341,-0.62349546,0.13367787,0.12983909,0.07236583,-0.22044343,0.38731107,0.5543364,0.23175225
11238,-6.735979,-0.2632985,-1.3286262,-0.8250664,0.40099418,-0.13023621,-0.25375202,-0.4069927,-0.01724031,0.66105723,0.045794487
11239,-6.656705,-0.4136154,-1.1734499,-0.77758753,-0.30767253,0.11764939,-0.15405504,-0.25383368,-0.35222036,0.6072826,0.2802275
11240,-4.4709263,-0.07150618,-0.9162383,-0.6838083,-0.2599556,0.15979788,0.36834726,-0.12505713,-0.17281273,0.50500846,0.32237777
11241,-5.56861,-0.17804676,-1.0550296,-0.3401924,0.11365326,0.12528756,-0.27242976,-0.32354376,-0.1158732,0.12278666,0.009732465
11242,-6.5847244,0.009180129,-0.6715099,-0.5848511,-0.084821954,-0.22215684,-0.12872878,-0.27194902,-0.5313699,0.03138427,0.2542954
11243,-6.1080866,0.09011226,-0.76319575,-0.5509848,-0.043072674,-0.15193889,-0.060830034,-0.46797717,0.0608918,0.6828398,0.27178752
11244,-4.6919847,-0.26062298,-0.9100556,-0.58105993,0.06730892,0.13065222,0.015124567,-0.11064089,-0.05109234,0.7968202,0.20009208
11245,-5.9932265,-0.10745437,-1.0277909,-0.769822,-0.3373425,-0.12064132,-0.19013713,-0.07582668,0.0966455,0.75379694,0.2930059
11246,-4.5450635,-0.25143477,-0.7973709,-0.39467877,0.3393626,-0.0572903,-0.32966328,-0.048205473,-0.048918493,0.67972815,0.04361368
11247,-4.997607,-0.28566188,-1.1762346,-0.59393704,-0.15382338,0.45247322,-0.13725065,-0.023974141,0.09672336,0.6250957,0.16150078
11248,-5.4904456,-0.10507273,-0.98323524,-1.0322291,-0.2240645,-0.05255316,0.15934257,0.09260945,-0.25202417,0.31734353,0.29849803
11249,-6.3018413,-0.3951368,-1.2029244,-0.92087513,-0.051326804,-0.03482283,0.005349434,-0.36919573,0.06953185,0.43407017,0.14706933
11250,-5.9573054,-0.13116863,-1.1255494,-0.76255655,0.10109988,0.052615486,-0.24235584,-0.20158581,-0.022813985,0.26640487,0.07843909
11251,-5.392487,-0.11917211,-1.42201,-0.7773491,-0.17283416,0.22880484,-0.0041666366,0.19762777,0.31985247,0.9757246,0.3844656
11252,-4.7312093,-0.29177648,-0.98231494,-0.61348087,-0.4526259,0.18249308,0.15606087,0.018453784,0.018628739,0.9830422,0.27470687
11253,-4.6020436,0.20610684,-0.70320106,-0.80980116,-0.24950868,-0.24402224,-0.13731791,-0.35780236,-0.06282454,0.50452787,0.22318168
11254,-6.1271114,-0.105127506,-1.0242437,-0.3399102,-0.14236082,0.3167243,-0.18403162,-0.23120977,-0.32367674,0.49839523,0.21092857
11255,-6.1320844,0.074670486,-0.62813973,-0.6594998,-0.296445,-0.28568888,-0.026200254,-0.15390001,-0.14664249,0.36606926,0.15089665
11256,-5.9893966,-0.23768336,-0.87149763,-0.48989552,-0.22568144,-0.005199326,-0.0005619731,0.036475163,-0.21797754,0.699247,0.3793834
11257,-5.6986203,-0.26094824,-1.1572776,-0.7195297,0.18502714,-0.35886455,-0.054811887,-0.06570146,-0.27208915,0.37652984,-0.11762544
11258,-5.260087,-0.0043902136,-0.8948702,-0.526723,-0.11229584,-0.11073818,-0.20653118,-0.51399237,0.03399668,0.07674098,0.39417067
11259,-5.055123,0.08764717,-0.937842,-0.62613297,0.18341814,-0.105006255,-0.080952406,-0.2168885,0.1323046,0.50749594,0.067326725
11260,-3.4786658,0.00077378564,-0.6373793,-0.24463418,0.114296235,-0.122042194,-0.07088266,0.08224126,-0.10576429,0.23607695,0.12718754
11261,-6.054103,0.036997974,-0.9712312,-0.5884889,-0.3865678,-0.2838152,0.030097924,-0.41593328,0.014012291,0.29783505,0.1561192
11262,-5.2300243,-0.106072634,-0.91765434,-0.5800185,-0.042698465,0.23172097,0.12847759,-0.43217885,0.02790616,0.12704702,0.37922013
11263,-4.5773606,-0.3868961,-0.8731934,-0.78385824,-0.35660514,-0.14062116,-0.07460712,-0.39928585,-0.089221686,0.719874,0.20136541
11264,-5.7730985,-0.1332961,-1.2611426,-0.7258682,-0.41238165,0.08828162,-0.10522269,-0.22194432,-0.22028261,0.5782974,0.61885756
11265,-4.888253,-0.09479122,-1.1352334,-0.91686356,0.061463498,-0.08065801,0.03456008,-0.1537898,0.30066204,0.1875123,0.35867593
11266,-8.863489,-0.12432888,-1.2395964,-1.2862276,-0.59670556,-0.70951116,0.10853507,-0.35932732,-0.25799942,0.2663078,0.79525024
11267,-4.520577,0.0067691,-0.7617327,-0.64815784,-0.37697673,-0.077658,0.41355485,-0.059584737,-0.07570314,0.49061173,0.5772619
11268,-6.827248,-0.22944152,-1.4562279,-0.71958756,0.44441092,0.3646103,-0.35653824,-0.58837146,0.34602615,0.6533254,0.33519462
11269,-4.827139,-0.15502277,-0.7824713,-0.4986441,-0.21255477,0.023179784,0.018696338,-0.28310236,0.045489512,0.33613604,0.21349579
11270,-6.09704,-0.033627834,-1.0820162,-0.8282335,0.02293243,0.19023016,0.16909434,-0.32583642,0.024968917,0.25981197,0.25975314
11271,-4.8405724,-0.07811458,-0.8696298,-0.31176344,-0.2187753,-0.03532118,0.23243652,-0.11273348,-0.17611097,0.16802847,0.23111376
11272,-4.103922,-0.023119878,-0.86041725,-0.35491678,-0.002466491,-0.11188865,0.06310614,-0.016235095,-0.25702903,0.37321132,0.00574077
11273,-5.0982285,-0.14012128,-1.2091918,-0.5111726,-0.18455857,-0.039451107,0.060170338,-0.3397405,-0.0078628175,0.08232467,0.4388292
11274,-6.367516,0.17387077,-1.284009,-0.6798456,-0.121472485,0.12317081,-0.107714474,-0.6222637,0.16371608,0.54516935,0.5208654
11275,-6.153569,0.231811,-1.4731821,-0.38225746,0.36203647,0.28337377,-0.27230403,-0.1937954,-0.06599736,0.4603781,-0.10759522
11276,-5.335954,0.059860937,-1.1423242,-0.7164385,0.11290954,-0.12230028,-0.09867818,-0.18757583,-0.12360121,0.24975388,0.069168106
11277,-4.748566,-0.08428935,-0.87294406,-0.56102234,-0.542981,-0.020460788,0.024243232,-0.41511127,-0.2612375,0.2580205,0.36979255
11278,-5.127751,-0.004745827,-0.970175,-0.61153626,-0.06638353,-0.1763848,0.09037829,0.048306063,-2.7205795e-05,0.1804482,0.36189488
11279,-5.352681,-0.16598004,-0.66642946,-0.57427895,-0.22183692,0.19347827,0.10762869,-0.5200259,-0.13984837,0.18913212,0.249227
11280,-6.6282187,-0.36737934,-1.1248636,-0.8655437,-0.67696947,0.26077664,-0.02815561,-0.5093791,0.09437332,0.6755697,0.5050583
11281,-5.6025662,0.03880324,-0.876885,-0.58720154,-0.22204125,-0.30583668,0.27849826,0.009881358,-0.09791165,0.38124737,0.4077926
11282,-4.9211445,0.058312558,-1.1012532,-0.53000015,0.1412352,0.040878646,-0.13739586,-0.054354176,0.087455936,0.44771054,0.024598014
11283,-6.517865,0.10245374,-1.504215,-1.0225888,0.08431438,-0.024565596,-0.12232459,-0.50984716,0.14788496,0.3569702,0.34125772
11284,-4.9635353,-0.06171519,-0.8073755,-0.6284094,-0.2946994,-0.19304527,0.016278103,-0.015962072,-0.09240931,0.26867557,0.33245853
11285,-4.6699357,-0.120068,-0.73270285,-0.529073,-0.20245205,0.04172742,0.16566545,-0.34493273,0.18378466,0.60826224,0.11007584
11286,-7.1717076,-0.058437277,-1.3598274,-0.56043583,-0.3064265,-0.2018857,0.17764378,-0.15142417,-0.3534128,0.05579927,0.6666683
11287,-4.591219,-0.18420082,-0.7987642,-0.5190171,-0.21546285,0.13166624,-0.17841916,0.3196918,0.024250953,0.35471928,0.51817125
11288,-5.360695,0.024622343,-0.87674105,-0.4503812,0.044743698,-0.12077229,-0.09370002,-0.24422133,-0.23097743,0.37485412,-0.039753657
11289,-5.0113754,-0.33250675,-1.4903728,-0.6795749,0.16351563,0.41803586,-0.13364227,-0.18375047,0.15798807,0.46401793,0.37836868
11290,-5.7508717,-0.32436955,-0.9149212,-0.6783918,-0.35533103,0.11160788,-0.24041523,-0.4944043,-0.068120316,0.2511686,0.35374618
11291,-5.7296777,0.10529252,-1.3502659,-0.64765453,-0.051797275,-0.026497018,-0.44484583,-0.1842415,-0.06817728,0.17205131,0.12289248
11292,-5.0554852,-0.12198436,-0.8362355,-0.4357752,0.033293787,-0.053306516,-0.27131128,-0.32298225,-0.11684869,0.4248175,-0.1302898
11293,-5.059375,-0.20515124,-0.8356986,-0.8527336,-0.23437248,-0.049479127,-0.0152854705,-0.4641335,0.07067572,0.42606944,0.24282381
11294,-7.203319,-0.31378055,-1.2095417,-1.0025061,0.19191185,0.52759504,-0.2167371,-0.3833518,0.009740345,0.1299397,0.1285987
11295,-8.203466,-0.24825637,-1.342414,-0.8331146,0.408924,0.22900188,-0.53971857,0.23440826,-0.16191563,0.46745166,0.45588338
11296,-5.6548467,-0.0046927156,-0.900722,-0.8643646,-0.13184977,-0.17241773,0.046953678,-0.46584654,-0.083039954,0.4549309,0.22036473
11297,-4.3240223,-0.04094939,-0.5855186,-0.34177288,0.18667391,-0.2244335,-0.30561012,-0.2660788,-0.16689827,0.59358543,0.051093783
11298,-5.855663,-0.09964051,-1.2817416,-0.78171015,0.049619522,0.09817308,-0.4510239,-0.39154437,-0.061406463,0.82594264,0.47954097
11299,-4.263044,-0.2727972,-0.6997537,-0.45031586,-0.24513629,-0.031453043,0.0051929615,0.16633308,-0.30379167,0.43190977,0.2967035
11300,-5.0480576,0.025000576,-1.0278364,-0.8266019,0.087674804,-0.35269833,-0.31357083,-0.20181036,0.03719347,0.38842845,0.13673359
11301,-4.537713,-0.1870398,-0.6655363,-0.5201662,-0.52186036,-0.27726722,0.00039460044,-0.3217546,-0.09998688,0.42414892,0.29341513
11302,-5.275947,0.15110503,-1.0599631,-0.3301495,-0.13821849,-0.094431415,-0.13361925,-0.03758601,-0.21432614,0.33673713,0.17301072
11303,-5.313809,-0.09963236,-1.095129,-0.6280771,-0.1727781,-0.24970452,0.052850198,-0.035388596,0.019240256,0.58019185,0.3380466
11304,-5.1038394,-0.21668944,-0.80801725,-0.59697145,-0.019233143,-0.19132584,0.0030859169,0.2969279,-0.17554791,0.36733228,0.04866428
11305,-4.7270465,-0.08669644,-1.1671424,-0.5022148,-0.0067141666,0.04107051,0.05182228,-0.08209522,0.20158206,0.24668327,0.4140706
11306,-7.084912,-0.11552448,-1.4623541,-0.50195664,-0.26746914,-0.15755774,-0.21598524,0.17652899,-0.40454033,0.45413533,0.24944338
11307,-6.1368365,-0.004035227,-1.0644287,-0.31048456,-0.057754584,-0.18237598,-0.1082561,-0.3075827,-0.29500437,0.36320078,0.12811723
11308,-3.4007494,0.012280208,-0.6232172,-0.09680162,0.055248428,0.0011760904,0.073031366,0.18474801,-0.026658,0.21995097,0.19682203
11309,-4.4039083,-0.0064408425,-0.9250565,-0.20279033,-0.17451175,-0.025858887,0.027497873,-0.2097987,-0.30477124,0.2680034,0.1385927
11310,-5.300268,-0.031582,-0.9384198,-0.35458657,0.08574727,0.06324989,-0.15461099,0.27563548,-0.30059913,0.4784752,0.3137069
11311,-6.2488723,-0.1490753,-1.1503372,-0.6685958,0.1910074,-0.1885016,-0.16874188,-0.07957665,-0.49420464,0.6156726,0.26187292
11312,-4.8400793,-0.024962164,-0.9225218,-0.67133373,-0.25451058,-0.011169078,-0.12889247,-0.24782568,0.10625492,0.43921348,0.37853518
11313,-5.310436,0.08804847,-0.60280466,-0.49734932,-0.27666363,-0.34055108,-0.049878437,-0.32445997,-0.16586347,0.086837,0.3224727
11314,-6.668277,0.0922342,-1.2961982,-0.6462802,0.17395984,-0.33259696,-0.22622274,-0.45294473,0.07900784,0.76048386,-0.17608787
11315,-4.759343,-0.26282054,-0.7270373,-0.613004,-0.41310653,-0.14637941,-0.11928389,-0.29028353,-0.17697217,0.31510955,0.27098387
11316,-5.5077786,-0.1132441,-0.9632152,-0.5742777,0.2728641,0.25523978,-0.26115257,-0.15230724,-0.07286028,0.24480623,0.2580583
11317,-5.2869377,0.021629374,-1.4297911,-0.80399555,0.19189326,-0.02485656,-0.27175763,-0.2688439,-0.018884493,0.35471994,0.16739105
11318,-4.1903243,0.06742557,-1.0965551,-0.3891063,-0.05793322,-0.047407616,-0.18030132,-0.11307188,-0.37312788,0.007206759,0.063668855
11319,-4.8598742,-0.056178566,-0.74716395,-0.35687727,-0.28733405,-0.06874604,-0.14043997,-0.24504066,-0.052762277,0.53117627,0.12008499
11320,-5.325502,0.02990913,-0.8440069,-0.42330056,-0.17431639,-0.033527058,0.2255461,-0.31970617,-0.41446015,0.32899275,0.42358285
11321,-4.7742953,-0.09289781,-1.5457809,-0.6595594,0.018347178,0.34326422,0.003259954,-0.14394039,-0.058766164,0.42990747,0.5630094
11322,-5.5026693,-0.2580933,-1.4880877,-0.5535478,-0.13751708,0.36085707,-0.3296502,-0.10688596,0.17315887,0.36783418,0.3620938
11323,-5.9834423,-0.14908838,-1.1497653,-0.69015706,-0.24947155,0.1705012,0.17357573,-0.059748553,0.029417189,0.5095835,0.3695236
11324,-4.849539,-0.06896225,-1.2497405,-0.62567043,-0.06602423,0.005331207,0.06457857,-0.18957192,0.12942645,0.5808749,0.42393193
11325,-5.355511,-0.16605116,-1.1714957,-0.47357997,-0.0022362457,0.045527708,0.18700361,-0.32941696,0.20058806,0.6533791,0.19710122
11326,-4.7109547,-0.3348549,-1.0005529,-0.6665357,-0.22360827,-0.08200134,0.119396195,-0.18275204,-0.0023295786,0.35803705,0.2553985
11327,-4.5121794,-0.19316773,-0.85111916,-0.27050295,-0.14598747,0.15268992,-0.047201812,-0.34667805,-0.115479484,0.62024754,0.28830534
11328,-5.8846602,-0.28902265,-1.199388,-0.70831746,0.13354944,-0.2285658,-0.19659244,-0.078261934,0.3541575,0.60349137,0.25001824
11329,-6.3432803,-0.060572404,-1.4649458,-0.524395,0.3144922,-0.077643886,-0.10460882,0.09889446,0.033546872,0.54666805,0.059777837
11330,-4.0272,-0.14434348,-0.63244116,-0.57675713,-0.01292298,-0.07784416,-0.09154826,-0.18931726,0.054355353,0.25931603,0.23124282
11331,-4.7158213,-0.0015170192,-0.937634,-0.4131901,-0.20699629,-0.068888254,-0.004178609,-0.16367307,-0.18947881,0.37362042,0.28518987
11332,-6.0362325,-0.45795882,-1.2403508,-0.9224437,-0.5676116,-0.115266226,0.12006107,0.22556339,0.014695139,0.50131273,0.8540165
11333,-7.1091657,-0.15944174,-1.8743682,-0.96289694,-0.33005384,0.0063983533,-0.13356608,-0.11325722,-0.03622423,0.80740774,0.8754676
11334,-6.7649164,-0.29545277,-1.6162233,-0.6480138,-0.1078441,-0.32786733,-0.061570153,-0.08343022,-0.28498563,0.65089273,0.1209163
11335,-4.174177,0.02316047,-0.6820326,-0.4897827,-0.19063887,-0.20084585,0.17981735,-0.08408874,-0.010424957,0.12805247,0.39055276
11336,-6.846696,0.17208254,-1.8787041,-0.58681107,0.022878911,0.054765716,-0.19645923,-0.38899195,-0.47118607,0.8275439,0.25205478
11337,-6.041166,-0.029518038,-1.2145407,-0.91874963,0.059451606,0.07361353,0.13425395,-0.3755645,-0.02772359,0.15756138,0.330168
11338,-6.6370397,0.048890956,-1.1276591,-0.5093728,0.0099958535,0.112482786,-0.3526805,0.002919773,-0.14368524,0.38432968,0.3171768
11339,-5.7245426,-0.014358825,-1.2092968,-0.6754288,0.10033131,0.117243685,-0.024087165,-0.3906434,0.07666675,0.4764202,0.09308189
11340,-6.842798,-0.38548875,-1.4369684,-0.6148307,0.12623285,0.62283295,0.08546027,0.10656425,0.04624044,0.6854515,0.4354469
11341,-4.827086,-0.07790351,-1.0992527,-0.6805021,0.44286123,0.025638737,-0.32509145,-0.0140595045,0.015994808,0.22943975,-0.060905382
11342,-6.0159893,-0.100040615,-0.98759156,-0.384895,0.015721893,0.22080454,-0.08562219,-0.005425726,-0.08124678,0.12011025,0.48617482
11343,-7.439176,-0.1831882,-1.6886688,-0.7574454,-0.5864182,0.122462675,0.068219386,-0.413022,-0.4915247,1.1429157,0.41778558
11344,-5.1768937,0.09631438,-0.93355733,-0.74257797,0.11717075,0.08098135,0.043639764,-0.3873023,0.3067504,0.29852393,0.46554893
11345,-5.729608,0.117820755,-1.3539072,-0.59409034,-0.010321751,0.48247457,-0.19300914,-0.003573805,0.16125448,0.62096184,0.21089156
11346,-4.977219,0.100173414,-1.0194142,-0.23254672,-0.07616327,-0.38060915,0.06657993,0.23995171,-0.36802748,0.4461208,0.2792265
11347,-5.411852,-0.1387055,-0.930898,-0.73427886,-0.44564503,-0.047906872,0.13507196,0.20817041,-0.12713538,0.3833593,0.6568344
11348,-5.0460668,-0.3034893,-0.9225144,-0.54146683,0.3360382,0.30212325,-0.16614576,0.22719793,0.0730191,0.40882355,0.2963697
11349,-4.2529526,0.06738538,-1.056587,-0.30190527,0.047451306,0.08808614,0.2755766,0.19514722,-0.06540517,0.13927631,0.44500855
11350,-5.9463935,0.050383385,-1.1137623,-0.4703041,-0.08595262,0.36183637,-0.008778612,-0.16097523,0.042001553,0.6393761,0.38778394
11351,-4.5181565,-0.27383295,-0.9869439,-0.24426961,-0.36360034,-0.13444695,0.22132282,-0.21787381,-0.19793852,0.41544843,0.40443555
11352,-4.920134,-0.013970275,-1.1711565,-0.80447465,-0.18785198,-0.27656752,-0.18230945,-0.100385986,0.15513162,0.27665934,0.3041197
11353,-5.889717,0.03200746,-1.0875987,-0.32890698,-0.22859173,0.23020951,0.19052635,-0.16576675,-0.31088462,0.24759288,0.1645185
11354,-6.2447596,-0.25890154,-1.1891421,-0.6573856,-0.26527637,-0.031288486,-0.030107886,-0.07537919,-0.27406207,0.5206058,0.6429436
11355,-5.8346715,-0.2823273,-1.1133865,-0.84756744,-0.7162229,0.12322651,-0.10042726,-0.36364093,0.13305102,0.63126165,0.65551
11356,-8.227379,-0.18514769,-1.4223664,-0.68586844,-0.035196993,0.039243672,-0.11338318,-0.3599477,-0.12107994,0.11148287,0.65525603
11357,-4.5803514,-0.2648373,-0.84513867,-0.28500572,-0.3910652,0.15310751,0.15253407,-0.024443904,-0.14310819,0.55989766,0.6208524
11358,-6.316819,-0.07517355,-1.7047975,-0.685252,0.25066164,-0.07332057,-0.14203027,0.08738448,-0.045171455,0.31369603,0.49079674
11359,-4.761004,-0.12205468,-1.1000127,-0.6009738,-0.007842112,0.02072534,-0.26241413,-0.12147739,0.117129415,0.4638934,0.14221299
11360,-4.0975842,-0.19848724,-0.93645436,-0.34962988,-0.31033534,-0.055697553,-0.07534072,-0.3127099,-0.17022909,0.32945147,0.41438162
11361,-5.725352,-0.05584931,-0.88074183,-0.75221896,-0.41676968,-0.09630216,0.093715414,0.17829342,-0.3252232,0.61054647,0.7869172
11362,-7.5183706,0.2245643,-1.2734739,-0.619477,-0.014762668,0.06406957,-0.13284752,-0.073414676,-0.12883002,0.5631726,0.18480563
11363,-7.6800265,0.32778427,-1.4838766,-0.9221378,-0.057849966,0.40436792,0.36117288,-0.4843054,-0.067447886,0.5141348,0.5212978
11364,-5.39471,-0.0035152836,-1.3273758,-0.29436734,0.26249748,0.0048359,0.1232001,0.21393126,-0.23204961,0.2691602,0.0030407673
11365,-3.8897119,-0.12553492,-0.54702264,-0.4014468,-0.28401622,0.13674825,-0.026383039,-0.028059883,-0.16235396,0.45645466,0.35924867
11366,-7.2676086,-0.2802021,-1.3385533,-1.196249,-0.4509694,0.03817837,0.30320528,-0.24386251,0.31912586,0.69965076,0.23968083
11367,-5.129265,-0.07691974,-0.9533056,-0.4508288,0.051913787,0.40792686,0.28260306,-0.3222967,0.15126315,0.38979155,0.20718028
11368,-6.618168,-0.2070925,-0.83734816,-0.62646765,-0.68552244,-0.040084343,0.06309554,-0.18592492,-0.326265,0.46401006,0.8297606
11369,-5.9528255,-0.348755,-1.2444515,-1.2159455,-0.48509172,0.5447995,0.16266814,-0.49825302,0.35406858,1.0665795,0.8693726
11370,-4.152969,-0.028729424,-0.5432101,-0.4899221,-0.06818853,-0.14264388,0.0872975,-0.2631596,-0.20196152,0.05063204,0.33623293
11371,-6.1945715,-0.18993212,-1.6306221,-0.60612386,0.32873538,-0.03827464,-0.2731207,-0.46890163,-0.13463749,0.39641884,0.118770584
11372,-5.827512,0.060446158,-1.1548909,-0.7097414,-0.39878526,-0.13517308,0.053820714,-0.7236742,0.0008909311,0.50820947,0.49419844
11373,-5.3677435,-0.03040582,-0.94529384,-0.46382344,-0.24251243,0.20001018,0.33413884,-0.40381032,0.06995027,0.5044103,0.40167812
11374,-5.8546114,-0.44327632,-0.90070045,-0.8651956,-0.056639194,-0.25916106,0.06911692,-0.4206866,-0.18025091,0.16190282,0.23502699
11375,-4.7468815,0.035186674,-0.8548449,-0.4636241,0.16271171,0.2032676,-0.21704584,-0.67872477,0.08513527,0.19218262,0.088564105
11376,-5.0607457,-0.09661365,-0.9976627,-0.37143147,0.14259653,0.28211325,-0.21172586,-0.12724452,0.013602383,0.1853964,0.06033039
11377,-6.9795637,-0.107162215,-1.3329948,-0.7301568,0.19749464,-0.03851367,-0.4648194,-0.5319892,0.012897514,0.1951774,0.38743657
11378,-4.8143597,0.28124332,-1.2037694,-0.5417782,-0.08669436,0.32651663,-0.14704044,-0.3136591,-0.015702413,0.30996072,0.2245925
11379,-5.2231913,0.046049304,-1.4863784,-0.23469588,0.4630651,0.1305411,-0.09945828,-0.0035067806,-0.17135173,0.21959692,0.010606966
11380,-4.7631135,0.06923692,-1.1113281,-0.8067258,-0.28544715,0.027162801,0.06556852,-0.2217807,-0.024277804,0.5542147,0.5314849
11381,-6.1448483,-0.22716151,-1.012641,-0.6765144,-0.11437471,-0.103971586,0.08288687,0.32173333,0.0715564,0.8783649,0.5022162
11382,-5.2916374,0.15044609,-0.9704677,-0.758783,-0.5155965,0.120732844,-0.20277397,-0.19354689,0.058983028,0.6516206,0.4133048
11383,-4.9867067,0.129902,-1.2817119,-0.5908472,-0.12869346,0.12695237,-0.0907835,-0.17705329,0.00040208362,0.3921925,0.22343245
11384,-5.521273,-0.09214007,-0.8055445,-0.55288845,-0.24285692,0.16387658,0.26575053,-0.33306634,-0.15577607,0.35200772,0.49022993
11385,-6.01343,0.002850973,-1.6879492,-0.63956714,0.26258296,0.2652551,-0.27247906,-0.15195945,0.10178015,0.19622816,-0.0038362565
11386,-5.2075734,0.12719128,-0.76842916,-0.57563907,-0.21184321,-0.08720832,0.05030061,-0.05777397,-0.040976338,0.24648613,0.3446747
11387,-6.3633957,-0.08811919,-1.3627132,-0.5152174,0.24029335,-0.21601652,0.14340112,-0.03011345,-0.25011313,0.15171698,0.43588558
11388,-5.686456,-0.37154698,-1.330194,-0.78994083,-0.018616786,-0.48777854,-0.0820872,-0.15605335,-0.24686466,0.26133075,0.053418852
11389,-5.677124,-0.2885515,-1.0287813,-0.6145726,-0.23914577,-0.21389812,0.0040713083,-0.18893513,-0.13872018,0.576217,0.16372447
11390,-6.1416764,-0.17509562,-0.969269,-0.40445277,-0.20779508,-0.0349135,-0.16983567,-0.2548966,-0.15945858,-0.020521134,0.36057845
11391,-6.134785,0.07530495,-1.2678632,-0.46799102,-0.27656627,0.06126441,0.26839352,0.3872364,-0.23442478,0.5681876,0.58370423
11392,-4.0059447,-0.057824973,-0.7994532,-0.5051673,-0.1413341,-0.043990422,0.064194,0.011328826,0.07320253,0.19717894,0.284903
11393,-3.750135,-0.16607508,-0.7824706,-0.403163,-0.44972008,-0.078907415,0.23911837,0.16013756,-0.12125662,0.37854266,0.4489046
11394,-5.4710054,-0.021047983,-0.86856854,-0.8042805,-0.2837967,-0.12741925,0.20990916,-0.048328206,-0.10698412,0.57684356,0.44546717
11395,-5.730724,0.122069255,-1.3837163,-0.7984252,-0.11219523,-0.087490246,0.14791496,-0.19894396,0.013938608,0.4615345,0.669557
11396,-5.1239753,0.014343298,-1.035472,-0.53523743,-0.25684577,-0.14518933,0.055218063,0.2675366,0.10094051,0.42246166,0.4722201
11397,-5.669486,0.02656956,-1.2310954,-0.75795114,0.36572325,-0.15827313,-0.016727954,-0.16818215,0.020302288,0.36863685,0.4102217
11398,-7.8660808,-0.5491119,-1.7219156,-0.95159906,-0.7328409,0.14021605,-0.061833523,-0.2007927,-0.1476211,0.59958625,0.9118069
11399,-4.263029,0.11563195,-0.75431883,-0.22195655,-0.024680614,0.08742742,0.20689751,-0.21703173,-0.15984572,0.32163003,0.106621854
11400,-6.4872327,-0.1440693,-1.3208323,-0.6813598,-0.51082057,0.12794463,-0.11354557,-0.28055084,-0.02437864,0.53104657,0.27816105
11401,-4.612994,0.0684279,-0.74615437,-0.40219676,-0.016060743,0.08303347,-0.05229737,-0.1848897,-0.24493928,0.113833405,-0.028556336
11402,-6.5873632,-0.18491489,-1.3710029,-0.4763235,-0.51625836,0.7644474,-0.12145204,-0.3861658,0.04475431,0.8598931,0.06336285
11403,-5.6892753,-0.36131775,-1.1642845,-0.6485143,0.122040726,0.14647721,-0.13372913,-0.31835657,0.070634216,0.6746878,0.77356434
11404,-6.82502,-0.07402248,-1.6553481,-0.6252795,0.13403654,0.111334845,-0.006011124,-0.27777922,0.27078414,0.37781632,0.360767
11405,-5.2486644,-0.44489202,-1.1457999,-0.5400756,0.25518355,-0.13020119,0.018600326,0.13641267,0.10125897,0.25790852,0.2349847
11406,-5.605386,-0.030344833,-1.1418282,-0.47575888,-0.13547526,0.2747314,0.17286724,-0.4127483,-0.27558318,0.6604095,0.1553577
11407,-6.96009,-0.76996297,-1.1643697,-1.1299912,-0.9267258,-0.59488803,0.099434696,-0.63128704,-0.02753619,0.6155509,0.72442085
11408,-5.765377,-0.0604801,-1.0455197,-0.1897511,-0.13210313,-0.14492017,0.02361698,-0.23239462,-0.22716501,0.29823226,0.332702
11409,-6.96396,-0.1055261,-1.7466896,-0.831174,-0.037874125,0.19628622,-0.23902768,-0.58904207,0.26967868,0.32352144,0.1317944
11410,-5.4819093,-0.019128155,-1.1194617,-0.5152408,-0.51736766,0.21134904,-0.12966587,-0.10661364,0.14695626,0.31062907,0.4474277
11411,-6.9196224,0.13302016,-1.7607553,-0.5764789,0.29387638,0.072394915,-0.38782105,0.08956125,0.011778749,0.4575193,0.2480544
11412,-7.2121487,-0.06554934,-1.5734663,-1.0436705,-0.18530902,0.23701867,-0.05584351,-0.17628059,-0.1481266,0.43823183,0.5980188
11413,-6.43363,-0.14813186,-1.2459047,-0.5921184,0.1563253,-0.2792089,-0.597364,-0.011167407,0.01605454,1.0262305,-0.08614014
11414,-7.976001,-0.09359112,-1.482359,-0.7369234,-0.040612385,-0.16497925,-0.34429333,-0.37333596,0.02919883,0.22703514,0.042919263
11415,-6.122388,-0.17414948,-1.1031282,-0.41030106,-0.31094655,-0.07988976,-0.006452729,-0.37984478,-0.33389908,0.59186715,0.5195436
11416,-4.9126196,-0.033804256,-0.9206859,-0.502649,-0.304976,0.08132223,0.11919077,-0.22058028,-0.037813097,0.39924294,0.27784407
11417,-6.6251683,-0.30952242,-1.346906,-0.89932615,0.222211,0.14208533,0.31853524,-0.048317187,0.01301555,0.33630565,0.4443715
11418,-4.2583666,0.07872687,-0.796908,-0.35182813,0.040016327,0.0076107327,0.01235144,-0.2246688,-0.22268322,0.21591249,0.118394025
11419,-4.7797647,-0.07789033,-1.279105,-0.9008479,-0.0095205195,0.15298879,0.08461779,-0.33721936,0.09645002,0.52523863,0.34370965
11420,-4.5631466,-0.0038567828,-1.0071255,-0.7282095,0.20303428,-0.25688845,-0.20105444,-0.12787442,0.13790888,0.53494465,0.18137346
11421,-5.119157,0.100202076,-0.68518966,-0.6813609,0.11893545,0.022159535,0.11371681,-0.25518045,-0.025176192,0.3526428,0.11711506
11422,-3.796288,-0.117079094,-0.6737225,-0.19052653,-0.010873603,0.07076423,-0.032835715,-0.06398981,-0.14891723,0.06315532,0.42788148
11423,-5.3047523,-0.18942751,-1.2555817,-0.4601351,0.229312,0.38078147,-0.38388196,-0.12201453,-0.0020149853,0.4541531,0.08416612
11424,-6.724562,-0.36794195,-0.984827,-0.83036304,-0.6127958,-0.06847919,-0.10683808,-0.19594906,0.23413673,0.73358595,0.6397266
11425,-5.276635,-0.20094676,-0.9939179,-0.5342398,-0.41466534,0.18325084,-0.05759254,-0.5773387,-0.017687434,0.5083931,0.48126358
11426,-7.302429,0.2013703,-1.3511237,-0.62745285,0.09936243,0.04031681,-0.08844952,0.18474668,-0.4620696,0.44766486,0.3269942
11427,-4.571641,-0.053520966,-1.10633,-0.549365,-0.11740366,-0.0833884,-0.21598783,-0.09517395,-0.1150472,0.49301362,0.051261973
11428,-5.45901,-0.1254436,-0.8893238,-0.20815484,-0.55269694,-0.15973505,0.12000482,-0.11289607,-0.47757143,0.5333596,0.50395423
11429,-5.2884636,0.19936426,-0.7031274,-0.7317613,-0.414412,-0.3042131,-0.21142255,-0.0961512,-0.22046542,0.0894831,0.13603675
11430,-5.157751,0.15434776,-1.0052682,-0.5448211,-0.2417102,0.16693127,0.1630847,-0.41527402,-0.006646933,0.23229669,0.3493408
11431,-7.294348,-0.48482394,-1.2390436,-1.1975849,0.08688136,0.1193069,0.093412444,-0.5193643,0.15146019,0.5071507,0.20074296
11432,-6.594831,-0.038262494,-1.0262302,-0.7603285,-0.09417998,-0.04163779,-0.46196774,-0.23854262,-0.0494055,0.7415449,0.39760667
11433,-6.2876177,-0.5367482,-1.2394999,-1.1540266,0.36976177,0.17779739,0.0937866,-0.53426766,0.07833944,0.3720131,0.3124106
11434,-5.544157,-0.53709614,-1.1102015,-0.75550216,-0.23609623,-0.05552903,-0.18873325,-0.0768533,0.030400231,0.61674476,0.40712318
11435,-6.8627567,-0.004717144,-1.4144195,-0.87081903,0.070402175,0.27054322,-0.3005375,-0.5411994,0.019433264,0.31435862,0.082298584
11436,-6.06733,-0.095076956,-1.3810762,-0.30781618,0.03824814,-0.21608229,-0.0464604,0.22243898,-0.31569752,0.36820346,0.41478804
11437,-5.8060026,-0.07908185,-1.1355159,-1.0959684,0.14858577,0.13556802,-0.10290578,-0.43301684,0.3717282,0.60409033,0.23486188
11438,-6.181017,-0.042463955,-1.0377314,-0.7641884,-0.15705332,-0.34240288,-0.008375325,-0.01157555,-0.22816359,0.4167118,0.48136386
11439,-4.5241966,-0.048329502,-0.8112052,-0.77946794,-0.03196876,0.08852062,0.10977816,-0.21954344,-0.056362763,0.23568088,0.1854705
11440,-5.280054,-0.46185976,-1.107694,-0.82429636,-0.27851906,0.007071741,-0.003624441,-0.46928415,-0.20474456,0.30780393,0.3412972
11441,-5.2319665,-0.29011983,-1.3786155,-1.060848,-0.023518197,-0.01609796,-0.05769109,-0.38928556,0.47464597,0.6292543,0.13702966
11442,-5.5181956,-0.17095567,-0.9628659,-0.49194777,0.11516943,0.13491565,-0.03149014,-0.0777423,-0.16291408,0.18480602,0.40867576
11443,-7.067882,-0.21370462,-1.1203417,-0.8255929,0.22384277,0.16401297,-0.35999957,-0.5741562,0.2143117,0.29965872,0.32481095
11444,-5.97613,-0.06714324,-1.0164276,-0.38769057,-0.28360513,-0.10304639,0.18294486,-0.7626643,-0.30516955,0.25020394,0.25946042
11445,-7.1063223,-0.055954706,-1.7421484,-0.87152606,-0.45873913,-0.041397154,-0.087135345,-0.25918213,0.18258601,0.47887385,0.60454106
11446,-4.2830772,-0.13281126,-0.83993495,-0.6985873,-0.019677004,-0.1266514,-0.08600183,-0.10255917,0.24231625,0.45452064,0.15665768
11447,-5.8402233,-0.57876176,-0.88503224,-0.8779043,-0.33470312,-0.10428973,0.074807785,-0.23500107,0.57342535,0.66003454,0.8549917
11448,-6.6709437,-0.2713405,-1.5590551,-0.8225725,-0.27362335,0.049147688,0.39289117,-0.23617996,-0.2511395,0.43969402,0.48082158
11449,-6.419911,-0.3141496,-1.538473,-0.8371099,-0.49072543,-0.18179259,0.17361622,-0.10645374,-0.11693272,0.5491129,0.2105872
11450,-4.462285,-0.19576196,-0.91026384,-0.40993986,-0.08025996,0.16369581,-0.23230004,-0.31049785,0.033804953,0.41067815,0.16615045
11451,-5.148036,-0.1709183,-0.7779717,-0.51340747,0.025618698,-0.42956614,0.0029005068,-0.033809014,0.070131704,0.385728,0.08452927
11452,-5.13351,-0.16398826,-0.7715877,-0.53699815,-0.4399643,0.2374584,-0.110244505,0.052341186,0.12828657,0.5045646,0.30533445
11453,-5.6391797,-0.16890599,-0.95487046,-0.32322794,-0.3314924,-0.30348802,0.10233478,-0.0979992,-0.49524665,0.5995508,0.17634347
11454,-5.3642,0.049452357,-0.5453015,-0.3060479,-0.24502707,-0.3597268,0.08618944,0.12717608,-0.23426144,0.3264063,0.058342263
11455,-5.205274,-0.25072998,-0.9342515,-0.6125517,-0.16410024,-0.19823648,0.15434279,-0.1068863,-0.29786628,0.38558832,0.27619928
11456,-6.071404,-0.30842623,-0.7485972,-0.7240362,-0.32742745,-0.14895901,0.009450652,-0.4327856,0.10021259,0.56506497,0.5955306
11457,-4.6587744,-0.241989,-1.1019032,-0.44156703,-0.11553639,-0.019946864,-0.16476867,-0.03399355,-0.10029968,0.32224375,0.19602232
11458,-7.9908075,-0.13053916,-1.5735857,-0.38959536,-0.0754565,-0.051187273,-0.115467705,-0.37902114,-0.12569836,0.11943125,0.4219096
11459,-4.965711,-0.3027421,-0.8788251,-0.8869361,-0.12644386,0.14077356,0.1045279,-0.3562744,0.12334274,0.20409839,0.47671
11460,-4.2357855,-0.35533497,-0.74435794,-0.44915637,-0.21857661,0.20580381,0.23914017,-0.0057503544,0.020529345,0.7110548,0.5430815
11461,-4.8192053,-0.0934669,-0.931925,-0.6505246,-0.25565416,0.16803356,0.021738958,-0.20882794,-0.082721405,0.251327,0.11004089
11462,-5.9432797,0.34092066,-1.0505714,-0.49910712,-0.25829673,-0.29893136,-0.09901612,-0.07190274,-0.27020988,0.14815396,0.37660116
11463,-3.9583848,-0.07054166,-1.0464568,-0.54317987,-0.020065634,-0.04439086,0.03800244,-0.25666255,0.11992044,0.08497102,0.029754069
11464,-4.970395,-0.076538354,-0.9567316,-0.4960053,-0.09357114,-0.054973453,-0.0367238,-0.19649738,-0.17401263,0.291084,0.2242243
11465,-6.4345255,-0.2132024,-1.66251,-0.5980214,0.10470285,-0.050722968,-0.07799332,-0.070809245,-0.44550696,0.21439677,-0.020469408
11466,-4.846332,-0.19900365,-1.0543754,-0.92559433,-0.054083645,-0.3719619,-0.022741307,-0.13768935,-0.1447674,0.4155804,0.09780657
11467,-5.242763,-0.032804634,-0.94191533,-0.64058006,-0.6825522,-0.08861208,0.02892505,-0.12123344,0.18118289,0.46535063,0.5686728
11468,-5.5149045,0.2612677,-1.1412464,-0.56385326,-0.33274615,-0.20749263,0.1076199,0.021004971,-0.15003562,0.20089631,0.57283247
11469,-6.418976,-0.14152999,-1.0853372,-0.5114393,0.33228764,-0.09915354,-0.3600484,-0.2772579,0.033001527,0.21406147,0.26623294
11470,-4.999071,-0.12705818,-0.8544305,-0.7444897,-0.50762105,0.3190636,0.1267244,-0.5761042,-0.068084754,0.6898974,0.50321376
11471,-5.254987,-0.07358039,-1.057698,-0.9073026,-0.041756254,0.01034913,0.03453182,-0.020706737,0.2529102,0.6299306,0.19214545
11472,-4.084475,0.02520262,-0.94373274,-0.6023715,-0.020780893,0.08942132,0.033245225,-0.370236,-0.14533226,0.28382888,0.038745984
11473,-4.607531,-0.018109392,-0.77589285,-0.8280918,-0.12417283,-0.17697209,-0.12222303,-0.1835736,-0.1799477,0.27311474,0.063106
11474,-4.4922123,-0.2799425,-0.8425654,-0.5974514,-0.3248221,0.061894268,0.24266887,-0.064408526,0.012922328,0.4846287,0.4265793
11475,-5.927838,-0.1658846,-0.73899823,-0.39821404,0.016081352,-0.2265834,0.17021304,0.040570103,-0.07841339,0.17310695,0.27199024
11476,-5.480603,-0.18944973,-1.4189504,-0.8200997,0.10328494,0.18072203,-0.2325135,-0.11317126,0.11730934,0.50314814,0.42997408
11477,-6.1182547,-0.27097926,-1.0474377,-0.6931478,-0.2338236,-0.325175,0.1680413,-0.17868215,0.10612807,0.32439733,0.54306334
11478,-7.4268284,-0.20112059,-0.93821937,-1.286033,0.099625796,-0.1802932,-0.084702045,-0.21809815,0.15080976,0.73594403,0.17140347
11479,-5.923769,-0.27509338,-1.081735,-0.7910845,-0.10443431,-0.04884889,0.24774247,-0.25715065,-0.015179299,0.7815915,0.38145116
11480,-5.3588796,-0.30374727,-0.88978934,-0.627638,0.28249425,0.08396643,-0.21585718,-0.41233382,-0.0012838356,0.20246994,0.3082899
11481,-5.521443,-0.32512724,-1.3120959,-0.8188322,0.17359994,0.0695063,-0.4112917,-0.40900818,0.13403136,0.26071537,0.041938107
11482,-5.5477366,-0.23776345,-1.2639569,-0.7656773,-0.31106418,0.034606032,-0.14570563,-0.2541999,-0.02721016,0.40520322,0.48449513
11483,-6.873356,0.114017434,-1.7194614,-1.0576683,-0.19821186,-0.06672928,-0.04132011,-0.14968798,0.46755093,0.5867042,0.47893703
11484,-6.744754,-0.3312156,-1.2034717,-0.72488284,7.822737e-05,-0.08484888,-0.18856165,0.3250158,0.046277955,0.60348564,0.40259263
11485,-5.054882,-0.13593946,-0.9112718,-0.60827076,-0.22563697,0.39596307,-0.023208208,-0.086491644,-0.084021986,0.6767173,0.2516579
11486,-5.8994384,-0.1478805,-1.5060704,-0.7144946,0.26120332,0.55040973,-0.17868754,-0.42065167,0.3740132,0.40724134,0.12820737
11487,-7.95273,0.008224101,-1.4263813,-0.6905347,0.07616095,-0.19202606,-0.2805226,-0.72662306,-0.010105563,0.14376518,0.6392067
11488,-5.3390408,-0.3226913,-0.8893569,-0.77205515,0.031345207,0.21393918,-0.10771932,-0.18338302,0.059404433,0.2939091,0.53037685
11489,-6.685641,-0.3281395,-1.2704685,-1.0799311,0.15391615,0.32196712,-0.09628851,-0.5717152,0.102026656,0.3324412,0.0660205
11490,-4.338976,-0.13065948,-1.0459689,-0.5441669,0.046942245,0.045480005,0.101334974,-0.09967486,0.018716048,0.6031422,0.45664272
11491,-5.4188213,-0.028902844,-0.87367105,-0.73450786,-0.18023638,0.052225105,-0.21418975,0.052805096,0.2658587,0.5807372,0.32288578
11492,-3.9110334,0.009300537,-0.72620314,-0.46846882,-0.10855721,0.2463644,-0.1023084,-0.27869236,0.065413326,0.112813294,0.38781977
11493,-4.9755273,-0.1052613,-0.9013452,-0.478945,-0.25294426,0.36402303,0.12459452,-0.11506548,-0.08849949,0.5152133,0.24208894
11494,-4.6100397,-0.16850996,-0.7350449,-0.73103434,-0.17871433,0.008233186,0.17290609,-0.18866916,0.061693713,0.39118427,0.19847696
11495,-8.104123,-0.37277547,-1.0993979,-1.0320916,0.09827958,-0.09198432,-0.3898427,-0.5250242,0.0057094134,0.34031823,0.50353354
11496,-6.729797,-0.37994823,-1.7196368,-0.8084494,-0.26276052,-0.13060494,-0.22950995,-0.23196849,-0.35331297,0.49331573,0.36236367
11497,-4.88593,-0.15329547,-1.210113,-0.7859865,0.0977327,0.26197726,-0.05878196,-0.51938933,0.29111922,0.24082825,0.25714242
11498,-5.8351164,0.09433043,-1.2901865,-0.4806211,-0.49749732,-0.3052569,0.07079435,0.092707865,0.058410577,0.43234882,0.4650952
11499,-8.16063,-0.52223927,-1.4213196,-1.3208487,-0.7762096,0.0041200495,0.15148407,-0.88628274,0.13464655,0.44997984,1.1112796
11500,-6.3981166,-0.22066674,-0.89619726,-0.7056914,0.09485232,-0.19796465,-0.05117336,0.2367754,-0.06831404,0.6319924,0.29783243
11501,-6.5769854,0.18413597,-1.0644779,-0.48776266,-0.11677717,-0.06095255,-0.12238815,-0.54223764,0.021782236,0.38333884,0.3171703
11502,-6.1430798,0.08803965,-1.0961995,-0.62996525,0.14704238,-0.07363604,-0.057706006,-0.5978312,-0.005332388,0.18972851,0.04075903
11503,-6.155967,0.077244826,-1.4323604,-0.7373246,-0.29325944,0.041621502,-0.15168642,-0.027567675,0.039814446,0.35536218,0.5440155
11504,-5.431951,-0.047485735,-0.9317463,-0.55356395,-0.14232062,-0.25709093,-0.15490942,0.02289576,-0.16117957,0.602904,0.10021414
11505,-4.543395,-0.08914215,-1.3384464,-0.65659976,-0.089157514,-0.084629945,-0.06349285,0.08751262,0.14292616,0.39062142,0.25882256
11506,-7.091865,-0.15367694,-1.554936,-0.4251125,-0.15184802,0.6336966,-0.045364615,-0.5998718,-0.22682542,0.10642574,0.09371819
11507,-5.8889523,-0.1155161,-1.3263599,-0.38652956,-0.039970685,-0.030340053,-0.08369298,0.059145406,-0.0485451,0.3477018,0.10887637
11508,-5.1788306,-0.08710333,-1.1648129,-0.728562,-0.2877778,0.23895942,0.019054862,-0.23360506,0.18437813,0.6068437,0.38559973
11509,-5.7416344,0.088103905,-0.61100143,-0.5115717,-0.16339555,-0.288283,-0.05941023,-0.1075443,-0.31351194,0.043341957,0.3083023
11510,-6.1182966,-0.2577844,-0.8666684,-0.5131089,-0.18241735,-0.25206852,-0.18664877,-0.012108324,-0.30071783,0.40586483,0.556095
11511,-7.0400944,-0.28744885,-1.3919132,-0.7561744,0.20843776,0.9075373,-0.00569258,-0.41118485,0.26015565,0.27254212,0.42099303
11512,-4.104887,-0.22271906,-0.7418296,-0.42568052,-0.11299942,0.38965172,0.3735838,0.08793211,-0.22805361,0.2834176,0.33480316
11513,-6.2416115,-0.16861218,-1.1339506,-0.85148495,0.16283283,-0.35414392,-0.0970845,-0.19676444,-0.05874154,0.34580797,0.14144209
11514,-6.115113,0.016163964,-1.0415467,-0.6002111,0.029051425,-0.21638104,0.020970283,-0.44830027,-0.117702276,0.23427439,0.12285778
11515,-4.98931,-0.09056504,-0.9829931,-0.90529734,-0.39529893,0.07773425,0.1580798,-0.06218519,0.1919789,0.52235943,0.62271726
11516,-4.786979,-0.06942241,-0.9597121,-0.65318483,0.061554607,-0.14898767,-0.041771863,-0.08200625,0.14540888,0.47631022,0.20477183
11517,-5.4817896,-0.39248163,-1.0935222,-0.72882867,-0.4667325,0.12573871,0.017957844,-0.506369,0.036770876,0.4452015,0.7600046
11518,-7.484029,-0.2942962,-1.3053608,-0.900412,-0.5351851,-0.23064926,-0.042162646,0.16702616,-0.5232471,0.48350275,0.72643816
11519,-3.8265066,-0.10689112,-0.7581172,-0.43916887,0.0819807,-0.09419101,0.044781923,0.09528145,-0.15418763,0.32803857,0.35029015
11520,-4.925306,-0.04683987,-1.0463139,-0.8736953,-0.40863553,-0.13514607,-0.15856197,-0.19696806,0.12312334,0.34806678,0.29313618
11521,-4.7284966,0.011123411,-1.2081245,-0.41221783,-0.40926778,0.24154447,-0.036143564,0.2727612,0.21665052,0.474686,0.38118154
11522,-4.8262334,-0.213532,-1.2047458,-0.5548556,0.044777177,0.16925234,-0.20235603,-0.2913334,-0.08599527,0.34827322,0.3729714
11523,-4.8766108,-0.278976,-1.3142723,-0.70582974,-0.46969035,-0.10183406,0.17916882,0.009812335,-0.02636954,0.24039167,0.54551274
11524,-5.644667,-0.13239728,-1.0523515,-0.42981902,-0.40017283,-0.05206195,-0.01628583,-0.20632039,0.24746075,0.43280712,0.32905427
11525,-5.073739,-0.22896335,-0.6229483,-0.64626795,-0.06678408,-0.05698163,-0.052864246,0.082531065,0.14369941,0.623943,0.434221
11526,-6.8947554,-0.39812398,-0.60137767,-1.0175698,-0.6519496,-0.41785812,0.113582104,-0.31010747,-0.21934569,0.60024863,0.7835165
11527,-5.697503,-0.28934985,-0.9179639,-0.7320687,-0.36646488,-0.24809481,-0.08097369,-0.16628656,-0.14292607,0.42018375,0.6155096
11528,-6.2128468,-0.06781166,-1.2608907,-0.82791805,-0.12165312,0.29448092,-0.062359832,-0.5204014,0.13094129,0.9393834,0.36044958
11529,-6.1841745,-0.051391914,-1.2698967,-0.5675865,-0.08528406,-0.011031097,-0.2900807,-0.44691396,-0.25497004,0.05303865,0.41181752
11530,-5.969385,-0.3644889,-1.2185525,-0.80383074,0.02146527,0.02662925,0.051524624,-0.16343313,0.18196009,0.9778859,-0.1423074
11531,-5.241338,-0.15867162,-0.74564993,-0.39543006,-0.16551162,0.004726664,0.25028768,-0.14730227,-0.19990727,0.12906687,0.20193093
11532,-5.8202677,-0.46132752,-1.205453,-0.8332871,0.033795312,-0.318846,0.14327739,-0.09106186,-0.2184056,0.14883548,0.2533862
11533,-5.5645056,-0.15983562,-1.2432479,-0.463735,-0.23955038,0.25646937,-0.31987083,-0.38255742,-0.17146517,0.6420617,0.18108813
11534,-4.52301,0.08193785,-0.77169704,-0.27794376,-0.098629236,0.2323067,-0.2929162,-0.12301881,-0.021860486,0.2555696,0.16191716
11535,-4.193728,-0.08709942,-0.70001435,-0.48175773,-0.2417366,-0.072504446,0.031192783,-0.09007261,0.11616877,0.4353014,0.1702268
11536,-4.874133,-0.19307594,-0.9690091,-0.69455737,-0.38507158,0.11223481,0.2650324,-0.14319998,0.00036011636,0.45670372,0.5477903
11537,-6.101098,-0.19338,-1.3055446,-0.9956037,-0.21900614,0.065369815,-0.1372904,-0.26287615,0.28287235,0.4419563,0.8010306
11538,-6.8021455,-0.40869743,-0.9964072,-0.7272843,-0.8666364,0.12272176,0.2696284,-0.14624037,-0.26545125,0.44783995,0.7912811
11539,-6.3327937,-0.12122612,-1.4528883,-0.4379858,0.044140056,-0.00947337,-0.20317838,-0.19338873,-0.26744217,0.4253906,-0.041023977
11540,-4.734942,-0.25436762,-0.81766915,-0.56746936,0.041799214,-0.087478116,-0.087451324,-0.123926364,-0.035639107,0.32328853,0.32288924
11541,-5.7891593,-0.11516338,-1.1392987,-0.62965447,-0.092409454,-0.31824195,0.011345129,-0.16367213,0.16390294,0.37701,0.08201899
11542,-5.9604034,-0.047507335,-1.1472063,-0.56945163,-0.23206317,-0.14672041,-0.11017325,-0.31452072,-0.2803872,0.47767368,0.055730183
11543,-4.5940385,-0.22785702,-1.0491213,-0.42102754,0.23397818,0.09779438,-0.074622035,-0.22235717,-0.14030407,0.59249806,0.2308104
11544,-5.240632,0.030682925,-1.0828335,-0.59239507,-0.2467764,-0.046946686,-0.008729947,0.18734755,-0.104222074,0.2850915,0.4360691
11545,-5.817127,-0.22366935,-1.3298626,-0.43082988,-0.50666517,-0.43346876,0.35845533,0.20721297,-0.34811917,0.53292197,0.3513252
11546,-8.263669,-0.3898175,-1.6539032,-0.7613176,0.26702628,0.24704693,-0.4531908,-0.11176767,-0.049166203,0.48960507,0.3335043
11547,-6.9391937,-0.10509142,-1.5418978,-0.85562086,-0.68333364,-0.27324474,0.15523972,0.23773757,-0.3276693,0.73567986,0.5566815
11548,-4.9407964,-0.31719187,-0.89725,-0.41300926,-0.13331781,-0.158423,0.25290295,-0.18019724,-0.20660391,0.22560884,0.22935435
11549,-3.9216397,-0.19824278,-0.7833796,-0.36435983,-0.106296845,0.18032442,-0.1208012,-0.49457017,-0.15952308,0.2319428,0.34641063
11550,-5.1763315,0.09810429,-0.7544901,-0.41233402,-0.48823,0.10656865,-0.03609984,-0.6005016,0.06584707,0.27603033,0.38091648
11551,-5.6527596,0.15724848,-1.042541,-0.80301535,-0.012660034,0.13294724,0.1177649,-0.32434005,0.17773674,0.29376972,0.4437394
11552,-3.8803728,0.09037316,-0.46757364,-0.21192758,0.025335493,-0.23475528,-0.034193885,-0.299645,-0.19412191,0.29416364,-0.08535048
11553,-4.7012153,-0.075590245,-0.81891143,-0.51304936,-0.2711668,-0.056148708,-0.0697905,-0.3282131,0.050730318,0.39314553,0.20124123
11554,-4.3554955,-0.19784598,-0.77075547,-0.6755564,-0.11135006,-0.1933979,-0.060458586,-0.45598873,0.20601381,0.47979996,0.45252323
11555,-8.0907955,-0.03316887,-1.4426553,-0.6734409,0.55438393,0.18224552,-0.39323458,-0.033154316,-0.1742904,-0.07942235,0.2317892
11556,-5.6872377,-0.14670211,-1.2452846,-0.6464789,0.05158657,-0.26241177,-0.13817897,-0.4047104,0.10096185,0.26729003,0.56934166
11557,-5.862565,-0.10189237,-1.550386,-0.8914918,0.17327486,-0.14214225,-0.1921039,0.103913225,0.53121465,0.45627624,0.27319703
11558,-5.4559183,-0.1600617,-0.5566829,-0.52372444,-0.65551883,0.07688284,0.10388352,-0.44334725,-0.15876763,0.14045218,0.48776627
11559,-6.66673,-0.025988631,-1.2821951,-0.43132302,0.19243938,0.09267124,0.21576159,0.18129645,-0.1575136,-0.10617915,0.62648505
11560,-5.1862664,0.07941957,-1.2421786,-0.6072369,0.11888539,0.3679145,-0.09925112,-0.13699843,-0.049184322,0.2044187,0.19945253
11561,-6.063888,-0.21056591,-1.3537256,-0.43379053,0.18532543,0.29768646,-0.09888984,-0.27880478,-0.19079816,0.72207725,0.070168056
11562,-5.828377,0.10154755,-1.5602592,-0.5912357,0.04355384,0.09013697,-0.04067642,-0.34235564,-0.13092452,0.3784768,0.3388432
11563,-5.6518426,-0.1148836,-1.1866338,-0.80288446,-0.37803698,0.43442804,0.07405667,-0.35505968,-0.097418875,0.8360424,0.69392145
11564,-6.391847,-0.06167418,-1.1973883,-0.64448315,0.21748836,-0.05398887,-0.15544838,-0.04718613,-0.11130893,1.1851836,0.26934212
11565,-7.322308,-0.09229218,-1.4791081,-0.8671727,-0.2439138,0.024670212,-0.23780854,-0.28739068,-0.058401227,0.25733054,0.21613126
11566,-5.884822,0.11240481,-1.4610369,-0.56285846,0.17312816,-0.13091105,-0.22414358,0.1049582,0.28489208,0.542589,0.31740633
11567,-6.289207,0.029416136,-0.76511407,-0.64757603,-0.2624219,-0.05152617,-0.014059682,-0.48670635,-0.40376598,0.961744,0.58734024
11568,-6.6334724,0.016563794,-1.4042763,-1.1270329,-0.20451352,0.06757307,0.15762466,-0.54986507,0.2455424,0.33675227,0.5727478
11569,-6.395771,-0.21385778,-1.1559403,-0.5770813,-0.29669097,0.04145585,0.1592326,0.13243426,-0.21559699,0.52142596,0.38052088
11570,-7.290127,-0.31076545,-1.3469777,-0.84001666,-0.12639244,0.6060098,-0.20772426,-0.69017637,0.09419947,0.838135,0.5433922
11571,-6.8604546,-0.22532602,-1.2842685,-0.59260666,-0.23515387,-0.28742224,0.46765953,-0.3365854,-0.37851053,0.65065694,0.28004
11572,-4.9809704,0.006594616,-1.0863018,-0.5743397,-0.18594718,-0.007131988,-0.1265959,-0.368909,0.07042628,0.2503507,0.43008298
11573,-6.526452,-0.11479935,-1.26281,-1.0070666,-0.49349988,0.40782344,-0.16432004,-0.5226254,0.0029230565,0.34626433,0.79786044
11574,-6.0451803,0.056049164,-1.3613253,-0.51549137,-0.3326063,-0.16709718,0.05058029,-0.01609908,-0.3082125,0.77374727,0.30490458
11575,-4.8036075,0.07351369,-0.8525816,-0.38286686,-0.085773245,-0.3948413,0.14699471,0.0023256186,-0.2129902,0.14857729,0.40836057
11576,-6.390876,-0.31174973,-1.2956122,-0.5980668,-0.19397108,0.1452212,0.3549666,-0.23005848,-0.19983228,0.781403,0.26670888
11577,-6.489512,-0.20204447,-1.0995218,-0.82897276,-0.39693776,0.027957106,0.08783963,-0.58163106,-0.46197128,0.5237104,0.6499857
11578,-6.65411,-0.38622296,-1.2671238,-0.7036149,-0.19203715,0.28559405,0.309595,-0.019207038,-0.14240614,0.3154535,0.7590766
11579,-5.1583834,-0.26374465,-1.1896048,-0.79226005,0.26096505,0.03053766,-0.15554953,-0.23470613,0.08893832,0.49898833,-0.113890655
11580,-6.1912,0.11599286,-1.4076397,-0.5384695,0.37439,0.09162159,-0.17276838,-0.4521459,0.19921744,0.5929999,-0.035130337
11581,-4.5650187,-0.40725926,-0.8546775,-0.46644577,-0.48079392,0.13031694,0.059569966,-0.12213073,0.027228681,0.6312613,0.5234355
11582,-4.6373262,0.098220974,-0.9489472,-0.44187316,0.11860886,-0.02624932,-0.10072802,-0.23055981,-0.18248928,0.1288831,0.028031439
11583,-4.5859175,-0.16423894,-0.89875275,-0.5762646,-0.13404925,-0.36646008,0.062059443,-0.1804621,0.2342038,0.23528385,0.513238
11584,-3.9530895,-0.1632879,-0.666492,-0.28731048,-0.4035066,0.1851102,-0.010347401,-0.31417492,-0.15575522,0.27065817,0.17134275
11585,-5.7337217,0.14212133,-1.3759505,-0.5001379,0.30157676,-0.16252206,-0.20783745,0.26394832,0.05505158,0.47461116,0.2029787
11586,-4.837274,0.03088763,-0.8339208,-0.40288284,-0.089805186,0.37605166,-0.053922497,-0.29515955,-0.0071584377,0.61653286,0.09722647
11587,-5.725851,-0.12830791,-1.0076274,-0.633952,-0.24849537,-0.31557012,0.030478165,-0.11719122,-0.13215554,0.30467436,0.51328933
11588,-5.075861,-0.184185,-1.3575377,-0.7030494,0.20496199,0.11340736,-0.15424028,-0.16439229,-0.12301834,0.49193296,0.24543683
11589,-5.5385313,-0.04648911,-0.76841253,-0.45988443,-0.54126465,0.120666794,-0.035926558,-0.41502792,-0.082558684,0.1558206,0.62300783
11590,-6.14526,0.0055291075,-1.2364459,-1.0170323,-0.71236134,0.31037134,0.025700726,-0.086564176,-0.10396759,0.39283255,0.6970445
11591,-5.052188,-0.22388247,-0.70862836,-0.5394176,-0.3509616,-0.005795777,0.11590357,-0.26394764,0.022098739,0.424081,0.20747241
11592,-6.146717,-0.23365399,-0.94857806,-0.43992266,-0.57442766,-0.19147192,-0.02011909,-0.31661245,-0.252172,0.7381271,0.4951105
11593,-6.2334485,-0.3372744,-1.2334268,-0.53222644,-0.31162316,0.6273772,-0.35232612,-0.39799818,-0.08356912,0.736806,0.31336224
11594,-4.641797,0.009893593,-0.9603156,-0.6302582,0.075303316,0.065403804,0.15023102,0.03235787,0.18382801,0.690938,0.32885933
11595,-6.5748353,-0.21790846,-1.5827124,-0.9948826,-0.43687928,0.14051591,0.3456623,-0.032219857,0.21255365,0.85738045,0.47987336
11596,-5.849771,-0.059795234,-1.2442515,-0.6907175,0.29778117,-0.29291946,-0.08179472,0.05134029,0.17387797,0.3503149,0.092680365
11597,-5.3484597,-0.23610882,-1.3311151,-0.50053966,0.41076693,-0.05914598,-0.06422584,-0.04859341,0.23273559,0.38214803,0.30143908
11598,-6.351268,0.17505772,-1.3790629,-0.57259053,-0.11211873,-0.13721229,-0.16141285,-0.22695467,-0.20361143,0.47800788,0.28625712
11599,-6.9680977,-0.018599477,-0.8866199,-0.5729928,-0.63751465,-0.30187452,0.29796386,-0.19550595,-0.45857316,0.6578332,0.5388964
11600,-5.7911816,-0.1606606,-1.3278375,-0.9321439,0.15914027,-0.3192063,-0.28829062,0.10134053,-0.0062371045,0.40115803,0.015495739
11601,-5.634364,-0.24049823,-1.0635173,-0.76390344,-0.34333384,0.18853724,-0.32033032,-0.21162292,-0.12426601,0.21734451,0.3087695
11602,-4.317459,-0.10234023,-0.9772654,-0.5465391,0.24921237,0.13078463,-0.36308885,-0.19356859,0.15733597,0.1783723,0.014908615
11603,-5.332028,-0.043138377,-1.1965839,-0.8775663,0.011282589,0.35323656,-0.13029058,-0.28020024,0.33391657,0.42681506,0.2641586
11604,-5.0318055,-0.31816036,-0.9237308,-0.61262435,-0.31154802,0.32662928,-0.058101416,-0.29251677,0.19558877,0.67730165,0.09599514
11605,-6.8338118,-0.38399136,-1.5070432,-0.52202034,-0.10431319,0.51306397,-0.3819574,-0.38444698,-0.114592254,0.60125023,0.46910116
11606,-4.116406,-0.048906922,-0.9523002,-0.65081394,0.007266746,-0.21819182,-0.13835901,-0.24090904,0.04385476,0.5469446,0.11784584
11607,-5.3402276,-0.17045121,-1.448494,-0.74950427,-0.0014124876,0.18744189,-0.003900988,-0.24868113,0.20319004,0.44985217,0.3198552
11608,-4.8236113,-0.18843316,-1.0571729,-0.6460693,0.09061268,0.173744,0.11407875,-0.113467656,0.16186139,0.5147857,0.27243233
11609,-6.105729,-0.25735772,-1.047691,-0.5581927,0.13943565,-0.0073628016,0.045246664,0.31236753,0.07845019,0.45944044,0.23892128
11610,-3.5404398,-0.31834695,-0.8282704,-0.65730083,-0.1373462,-0.09859768,0.20188117,-0.4255904,0.18988174,0.2883727,0.5879806
11611,-6.1166725,-0.1934601,-1.0903753,-0.6890489,-0.2242606,0.046941254,-0.23781332,-0.02685765,0.1205611,0.8237772,0.39396918
11612,-5.2421393,-0.32357776,-0.7242034,-0.53332996,-0.40435258,-0.3886832,0.08007652,0.0047741267,-0.48048827,0.62799215,0.29062018
11613,-4.7899303,-0.044778336,-0.9745679,-0.62286097,3.4511555e-05,-0.26566,0.19366175,-0.1753723,0.1052235,0.47710797,0.38694945
11614,-5.039439,0.13430521,-1.0074582,-0.5872482,0.0013470515,-0.12309636,-0.35950652,-0.29710782,-0.19105224,0.36448172,0.020949837
11615,-7.0183363,-0.42443016,-1.3776329,-0.7520736,-0.24755639,0.3549183,0.3291086,-0.46506602,0.22515722,0.71918315,0.48905876
11616,-5.401423,0.06856745,-1.2748878,-0.52478766,0.096897565,-0.2629143,0.01807284,-0.13802285,-0.0039734263,0.35001686,0.12189082
11617,-5.993214,-0.31235164,-1.586498,-1.0258185,0.2835872,0.17463847,-0.23193544,-0.14786373,0.18803312,0.6789659,-0.13316083
11618,-5.252318,-0.13051218,-1.0243826,-0.83913743,-0.48390943,0.304222,0.0554559,-0.49348655,-0.1474027,0.47164977,0.7017178
11619,-4.5615344,-0.1304511,-1.0480903,-0.67006904,-0.5808052,0.10097116,0.00022470485,-0.1763561,0.23489194,0.45549834,0.43684077
11620,-6.7620587,0.0007182462,-1.3974653,-0.8925343,-0.105906345,-0.13440694,-0.11792872,-0.12434725,0.08351488,0.1494153,0.26641107
11621,-6.3890643,-0.10222649,-1.3802115,-0.6986941,-0.21762565,-0.017205358,0.06716585,-0.20428433,-0.26229572,0.62759215,0.48605016
11622,-6.846004,-0.18976685,-1.3046035,-1.0537966,-0.10328337,-0.2508533,0.06272656,-0.17128913,-0.07015656,0.34185654,0.33474123
11623,-6.7828116,-0.07668746,-1.3948486,-0.80982316,-0.20270953,0.3227396,0.029112797,-0.5748684,-0.39756513,0.30009636,0.3720745
11624,-6.8424034,0.27526894,-1.3332065,-0.45147854,-0.009719474,0.0012410549,0.040717687,-0.11466345,-0.52834684,0.46579036,0.4818724
11625,-5.7914553,-0.2531068,-0.9764111,-0.55734205,-0.33977938,-0.23720706,0.42116278,0.24180296,-0.21116309,0.38543868,0.61314577
11626,-4.988588,-0.2535817,-0.9598069,-0.7701197,-0.54325104,0.10182667,0.25816825,-0.6656946,0.07300723,0.71340376,0.4408192
11627,-7.657213,-0.5379507,-1.0635508,-1.0572749,-0.6154722,-0.2157696,0.121343255,0.03545986,0.021169152,0.7246315,0.74399495
11628,-4.1963344,-0.33520436,-0.66837794,-0.3274645,-0.42861822,-0.1197364,0.3712328,-0.29824153,-0.27454588,0.2851441,0.6768739
11629,-5.3527837,-0.07779274,-1.0081975,-0.7497299,-0.33602756,0.14221048,-0.039343726,-0.5877321,0.0131922625,0.5131958,0.39432573
11630,-5.317688,0.1407989,-1.2396364,-0.38783592,-0.18386218,-0.04744264,0.1426479,-0.122866414,-0.14205685,0.42873114,0.20972897
11631,-5.005584,-0.13963722,-0.8914793,-0.6837834,-0.16986512,-0.14666417,0.2617379,-0.08847847,-0.1702921,0.6201257,0.10305868
11632,-4.921558,-0.24509348,-0.86584413,-0.7486642,-0.72229093,0.10654374,-0.04718112,0.0026421724,0.085443,0.5176381,0.6186098
11633,-6.5523014,-0.1334873,-0.925714,-0.97615594,-0.57595325,-0.26845676,0.3499051,-0.52067834,-0.2075313,0.4286225,0.8109665
11634,-5.1023345,-0.12716724,-1.1883421,-0.39332893,0.092363395,-0.3549363,-0.27203912,0.11328791,-0.24220718,0.350755,0.055712298
11635,-4.7826185,-0.09878082,-0.8472751,-0.8096841,-0.36359796,0.089804396,-0.0035464447,-0.33527237,0.19166788,0.22675812,0.41847956
11636,-5.8084292,-0.10943386,-1.1620182,-0.4245694,-0.08481479,0.033737052,-0.15278874,-0.13035126,0.1531117,1.0582517,0.47145832
11637,-6.2755823,-0.15862651,-0.9046702,-0.7289848,-0.2675707,0.18370417,-0.14271764,-0.7281606,-0.026615871,0.52571845,0.19043548
11638,-5.1201663,-0.049365763,-0.70437205,-0.83561265,-0.6673363,-0.00019740872,-0.03262164,-0.403386,-0.05869659,0.16689417,0.3172986
11639,-6.4251966,-0.42724115,-1.160429,-0.46265888,0.091935284,0.042285997,-0.015974905,0.02401973,0.007806234,0.9025783,0.4419545
11640,-5.550285,-0.08594392,-0.71346414,-0.53143656,0.06274997,-0.4210288,-0.18728682,-0.0472748,0.07107752,0.39125717,0.3118557
11641,-5.1092033,0.11328011,-1.2115538,-0.8301507,0.0687798,0.34524786,-0.37765473,-0.5411732,0.032088347,0.17033087,0.054174837
11642,-4.964507,-0.027027223,-1.172668,-0.6981862,-0.3331658,-0.17108777,0.06907719,-0.012945449,-0.083486564,0.32795903,0.50498456
11643,-5.588241,-0.22436324,-1.2226205,-0.7566352,-0.043852318,-0.09307955,0.18874556,0.1410893,-0.086922124,0.46656063,0.31986362
11644,-5.5307083,-0.21815439,-1.167571,-0.7923069,-0.1892722,0.23755303,-0.16897267,-0.32811165,0.0779448,0.43915686,0.49945563
11645,-7.242247,-0.037765946,-1.2127707,-0.9691853,-0.38364673,-0.17091295,-0.06475985,-0.27649623,-0.23707803,0.5686992,0.6511817
11646,-5.584072,0.004102312,-1.3354203,-0.5885981,0.29114282,0.24253097,-0.13295756,-0.17790046,0.0022288878,0.38039526,0.3503973
11647,-7.3919406,-0.08687912,-1.7503879,-0.7388012,-0.2498312,-0.05073941,0.23579364,-0.4136964,-0.11509107,0.79892,0.55664647
11648,-6.2941957,0.043223977,-1.4821255,-0.8714853,0.1748151,-0.16349255,-0.30460423,0.18290088,-0.107264765,0.6775404,0.0119287325
11649,-5.769903,-0.24911775,-1.3143941,-0.97360146,0.22980143,0.062400684,-0.46616626,-0.42687306,0.21828401,0.47040808,0.056877226
11650,-5.0213203,-0.28943205,-0.8246907,-0.31400162,-0.09702395,-0.12532052,-0.36217877,0.1379129,-0.37564018,0.5778891,0.18904716
11651,-3.8637342,0.06307836,-0.8377536,-0.2844652,-0.041792158,-0.14357994,-0.0612398,-0.019422894,-0.15899153,0.107988805,0.17026545
11652,-5.5448565,-0.21709837,-0.95307666,-0.46553853,0.34422037,0.28923965,-0.2396407,-0.38120216,-0.08875916,0.08934451,0.23723684
11653,-4.6130447,-0.16259988,-1.1481546,-0.75990635,-0.034270246,0.28016722,-0.10316887,-0.3807669,0.21028619,0.5875883,0.2702853
11654,-4.924839,-0.0443673,-1.1044427,-0.714583,-0.33461186,-0.22224392,0.13211879,-0.36075622,-0.0813129,0.28028876,0.56096494
11655,-6.62891,-0.08061332,-1.4394081,-0.5984395,-0.4130528,0.50888807,-0.16957696,-0.6178876,0.15224054,0.6076124,0.3122292
11656,-6.646255,0.15356158,-1.3358991,-0.6106718,-0.058849335,0.42147052,0.33706355,0.08435666,0.26428056,0.80119693,0.41992173
11657,-6.8552303,-0.116881,-1.5251809,-0.87173337,-0.10808157,-0.07852602,-0.15730782,0.09832389,0.34615007,0.83383495,0.084155984
11658,-6.545803,-0.16467679,-1.3111106,-1.0398813,-0.26397866,0.067134514,0.24041727,-0.29511636,-0.077658996,0.49034142,0.3409409
11659,-6.097857,-0.11045777,-1.2571763,-0.99020624,-0.3324783,0.12927628,0.40316153,-0.41131213,0.17380044,0.56012017,0.29307395
11660,-5.155517,-0.28728905,-0.88447523,-0.36990133,-0.053602334,-0.42487478,0.16859876,0.13291134,-0.1577888,0.3187282,0.1519806
11661,-6.994203,0.12211063,-0.9063217,-0.5714972,0.007878942,-0.16368553,-0.16214259,-0.17297448,-0.055319972,0.3076305,0.08002701
11662,-7.8888035,-0.098197855,-1.9692607,-0.09323418,0.3908082,-0.071299575,-0.4021513,-0.0092072245,-0.40787804,0.14430742,0.3537901
11663,-6.137527,-0.04791788,-1.4043481,-0.82268655,0.48430339,-0.2593814,-0.31627852,0.1025594,0.12926663,0.6162297,-0.02399351
11664,-4.8713107,-0.081905864,-0.9325923,-0.41760308,-0.2940887,-0.0029714657,-0.052756265,-0.31234777,-0.026181696,0.7487033,0.26043653
11665,-4.7416067,0.07284219,-0.9086122,-0.43773478,0.049119856,-0.46667868,-0.012413128,-0.3818509,-0.094180726,0.14548543,0.25886786
11666,-5.74051,-0.25354564,-1.1876141,-0.92734975,-0.045008227,0.23237586,-0.10160049,-0.41224366,0.5461439,0.62610096,0.39894763
11667,-4.552991,-0.2913037,-0.9560416,-0.5327241,0.076867536,-0.16570315,-0.05116028,-0.11319449,0.16574118,0.42973918,0.19989417
11668,-5.726717,-0.100818865,-1.417565,-0.81487304,-0.04307053,0.21856742,-0.35349563,-0.7369774,0.15480976,0.23443481,0.27241835
11669,-4.619224,0.049555525,-1.165276,-0.4760876,-0.086010024,0.2924196,0.115408875,-0.404278,-0.10879613,0.6200823,0.30054033
11670,-6.031386,-0.20571989,-1.2395372,-0.64754784,0.40510267,-0.15019722,-0.18642978,-0.022716573,0.07179037,0.51402134,-0.25856468
11671,-6.228906,-0.008752522,-1.398055,-0.7958628,0.24473977,-0.20914708,-0.13481233,0.2875583,-0.07820759,0.40642405,0.1581854
11672,-5.7725563,-0.21003687,-0.7373363,-0.47204652,-0.10673926,0.16938098,-0.27993026,-0.39251828,-0.3035644,0.36014134,-0.010910294
11673,-5.138587,-0.13235395,-0.98540395,-0.41644904,-0.037432164,-0.08604563,0.07742876,0.082191855,-0.21124075,0.30934265,0.122880414
11674,-5.079823,0.022534057,-1.0364163,-0.27577046,-0.26473546,0.21052845,0.1742389,-0.09406728,-0.30845514,0.47280425,0.14919186
11675,-6.3287835,-0.13716237,-1.571374,-0.7530133,-0.46044245,0.23718256,0.08663921,-0.043768995,0.15674686,0.58563703,0.5876099
11676,-3.5172296,-0.1429357,-0.5230587,-0.44036356,-0.3359854,-0.2623691,-0.018472124,-0.12904546,-0.05118782,0.31388015,0.39907977
11677,-6.4217677,-0.07472538,-1.1695559,-0.3674925,-0.38584018,0.44607878,-0.033844694,-0.41595104,-0.08108705,0.5753063,0.39821014
11678,-4.045655,-0.12345527,-0.8839075,-0.47390026,0.11663556,-0.12451309,0.060550764,-0.16079769,-0.036824934,0.114963636,0.17648855
11679,-5.5739346,-0.38217705,-1.3837347,-0.8093033,-0.0993601,-0.0373229,0.0824883,-0.05192858,0.014869088,0.51980793,0.34333518
11680,-6.1175623,0.046591256,-1.0902061,-0.6792829,-0.14051735,-0.4051109,0.19122382,0.11338754,-0.2692419,0.61363715,0.21046479
11681,-5.5549903,0.030061774,-1.0029157,-0.6080183,-0.033182822,0.30847764,0.0039705993,-0.48075336,0.03099373,0.2470267,0.08683467
11682,-6.1080422,-0.22849064,-1.4314392,-0.7435755,-0.2692667,0.04729978,0.035106324,-0.032696858,-0.17609039,0.40487844,0.76966715
11683,-6.8298273,-0.27641147,-1.3538476,-0.66307366,0.15737624,0.21758029,-0.21186835,0.13564876,0.14595589,0.79087675,0.04149942
11684,-4.7249856,0.10642939,-0.9806656,-0.62280494,0.000507331,0.074072026,0.20894815,-0.19185133,0.12854338,0.48073015,0.2638264
11685,-5.897742,-0.30813184,-1.2185023,-0.63755953,0.08577526,0.1863384,-0.18683751,-0.22233135,0.1999648,0.77401614,0.18187681
11686,-5.323126,-0.085808896,-0.8751145,-0.5101907,-0.3154152,0.03972725,0.110368386,0.2534991,-0.21288995,0.5056093,0.24349011
11687,-4.7003384,-0.06407038,-0.6581003,-0.21698426,-0.21132231,-0.04196029,0.0050213407,-0.036929153,-0.31407082,0.353374,0.29110786
11688,-4.839039,-0.13048728,-0.9104423,-0.6248242,0.09106604,-0.17519291,-0.04663146,0.22731535,-0.014089366,0.4649083,0.31029105
11689,-4.293929,0.06654215,-0.8122588,-0.4275627,0.039119422,-0.14711902,-0.0034958692,-0.10829616,-0.018018963,0.42937034,0.32228455
11690,-4.8644757,-0.31914663,-0.87619984,-0.6069904,0.20222394,-0.17710848,0.039622247,0.18083963,-0.025016328,0.24122766,0.1754433
11691,-6.9869394,-0.45083946,-1.2726035,-0.75154173,0.08836382,0.20507038,-0.01094837,0.092110805,-0.08129704,0.5939681,0.25517258
11692,-6.439615,-0.4532603,-1.3067309,-0.77444834,-0.7567609,0.17188093,0.60540164,-0.16649379,-0.3224343,0.5355625,0.32988632
11693,-5.6596775,-0.24363889,-0.7462528,-0.74684167,-0.32712653,-0.01588599,-0.09179199,-0.49014398,0.06117262,0.6427271,0.21436904
11694,-5.1594424,-0.33576968,-1.4595389,-0.2976567,0.026407268,0.18841921,-0.32193035,-0.15240385,-0.016015397,0.36923933,-0.12106962
11695,-4.915688,-0.19793878,-0.9381434,-0.6529859,-0.0035630711,-0.004753977,0.3248951,-0.15432175,-0.16846721,0.4678398,0.25257227
11696,-6.413299,-0.0004932126,-1.0965691,-0.6645839,0.17322288,-0.15623173,0.2120831,-0.21110423,0.120443456,0.70655376,0.2487251
11697,-7.7609067,-0.09440278,-1.6859826,-1.3778332,-0.35679397,0.3304767,-0.019026302,-0.17456299,0.16610159,0.46969035,0.4073602
11698,-5.1099114,-0.13972099,-1.2200902,-0.5652349,-0.12521908,0.037145004,-0.15301906,-0.09057929,0.111246765,0.61853784,0.50487936
11699,-3.9108636,0.07721,-0.8462913,-0.27461272,0.12082182,0.22758119,0.13035071,-0.18066195,-0.07800552,0.28166112,0.21758439
11700,-5.200443,0.07828764,-0.8049012,-0.72361887,-0.035555184,-0.1366233,-0.09841757,-0.009082049,-0.1864666,0.42600408,0.26502782
11701,-5.383468,0.037550285,-1.3453503,-0.45486936,-0.09719342,0.11119156,-0.01877473,-0.4153418,-0.118314296,0.29381683,0.2948239
11702,-4.4203176,-0.17794017,-0.75896525,-0.68260366,-0.07305998,-0.026580092,0.06887447,-0.09341705,0.20988221,0.41527244,0.39042333
11703,-4.119862,-0.09659546,-0.7039097,-0.39709428,-0.21217376,0.06740384,-0.033117224,-0.033380225,-0.04780598,0.2302395,0.1960148
11704,-4.5248194,-0.1192282,-1.0265839,-0.56648284,-0.1189686,0.057552963,-0.058689907,-0.11268831,-0.016495286,0.20592453,0.45532012
11705,-6.1429853,0.03919623,-1.3956887,-0.057527073,0.21452816,-0.08156817,-0.12435032,-0.10361963,-0.22600055,-0.077571586,0.19519237
11706,-5.0212884,-0.04220221,-0.92578954,-0.4450549,-0.23269454,0.028635425,0.22755513,-0.094828606,-0.1751565,0.24251246,0.34228465
11707,-7.473983,-0.24650909,-1.4044998,-1.191098,-0.8835232,0.1632591,0.095478244,-0.24575338,0.06893493,0.93603,0.6603983
11708,-4.164464,-0.0039997324,-0.5789065,-0.23600072,-0.24299857,-0.13096535,0.027181305,-0.11882635,-0.1484096,0.40628502,0.20144036
11709,-7.5045557,-0.16908716,-1.3899821,-0.7559779,-0.36671293,0.42303205,0.40327296,-0.049882174,-0.31138334,0.102815926,0.6356014
11710,-6.717004,-0.35562694,-1.0615275,-0.79486763,0.16751584,-0.20632036,-0.12272761,-0.21431805,-0.025389338,0.77209586,0.015506065
11711,-5.274416,-0.21443215,-1.1294087,-0.632204,-0.28456333,-0.40825415,0.09445316,-0.11123859,-0.26919296,0.31727767,0.44124815
11712,-4.9780707,0.032218907,-0.83598727,-0.5464816,-0.4604274,-0.014214681,0.2998588,-0.29170138,0.09955192,0.5604628,0.45214587
11713,-6.1149983,-0.09722848,-1.4367993,-0.80257124,-0.34718627,0.15746489,0.06813656,-0.03745816,0.04191284,0.9254523,0.5405326
11714,-6.1350303,0.23021328,-1.5667543,-0.8209658,-0.03145501,-0.084941395,-0.062510006,-0.17170073,-0.04148923,0.3553293,0.5000345
11715,-5.92162,-0.25947532,-1.3042922,-0.4815513,0.11754779,0.027082156,-0.058654256,-0.18341406,-0.083392315,0.28630456,0.19691844
11716,-5.891374,-0.23886038,-1.0718886,-0.56491125,-0.108332984,0.32128775,0.3137259,-0.13913588,0.20090106,0.5671933,0.1886779
11717,-5.1191688,-0.01775061,-0.5882331,-0.5148369,-0.073178105,-0.16393252,0.31467608,-0.010193251,-0.17554775,0.19576962,0.35616195
11718,-4.11353,-0.22444467,-0.6957401,-0.59735215,-0.16873656,0.20275271,0.1353359,-0.099474676,0.112598374,0.40735626,0.18997473
11719,-7.0138144,-0.2535862,-1.3256565,-0.80376184,-0.067968436,0.074872375,0.073552094,-0.23385115,-0.08916927,0.89049685,0.012281546
11720,-6.1691494,0.047633417,-1.7562529,-0.6216957,-0.22315459,0.05463516,-0.122830056,0.059698276,-0.32702863,0.61897784,0.34268126
11721,-5.083542,-0.10086769,-0.91789293,-0.39267972,0.085922755,0.056799393,-0.408522,-0.15046258,0.023637364,0.7657449,-0.09959855
11722,-7.0600967,-0.04622952,-1.4945099,-0.4811685,0.12144606,0.4328615,-0.09414589,0.12421891,0.13731518,0.56397575,-0.067227915
11723,-5.068979,-0.11594814,-0.8028797,-0.48042607,-0.15398954,0.16172083,-0.050630927,-0.41947734,-0.110204,0.3546759,0.088828266
11724,-5.417035,-0.045314424,-0.93666625,-0.34098968,-0.26412684,-0.059932016,-0.2588605,0.033137493,-0.24482574,0.28701213,0.19022626
11725,-4.462626,-0.020926736,-0.9089699,-0.44824117,-0.066595696,-0.38208967,-0.11595111,-0.023421435,-0.3431069,0.230344,0.079448245
11726,-7.007043,-0.22533575,-1.8546402,-1.0167862,0.11894934,-0.17554632,-0.54972064,-0.01356937,0.18761906,0.548905,0.6642489
11727,-4.845509,-0.084182724,-1.1463015,-0.81018937,-0.08987557,0.261427,0.09988796,-0.1585688,0.12196552,0.40289748,0.44386235
11728,-8.17175,-0.28399646,-1.6547221,-0.37344983,0.50966066,0.10158461,-0.5332852,-0.16567816,-0.102224246,0.082539625,0.0034797834
11729,-6.0298815,-0.44169244,-1.1924449,-0.6073008,-0.09211161,0.092249975,-0.15767369,0.20344251,-0.15879521,0.5835561,-0.002467325
11730,-5.6528773,-0.024117496,-1.0421218,-0.7522032,-0.1870541,0.46416545,-0.01772521,-0.341039,0.42602006,0.8806752,0.4334386
11731,-6.839227,-0.24191673,-1.209867,-0.51798725,0.12663452,-0.15251005,-0.21770328,-0.25350973,-0.16695951,0.040908583,0.83441395
11732,-6.9087825,-0.15366292,-1.1193227,-0.62290907,-0.90342724,0.133702,0.31363788,-0.2363858,-0.27411512,0.52422625,0.3539099
11733,-7.2939343,-0.1428492,-1.7876241,-1.3339205,0.16344021,0.18732838,0.18915194,-0.06999917,0.32351503,0.63853633,0.20538193
11734,-4.5582542,-0.16045737,-1.1472253,-0.13073027,-0.1902109,0.024642225,-0.10151752,0.028032634,-0.24596594,0.36742923,0.3290559
11735,-6.3068027,-0.4147263,-1.4026293,-0.63780475,-0.037438415,0.49194437,0.21327962,-0.121489055,-0.07633756,0.25612068,0.63407147
11736,-5.8946176,-0.0075496444,-1.1896123,-0.6066917,0.0027709606,-0.06703792,0.15122825,-0.20913833,-0.11901371,0.65765303,0.42482895
11737,-5.6074533,0.22573096,-0.86161524,-0.42768425,-0.21845222,-0.4406274,0.13466676,-0.14576906,-0.36802402,0.15745394,0.27881765
11738,-4.6776667,-0.08552843,-0.9118987,-1.0400635,-0.45850694,0.08228828,-0.21346125,-0.14189866,0.07033307,0.53158534,0.46095788
11739,-6.3363023,-0.2068369,-1.0611898,-0.5395566,-0.26860556,0.01094525,0.028843,-0.3439399,-0.4409787,0.40277165,0.6256419
11740,-7.096909,-0.060678314,-1.4355297,-0.5226684,-0.55876243,-0.2447144,-0.21456876,-0.08312266,0.046153337,0.6500988,0.33278084
11741,-6.909934,-0.036914755,-1.6844639,-1.154392,0.19221765,-0.0504638,-0.38230324,-0.546708,0.084211685,0.2879117,0.36490142
11742,-6.211213,-0.422504,-0.90040886,-0.67412627,-0.531179,-0.061345078,0.38803086,0.0006492138,-0.48706383,0.33031085,0.53363246
11743,-4.894044,-0.25000697,-1.2065531,-0.8793782,-0.055820018,0.13882452,0.022597983,-0.22541423,-0.0178606,0.30775264,0.34434384
11744,-5.7019286,0.06911729,-1.0359925,-0.63549745,-0.30939937,-0.12689795,0.2227113,0.017827867,-0.20339735,0.70156085,0.34255037
11745,-5.986463,-0.1296766,-1.3416158,-0.93999845,-0.2212161,0.37640977,-0.33385488,-0.49381492,0.31960216,0.56862396,0.17191386
11746,-4.849722,-0.27211967,-0.98981106,-0.64693457,0.060059976,0.13138139,-0.35599595,-0.5534252,0.2777,0.49272066,0.1472718
11747,-6.2523575,0.10911757,-1.1082958,-0.72476,-0.7601204,-0.11388998,-0.010266994,-0.003018246,0.059821814,0.4232703,0.53715265
11748,-4.7561846,-0.25778642,-0.8941303,-0.49456722,-0.37830976,-0.30971158,0.091245584,-0.23019156,-0.32950523,0.31701443,0.2622528
11749,-5.161029,0.033060063,-1.0091757,-0.5150956,-0.006048599,-0.04236445,-0.04433234,-0.28482988,-0.4444539,0.08876946,-0.092532605
11750,-4.6513615,-0.29687488,-1.0389774,-0.6191565,-0.21253856,-0.10702239,0.009230139,-0.11724798,-0.04661879,0.2187997,0.25021794
11751,-5.4066963,-0.22684073,-1.0625724,-0.6950028,-0.2779392,0.530793,0.14271045,-0.3970357,0.09906805,0.7068639,0.45239392
11752,-5.1115975,-0.11527261,-1.0666038,-0.22302632,0.010950169,-0.20445794,-0.17488311,0.10872,-0.25219676,0.2925164,0.39352176
11753,-4.6136837,-0.09491726,-0.8999381,-0.39866316,-0.053290676,-0.10114024,-0.18669482,-0.35096765,-0.09666118,0.19412701,0.24694698
11754,-5.153369,-0.16092561,-1.1155076,-0.29829317,-0.19330128,0.09613661,0.09642079,0.027574213,-0.10407134,0.33222893,0.5109166
11755,-3.8280354,-0.043408938,-0.7456584,-0.5464502,-0.40910497,-0.14145081,0.13837588,-0.0713351,0.005184019,0.37743604,0.3345619
11756,-4.4704914,-0.0930597,-0.84751093,-0.48099446,-0.2988082,-0.35240215,0.022236982,-0.14404434,-0.33452752,0.3341726,0.37867475
11757,-5.594649,-0.24690904,-1.1518004,-0.31397718,-0.19247174,0.5562414,0.025275981,-0.34361625,0.014461239,0.31090376,0.39340192
11758,-7.9541116,-0.022021968,-1.3086665,-0.67155063,0.11746501,-0.5152978,-0.27538916,-0.30247584,-0.39578974,0.25704205,0.32550067
11759,-5.396515,0.13371667,-1.1162453,-0.5290946,-0.21469513,0.02378064,0.040169485,-0.83910644,0.15628327,0.10682097,0.30706435
11760,-5.570616,0.03561889,-1.1852447,-0.42814746,-0.15408605,0.3829685,0.036216054,-0.20397653,-0.011104172,0.29765055,0.23984869
11761,-5.363974,-0.051150057,-0.80948395,-0.09598169,-0.07077775,-0.070113994,-0.054088026,-0.41820115,-0.1551521,0.454132,0.10343995
11762,-4.8177133,-0.2209217,-0.8509345,-0.5757131,-0.12111852,0.10577466,0.021546382,0.12974411,0.11582426,0.3188403,0.030633692
11763,-7.01704,-0.0846954,-1.3253345,-0.8592845,-0.26645473,-0.06668645,-0.2257349,-0.47302195,-0.080198064,0.32244062,0.19281873
11764,-5.594723,-0.20071483,-1.1010288,-0.7588598,0.15276194,-0.3373552,-0.13528241,-0.016093682,-0.20748463,0.37633914,0.08810764
11765,-6.0730457,-0.24038035,-1.1626438,-0.6879727,-0.7399969,0.3148933,-0.07001146,-0.5450923,0.35174093,0.51773417,0.3629547
11766,-5.9883094,-0.07151316,-1.5579987,-0.9021139,-0.30638224,0.0026706965,-0.28132126,-0.24333972,-0.055390224,0.54814494,0.6597476
11767,-4.870381,0.109254085,-0.9680921,-0.68217415,-0.2148829,-0.14767043,0.026663244,-0.14219901,-0.07629062,0.1515805,0.17206758
11768,-5.7826495,0.006300709,-1.1226541,-0.29322222,0.33226103,0.20833799,-0.031071484,0.12707888,0.050813682,0.12678967,0.17801146
11769,-4.927277,-0.046073202,-0.78371733,-0.5322677,-0.22814138,-0.22235943,0.08258327,-0.07780341,-0.10000082,0.57701486,-0.03785429
11770,-7.6262255,-0.40973294,-0.9400785,-0.9082766,-0.9148049,-0.039005067,0.13777304,-0.034613453,-0.3200085,0.616848,0.817772
11771,-4.8011684,-0.024993565,-1.0521009,-0.3667987,0.09914584,-0.020432618,0.033085477,-0.20089142,0.052627347,0.8830295,0.016969588
11772,-4.8730636,-0.031246189,-0.76361686,-0.5549229,-0.049949996,0.0094768135,0.12944706,-0.09795372,-0.008185392,0.2009038,0.346139
11773,-6.3746943,-0.18425132,-0.9718466,-0.85735416,-0.52368605,0.13482219,0.063369304,-0.33330962,0.014768397,0.35391718,0.3226958
11774,-4.870255,-0.10076204,-0.94784534,-0.5813648,-0.3541511,0.05714666,-0.06151271,-0.2100429,-0.13973437,0.37187728,0.4402264
11775,-5.3183575,-0.23619914,-0.9219528,-0.70147204,-0.13257356,-0.22777143,0.14106978,-0.4430308,0.20134129,0.4768108,0.3939938
11776,-5.908139,0.09332179,-1.373056,-0.020949904,0.30631292,0.15775827,-0.22673015,0.43300962,-0.39679593,0.19478807,0.014746082
11777,-5.656697,-0.11317553,-1.1165445,-0.4590909,-0.29569045,-0.17214762,0.14191136,-0.36969757,-0.2230189,0.26028576,0.54686576
11778,-4.3140078,-0.094452046,-0.7824427,-0.34248754,-0.23086718,-0.121693,0.10835326,0.04459878,0.07349621,0.48120138,0.10861152
11779,-4.885101,0.06938944,-0.85063916,-0.28822187,-0.09584637,0.3158062,0.051544633,-0.43129292,-0.021825494,0.16695674,0.1401037
11780,-3.9515982,-0.20335278,-0.61042285,-0.52507013,-0.1919663,0.16452065,-0.16813314,-0.09736555,0.041360356,0.2031946,0.42656863
11781,-6.778958,-0.00413387,-1.3696626,-0.67164063,0.024453316,-0.0053775962,0.021908872,-0.060875237,-0.07126205,0.41487446,0.58187836
11782,-6.7453346,-0.16008341,-1.1530128,-0.62249726,-0.23459591,-0.2120215,0.101213634,0.0089259045,-0.12608649,0.3297053,0.4565401
11783,-6.6024613,-0.21152388,-1.6030084,-0.6398446,0.27546564,0.30101645,0.054144587,0.22738379,-0.097443506,0.5661903,0.50324196
11784,-6.3366923,-0.043331314,-0.84291154,-0.6627655,-0.19505493,0.49065912,-0.2308412,-0.67691714,0.08551559,0.50155616,0.10002601
11785,-6.277731,-0.20180018,-1.0743259,-0.75279164,-0.34203738,0.2786125,0.26074684,-0.13838492,0.16215861,0.71351695,0.714287
11786,-5.672531,-0.2919888,-1.0261384,-0.70010424,0.1702881,0.18296231,-0.0022746297,-0.14016604,-0.05626169,0.4078362,0.37472883
11787,-5.700503,-0.045216,-1.0153868,-0.7675427,0.080182,0.18773147,0.19209695,-0.48243856,0.17554958,0.38181072,0.2911263
11788,-7.3365216,-0.12648286,-1.6124303,-0.87880033,0.15592249,-0.117452666,-0.14600468,-0.25467807,0.21164583,0.6070016,0.35369325
11789,-4.275871,-0.059456456,-0.7568062,-0.65020496,-0.29770294,-0.26154077,0.14999355,-0.27450478,0.0033844756,0.59499866,0.29577243
11790,-6.368345,0.15972418,-1.3056574,-0.8294118,0.013649702,0.08918919,0.19024453,-0.46806395,0.17615452,0.6582399,0.20989583
11791,-4.249408,-0.2958394,-0.65315217,-0.2978081,-0.28457367,0.47569293,-0.25512108,-0.4103452,-0.19733107,0.4715796,0.16630341
11792,-7.618271,-0.016964812,-1.5534228,-0.37446332,0.36590564,-0.047920797,-0.12985888,-0.04666055,-0.17949076,0.39972737,0.12318066
11793,-5.2167454,-0.08996497,-1.0460577,-0.404919,-0.028252868,0.17079486,0.07952411,0.24477978,0.12480208,0.62341523,0.14442962
11794,-4.470046,-0.32536125,-0.83638734,-0.5436305,-0.36468542,0.35639757,-0.27946153,-0.28085765,-0.13841075,0.32753402,0.28151944
11795,-8.299623,-0.1893221,-1.7262057,-0.8117361,-0.27908707,0.36401987,-0.091489114,-0.013723668,0.1175303,0.40919495,0.6820776
11796,-5.2329807,-0.12927803,-1.1437023,-0.47779793,-0.24479198,0.096365094,0.3161815,-0.07964393,-0.056475684,0.27739087,0.46007413
11797,-4.5351763,-0.086974144,-1.128675,-0.4022251,-0.33863077,-0.040637482,0.12200805,0.014334872,-0.15069176,0.46938467,0.50303864
11798,-6.547447,-0.2105749,-1.0045143,-1.0039802,-0.32035017,-0.10267462,0.12744388,-0.40294808,-0.0964027,0.53413004,0.8012794
11799,-5.186112,-0.23538837,-0.9454341,-0.54348177,-0.38603967,-0.19695778,0.045522112,-0.38378924,-0.21271819,0.24779403,0.19398566
11800,-5.0311503,-0.30302662,-1.0474937,-0.7669991,0.08441263,-0.19510219,-0.24802972,0.121640466,0.27473643,0.4726415,0.13960162
11801,-5.016075,-0.17594759,-0.95051086,-0.6591192,-0.45029232,0.37366182,0.17688291,-0.38960162,0.010430977,0.59244853,0.5725192
11802,-5.89815,-0.055242527,-1.1206772,-0.4116074,-0.18042514,-0.16853537,-0.037936915,0.08045278,-0.36140528,0.32031754,0.5004598
11803,-4.996565,-0.16608737,-0.8967,-0.54191923,-0.22192197,-0.19394918,-0.21541382,0.09653835,0.05613391,0.42395705,0.30276674
11804,-5.283199,0.043618947,-0.9228639,-0.21120922,-0.075754434,-0.18352355,-0.123564236,-0.081650324,-0.22532426,0.395523,0.117144085
11805,-6.680564,-0.07104777,-1.0977333,-0.57617885,0.19445887,0.07954782,-0.19364278,-0.18229024,-0.04150971,0.6057921,0.31312704
11806,-4.5482526,-0.17264594,-0.7015937,-0.56262976,-0.2543615,-0.078811675,-0.09463295,-0.39862883,0.026408724,0.40140504,0.12293684
11807,-7.703374,-0.235123,-1.6885699,-0.7478329,-0.6728352,0.07442711,0.1791779,0.25725806,-0.61801493,0.5890633,0.548209
11808,-4.815796,-0.22439791,-0.8468516,-0.48064452,-0.36184305,-0.4283356,0.036743153,0.15003586,-0.0931453,0.38183686,0.2494706
11809,-5.7389846,-0.3174212,-0.9595049,-0.94648683,-0.019500613,0.22841124,0.2658779,-0.39078662,0.08688172,0.31670696,0.64771414
11810,-7.0531816,0.10258957,-1.7159518,-0.10718611,0.29876828,0.4949634,-0.048372246,-0.32633036,-0.22760445,0.37959495,0.3797343
11811,-6.2927127,0.06852313,-1.8031713,-0.600176,0.2548929,-0.08027736,-0.1321222,-0.09913319,-0.20139156,0.3041942,0.16764027
11812,-6.083705,-0.040706385,-1.4702141,-0.6336338,-0.22318839,0.095575094,-0.110130794,-0.45757288,-0.1862592,0.38376305,0.61668426
11813,-5.455656,-0.12120429,-1.2083526,-0.6207831,0.004666656,-0.37450242,-0.08629813,-0.088400625,-0.18400843,0.26376984,0.41843572
11814,-6.1792974,0.09447305,-1.1470999,-0.87650436,-0.074815236,0.3948803,-0.2021372,-0.48649457,0.36511457,0.5363564,0.36870888
11815,-5.488795,-0.24127065,-0.938528,-0.49995673,0.13957335,0.047495514,-0.06231223,0.3613928,0.021321747,0.54985434,0.23405491
11816,-6.095853,-0.26719594,-1.1490772,-0.7490659,0.12005084,-0.110971875,-0.06826052,-0.13026467,0.25284016,0.6187979,0.37476853
11817,-6.827315,-0.103165366,-1.432704,-0.70581114,-0.22237581,0.31912637,-0.10954333,-0.17122991,0.18671909,0.51360315,0.3461247
11818,-5.700897,-0.25332698,-1.3081257,-0.8901968,-0.43573806,0.14843719,-0.32122704,-0.62307376,0.22803728,0.2602888,0.37944716
11819,-5.7186985,-0.3591129,-1.0263455,-0.35900873,-0.43209442,-0.098288074,-0.028427105,-0.40944576,-0.21083693,0.1476685,0.34596753
11820,-5.8266497,-0.21647428,-1.3989668,-0.8873133,-0.47164905,-0.41710776,0.16062248,0.026389701,-0.09595606,0.53890175,0.5741578
11821,-4.773456,0.05855359,-1.1576393,-0.4772838,-0.096719265,0.040510308,0.06593624,-0.09350142,-0.1912297,0.4410882,0.13554648
11822,-5.252129,-0.07161081,-0.8430133,-0.66214925,0.02826834,0.3298877,-0.09363147,-0.13218264,0.150685,0.4700134,0.4192606
11823,-4.59376,-0.03247589,-0.7006279,-0.39425844,-0.20971355,-0.14178228,0.20645937,-0.28924367,-0.25403646,0.2904254,0.084677756
11824,-5.786634,-0.14547017,-1.1401615,-0.6895518,0.37873897,0.018138763,0.07193502,-0.12705275,0.17171095,0.56848764,0.47816792
11825,-6.8372974,-0.12680031,-1.1189619,-1.0231177,-0.37961626,0.04374669,-0.23916017,-0.6246018,0.49944082,0.65487266,0.48723358
11826,-4.8676753,0.028053869,-0.4907732,-0.5199131,-0.09444548,-0.25842947,0.018756896,-0.1427159,-0.17330457,0.216578,0.375961
11827,-6.3957524,-0.30941385,-1.3085803,-0.5174084,-0.42725527,-0.24820964,-0.26135013,-0.10021178,-0.17091084,0.6812246,0.7017341
11828,-6.179557,-0.06553472,-1.3585826,-1.0260986,-0.022914454,-0.069501944,0.25802466,-0.5082585,0.19723092,0.45891795,0.40750158
11829,-7.905195,-0.04038148,-1.6236017,-0.9514349,-0.098503105,-0.08656178,-0.035634205,-0.35134155,0.015067564,0.6385189,0.30676284
11830,-6.226627,-0.21537727,-1.2323885,-0.61987525,-0.54317296,-0.13152856,0.11217393,-0.07570234,-0.29658183,0.38044578,0.7363023
11831,-4.469894,-0.309203,-0.9880258,-0.14790334,-0.40370992,0.24140231,0.054382775,-0.09696307,-0.26464513,0.35996845,0.34625116
11832,-6.9278617,-0.08372421,-1.3008255,-0.6448586,0.027098093,-0.27231818,0.13488165,0.09486539,-0.22644189,0.3858079,0.0057981024
11833,-5.1222987,-0.11794226,-0.97606003,-0.53198767,-0.460389,0.33692932,-0.021791227,-0.39139357,-0.1855414,0.7636611,0.49927515
11834,-6.6408234,0.13306396,-1.6592536,-0.60778344,0.36582816,-0.15525405,-0.4308458,-0.16573825,-0.19850819,-0.049632717,5.4477714e-05
11835,-5.2255735,-0.09346897,-1.1468049,-0.31290764,-0.39979398,-0.06815329,-0.09780732,-0.49473426,-0.3548476,0.53025067,0.2413561
11836,-6.21752,-0.19285744,-0.8496842,-0.756974,-0.8084373,-0.58381516,0.3346608,-0.20100576,-0.31745845,0.33938888,0.75848955
11837,-6.152547,-0.054390144,-1.0567364,-0.6641845,-0.014697056,-0.09382275,-0.0057873977,-0.44343683,-0.18654397,0.32191938,0.093403324
11838,-4.0194173,-0.039380822,-0.86531913,-0.37865162,-0.20335194,-0.10279504,-0.06953818,-0.31241357,-0.08901736,0.6196455,0.29474238
11839,-5.590552,-0.055557195,-1.3013926,-0.39730945,-0.14550789,-0.45111614,-0.21075594,-0.06955895,-0.30330947,0.33873224,0.17224996
11840,-4.621093,0.019691441,-0.86706805,-0.32904398,0.15395246,-0.033164583,-0.25582382,-0.19081183,0.035255097,0.5782183,0.07572294
11841,-6.6544447,0.14315662,-1.3515948,-0.488217,-0.23149337,0.09853771,0.12113423,-0.32054538,0.108821236,0.37631541,0.49549705
11842,-5.6040134,-0.16304693,-1.0972865,-0.544417,0.019387955,0.08578271,0.026799325,0.072532326,0.08862961,0.7663389,0.27149078
11843,-6.098121,-0.33925992,-1.2054039,-0.6497424,-0.8891535,0.13749819,0.34156856,-0.121343054,-0.01650379,0.6917533,0.67587996
11844,-5.0346503,-0.2827391,-1.1517887,-0.71340686,0.13779616,-0.14232384,0.10199304,0.12417776,0.30875626,0.6870918,0.0794182
11845,-4.2749195,-0.08723651,-0.87823224,-0.6427674,0.04452219,-0.24912317,0.2527053,0.08054168,-0.1924882,0.16556825,0.11643191
11846,-6.2909737,0.16767499,-1.1914494,-0.320069,0.016346997,-0.022451445,-0.0034565963,0.08938857,-0.41419157,0.41213468,0.13784902
11847,-5.868903,-0.19949225,-1.0586224,-0.544409,0.35889181,0.114367455,-0.22033103,-0.33692932,0.032860175,0.55531746,0.24958912
11848,-5.1301155,-0.05530333,-1.3231878,-0.79610896,-0.35401577,0.10368475,0.26255715,-0.06412308,0.07840818,0.69967157,0.5014109
11849,-5.6914935,0.14516,-1.1622851,-0.7968102,-0.097610354,0.10939523,-0.2407404,-0.70032644,-0.0045222286,0.42642078,0.13190436
11850,-5.0760627,-0.120659575,-0.5283643,-0.35542732,-0.18985169,-0.26686597,0.2454482,-0.075856164,-0.38761145,0.293288,0.26577914
11851,-5.232382,-0.0011848994,-1.2777739,-0.7347079,-0.11165577,-0.03911567,-0.2441094,-0.05641883,-0.14044116,0.60923505,0.12867777
11852,-3.8933895,-0.04734894,-0.73179173,-0.40422845,-0.42466277,0.098459974,-0.039670292,-0.0974117,0.06434715,0.44629833,0.29112735
11853,-6.1338544,-0.009756803,-1.169704,-0.5104533,0.5055606,0.32689124,0.072683886,0.028830696,-0.13784534,0.1126989,0.5303016
11854,-6.464717,-0.52777976,-1.1314187,-0.8424952,-0.3951733,-0.056396633,0.13205208,-0.007113101,0.07028657,0.7083355,0.5196817
11855,-7.053878,0.18461831,-1.4822775,-0.6609708,-0.3206989,0.49739575,0.26568717,-0.54530907,-0.06685204,0.35255617,0.5047589
11856,-4.4613466,-0.14720766,-0.825841,-0.3330617,-0.43591642,-0.03264851,0.29840955,0.1366442,-0.15482707,0.4941968,0.6812805
11857,-5.331026,-0.06513256,-0.99394226,-0.6289758,0.022037178,-0.14785995,-0.0055698743,-0.4227411,0.097660586,0.32403705,0.24452949
11858,-4.6759562,-0.21156356,-0.90441734,-0.6073352,-0.35604694,0.010939088,0.019292004,-0.3140157,-0.045546576,0.47062823,0.15157217
11859,-5.4684877,-0.36102137,-1.5255963,-0.6172967,-0.4855454,0.035608917,0.0074115004,-0.21769165,-0.016580535,0.64271194,0.4619612
11860,-6.1198606,0.23725355,-1.0417929,-0.24517334,0.2779575,-0.05806657,0.026658483,-0.025032757,-0.3857517,0.41096336,0.08992527
11861,-5.7841167,-0.20628446,-1.1169797,-0.3763226,-0.08724832,0.22839384,-0.37883916,0.101821594,-0.21264972,0.53845394,-0.03033949
11862,-5.6941433,0.22193423,-1.3497212,-0.32981348,0.09152624,-0.0154023655,-0.25866187,-0.18571265,-0.13444562,0.37033767,0.36591128
11863,-6.402902,-0.019371219,-1.1437454,-1.1106716,-0.46895677,-0.27132982,-0.27353877,-0.16305709,0.16794007,0.5771009,0.4642979
11864,-7.43501,-0.41965508,-1.2565206,-0.67709595,0.10994279,-0.076711506,-0.24777116,0.25897792,0.042460065,0.47163358,0.34149522
11865,-5.503839,-0.1445393,-1.0026774,-0.618348,-0.208569,0.32679397,0.08003772,-0.58850497,0.10714074,0.5424804,0.60271066
11866,-5.303156,-0.03757384,-1.2490141,-0.63807577,-0.0580843,-0.13066095,-0.32782608,-0.50918096,-0.22112314,0.29847887,0.32263616
11867,-6.8147254,-0.1346681,-1.2691721,-1.2446443,-0.36589795,-0.06376785,0.08085523,-0.32230166,0.18518627,0.40639102,0.63454145
11868,-4.6922436,-0.014641945,-0.77488434,-0.29531378,-0.11568603,-0.015134178,0.09787883,-0.15479916,-0.30190423,0.4006634,0.30808198
11869,-4.8807845,-0.08954336,-0.96961236,-0.43244076,-0.11731261,-0.080944814,-0.063709676,0.0077714883,-0.015682599,0.5567733,0.24195328
11870,-6.486975,-0.20515478,-1.2807306,-0.77788925,-0.05568816,0.49981213,-0.013491851,-0.38474813,0.39285114,0.9734322,0.59571403
11871,-6.156576,-0.348459,-1.4261506,-1.2661014,0.029207014,0.24145472,-0.4656024,-0.6444077,0.5968417,0.6612333,0.028946292
11872,-5.580163,-0.12087324,-0.8609499,-0.45343953,0.062759265,0.09952093,-0.20537151,-0.10533407,-0.38481578,0.1913858,-0.07061175
11873,-6.2741747,-0.17295502,-1.2898306,-0.6653686,0.10824461,0.38645643,0.18707749,-0.11021263,0.03809133,0.73951167,0.26474667
11874,-6.307054,-0.35059047,-1.1706873,-0.92230207,-0.34461,0.1089945,0.25338525,-0.08295917,0.21982017,0.7758021,-0.009718779
11875,-5.927574,-0.27653348,-1.0716919,-0.6224765,-0.037055187,0.013884651,-0.3224689,-0.37968832,-0.26940292,0.23350543,0.094007224
11876,-6.4904284,-0.09842708,-1.3136854,-0.40548006,0.015388789,0.26856893,0.078684464,-0.3438887,-0.17622931,0.6013017,0.24545392
11877,-4.93542,-0.38985658,-1.4578092,-0.7951962,-0.23096018,0.17901592,0.039770335,-0.1139296,0.1442104,0.48025364,0.35446686
11878,-4.408355,-0.22196145,-0.62677115,-0.58063525,-0.16120048,0.007635911,0.21067123,-0.10964348,-0.31491485,0.20925926,0.29787433
11879,-5.388818,-0.055890556,-1.423928,-0.310218,0.18416166,-0.09804497,-0.20045294,0.18762966,-0.12763311,0.325311,0.059666917
11880,-4.2928057,0.069026716,-0.92071885,-0.6511003,-0.30910623,-0.05424999,-0.09432725,-0.03277114,-0.16082221,0.17493437,0.13028531
11881,-5.446491,-0.05420288,-0.93891364,-0.68083686,-0.5687256,-0.075181864,0.26590878,-0.042309247,-0.024320858,0.7240056,0.4175324
11882,-5.8749833,0.12064332,-1.0486311,-0.85543865,-0.081603765,-0.4362793,0.17482871,-0.05142434,-0.024130417,0.5271825,0.31379288
11883,-5.592936,0.02611643,-1.0821449,-0.82944566,0.023294702,-0.004273994,-0.0979387,-0.029933954,-0.08294768,0.6499106,0.24777389
11884,-6.9610376,-0.054284077,-1.0324454,-0.8481044,-0.51283294,-0.49871176,0.012164267,-0.35363242,-0.074933186,0.5372025,0.54517627
11885,-5.6207194,-0.23620988,-1.447581,-0.9010171,0.20808972,-0.06370989,-0.18924874,0.033502124,0.12941566,0.63057166,0.022223346
11886,-7.519886,0.06412627,-1.0374295,-0.72076803,-0.09465091,-0.4572683,0.04826147,-0.11534078,-0.29488647,0.600565,-0.037518058
11887,-4.5239687,-0.10437488,-0.6166248,-0.4348316,-0.27527824,-0.07827623,0.32970053,-0.057842083,-0.14567722,0.3104161,0.5106513
11888,-7.217796,-0.16616023,-1.5009226,-1.0088644,-0.21235766,-0.13709153,-0.046083253,0.08679925,0.20947695,0.396684,0.62110484
11889,-3.968432,-0.21431772,-0.8179257,-0.39800656,0.032956876,0.14187363,0.18281378,-0.161027,-0.21180245,0.1045673,0.21478619
11890,-7.785159,-0.8872571,-1.5439984,-0.78603584,-0.5631789,-0.4090656,0.23980014,-0.07624264,-0.106790185,0.30115426,0.97512436
11891,-4.994111,-0.5317994,-0.941698,-0.73875344,-0.41847116,0.035995603,0.43531644,-0.16083224,0.22936445,0.46036202,0.26383114
11892,-6.036945,-0.08146546,-1.0516918,-0.57399935,-0.13571501,0.20285481,-0.18849227,-0.37658525,0.10966132,0.34551784,0.46273983
11893,-5.3485403,-0.095497236,-0.902,-0.63058156,-0.23331405,0.08111681,0.1059272,0.23818062,-0.02141901,0.45220172,0.515879
11894,-5.592298,0.020794488,-0.8497854,-0.47739765,-0.27507153,-0.10451914,-0.30467528,-0.25298324,-0.20147893,0.44595596,0.32353294
11895,-5.56799,0.031459693,-1.1106392,-0.51515824,0.38526925,-0.5403585,-0.04470755,-0.015607502,0.03663995,0.24937059,-0.016928226
11896,-5.607438,-0.2429419,-0.94412035,-0.98638105,0.027626319,-0.25265515,-0.332884,-0.0055898316,0.01344983,0.3908882,0.25532857
11897,-5.6651673,-0.10960778,-1.4392002,-0.9298738,0.06706812,-0.08568666,0.052714493,-0.18612806,0.012296519,0.60188884,0.15286128
11898,-4.6430655,-0.059325535,-1.0318416,-0.46627814,-0.10464778,0.021849353,-0.045553453,-0.25108913,0.036583394,0.21167207,0.33535904
11899,-5.415645,-0.064350076,-1.3170933,-0.44627342,-0.23555598,0.010673627,-0.0246463,0.28855276,-0.1319275,0.49376094,0.43148473
11900,-6.1850467,-0.14692374,-1.2064686,-0.640464,0.28737298,-0.26638448,-0.08840739,0.15946826,-0.35683092,0.3842436,0.13018297
11901,-5.4064374,-0.16258986,-1.244403,-0.37181374,0.14952601,0.0032215603,0.018398315,-0.4269758,-0.09196989,0.21655136,0.36159965
11902,-6.7918577,-0.18717764,-1.0262972,-0.475944,-0.14846256,-0.32269812,0.19775888,-0.055166133,-0.42030156,1.0637672,0.22887681
11903,-5.037225,-0.24075183,-0.9583553,-0.5502753,0.21386574,-0.22380987,0.066703334,-0.11847975,-0.083800726,0.38333306,0.1125696
11904,-5.000943,0.08287511,-1.0726994,-0.33306295,0.18019605,-0.10937315,-0.23166052,-0.2044292,-0.34747002,0.48564494,0.272803
11905,-5.32847,-0.3690973,-1.04917,-0.20422597,-0.078493446,0.41485876,-0.030020058,-0.2718012,-0.20965599,0.74002063,0.21521205
11906,-6.267293,-0.31308064,-0.9634769,-0.913056,-0.63536406,-0.21405804,0.1760793,0.24052782,-0.14012009,0.60263854,0.47848913
11907,-4.6844068,-0.12221812,-0.8872908,-0.5079508,-0.37365726,0.40483302,-0.09714573,-0.4726078,0.08543907,0.28192145,0.24432789
11908,-4.4592834,-0.09727217,-0.74424756,-0.3522382,-0.46817055,-0.03218102,0.0029472793,-0.31401864,-0.18926904,0.30460045,0.25895834
11909,-5.349103,-0.26887697,-0.8403738,-0.41375944,-0.15436432,-0.14268969,0.036422417,0.052500166,-0.24356239,0.34796438,0.27962154
11910,-6.239324,0.13453637,-1.3087119,-0.5894866,0.21523727,-0.021136288,0.05356288,0.097688645,-0.21950768,0.29263493,0.34040692
11911,-5.7789254,0.0889616,-1.2221717,-0.64293265,0.05274666,-0.13961405,-0.19768424,-0.25411037,-0.3297769,0.25946522,-0.026276581
11912,-7.2250614,-0.50478595,-1.6648778,-1.0359409,0.17722426,-0.11842522,-0.34754533,-0.1872736,0.34259263,0.9141263,0.29502618
11913,-5.582069,0.20415948,-1.3212825,-0.13116762,0.07774182,-0.069981426,-0.11077164,0.061714947,-0.2648865,0.052430656,0.30039355
11914,-5.638644,-0.104852654,-1.1180474,-0.4794794,-0.47226563,-0.12070747,0.052891992,0.075517595,-0.15578558,0.5374905,0.5240346
11915,-6.5999827,-0.2445087,-0.90005904,-0.9753646,-0.56318057,-0.17194808,0.18084417,-0.13030905,-0.14679506,0.65963364,0.4949786
11916,-4.7783074,-0.22571743,-1.2702391,-0.34246737,0.0920156,-0.06061078,0.007957974,0.11603615,-0.123872414,0.43497458,0.43577468
11917,-5.6197023,0.014264286,-0.89772713,-0.48807338,-0.030817686,-0.2524886,-0.0020658039,0.23366469,-0.23105036,0.6920205,0.14974548
11918,-4.34326,-0.2752328,-0.91344345,-0.7482064,-0.16676971,-0.1175217,-0.07073338,-0.24527687,0.17814319,0.5362891,0.24602354
11919,-4.095897,-0.103172414,-1.0575305,-0.3530343,-0.1759897,0.026329719,0.043558534,-0.02033904,-0.15217052,0.40296638,0.15685005
11920,-5.76989,-0.31592652,-0.8231967,-0.7372063,-0.3488938,0.0862691,-0.0052619865,-0.27060878,0.24388662,0.6441509,0.55949444
11921,-4.8761296,-0.29027113,-1.0084745,-0.46521655,0.4081672,-0.15552288,-0.07610641,0.06844398,-0.0962842,0.047033664,0.109715655
11922,-6.4349704,-0.42572293,-0.9330386,-1.016809,-0.30957013,0.16686863,0.09343937,-0.21887913,-0.23600511,0.23992394,0.22591439
11923,-3.8671706,-0.32257083,-0.7881466,-0.32874826,-0.27182475,0.09661232,-0.025445312,-0.04321423,-0.0039741993,0.5016138,0.48261213
11924,-5.5027814,-0.036855835,-1.3728404,-0.5991316,-0.14441648,0.239558,0.21693984,-0.21680667,0.17107715,0.33809373,0.49129128
11925,-4.4637027,-0.20548633,-1.2535739,-0.5519066,0.4010335,0.15578724,-0.199249,0.13475397,0.1434672,0.58803487,0.24763517
11926,-5.3682547,-0.07522712,-1.213426,-0.7907955,0.116934106,-0.302575,-0.24956386,-0.18182206,-0.07462809,0.5752983,-0.06882958
11927,-5.870434,0.027235981,-0.7277826,-0.9059673,-0.02583689,-0.009551611,0.31059122,-0.18566167,0.06861063,0.40438852,0.4555589
11928,-5.4856215,-0.1133285,-0.93196523,-0.56933707,-0.055894386,0.20018157,0.05835203,0.1739676,-0.11319552,0.48426148,0.43727234
11929,-4.641904,0.11188381,-0.80165625,-0.49188095,-0.20519218,0.016312899,0.060513504,0.013657114,-0.21657735,0.22248411,0.37178788
11930,-5.21916,0.154493,-1.2004113,-0.35798386,-0.12232984,0.35276318,0.14117974,-0.018437183,-0.06088388,0.18060434,0.32509217
11931,-5.378019,-0.12592652,-1.0603988,-0.48461565,-0.22040063,0.09668533,0.11805388,-0.076403655,0.13762148,0.6942784,-0.051926084
11932,-5.8426337,-0.11207676,-0.8611905,-0.7694801,0.1488293,0.13997066,-0.04303316,-0.20064767,0.008409731,0.27140805,0.23934633
11933,-6.0808606,0.013994154,-0.9001697,-0.28696257,0.4697044,0.08822324,-0.3420876,0.024507288,-0.160443,0.428488,0.314652
11934,-7.8646417,-0.3120995,-1.6315112,-0.8840004,0.2777949,-0.3414089,0.051147666,0.075485766,0.07666051,0.5744441,0.05381135
11935,-3.6649091,0.11244877,-0.8841774,-0.57419443,-0.17800286,0.017890997,0.18768694,-0.033839785,-0.0342644,0.3308523,0.24757643
11936,-5.3582606,-0.38886437,-1.216018,-0.9374432,0.0707739,0.07877075,-0.064156994,-0.46549952,0.4914364,0.77410024,0.38434228
11937,-5.3893943,-0.12223281,-1.1777894,-0.20854987,-0.30622077,-0.15587087,0.18413252,0.050022155,-0.49402177,0.10225513,0.54474616
11938,-5.2435446,0.056051366,-1.2658323,-0.6783102,0.055010714,-0.24561323,-0.24210621,0.03402608,-0.14780262,0.3551921,-0.028044626
11939,-7.227433,-0.2600178,-1.7641002,-0.9163308,0.49239162,0.09462177,-0.30428678,-0.3836375,0.4329591,0.25928736,0.5210326
11940,-6.439647,-0.08891677,-0.9339327,-0.33506277,-0.16634871,0.059652723,-0.29837433,0.08935839,-0.30851677,0.32448214,0.15429582
11941,-7.3475404,-0.06680118,-1.4525263,-0.74824584,0.26410326,-0.33005667,-0.4916297,-0.15957059,-0.04986629,0.19083042,0.09193282
11942,-4.67484,-0.14668618,-0.85674834,-0.6827311,-0.29306838,0.27985513,0.19301715,-0.328027,-0.12907086,0.13083553,0.16037269
11943,-6.332617,-0.14722042,-1.0588992,-0.7722386,-0.746132,-0.06110003,0.32730198,-0.23283108,-0.16907185,0.36452496,0.6365849
11944,-6.081249,0.09125449,-1.3022478,-0.7465336,0.04043592,-0.17304835,-0.5838824,-0.46087715,0.0059928764,0.30780596,0.24313614
11945,-3.8350978,-0.1272564,-0.79560494,-0.47846735,-0.013707021,-0.08683996,0.03135873,-0.022839127,0.10253728,0.29902142,0.3457687
11946,-6.0519094,-0.39253655,-0.89988226,-0.46961433,-0.6312687,-0.3325374,0.2643896,-0.2680082,-0.25252315,0.34468925,0.52801186
11947,-5.1758494,-0.07299896,-0.8994403,-0.5720881,-0.17589416,-0.10888791,-0.053774193,-0.08437206,-0.10120807,0.4395431,0.2640224
11948,-7.3351493,0.0784441,-1.6131142,-0.51302564,-0.2792459,0.52801436,-0.15834324,-0.590624,-0.085434556,0.15977876,0.15774219
11949,-5.463854,0.07484789,-1.4630005,-0.15280804,0.41892666,-0.114293784,0.10503667,0.15190072,-0.34658298,0.04017955,0.019394297
11950,-6.4564576,0.019891001,-1.272045,-0.76208854,-0.65182656,0.36035573,0.5415968,0.024615515,-0.2893103,0.537723,0.64630634
11951,-4.7018914,-0.076645985,-0.7042554,-0.32035965,-0.22746207,0.027055278,-0.077093,-0.24917635,-0.18173052,0.2577308,0.2737972
11952,-6.259368,0.15537477,-0.89272654,-0.6617274,-0.0163181,-0.62095153,-0.23853621,-0.31340966,-0.09706061,0.5910007,0.36382657
11953,-4.667678,-0.11155028,-0.99560684,-0.52982444,-0.14427127,0.25659788,-0.31693274,-0.052362293,-0.032953784,0.6247733,0.08883674
11954,-5.859308,-0.15644951,-1.3239402,-0.7681267,-0.15661995,-0.05243054,0.1872108,-0.01949871,-0.14694262,0.50793254,0.3218743
11955,-5.173205,0.15995276,-1.5343893,-0.27513,0.30615765,-0.18619432,-0.043394838,0.12881522,-0.2518023,-0.0636822,0.078798845
11956,-3.935927,0.11949178,-0.85298663,-0.44378844,-0.024381116,-0.1751748,-0.05269686,0.0097605605,0.09254273,0.17445725,0.3972632
11957,-6.175771,-0.015126553,-1.4343354,-0.8120094,-0.17842677,0.25393853,0.19963525,0.14904395,0.21567425,0.8512838,0.39514253
11958,-5.8082223,-0.21050161,-1.3104082,-0.58555967,-0.050624385,-0.24214673,-0.04840234,-0.09751775,-0.2892606,0.14133252,0.07600287
11959,-6.6002154,-0.2802673,-1.0045656,-0.6469624,-0.09171331,-0.07421567,-0.14114894,-0.01758875,-0.27665186,0.41867104,0.7543223
11960,-6.1829367,-0.1723748,-0.9081372,-0.9100194,-0.45395556,-0.27071506,0.067144275,0.011916001,-0.23294549,0.7036276,0.48375395
11961,-5.4732623,-0.13244641,-1.0045491,-0.25305706,-0.1910321,0.16642167,0.29641923,-0.19910939,-0.37345728,0.21351488,0.34381592
11962,-6.5313964,-0.012619824,-1.5186206,-0.43177673,-0.03959255,-0.16098088,-0.046574663,-0.1579274,-0.3338002,0.29854956,0.36578998
11963,-4.0201373,-0.18382247,-0.966454,-0.4168486,-0.072710164,0.17706302,-0.052839063,-0.31152478,0.19222471,0.34772998,0.3409347
11964,-4.84425,0.13421181,-0.93767536,-0.5375355,-0.17301407,-0.13936837,0.2801613,-0.15433322,-0.11881916,0.49393502,0.42946675
11965,-5.7648234,0.06799859,-1.0534016,-0.43982646,0.07918045,-0.22623229,-0.14031795,0.15048523,-0.1054801,0.46259218,0.22285666
11966,-5.4018173,-0.22806653,-1.2306097,-0.6642594,-0.38707036,0.21999292,0.08219458,-0.28099117,-0.0060209725,0.57893616,0.6054594
11967,-4.2761054,-0.2737487,-0.6856153,-0.49593818,-0.08344011,-0.20506634,-0.1544948,-0.23744608,0.07340841,0.4906941,0.32219383
11968,-5.3123093,-0.40101752,-0.7141224,-0.56367046,-0.3683765,-0.03402954,0.11045908,-0.3602696,-0.24698241,0.27171513,0.7849478
11969,-5.1247015,0.15392847,-1.0534439,-0.18249655,-0.07725997,0.15211403,-0.093945995,-0.119683675,-0.15389551,0.24151438,0.073672324
11970,-5.213761,-0.14151168,-0.9800719,-0.42523363,0.03914541,0.0456725,-0.12328347,-0.23888104,0.019714875,0.55665404,0.08008864
11971,-6.7970395,-0.36105892,-1.1821703,-0.39550918,-0.13861026,0.21496345,0.16956021,-0.08545235,-0.18615155,0.40172988,0.68271476
11972,-5.61211,-0.04712141,-1.4119459,-0.4106029,0.14166449,0.2019915,-0.049690947,-0.22603783,-0.11754918,0.43625548,0.033192046
11973,-4.137024,-0.072746985,-0.7091299,-0.53746647,-0.65661204,-0.17859757,-0.124131925,-0.17771603,-0.10867124,0.22652656,0.49282986
11974,-5.66478,-0.118616536,-1.5134219,-0.6126167,0.40361556,-0.3309713,-0.15588632,0.12208333,-0.161189,0.46679416,0.052170698
11975,-5.6153,-0.22756566,-1.0557194,-0.92380095,-0.38445014,0.4111597,0.19543007,-0.57594544,0.34724173,0.5684182,0.51794416
11976,-5.2136474,0.01981564,-1.1632077,-0.629317,-0.027778683,-0.34518772,-0.08022774,-0.3258897,0.02884935,0.029970653,0.43569872
11977,-6.307139,-0.33753255,-1.388351,-0.7470732,0.16977109,0.018750932,-0.347748,-0.030137965,0.033396702,0.4820927,-0.10836025
11978,-5.3186,-0.1624223,-0.8147617,-0.36988255,-0.080033846,-0.09535872,0.19601375,0.113897264,-0.26282787,0.3809736,0.192245
11979,-4.962331,-0.27841604,-1.3122779,-0.5741959,-0.30251932,0.30452996,-0.100645356,-0.42455375,-0.009824805,0.4814236,0.28494686
11980,-7.3134103,-0.65720123,-1.2613388,-1.1204374,-0.5299692,0.06122442,0.18575826,-0.25330037,-0.007481551,0.6975502,0.8369669
11981,-7.5077252,-0.050886758,-1.6663891,-1.0469404,0.0675961,0.2750935,0.0873652,-0.36785987,0.34278768,0.7226911,0.43846798
11982,-5.2359242,0.098582186,-1.1761336,-0.8462023,0.24607778,0.19985437,-0.3006391,-0.5068137,0.2469535,0.5037811,0.2526568
11983,-4.990657,-0.25175494,-1.2142261,-0.5911254,-0.23988342,0.14496496,0.059193417,-0.3046126,-0.025601244,0.2812586,0.34528142
11984,-4.7133718,-0.29528624,-0.63232064,-0.62174344,-0.52843523,-0.24986829,0.19902708,0.017313514,-0.0856899,0.5128033,0.3035619
11985,-5.6508036,-0.13957156,-1.1932943,-0.81400985,0.25240004,0.22228147,-0.008410922,-0.37035716,-0.039442994,0.081229314,0.14864206
11986,-4.768515,-0.10649892,-0.90731436,-0.67968494,0.11930852,0.043355968,-0.06404604,-0.21234144,0.22457561,0.9338702,0.08839158
11987,-5.3134174,-0.03298416,-0.84127283,-0.3809956,0.1311182,-0.26581645,-0.24109514,0.078806475,-0.3187732,0.51138663,0.0311466
11988,-5.1465287,0.012889977,-1.1568103,-0.41960865,-0.21179137,0.37600422,0.060095947,-0.12335255,-0.21626171,0.42923895,0.21856208
11989,-6.039902,-0.29235587,-1.3008678,-0.43532863,0.42463812,0.07095424,-0.17459749,0.27931648,-0.04884558,0.36817434,-0.016656663
11990,-6.125958,-0.39407694,-1.2343218,-1.0742687,-0.14781643,-0.04801543,-0.10923505,-0.24407488,0.1362343,0.47410545,0.55830276
11991,-4.9912353,-0.110695355,-1.1192839,-0.9217576,-0.053793237,0.37810534,-0.31919214,-0.2583786,0.34531283,0.6390753,0.15305679
11992,-7.9861474,-0.05352256,-1.2692326,-0.5235491,0.2767294,0.33514678,-0.0060749007,0.1582654,-0.12863958,0.36071542,0.33032897
11993,-5.411859,-0.15715608,-1.2627581,-0.6961117,-0.05708132,0.52989334,0.47995263,-0.18782702,0.1702823,0.6460836,0.30281702
11994,-3.4902017,-0.21563835,-0.6806922,-0.4193914,-0.23137127,-0.021701511,-0.086513706,-0.20798339,0.09965572,0.39428928,0.35484043
11995,-5.414304,-0.10758041,-0.8680653,-0.3646879,-0.26821598,-0.14167675,0.19882573,-0.14213346,0.044617593,0.4264765,0.21697012
11996,-6.690009,-0.2466278,-1.6519513,-1.1269723,0.2759004,-0.11437566,-0.44934592,-0.22696258,0.28838098,0.7060735,-0.053750925
11997,-4.1379414,0.08383187,-0.70409346,-0.3669135,-0.067091145,0.23568353,-0.039691415,-0.29218164,-0.14658374,0.4535669,0.2998526
11998,-6.0666285,-0.065469585,-1.282969,0.059553944,0.1959058,-0.047369838,-0.06586902,0.038845964,-0.16922034,0.54459685,0.20729268
11999,-4.547227,-0.07521042,-1.0728271,-0.4628502,-0.18239546,0.30590373,0.10745457,-0.34062257,-0.034588188,0.15837173,0.41260344
12000,-4.5480623,-0.12627356,-0.83615154,-0.37864956,-0.030747147,-0.20736964,-0.09345713,-0.21751638,-0.11799131,0.01750046,0.19242541
12001,-6.0955606,-0.11157901,-1.0689337,-0.79048496,0.17360193,-0.21139649,-0.35764593,-0.16302267,0.13087317,0.34520468,-0.061978064
12002,-5.1188064,0.04488748,-0.9416264,-0.3913946,0.06656413,-0.16206008,-0.16495544,-0.12619393,-0.07199085,0.22235079,-0.060620308
12003,-6.0517144,-0.038546007,-0.92411286,-0.5658657,-0.16110905,-0.19179586,0.33825845,-0.32198796,-0.37757587,0.12264909,0.52163965
12004,-5.2471876,-0.11065574,-1.1454692,-0.2550224,0.21039852,0.09051826,-0.17594728,-0.043053888,-0.39904565,0.5442814,0.14365953
12005,-6.0777965,-0.030130792,-1.4388264,-1.061094,0.11845768,0.11728493,0.2018624,-0.47978154,0.069286995,0.355701,0.4391139
12006,-5.6140594,0.05359036,-1.4384575,-0.7802876,0.20025153,-0.115424916,-0.29116458,-0.0769541,0.10101452,0.55537224,0.24508168
12007,-6.9503665,0.19032483,-1.1186103,-0.6043163,0.054517027,-0.33577412,0.018506542,-0.08555079,-0.4130793,0.2594095,0.069682635
12008,-5.157294,-0.29557025,-0.7180737,-0.5411329,-0.3473609,-0.5687184,-0.020585045,-0.18037689,-0.07152689,0.3413971,0.35929987
12009,-5.101868,0.028619956,-1.259175,-0.5724937,0.0860626,-0.30302793,-0.222408,0.18424957,0.117522985,0.6037663,0.15588115
12010,-6.9618444,-0.34041253,-1.1004629,-0.7535496,0.32914338,0.21088554,-0.16631345,-0.2114374,-0.06974843,0.49031594,0.48024175
12011,-5.5839024,-0.40981486,-0.96860075,-0.59127057,0.18117738,0.12920523,-0.055436864,-0.18327914,0.095563665,0.8337773,0.22008759
12012,-5.042337,-0.12010045,-1.0756677,-0.59145164,0.34659216,-0.13791834,-0.22275937,-0.107311845,-0.017498823,0.577529,-0.12298805
12013,-4.12067,0.07425604,-0.97034657,-0.47308365,0.0828308,0.06935176,-0.122392945,0.07548815,0.121928655,0.48054236,0.055065982
12014,-6.701077,-0.03455886,-0.7016601,-0.88430524,-0.8194069,-0.35035247,-0.054458946,-0.069338396,-0.070467435,0.52941805,0.6488913
12015,-3.8082364,-0.09547623,-0.9625815,-0.17887084,-0.012333497,0.16233185,-0.10269595,-0.17876184,-0.06977652,0.3031316,0.16179715
12016,-5.4345174,-0.031303167,-1.7476166,-0.6187088,0.026678935,0.39694232,-0.2377152,-0.2848135,0.19045277,0.5628107,0.18683909
12017,-6.1547647,0.014362996,-0.99322313,-0.626833,-0.247819,0.340621,0.22710404,-0.0045830486,-0.053129904,0.6992874,0.38894376
12018,-6.543797,-0.3747008,-1.3680799,-0.7404713,-0.7169353,-0.18728259,0.01809134,-0.11994042,-0.047798373,0.6127909,0.53675354
12019,-4.986448,-0.05351642,-1.1405467,-0.5949872,-0.071896866,0.3864829,-0.054044604,-0.27205166,0.098939516,0.7171406,0.29513797
12020,-5.078671,-0.0609495,-0.7626677,-0.46146768,-0.05527175,-0.18922941,0.22967988,0.11251335,-0.37499046,0.09091686,0.17692225
12021,-5.503746,-0.069470316,-1.0366571,-0.34930345,0.41189897,-0.22225721,-0.1322381,-0.17931937,0.014460764,0.4962461,0.06764589
12022,-5.6678257,0.02085679,-1.3319108,-0.70837903,0.034674592,0.39247185,-0.2697174,-0.4199189,0.29121467,0.61392385,-0.018531907
12023,-4.540006,0.09159434,-1.0552037,-0.45681196,-0.140693,-0.064338855,-0.07212245,-0.12359952,-0.28929582,0.24130657,0.26122054
12024,-4.679159,-0.019554842,-0.9283138,-0.5728118,-0.14149965,-0.18533558,-0.0922704,-0.022338754,-0.11585228,0.5433757,0.17065315
12025,-9.244127,-0.18877856,-1.4921869,-0.6679827,-0.53008634,0.056831025,0.4352164,0.09040847,-0.55882126,0.05682152,0.78326994
12026,-5.20515,-0.29328862,-0.9061616,-0.53048325,-0.48960102,0.07297981,0.042695206,-0.36392748,-0.03681363,0.31510317,0.60870564
12027,-7.1266365,-0.12624367,-1.624592,-1.0342593,0.0166517,0.4539051,0.059650823,-0.15471728,0.13580607,0.46919942,0.2683447
12028,-7.065032,-0.29030317,-1.3400861,-0.6039857,0.18186104,0.018563969,-0.3721137,-0.3463857,-0.14503191,0.4599293,0.33296418
12029,-6.5108447,0.04157285,-1.2276598,-0.8143625,0.015281947,-0.08449368,-0.108569995,-0.3387921,0.24004596,0.58089006,0.5250827
12030,-6.265995,-0.32192275,-1.4650626,-0.82503974,0.19608656,-0.17332633,0.028103858,0.35445365,0.46453682,0.80650705,0.4246907
12031,-7.3233037,-0.13983445,-1.5477122,-0.818974,0.1624901,0.4683383,-0.21705055,-0.61958915,0.07481015,-0.13684073,0.034973927
12032,-5.0989757,-0.16443726,-0.99731356,-0.42730764,-0.2435244,0.16580652,-0.14200081,-0.0048523946,-0.15923668,0.4635571,0.20802246
12033,-5.1647553,-0.0651787,-0.82980007,-0.5191754,-0.20450653,0.0046308255,0.033213004,-0.6418968,-0.22953059,0.18878359,0.45513853
12034,-7.2042565,0.018771626,-1.5960482,-0.8025216,-0.19999549,0.22848858,-0.107964285,-0.40722626,0.30103934,0.7436871,0.41861594
12035,-5.7085423,-0.22534002,-0.9574251,-0.4413806,0.26609907,0.14437674,0.12708333,-0.2932446,-0.20992394,0.22689652,-0.048234783
12036,-4.1918306,-0.029930193,-0.9224086,-0.5235667,-0.20028372,-0.18167078,0.23728473,-0.36291224,-0.11410746,0.3455093,0.23185377
12037,-5.838838,-0.016066924,-1.0372205,-0.4570591,0.2479288,-0.085040726,-0.095296115,-0.21359634,-0.14477304,0.35250986,0.18437605
12038,-4.7719126,0.038001776,-0.8580234,-0.3768001,-0.20870437,-0.11844753,0.37339476,-0.08192951,-0.19065988,0.39373204,0.24269691
12039,-5.0619698,-0.12846035,-1.1579286,-0.75463456,-0.4963016,-0.12843974,0.5620332,-0.11735525,-0.21524622,0.46096423,0.5638538
12040,-5.6602454,-0.31231368,-1.1175802,-0.39130378,-0.62300545,0.10506283,0.4395518,0.13960515,-0.22000714,0.55072546,0.66457206
12041,-8.363998,-0.11149761,-1.443198,-1.3086215,-0.31506196,0.067213684,-0.42955408,-0.44054022,-0.13179605,0.24985802,0.6962311
12042,-4.113392,-0.15332757,-0.8461253,-0.4500351,-0.66257286,0.28594363,0.2082057,0.26323816,0.1960222,0.5035869,0.39211038
12043,-5.059178,-0.15880978,-1.2044511,-0.48975158,0.03815422,-0.07202881,-0.41563588,-0.08086896,-0.2089626,0.30084258,-0.1655625
12044,-6.711983,-0.07219368,-1.2321178,-0.6116714,-0.53071636,0.37781847,-0.119647406,-0.110746264,-0.30109274,1.1330093,0.44164488
12045,-8.56437,-0.057598237,-1.359599,-1.2379295,-0.30914038,-0.16920014,-0.025899217,-0.17694865,0.1192906,0.58261675,0.6038392
12046,-7.330578,-0.22229682,-1.3948463,-1.0026323,0.06663966,-0.19795774,-0.089836,0.03928596,0.30963755,0.5066589,0.100751616
12047,-5.39767,-0.073567666,-1.5688792,-0.7625533,-0.1852812,-0.081562854,0.16477662,0.14971077,-0.11572865,0.4115094,0.3721748
12048,-3.2940197,-0.273088,-0.81212014,-0.35571688,-0.089296535,0.15248135,-0.06947037,-0.15651184,0.027334064,0.44580752,0.29876733
12049,-6.285017,-0.41782084,-1.0570586,-0.94903326,-0.5123766,0.2662295,0.23869051,-0.42358387,0.15286691,0.87919784,0.9705029
12050,-5.33333,-0.3302994,-1.1439908,-0.46217906,-0.40645126,0.018915206,0.029968604,-0.1728977,-0.2713138,0.72082317,0.5666404
12051,-5.7269273,-0.22926566,-1.4485823,-0.7951574,0.3265849,-0.25548613,-0.19963785,-0.21820846,0.09008217,0.41757837,0.24991192
12052,-8.900452,-0.05455829,-1.5682597,-0.7530437,0.0747245,-0.7197818,-0.1618652,0.050674632,-0.20905264,0.5647797,0.40733606
12053,-6.032124,-0.5056776,-1.0996573,-0.67146033,-0.04701271,-0.08538354,-0.06694634,-0.09871879,0.06728387,0.76128197,0.2691805
12054,-4.908932,-0.23787577,-1.0167944,-0.33368447,0.10821194,-0.13144475,-0.11117388,-0.11979587,-0.047019728,0.44072837,0.006652926
12055,-6.867538,-0.20868942,-1.4076077,-0.83164346,-0.27049446,0.063415915,0.12367129,-0.2043512,-0.33030546,0.49301675,0.7286936
12056,-5.894798,0.07418666,-1.1877128,-0.6187924,0.110762894,0.18229881,-0.03815518,-0.1399851,0.039771788,-0.12910059,0.20986953
12057,-5.141324,-0.2814922,-1.0140679,-0.4021973,-0.40402806,0.17895031,0.19206275,-0.38213673,-0.18995073,0.35178912,0.6997982
12058,-5.18287,0.016593764,-0.86190933,-0.42546546,-0.3340529,-0.13208586,-0.05883921,-0.10790145,0.13510934,0.18017001,0.38259554
12059,-6.425017,-0.21652949,-1.2887529,-0.7757645,-0.39064595,-0.07396614,0.11880844,-0.06859622,0.26766616,0.66715944,0.6455828
12060,-5.254627,-0.19399467,-1.0581062,-0.3296878,0.06832353,-0.07065265,-0.092028245,-0.10310724,-0.2179889,0.5918575,0.11631794
12061,-5.6433268,0.12640323,-1.2398536,-0.05408819,0.06131376,0.49389642,0.10350781,-0.19604953,0.00034352206,0.43360966,0.05505991
12062,-4.0304866,-0.09724512,-0.9302443,-0.3890911,-0.04079486,-0.001995325,0.02964883,-0.14034799,-0.07551112,0.25870702,0.17620131
12063,-3.8539104,0.027910415,-0.7252833,-0.19344097,0.07573614,-0.03700363,0.0030994723,-0.14211427,-0.22322142,0.43680853,0.0033245496
12064,-6.4628134,-0.0633817,-1.3649534,-1.1110413,0.12161326,0.4460392,-0.3179796,-0.757875,0.5952692,0.57165205,0.24768084
12065,-5.161322,0.036023866,-0.91244704,-0.5788268,0.1813002,-0.2351769,-0.13233341,-0.5239258,0.009274505,0.12518226,0.32253927
12066,-5.818244,0.08110771,-1.6140198,-0.7216454,0.31928897,0.15619908,-0.39323863,-0.2632945,0.24481848,0.77749,-0.048485305
12067,-6.4190702,-0.06323745,-1.262739,-1.0370147,0.083448604,0.18047081,-0.24765848,-0.69614446,0.08188384,0.09641784,0.062335778
12068,-6.5474114,0.024853703,-1.350742,-0.90728664,-0.31781262,-0.12554067,0.22308436,-0.78139305,0.11658494,1.078751,0.37172115
12069,-4.919139,-0.17305687,-0.69111395,-0.56145436,0.032563243,0.09392054,-0.067417085,-0.189969,0.03790851,0.25313073,0.47256783
12070,-5.834802,-0.39023674,-1.139176,-0.7975526,-0.42142776,-0.16220589,-0.14351393,-0.28206897,-0.36021504,0.24680096,0.37771794
12071,-4.2795076,-0.008997555,-0.9089742,-0.24736533,-0.27610537,0.09424553,0.15078337,-0.35223064,-0.25339943,0.10961926,0.23793031
12072,-6.502172,-0.02553726,-1.4354137,-0.9619173,-0.13401383,-0.059634775,0.009204101,-0.047438785,-0.108614646,0.68020135,0.4391067
12073,-6.487196,-0.2788221,-1.2254502,-0.59568876,-0.42430747,0.061788104,0.055539016,0.1568608,-0.16677976,0.41858956,0.6310643
12074,-5.9633284,-0.07485879,-1.480261,-0.8341386,-0.15751737,-0.18195976,-0.16425593,0.058425345,0.107449405,0.66582614,-0.038940236
12075,-5.245081,-0.046470206,-0.95256084,-0.5697516,-0.099846706,-0.43184286,-0.015719462,0.0065180836,-0.010806432,0.21650235,0.29045567
12076,-5.8519163,-0.25170267,-0.84335315,-0.8789208,-0.16079335,-0.07000487,-0.03550436,-0.38492933,-0.13511966,0.43707415,0.73182136
12077,-6.7525373,-0.097875506,-1.6376736,-0.7154896,-0.3323873,-0.14709264,0.110059425,-0.24594432,-0.023960965,0.33390775,0.56307894
12078,-4.881208,-0.1452954,-0.8204192,-0.7797212,-0.45537192,0.060162283,0.25867477,0.0028313748,0.014392428,0.31295273,0.44445255
12079,-6.0640106,0.01876695,-1.026664,-0.9258944,-0.5048942,-0.41964942,0.09266366,-0.13362913,-0.03188377,0.6813923,0.3556106
12080,-7.056101,-0.34576127,-1.3137945,-0.962554,0.057620555,0.35703236,-0.012617146,-0.11363136,0.17564186,0.5827297,0.3949982
12081,-5.247083,-0.14571586,-1.4803427,-0.794811,0.27935064,0.34770858,-0.11471801,-0.414032,0.33517563,0.7614667,0.37444037
12082,-7.656534,-0.23691964,-1.3855754,-1.4364406,-0.2599303,0.36641914,-0.034410413,-0.6535036,0.54020447,0.8136568,0.54172474
12083,-3.615652,0.017015986,-0.8875644,-0.49923187,-0.05333598,0.23519868,0.15224716,-0.037527084,-0.013542322,0.3499951,0.47083515
12084,-4.2591925,-0.14938857,-0.73587054,-0.6011878,-0.4970777,-0.028499607,0.27427664,-0.41188025,0.0012884978,0.15323444,0.4095696
12085,-4.464173,-0.046257902,-0.84514195,-0.40518907,-0.3150177,0.026877059,0.15510954,-0.0267418,-0.06094926,0.56648535,0.13890041
12086,-4.837224,-0.005211007,-0.77149594,-0.3664913,-0.2368533,0.2080589,0.0153533025,-0.62914044,-0.36344633,0.14538738,0.2064468
12087,-4.322984,-0.19290738,-0.6285278,-0.41572338,-0.52834195,-0.25994313,0.16504109,-0.17720349,0.006872776,0.37588072,0.4710274
12088,-7.1223965,-0.10038306,-1.0936869,-0.51694953,-0.49868852,-0.025853626,0.10989599,0.046089865,-0.54330146,0.5737145,0.45716128
12089,-5.125354,0.014740848,-1.0583854,-0.24067336,-0.42194423,0.09505674,-0.13400258,-0.25870118,-0.18406412,0.6755375,0.18879172
12090,-5.8997836,0.18626553,-1.0824142,-0.53938967,-0.12142063,-0.1931964,-0.25761554,-0.17274106,-0.3577926,0.31419262,0.32282314
12091,-4.9581428,-0.10620581,-0.77573603,-0.43701148,-0.054292664,-0.10213489,-0.066986606,-0.22267495,-0.03678921,0.44683275,0.16104698
12092,-5.5393353,-0.00622869,-1.3829856,-0.5301233,-0.4989838,-0.12708627,0.17461352,-0.5068497,-0.10250852,0.22120693,0.56620914
12093,-5.3973064,-0.30433607,-1.1682683,-0.7446066,-0.28792545,-0.04585853,-0.05556386,-0.1662975,-0.11855818,0.16666187,0.08811311
12094,-6.408444,-0.007594603,-1.309144,-0.7153773,0.24795575,0.16438097,-0.07124008,0.07872799,0.15333273,0.30418196,0.15975757
12095,-4.717096,-0.29670992,-0.78309757,-0.6083079,-0.08921846,-0.14456299,-0.2812814,-0.28815576,-0.004530601,0.18933763,0.21174699
12096,-6.2450123,-0.24333261,-0.9293667,-0.4989044,-0.3779567,-0.11647567,-0.055225,0.18310404,0.22258842,0.7453715,0.1359334
12097,-5.8866343,-0.6353509,-1.0835297,-0.7839678,-0.25646237,-0.013566438,0.18285824,-0.09731197,-0.1417323,0.9085811,0.4630932
12098,-5.3238688,-0.32144913,-0.909506,-0.5836017,0.16079089,0.0033648019,-0.023849558,-0.22409303,-0.15705712,0.36906454,0.47726104
12099,-5.4805136,-0.69610214,-1.2876287,-0.6919001,-0.2857446,0.13304187,0.023385562,-0.40157494,0.08186978,0.4083746,0.61276585
12100,-6.54921,-0.020531151,-1.2973943,-0.19967973,-0.09389542,0.23945327,-0.22349265,-0.26253563,-0.2912207,0.3901089,0.3597545
12101,-5.3201065,-0.10761627,-1.0776764,-0.63151854,-0.36556566,0.03843441,0.0077166953,-0.3085966,0.019126136,0.122843206,0.5314925
12102,-7.8333607,-0.19042483,-1.5564601,-1.2686394,-1.0202855,0.17371716,0.040646728,-0.2526027,0.5304466,1.0162481,0.82180285
12103,-5.353147,0.037108544,-1.0663837,-0.27962554,-0.19375521,-0.048473846,0.35549664,-0.2834217,-0.16748743,0.12181343,0.49625504
12104,-5.092037,-0.034002542,-0.9495318,-0.7602723,-0.43731913,0.3176911,0.19242392,-0.31616545,0.15930963,0.67501485,0.54128754
12105,-4.3869147,-0.15095906,-1.0762721,-0.6506733,-0.46248767,-0.099695265,0.31640336,-0.17121129,-0.193211,0.41964298,0.25422716
12106,-4.190903,-0.16567753,-1.019712,-0.48854342,-0.0050880653,0.14889991,-0.12605686,-0.305182,-0.07281356,0.34138542,0.109566696
12107,-6.7188473,0.20817475,-1.1479493,-0.62499774,-0.17634699,0.16247602,0.07642424,-0.084281005,0.11889502,0.2033862,0.4304423
12108,-5.3460565,-0.22241879,-1.137445,-0.25890082,0.39343792,-0.28890872,-0.07164684,0.004877181,-0.0035893377,0.030237988,0.0500667
12109,-4.417414,0.093868606,-1.1312547,-0.4351452,-0.02871917,0.12592548,0.037661336,-0.19836386,-0.30488998,0.28197882,0.39562005
12110,-5.494741,-0.17395796,-1.3517127,-0.7488701,-0.14373355,-0.0965064,-0.48176187,-0.20223325,0.1431093,0.34983945,0.29007375
12111,-6.364034,-0.1492074,-1.4875792,-0.5903346,0.43521136,-0.1034557,-0.11240358,0.2553957,0.09370638,0.1791576,0.17137799
12112,-6.6181984,0.03835292,-1.3791589,-0.9449819,0.1986927,0.022119284,-0.07269396,-0.5570971,0.21898037,0.3245367,0.3687697
12113,-5.924112,-0.100418575,-0.84760404,-0.59712684,-0.072008274,-0.4426695,0.11578089,-0.040080555,-0.0701731,0.225675,0.45992798
12114,-7.0545917,0.010229594,-1.1615455,-0.5533945,-0.32953998,-0.32627583,-0.13620043,-0.17107041,-0.106886104,0.53508633,0.5507478
12115,-6.7970223,-0.40535656,-1.1918299,-1.1697218,-0.17339452,-0.11100789,0.16401148,-0.6682878,-0.16897729,0.16734979,0.64008105
12116,-3.9859085,-0.091255866,-0.77921504,-0.44937557,-0.32371065,0.008783365,0.24241577,-0.3293711,-0.057655185,0.24506277,0.2898158
12117,-7.180702,-0.4170547,-1.630289,-1.1087209,-0.5094769,0.06726517,0.16061144,-0.6261668,0.037983473,0.44978842,0.34988108
12118,-5.4458284,-0.15326917,-0.83393264,-0.32186547,-0.5236696,-0.031726427,0.40126297,-0.2773854,-0.46212047,0.46628737,0.44036937
12119,-6.479674,-0.14896092,-1.2833911,-0.65312403,0.39982906,-0.15435292,-0.15677306,-0.07231118,-0.101794325,0.40582284,0.40757245
12120,-6.272742,-0.36329192,-1.5151976,-1.175375,-0.29035035,-0.0384724,0.23621294,-0.30334482,0.15046018,0.20814139,0.6240173
12121,-4.4513426,-0.27355522,-0.9780909,-0.42875177,0.10879125,-0.097589985,-0.14314522,0.020217316,-0.069989204,0.47226,0.10186037
12122,-5.308113,-0.15867811,-0.9105195,-0.8182413,0.081339434,0.52836645,0.050183248,-0.57255805,0.18655379,0.6174973,0.25360677
12123,-5.716831,-0.020900566,-0.98484385,-0.68232614,-0.26980796,-0.1942716,0.12538953,-0.32132354,-0.013881655,0.20923875,0.5072593
12124,-7.637752,-0.123757735,-1.4117473,-0.8939206,-0.33498678,0.60985196,0.056032214,-0.97826123,0.014589015,-0.31389013,0.53313315
12125,-5.958916,0.030322384,-1.072988,-0.6417036,0.045676656,0.24865349,-0.10089781,-0.22653937,0.078077376,0.7687532,0.107505724
12126,-5.284733,-0.14385468,-1.2313054,-0.8290477,-0.26746768,-0.17107776,-0.07701841,0.0322218,0.24447125,0.5304702,0.2983696
12127,-7.162223,-0.03973798,-1.6731801,-0.7322595,0.21623778,0.19567037,0.41131192,0.29222977,0.09681556,1.0334635,0.40387383
12128,-4.9660573,-0.1754324,-1.1483907,-0.46156126,-0.01568181,0.003336275,-0.20291676,-0.21789145,-0.06923621,0.4023175,-0.04233688
12129,-5.697868,-0.15380217,-0.89252096,-0.6413456,-0.25313377,-0.00073562376,-0.006204256,-0.025347995,0.29812953,0.7071725,0.36911544
12130,-7.386271,-0.16842707,-1.0164565,-0.8686405,0.057383955,-0.080058984,-0.122446366,0.07393345,-0.1189623,0.82314795,0.3231844
12131,-7.116966,-0.51960784,-1.1096913,-0.79621154,-0.4805783,-0.36678326,-0.02533855,-0.2729444,-0.33089325,0.52761215,0.50561327
12132,-4.843181,-0.07778467,-0.895306,-0.6086034,-0.04194356,0.084069066,0.2609336,0.082915395,-0.12637372,0.16166872,0.40526143
12133,-4.9955883,-0.14353706,-0.6132222,-0.38245434,-0.10427322,-0.026575979,0.0045200125,-0.4867132,-0.2250753,0.23610204,0.102463715
12134,-5.527693,-0.44161224,-0.938038,-0.7757632,0.19490798,-0.16203997,-0.13320927,-0.10752721,-0.1725277,0.50322604,0.009936556
12135,-6.3037915,-0.17619011,-0.81641847,-0.6416033,-0.5101277,-0.36857623,0.37329835,-0.20468232,-0.1565506,0.256793,0.5072635
12136,-4.7526054,0.12352752,-0.9816444,-0.8434333,-0.064271815,0.14141707,-0.11645443,-0.26929814,0.2377748,0.58644694,0.31449372
12137,-6.1140614,-0.14679095,-1.1321098,-0.3911432,-0.29089254,-0.26753688,0.19182138,0.31979153,-0.26099065,0.25664744,0.43512186
12138,-4.158837,-0.18397886,-0.63183254,-0.42226052,-0.19342221,-0.25699997,0.051715016,-0.05570686,-0.33318344,0.42532218,0.24650627
12139,-6.0903506,-0.5195784,-0.9721265,-0.87083155,-0.64339316,0.4321335,-0.0038487576,-0.07044103,0.38104206,0.83736193,0.85268706
12140,-5.220723,-0.069085725,-1.42787,-0.92347527,-0.15053941,0.15961395,0.05511945,-0.26184058,-0.16629548,0.39448753,0.26421055
12141,-6.065791,-0.06769584,-1.2704315,-0.79977334,0.17924799,0.3101117,-0.17466018,-0.20282532,0.09782366,0.5669512,0.32694662
12142,-6.738847,-0.21179436,-1.2388974,-0.32026866,0.16726995,0.3834182,-0.0016111908,-0.03286454,-0.29102135,0.27004805,0.13694532
12143,-5.592418,0.02467034,-1.1076149,-0.27235645,-0.30432478,0.013806621,-0.033019874,0.17461966,-0.19598436,0.42503253,0.19006923
12144,-4.469197,-0.002047846,-1.177226,-0.34224153,-0.3421167,-0.32994533,0.076827295,0.2079179,-0.2636928,0.35832745,0.42849585
12145,-6.1442785,-0.29652646,-1.131239,-0.37456858,0.2421869,-0.0120992325,-0.20688243,-0.20525047,-0.14010268,0.302319,0.36785945
12146,-5.018758,0.0864628,-1.1101271,-0.3845357,0.11339813,0.030559348,-0.1159564,-0.18592133,-0.19189087,0.2773822,0.39927647
12147,-5.736376,-0.4007601,-0.9957698,-0.6204484,-0.34548944,0.17087796,0.2994296,0.0007214928,-0.3184589,0.43072468,0.5631109
12148,-4.646594,-0.063723855,-0.752892,-0.72933215,-0.1981462,0.056737248,0.16655232,-0.39831853,-0.20438908,0.38113093,0.39832962
12149,-5.457555,0.14689207,-1.1087056,-0.49826223,0.24675684,0.011933101,-0.06549858,-0.17043528,-0.012413135,0.6017643,0.1476732
12150,-4.734493,-0.32983705,-1.0673525,-0.24521095,-0.026739853,-0.1007463,0.026511062,-0.117154144,-0.019523593,0.5745073,0.22244607
12151,-5.239079,-0.119497776,-1.2253976,-0.539832,-0.2455985,-0.025612734,-0.058092475,-0.022837302,0.20609376,0.37329417,0.54849106
12152,-4.5175724,0.08981991,-0.86987543,-0.5351,0.0457508,0.06495797,-0.14554472,-0.18669544,0.0736627,0.31822655,0.24458563
12153,-5.7190843,-0.19090503,-1.1984036,-0.8931595,0.23559572,-0.15008438,-0.25499573,0.09662942,0.020189805,0.2684806,0.0824298
12154,-4.471878,0.20887828,-0.84110653,-0.2853556,0.0719969,-0.10653998,-0.24770199,-0.122314535,-0.23503767,0.41763395,0.10913784
12155,-6.865179,-0.13277318,-1.3228481,-0.29355836,0.16312657,-0.024464928,-0.023313768,-0.33911443,-0.26080647,0.6926764,0.36220962
12156,-4.781064,-0.25901183,-0.8486551,-0.6542919,0.14083631,-0.13712497,-0.14847147,-0.2164231,0.005228198,0.3084024,0.4375721
12157,-4.3182626,-0.118764475,-0.9553947,-0.7308274,-0.35530958,0.23969506,-0.023119904,-0.121900655,-0.15535706,0.54688215,0.42509606
12158,-6.0555787,-0.17397387,-0.93859065,-0.7663092,0.14788114,-0.11700852,0.19952124,0.029289337,0.0700236,0.49799305,0.3188976
12159,-5.434162,0.030488398,-1.1125971,-0.25877523,0.060886692,0.11282191,0.11355957,0.19709797,-0.30130306,0.33129048,0.4466411
12160,-5.196386,0.122568116,-1.1107368,-0.5951686,-0.30078435,0.06581333,0.26747364,-0.030541485,-0.16038884,0.15713182,0.699721
12161,-6.384968,-0.19602178,-1.5464362,-0.59897023,0.0034068795,0.02264695,-0.09296974,0.118472055,-0.11807981,0.20701507,0.3632179
12162,-6.2239184,-0.23829417,-1.1263909,-0.7294593,-0.050307803,-0.2570848,-0.21782582,0.1417894,0.036796905,0.3867742,0.24011973
12163,-7.1471353,-0.2707865,-0.9530596,-0.9827376,-0.2883244,-0.14908655,0.052219443,-0.7546706,0.104315996,0.5810149,0.44070995
12164,-6.499278,-0.30608484,-1.4885864,-0.91778207,0.19555396,0.11671051,-0.18112247,-0.30936036,0.13375579,0.5465203,0.21935621
12165,-4.8456993,-0.015287657,-1.266366,-0.38097465,0.0377532,-0.014808958,-0.20851435,0.2058965,-0.18239555,0.24969323,0.15872504
12166,-5.9439836,-0.20471084,-1.1124536,-0.7937975,0.30993015,0.2371397,-0.12224417,-0.3066463,-0.037099406,0.22071023,0.33962485
12167,-5.6078854,-0.32510284,-1.1248934,-0.19748291,-0.21976703,0.06855357,-0.14452821,-0.02241897,-0.11782001,0.74861574,0.37557846
12168,-5.0179377,0.02296094,-0.77174014,-0.5819779,0.14292987,-0.11345048,-0.12748614,-0.319878,0.0842326,0.39882556,-0.09366472
12169,-6.37581,-0.4001071,-1.316172,-0.93563914,-0.21373275,-0.2576987,-0.13519979,-0.25904107,0.3856814,0.46556282,0.39647472
12170,-5.680396,-0.09533375,-0.8770124,-0.9251292,-0.10417158,0.187585,-0.03750585,-0.07538098,0.058798686,0.2662152,0.08128227
12171,-7.509288,-0.101425536,-1.7869633,-0.9625886,0.32880485,-0.3382107,-0.5801947,-0.38546893,0.4455552,0.3781784,0.5343421
12172,-7.526514,-0.09835745,-1.5593277,-0.54909813,0.16953439,-0.25283515,-0.10010127,0.5373092,-0.08705006,0.63795644,0.35650095
12173,-4.576745,-0.27403733,-0.793778,-0.42419568,-0.03163014,0.045784824,0.011909892,-0.05219575,-0.201473,-0.029291943,0.38604498
12174,-5.906744,-0.3861073,-1.4542537,-0.9511005,-0.12851788,0.064788446,-0.19099747,-0.123699866,0.23801054,0.2582221,0.38184625
12175,-6.386279,0.29870418,-1.1207366,-0.55144,0.043436605,-0.013170185,0.04236516,-0.09071234,-0.313839,-0.005627352,0.5446826
12176,-5.591374,-0.12963009,-1.3624774,-0.77507764,-0.26654318,0.18389557,0.022810943,-0.51275045,0.104169205,0.7364855,0.5731707
12177,-5.144511,-0.24821393,-0.9675895,-0.4916619,-0.15305346,0.051366463,-0.22847313,-0.1425387,-0.15413086,0.09090664,0.15101822
12178,-6.2180405,-0.18408741,-1.4910744,-0.79601204,0.05673927,0.014520608,0.0077838395,-0.29112393,-0.19161122,0.13223593,0.4898944
12179,-6.216723,-0.012249396,-1.2247537,-0.50891334,-0.47451755,-0.15172356,-0.26487347,-0.07197711,-0.13582087,0.48808035,0.553125
12180,-5.009415,-0.09636142,-0.9831435,-0.4798816,0.086591996,-0.5017851,-0.1535451,-0.053714916,0.12639913,0.22374883,0.17677565
12181,-5.2312865,-0.17594457,-0.9589094,-0.57126063,-0.27474806,0.12333088,0.26336774,-0.14876446,-0.035725243,0.2490441,0.1366154
12182,-5.307385,-0.03836746,-1.3327094,-0.8487734,-0.11226481,0.48835653,-0.10711504,-0.43546653,0.30339554,0.527165,0.3020959
12183,-5.2640386,-0.22232608,-0.9545822,-0.61426556,0.28084227,0.15153822,0.21702278,-0.14141116,0.08387921,0.49425435,0.3116302
12184,-5.4296436,-0.19165659,-1.0337895,-0.57563597,-0.5242016,-0.35937876,0.19031048,0.06918018,-0.26943678,0.43918675,0.4888663
12185,-5.382186,-0.12203212,-1.0867636,-0.51531994,0.15615945,0.09867426,0.041529924,-0.59412557,0.00090082455,0.71788466,0.30583635
12186,-4.874287,-0.14822526,-0.78607917,-0.60186964,-0.2503829,0.18088691,0.06801953,-0.57283837,0.39583424,0.33849064,0.3232881
12187,-5.7465777,0.10834004,-0.85999787,-0.7047861,-0.35429794,-0.17074613,0.017188258,-0.34011367,-0.12636277,0.13226911,0.5694105
12188,-6.335293,-0.16352834,-1.401203,-0.70955783,-0.31908393,-0.37043285,-0.17723565,0.015384946,-0.12813012,0.6625298,0.31404173
12189,-5.6936812,-0.5267718,-0.99267375,-0.6032718,-0.1502169,-0.08198455,-0.15390567,-0.07059341,-0.1563162,0.50826865,0.17608632
12190,-5.75345,-0.014764448,-1.063802,-0.15246382,-0.09644149,-0.16499573,0.02126582,0.07242121,-0.21514647,0.35011634,0.305616
12191,-5.379104,-0.29977185,-1.0190017,-0.8590856,0.15877189,-0.3559485,-0.24973916,-0.4769643,0.27596572,0.81375456,0.35548267
12192,-5.7391925,0.1800065,-1.4455934,-0.39743552,0.04234559,0.15951611,-0.2793571,-0.23666503,-0.21247655,-0.0039631864,0.32392663
12193,-6.742473,-0.16332221,-1.1826289,-0.45446897,0.1632043,-0.09280778,-0.033355094,-0.611209,0.15801196,0.36909774,0.45297548
12194,-6.931892,0.0628497,-1.3178608,-0.7419586,-0.13258824,0.10263422,0.27146286,-0.56277966,0.17040345,0.6147869,0.15568414
12195,-6.9780436,-0.44075912,-1.4788748,-0.58501285,-0.008588593,0.28578365,-0.028931104,-0.5433983,0.021717545,0.29562992,0.19780013
12196,-3.863025,-0.06324398,-0.79896003,-0.45439845,-0.13580294,0.012829321,0.2476404,-0.027935104,-0.11306548,0.084740125,0.32637393
12197,-5.9550343,-0.2807168,-1.433662,-0.82173115,-0.14774993,-0.0004135752,-0.009241614,-0.23118378,0.42415726,0.40504864,0.5058202
12198,-5.0655775,-0.20120175,-1.0824498,-0.67795104,-0.4069748,0.18833162,0.25867394,0.31371376,0.08245835,0.48924482,0.2428082
12199,-4.8578377,-0.20763874,-0.8912956,-0.43066013,-0.27143532,-0.52378005,0.17179768,-0.19643357,-0.05819168,0.29504853,0.3382691
12200,-5.8557196,0.046338838,-0.88591737,-0.46105435,0.13567758,-0.30053562,-0.30058947,-0.11638755,-0.28637278,0.25440145,-0.026691917
12201,-7.0289936,-0.2768079,-1.2130353,-0.59859824,0.1195473,0.3919723,-0.29756546,-0.49930283,0.2535966,0.61768305,0.3904933
12202,-7.153537,-0.029548995,-1.6159741,-1.0919302,-0.09407985,-0.039404232,0.26296407,-0.46037668,0.18621995,0.75066394,0.094638854
12203,-5.590606,-0.11395387,-1.1278118,-0.49517286,-0.10765178,-0.209365,-0.13754065,-0.29666167,-0.16232432,0.5028738,0.57678646
12204,-5.462089,-0.104024395,-1.2071555,-0.53376,-0.079088055,0.033036157,0.051499143,-0.13658288,-0.008714041,0.41250384,0.03654512
12205,-6.67893,0.075991094,-1.1883557,-0.72670704,-0.19160706,-0.21363974,-0.0686325,0.112789445,-0.06656409,0.354633,0.49755996
12206,-4.2532887,-0.30822372,-0.7887892,-0.639031,-0.2618795,-0.04178663,-0.091501124,-0.116166346,0.025749546,0.5624516,-0.046592016
12207,-5.9546437,-0.23078705,-1.2762622,-0.5835461,-0.4471452,-0.00046239235,0.32525256,-0.651002,-0.076195404,0.44628394,0.5180365
12208,-5.609496,-0.10475837,-1.1823283,-0.7198538,-0.12339818,-0.056473628,-0.031692907,-0.33474946,0.09834789,0.4247912,0.51381844
12209,-5.5638003,0.008973769,-0.82478076,-0.3991821,-0.1085342,-0.5849418,-0.15913104,-0.20506963,-0.08928803,0.090716176,0.3594254
12210,-7.978974,-0.07381183,-1.9808842,-1.0383557,0.41104248,0.13635156,-0.15206136,-0.22404468,0.46643287,0.73400104,0.21963264
12211,-6.1193204,0.015480122,-1.3193643,-0.7502214,-0.00876962,-0.0028720042,-0.26867777,-0.10598751,0.053387366,0.5638235,0.11563528
12212,-5.111237,0.32761788,-0.9231902,-0.21009846,0.018412216,-0.18852526,-0.24361081,-0.09808142,-0.29050022,0.17395198,0.3506963
12213,-6.5699553,-0.14904378,-1.2520514,-0.77716017,-0.51543117,-0.22466336,0.24409695,-0.18398368,-0.108196095,0.5230236,0.5318343
12214,-3.7304933,-0.14778382,-0.8594984,-0.3462393,0.06834947,-0.022808852,-0.20311761,-0.20193735,-0.014509879,0.28375942,0.063038655
12215,-5.939976,-0.026525881,-1.617534,-0.68385553,0.16338539,0.39958066,0.049621344,0.027515896,0.10963685,0.27462503,0.20780504
12216,-5.6089053,-0.32930765,-1.1421878,-0.6617731,-0.291763,0.45074004,-0.31671527,-0.17168744,0.11358223,0.43583587,0.39962253
12217,-5.292263,0.019042458,-1.2026632,-0.5854782,0.1618297,-0.07802716,-0.12968937,-0.05141183,-0.025750833,0.40743607,0.36347374
12218,-5.7838736,-0.13032945,-1.2575126,-0.7364302,0.15861233,-0.08185902,0.025992174,-0.15817541,0.21982671,0.054860905,0.45009556
12219,-3.1664996,-0.18529949,-0.4844074,-0.3652899,-0.34228733,-0.060750827,-0.08367393,-0.25771692,-0.0047947243,0.20197964,0.27385214
12220,-5.159518,0.07996577,-0.8858022,-0.45172867,0.032780144,0.030382948,-0.013155107,-0.024532428,-0.020243322,0.36185926,0.14322467
12221,-4.6802745,-0.240693,-1.3361225,-0.6397141,-0.18089224,0.14982502,0.09420036,-0.3588748,-0.04286574,0.27296788,0.49777362
12222,-6.0564537,-0.09818524,-1.2793168,-1.0359055,-0.5472957,0.4944837,0.04569297,-0.3286152,0.2894936,0.5850337,0.73605186
12223,-7.07408,-0.08572146,-1.381277,-0.59452224,-0.6612567,-0.29949975,0.31638563,0.01861246,-0.1275585,0.46868458,0.40027794
12224,-6.2464614,0.25898328,-1.1049582,-0.43293306,0.3476991,-0.0961509,-0.33863762,-0.12874345,-0.32110566,0.10062106,0.16129626
12225,-5.468694,-0.10809839,-1.4338324,-0.8620008,0.36534402,0.21003042,-0.21043356,-0.22859359,0.24484077,0.544132,0.18752386
12226,-6.2896824,-0.09763679,-0.98099077,-0.57316846,-0.80358464,0.11476439,0.27127174,-0.13978048,-0.36046258,0.5961776,0.44678184
12227,-7.0721645,0.3593295,-1.3320316,-0.41433558,-0.050317038,0.011526576,0.13411227,-0.12178966,-0.38309285,0.29526263,0.34188235
12228,-6.693776,-0.16537498,-1.286253,-1.0418513,-0.3074867,0.034396984,0.20404613,-0.3476945,-0.048903443,1.3882029,0.68400925
12229,-5.424816,-0.31431907,-1.4454601,-0.72255135,-0.33622938,0.3084672,0.25377217,-0.2129402,0.10372834,0.44543037,0.6808441
12230,-5.6224856,-0.33629033,-0.938611,-0.6207789,-0.6946958,0.148071,-0.00943677,-0.21576084,0.01437684,0.5459108,0.5533476
12231,-6.6720824,-0.060890693,-1.4349505,-1.0793753,0.31209522,-0.26669437,-0.38324267,0.13853489,0.10617275,0.8099259,0.10077976
12232,-7.2215867,-0.34031826,-1.428355,-0.94519,-0.06622088,0.18648739,0.07149648,0.07162124,-0.03440421,0.5850659,1.0060568
12233,-6.318109,-0.013972807,-1.440694,-0.2881429,-0.14681995,-0.26092583,0.21172126,-0.2546461,-0.111994684,-0.02635457,0.2139181
12234,-5.5255985,-0.2622724,-1.4142425,-0.67461646,-0.18821736,0.014488662,-0.15575409,-0.23650876,-0.010195596,0.56456214,0.23812415
12235,-5.0893245,0.03161517,-0.79000497,-0.46646622,0.16872104,0.31612283,0.07863027,-0.017886134,0.043001425,0.3436565,0.09489932
12236,-6.6993027,-0.043206718,-0.9190474,-0.44879746,0.19270144,-0.16645625,-0.38081062,-0.10715222,-0.095813945,0.3533633,-0.027594708
12237,-6.6917562,-0.25970912,-1.4596415,-0.31042778,-0.42230597,-0.2234246,0.030108176,-0.17824477,-0.3388005,0.37111333,0.7445548
12238,-6.996253,-0.26823992,-1.5737745,-0.2836472,-0.25916043,-0.2474444,-0.19811885,-0.09567084,-0.3054617,0.25516254,0.6050539
12239,-4.612013,-0.18384695,-0.77288157,-0.63536507,-0.47847223,-0.1908185,0.006025036,-0.09544257,0.04946602,0.40107176,0.3219066
12240,-6.6754546,0.21833698,-1.645465,-0.5298256,0.33345693,-0.050787665,-0.17324263,-0.014251487,0.14674905,0.5847404,0.13520877
12241,-4.9700294,-0.20865732,-1.0060904,-0.56900305,0.23074254,-0.0933845,-0.27034187,-0.22513364,0.04009699,0.58625895,-0.2490913
12242,-5.0640244,-0.2484894,-0.87137276,-0.657068,-0.43379125,-0.089740284,-0.013630069,0.003825353,-0.094193116,0.19894639,0.5577761
12243,-5.7231193,0.04837926,-1.124114,-0.6537639,0.01739774,-0.02405975,-0.058502413,0.15905695,-0.116509214,0.5805389,0.40159464
12244,-5.9820404,-0.31811327,-1.1234273,-0.6354446,0.31990063,-0.13491252,-0.20405564,-0.19701776,-0.32724923,0.31716657,-0.15284948
12245,-6.0219,-0.122115076,-1.2463163,-0.4123649,0.08238959,-0.07017453,-0.21128054,0.108459316,0.013283842,0.57346773,0.2918017
12246,-5.7991223,-0.10777329,-0.9300295,-0.63964343,-0.007857835,-0.3422712,-0.11265387,-0.15190126,-0.16102365,0.38133585,0.24015468
12247,-4.3441944,-0.19854243,-0.8155396,-0.47286698,-0.1802105,-0.13639583,0.15300724,-0.17573202,-0.24284981,0.4684907,0.07059404
12248,-5.0087132,-0.070477195,-0.8674232,-0.5377633,-0.11025848,-0.3003931,-0.008833026,0.032125004,-0.14325108,0.26008585,0.2611486
12249,-6.5094976,-0.15479958,-0.9969278,-0.8685956,-0.16570285,0.1787782,0.16505812,-0.19140567,0.048739865,0.6272714,0.29502204
12250,-7.0924344,-0.17010406,-1.617929,-0.48444405,0.1117308,0.4516142,0.10103566,-0.182515,0.06024055,0.7229859,0.377391
12251,-6.40384,-0.14464739,-1.459322,-0.6377678,0.37686676,0.28417307,-0.05969256,0.005908412,0.22610614,0.6250858,0.1494156
12252,-4.096344,-0.082588926,-0.92736197,-0.60747236,-0.34557834,-0.004316314,-0.021532334,-0.40716708,0.1793561,0.48116016,0.4550309
12253,-7.287947,-0.09990317,-1.5230805,-0.79900277,0.037036825,0.19122086,-0.22792344,-0.7257171,-0.049381025,0.33911538,0.41794056
12254,-5.0027256,-0.10114158,-0.9248903,-0.6984203,0.11354314,-0.19724251,0.054793134,-0.080240615,0.009741159,0.05455237,0.40023378
12255,-5.605812,-0.11939083,-1.0790759,-0.44245827,-0.23894952,-0.01461135,0.23244768,-0.40218142,-0.1792486,0.55816805,0.34684134
12256,-5.3970213,-0.05420268,-0.97988266,-0.3586774,-0.50970346,0.056398217,0.19768952,-0.2078394,-0.040631928,0.56432205,0.1254268
12257,-4.7788215,-0.04059481,-0.7917688,-0.4753429,-0.40484923,-0.077475235,0.41488242,-0.12827167,-0.33298776,0.30970398,0.5377948
12258,-5.9279017,0.064254746,-1.5502368,-0.9750768,-0.090708934,0.27889526,0.22708039,-0.3659549,0.04033146,0.8220545,0.20473006
12259,-5.2177706,-0.16853009,-1.3035461,-0.88687485,-0.14705102,0.19276603,-0.15658677,-0.16124025,0.21626657,0.88259465,0.13830861
12260,-5.2070193,-0.4787357,-0.9102533,-0.8213431,-0.69325656,0.02301154,0.23276001,-0.25136134,-0.20413199,0.423759,0.70372534
12261,-5.159253,-0.10252494,-1.5195845,-0.85643774,0.13311742,0.03162685,-0.21386154,-0.34202522,-0.01594769,0.4272991,0.25073993
12262,-4.977322,-0.1306548,-1.0501415,-0.75262195,-0.019754745,0.11200935,-0.12505527,-0.053195626,0.062221766,0.94297725,0.2198566
12263,-7.6618834,-0.45213526,-1.3557632,-0.8666908,-0.30850795,-0.103829905,-0.31888753,-0.2946045,-0.19541739,0.81490916,0.01888739
12264,-5.78258,-0.0632345,-1.3058333,-0.43192282,-0.23871545,-0.022318562,-0.039549954,0.19323319,0.062077858,1.0990611,0.37857142
12265,-4.5822334,-0.015795577,-0.9013025,-0.5019659,-0.29720855,0.19251692,0.053155385,-0.20802096,-0.11265287,0.55383056,0.34516728
12266,-6.794732,-0.08867118,-1.3866099,-0.45391226,0.07221737,0.038473085,-0.25210288,0.057961993,-0.18224086,0.49290502,0.40758267
12267,-6.343397,-0.40785047,-1.7797768,-1.1198008,-0.31342673,-0.08320513,0.12561637,-0.13643785,0.14143918,0.89831114,0.3552789
12268,-5.9832816,-0.12469824,-0.7867713,-0.93192136,-0.19857702,0.105034485,-0.21021982,-0.4416935,-0.013687022,0.4901281,0.27755243
12269,-7.6109996,-0.35808972,-1.5255218,-0.7730191,0.5792474,-0.16451946,-0.42891857,-0.18711637,0.07571481,0.64802855,0.16480976
12270,-5.244703,-0.11831328,-1.2074997,-0.44213936,-0.43674466,-0.0473409,0.26938713,0.017403267,0.08478852,0.3242208,0.46660236
12271,-6.245488,-0.10289484,-1.2549232,-0.75724584,-0.021401718,0.008837722,-0.16230564,-0.2772291,0.09822207,0.6947073,0.24257514
12272,-4.6366205,-0.3568049,-0.8473751,-0.46540216,-0.37267944,-0.30713832,-0.057817265,-0.420407,-0.10397959,0.44521156,0.6753918
12273,-5.6766653,-0.15703815,-1.0433943,-0.3487036,-0.31295785,0.17910579,0.17502344,-0.6072621,-0.045132615,0.47063094,0.49628606
12274,-3.30501,-0.0075411396,-0.8252639,-0.31805685,-0.18307856,-0.050710678,0.041966397,-0.018212954,0.08774755,0.32974353,0.1622219
12275,-4.9704504,-0.18532532,-1.0855176,-0.5215903,0.26505864,-0.18460667,-0.21682507,-0.07290282,0.033398792,0.5458888,-0.20966871
12276,-5.548306,-0.25061718,-1.0885056,-0.6678272,-0.66861033,0.5535777,0.08795633,-0.21879289,-0.24124159,0.24597132,0.35938865
12277,-4.8913403,-0.38496238,-0.9225553,-0.725599,-0.27862084,-0.29509103,-0.026446491,-0.016660098,0.18662508,0.4217014,0.114691705
12278,-6.743211,-0.2852671,-1.3576822,-0.73821294,-0.72034097,-0.39023066,0.08203316,-0.12286622,-0.354847,0.55550057,0.77610856
12279,-5.27094,-0.051857386,-0.9829728,-0.7638394,0.09142378,-0.00014848448,0.1232144,-0.6484729,-0.00016575865,0.4779706,0.2430005
12280,-8.65184,-0.22296068,-1.0581044,-0.9082367,-0.076826006,-0.17023037,-0.4531036,-0.434933,0.10354255,0.7111756,-0.07652766
12281,-5.4564857,0.0021412652,-1.2227496,-0.49955356,0.39314425,-0.14115301,-0.35563868,0.060035624,-0.13635562,0.21994287,-0.03383001
12282,-4.8940144,-0.07362467,-0.98929876,-0.42813414,-0.18741663,0.014732092,0.3270652,0.22051923,-0.11683299,0.40273714,0.16310634
12283,-3.735556,-0.14922126,-0.6531627,-0.55498695,-0.19442719,-0.10908259,0.029254008,0.03376207,-0.011378108,0.2760076,0.313104
12284,-3.4602487,-0.1710702,-0.86443514,-0.3143985,-0.14718498,0.15264244,0.057984002,-0.23914324,-0.2841067,0.21321586,0.18217544
12285,-6.862022,-0.38214082,-1.6243277,-0.98690367,-0.27837938,-0.029767439,-0.17635573,-0.3339856,-0.21777134,0.86077774,0.40953246
12286,-5.9569635,-0.1534317,-0.993662,-0.35346445,-0.1502789,-0.18587261,-0.052507587,-0.188626,-0.25947338,0.33931342,-0.09869126
12287,-6.4555273,-0.44822645,-1.0527567,-0.6960054,-0.64304376,0.43541312,0.10073198,-0.24153152,-0.092668556,0.60775185,0.87566495
12288,-5.6837316,-0.055149768,-1.19955,-0.3629797,0.39630845,-0.26450408,-0.15818113,-0.11354036,-0.039991893,0.42598256,0.08510422
12289,-5.2612653,-0.09177749,-1.5016178,-0.57844967,-0.3182346,-0.024928689,-0.11528451,-0.00085758884,-0.14549424,0.3380703,0.36970744
12290,-6.667642,0.21219964,-1.1493589,-0.74792135,-0.1742113,0.21224512,-0.17523582,-1.0241342,0.06454788,0.6465412,0.27962232
12291,-5.8164763,-0.16626698,-1.4886205,-0.8356855,-0.21487029,-0.15533674,-0.17104836,0.012896126,-0.022995362,0.4091989,0.4496351
12292,-7.0003724,-0.16365859,-1.5110186,-0.7951311,-0.15913925,-0.22992997,0.02447164,0.02133007,-0.033957183,0.72849834,0.5302858
12293,-5.1766934,-0.31103566,-1.0141898,-0.73698515,-0.25528187,-0.18079856,-0.033377815,-0.14127888,0.30622402,0.8222692,0.073145345
12294,-7.6688714,-0.29652828,-1.0520049,-0.6644692,0.055352397,-0.12610345,-0.19130388,0.041006032,-0.18694127,0.28345188,0.55614513
12295,-6.685629,-0.40870947,-1.0610209,-0.6935069,-0.57907355,0.42170334,0.23194958,-0.6819778,-0.3052079,0.40689942,0.9696516
12296,-4.7528477,-0.1889105,-0.8627717,-0.7089504,-0.29601198,-0.2592342,0.17661402,-0.13321528,-0.15618163,0.24529265,0.35441655
12297,-5.9833646,-0.12794761,-0.76275986,-0.5573231,-0.25337756,0.12176839,-0.070185326,0.0040256763,-0.4408293,0.39802027,0.4713247
12298,-6.2461123,0.09362178,-1.0952127,-0.85305667,0.16225027,-0.2662822,-0.37775698,-0.34751773,0.11953316,0.25754955,0.25579044
12299,-4.3628106,-0.42902228,-0.9874441,-0.4241328,0.019825239,0.019096635,-0.12309865,0.17486052,-0.25232637,0.4138901,0.09144971
12300,-7.1277704,-0.03988746,-1.2759194,-0.47346807,0.44761553,0.29627997,-0.18407121,-0.31448206,-0.119890064,-0.1177313,0.16944118
12301,-4.6570334,-0.3211495,-0.74850804,-0.4982823,-0.56352925,0.31605446,0.022127744,-0.3341612,0.02461699,0.08530173,0.38881242
12302,-6.7442784,-0.22946079,-1.4922619,-0.67793316,0.0014528139,-0.12665488,-0.27137166,-0.23830968,-0.1270488,0.7975219,0.19350795
12303,-5.715733,-0.29948348,-0.9292012,-0.75054425,-0.21183938,0.061749507,0.11948837,-0.19270545,-0.14200701,0.7101553,0.73568034
12304,-6.146489,-0.16369814,-1.1800452,-0.5892602,-0.5453466,-0.15521422,0.35450917,0.12921089,-0.17599311,0.26435167,0.60591257
12305,-6.0007296,-0.061409887,-1.0931137,-0.7991964,-0.4348346,-0.11394876,0.081679136,-0.27381945,-0.10364517,0.68135834,0.20241366
12306,-5.678296,0.14353827,-0.97189426,-0.78558767,-0.39267826,-0.3479603,0.28226742,-0.40643075,-0.036628634,0.5267743,0.485816
12307,-4.625063,-0.11372198,-0.6353394,-0.42976642,0.063961774,-0.3363676,-0.10620564,-0.024148272,-0.13963029,0.44235268,0.18156214
12308,-7.3337297,0.10961033,-0.98421043,-0.3759299,-0.1297125,-0.14007239,0.23510243,-0.16241765,-0.6181814,0.3625332,0.4268203
12309,-4.9555492,-0.31432524,-0.8114345,-0.6125135,-0.686583,0.1279687,0.24476814,0.092732355,-0.20492934,0.68525976,0.4797826
12310,-6.018168,-0.04123571,-1.2440215,-0.6724305,-0.08589384,0.2731036,-0.17568067,-0.22450061,0.18735415,0.69448584,0.22976822
12311,-4.436035,-0.048995804,-0.6606446,-0.581685,-0.27217582,-0.021743892,0.0038993387,0.2018033,-0.08966467,0.403883,0.24588548
12312,-5.0230227,0.005325136,-0.8981518,-0.5915551,-0.18408273,0.15377878,-0.1647036,-0.6232586,0.08965653,0.3917005,0.03910303
12313,-6.7226,-0.0026767543,-1.5443915,-0.31353125,-0.59442556,-0.0059747174,0.14961205,-0.14623864,-0.19521467,0.32852387,0.7132067
12314,-5.007609,-0.2511929,-0.81623733,-0.5791661,-0.13976909,-0.04516398,-0.026653878,-0.24235651,-0.07219062,0.48177278,0.0028998181
12315,-6.638591,0.05885701,-1.6570576,-0.61303335,0.11829446,-0.072048806,-0.31143397,-0.14907892,-0.16717263,0.11657207,0.32736742
12316,-6.0520597,-0.11930415,-1.2132463,-1.2558559,-0.54553705,0.15451574,0.18797198,-0.28201836,0.020552006,0.3047162,0.4183064
12317,-6.253131,-0.2170309,-1.4387795,-0.49743223,0.18728209,-0.08788122,-0.4221626,0.5201267,-0.26512298,0.6327807,0.3149352
12318,-4.9067855,-0.2699858,-0.8176357,-0.5157997,-0.095542856,0.019428216,-0.18391435,-0.17761613,-0.07736276,0.42162222,0.41566956
12319,-5.5578413,-0.18154235,-0.9881169,-0.8390339,-0.20952007,0.11546822,-0.015518933,-0.16534558,0.114152946,0.33405858,0.20615391
12320,-4.913534,0.107163765,-0.88549626,-0.4102144,-0.15143457,0.03236385,0.28860822,-0.401902,-0.08003223,0.39645708,0.18571927
12321,-5.970926,-0.19130246,-1.3282001,-0.88247806,-0.36464778,0.16105008,-0.11663858,-0.0625768,0.2724504,0.57538986,0.62577766
12322,-5.6635914,-0.23203488,-1.3954557,-0.35490382,0.3519982,-0.07697418,-0.35816294,0.056406364,-0.22417295,0.20533495,0.10495976
12323,-4.8790927,-0.21144909,-1.132702,-0.89704186,-0.17327574,0.0072882837,-0.033085413,-0.50585985,0.05188494,0.6501177,0.14536148
12324,-4.852652,-0.23809685,-0.81520176,-0.555179,-0.28447694,-0.2624998,0.10123276,-0.30842096,-0.16890197,0.1459139,0.4472034
12325,-5.68915,-0.021404896,-0.7905646,-0.34728363,-0.20595793,-0.06796308,0.17689064,0.051888593,-0.37496623,0.08574991,0.4855741
12326,-6.472565,-0.0954545,-1.599456,-0.6406804,-0.2500069,-0.22116846,0.26460734,-0.069740385,-0.047644496,0.27682176,0.42021787
12327,-5.856903,-0.14120641,-1.1866497,-0.9761199,0.060411975,-0.1334358,-0.18714163,-0.4196988,0.08117408,0.42986992,0.0915885
12328,-6.524245,-0.37640208,-1.4201362,-0.7415517,0.06818232,0.3901955,0.002232912,-0.09307158,0.30867592,0.5825895,-0.0147298975
12329,-8.449724,-0.11846858,-1.1913074,-1.2188787,-0.5064469,-0.3701672,0.01384786,-0.44187507,-0.008663673,0.08994274,0.75331676
12330,-5.9159055,-0.18755928,-1.3575636,-0.74180233,0.25542882,0.14473046,-0.12603113,-0.07648211,0.10798697,0.44133508,0.08673995
12331,-4.72549,-0.22057946,-1.092464,-0.52500564,-0.20764087,0.45836353,-0.113197,-0.39066562,0.05489324,0.37062213,0.3593691
12332,-4.215899,-0.13702868,-1.0746052,-0.4868764,-0.16052686,0.16768348,-0.14780015,-0.2814029,0.08726469,0.25098607,0.474199
12333,-8.590009,-0.00699903,-1.144357,-0.95314413,-0.6858118,-0.25581968,0.15673754,-0.4011387,-0.15158485,0.38538846,0.46711573
12334,-5.0441775,0.053572435,-0.84158033,-0.7139044,-0.38985932,0.0767389,-0.016423598,-0.22647181,-0.0032850876,0.31119236,0.1902699
12335,-6.464328,-0.086273044,-0.93856615,-0.8379892,-0.03984786,0.0058682244,-0.016278438,-0.07066923,-0.09175225,0.38516933,0.52517754
12336,-4.1337337,-0.15791993,-0.7979157,-0.41046816,-0.39168087,-0.21596368,-0.005773212,-0.14116938,-0.10947536,0.51266783,0.053796478
12337,-5.4151006,-0.4001215,-1.192863,-0.9449694,0.031508062,-0.014850799,-0.24956162,-0.28143185,0.34276342,0.6206137,0.17699724
12338,-4.72671,-0.21345416,-1.0116459,-0.75389564,0.13850844,0.03836301,-0.028180774,-0.24609551,0.044764854,0.46081015,-0.02197909
12339,-5.343056,-0.08173248,-1.1210161,-0.43834946,-0.026267016,0.07390968,0.15257005,-0.027926406,-0.035575233,0.163307,-0.05759824
12340,-5.0168877,-0.29382497,-1.143147,-0.8380091,0.19244412,0.094610706,-0.10022313,-0.29033083,0.36083543,0.47817838,0.49116063
12341,-4.90604,-0.09958263,-0.8525467,-0.48956767,-0.532445,0.2310045,-0.07985468,-0.23172016,-0.07095921,0.23064631,0.43112987
12342,-5.294631,-0.16004601,-0.5686616,-0.42365417,-0.3408395,-0.08774961,-0.15832241,-0.19317378,-0.15987971,0.16148248,0.32388043
12343,-3.9754617,-0.13413578,-0.8532133,-0.6113593,0.053627953,0.2634321,-0.020847961,-0.47521803,0.1480995,0.32559127,0.29608485
12344,-5.706345,0.080992594,-1.0766414,-0.98243403,-0.1845089,0.5673671,0.30122474,-0.37731624,0.10199403,0.90671813,0.43992755
12345,-5.9989886,-0.25624987,-0.8071332,-0.4193581,-0.4094821,-0.33849126,0.07776539,0.00030863192,-0.22260293,0.53525823,0.24620752
12346,-5.9402256,-0.34952667,-1.2500902,-0.35479143,0.3255407,-0.13822974,-0.57651573,-0.313694,-0.3339143,0.2939327,0.17882034
12347,-5.311248,0.026593689,-0.90688884,-0.46780998,0.20645323,0.181166,-0.17258015,-0.536568,0.12504737,-0.11311638,0.30908686
12348,-6.785336,-0.10874817,-1.1449891,-1.0002031,-0.53505814,-0.3241369,0.03853684,-0.5423672,-0.05366765,0.35186535,0.36090627
12349,-5.338894,0.22200301,-1.0947218,-0.6626645,0.21540026,-0.107115224,-0.31683984,-0.49893758,0.14949167,0.5728226,0.19888918
12350,-4.73306,-0.11062312,-0.9981865,-0.83170056,-0.089453116,-0.021221109,-0.030861765,-0.23418894,0.15759967,0.37243456,0.06933148
12351,-6.595902,0.029058706,-1.0677907,-0.33229947,0.20597932,0.15923588,-0.035756372,0.12320161,-0.20916928,0.26287636,0.42399168
12352,-5.2396293,-0.05768234,-1.0813717,-0.42141733,-0.0049441685,0.026956277,-0.07044296,-0.1396896,0.13498232,0.63108325,0.27569887
12353,-6.3719354,-0.13262948,-1.1666182,-0.79420805,-0.64510953,-0.14084859,-0.027569365,-0.036178835,-0.1456277,0.5987156,0.57674265
12354,-7.259013,-0.14910732,-1.2238886,-0.55126005,-0.20924586,-0.15784653,0.15348415,0.24687019,0.05165375,0.669682,0.2908241
12355,-6.5914884,0.06667533,-1.5519499,-0.5535429,-0.114608996,-0.28839642,-0.18891169,-0.09405485,-0.16751963,0.5168756,0.33608693
12356,-5.6551347,0.013785019,-1.4012002,-0.8128065,0.16481648,0.3962661,-0.012472951,-0.33889037,0.13507561,0.13976267,0.39839733
12357,-4.278463,-0.049178008,-0.8276283,-0.5906526,-0.037958346,-0.29847527,-0.052969098,-0.19709225,0.031315975,0.34407339,0.24162284
12358,-5.430412,-0.15810634,-0.8656051,-0.76391476,-0.029975997,-0.21541578,-0.02756152,-0.12638386,-0.18516485,0.25591972,0.17751099
12359,-6.7080927,-0.35090873,-0.8654499,-0.63588595,0.04472836,0.4180292,-0.3396494,-0.92158055,0.043334845,0.22837678,0.23099865
12360,-7.7196374,-0.1604512,-2.4388244,-1.3053565,0.6856699,0.28370446,-0.48062873,-0.08865867,0.47345293,0.3590894,0.30129468
12361,-6.432021,-0.28085044,-1.0509937,-1.0227108,-0.08252311,0.2133868,0.2804253,-0.30173597,0.08167512,0.6504788,0.58154804
12362,-5.168664,-0.22786692,-0.65804905,-0.50536937,-0.1074112,-0.4012323,-0.17798026,-0.0070728026,-0.39708984,0.33802566,0.2520238
12363,-4.6910486,0.027040862,-1.0529959,-0.52760684,-0.054405402,0.20029275,-0.18622348,-0.3023735,-0.09643419,0.38399762,0.1507054
12364,-5.7191224,-0.2854433,-0.8981267,-0.25087443,-0.22593996,-0.26957136,-0.020240232,-0.32432956,-0.43676257,0.37510812,0.36830774
12365,-5.046895,-0.040182747,-0.79187727,-0.42185548,0.14965558,-0.048931167,0.14920405,0.12344023,-0.4067189,0.123070434,0.23341385
12366,-5.3508987,-0.3028445,-0.95734835,-0.41400316,0.24625151,0.11286434,-0.23592918,-0.37711036,-0.19230908,0.14712092,0.08003125
12367,-5.117342,-0.3023581,-1.2282013,-0.71242905,0.28407243,-0.19466804,-0.24199061,-0.16566515,-0.1693634,0.32125625,0.06861447
12368,-6.0689197,-0.17815338,-0.76551956,-0.35222235,-0.38857892,-0.044410307,0.21642427,-0.01076261,-0.4747614,0.4072938,0.53583574
12369,-6.418078,-0.3625307,-1.2468449,-0.6713632,0.0201858,-0.087309524,-0.08269582,-0.41371375,-0.18022136,0.08051801,-0.024423763
12370,-5.3577538,-0.265835,-1.0257148,-0.57331717,0.039115094,-0.1571851,-0.07434197,-0.3239946,0.15345068,0.4247246,0.55765676
12371,-4.15698,-0.095717005,-0.5675084,-0.36872202,-0.023802638,0.12679985,-0.28043723,-0.26305422,-0.066470705,0.47444132,-0.023711644
12372,-6.541842,-0.16445509,-1.4790605,-0.77548146,-0.19066474,-0.2642256,0.1547971,0.16322587,0.24499048,0.81000984,0.25779924
12373,-4.19943,-0.0028073117,-1.018579,-0.37600982,0.08205173,0.08724477,-0.024066076,-0.03971795,0.11245577,0.3153109,0.23012489
12374,-3.9855568,-0.15569013,-0.8285207,-0.26385084,-0.04408151,-0.0042052083,-0.009032437,0.14627151,-0.15353188,0.51818085,0.26850185
12375,-4.962107,0.035664786,-1.1399478,-0.39368814,0.14205913,-0.16691574,-0.179715,-0.16928993,0.12885062,0.1446625,0.25109434
12376,-5.3731546,-0.12789215,-0.94348407,-0.71338236,-0.24340196,0.009137048,0.3352522,-0.49251142,-0.15227236,0.10411988,0.45569324
12377,-6.343888,0.0060262764,-1.0613929,-0.68586475,-0.043937862,-0.2836212,-0.024880335,-0.56736875,0.15057038,0.50472295,0.08924871
12378,-5.5615406,0.192284,-1.1424046,-0.72537297,-0.16360822,-0.028701868,-0.004986738,-0.64128286,0.21577783,0.22108912,0.5787003
12379,-4.667562,-0.020435352,-0.63501847,-0.54812974,-0.49465758,-0.2419408,-0.09626639,0.10568225,-0.0756061,0.3911716,0.23429064
12380,-5.662091,-0.26078597,-1.3759121,-0.2956162,-0.3124471,0.33830774,-0.117184825,-0.24375859,-0.23439203,0.605465,0.40425763
12381,-6.415087,-0.06322446,-1.601434,-0.843197,-0.3261503,0.20849569,-0.11906596,0.10210066,-0.030242486,0.42378998,0.5902529
12382,-5.638867,-0.105349496,-0.7196073,-0.64993227,-0.35553166,-0.13681859,-0.18076172,-0.021805068,-0.10891793,0.48288682,0.22177549
12383,-6.891014,-0.3502314,-1.6736994,-0.8466985,0.29531124,0.1347686,-0.09735856,0.14317834,-0.0692825,0.824565,0.5925836
12384,-5.02246,-0.17982264,-0.91539556,-0.6771318,0.14773682,-0.075188585,0.07243293,-0.4569165,0.33788827,0.4066545,0.35467923
12385,-5.386155,-0.32833004,-1.3262012,-0.7415821,0.24130113,0.21746452,-0.3774052,-0.46101436,0.07286065,0.4434591,0.15305893
12386,-5.448114,-0.20124343,-0.9924816,-0.85368556,-0.41609162,0.22204493,0.08515147,-0.21456915,0.07205142,0.8767935,0.66807455
12387,-5.425899,-0.44294456,-0.85354173,-0.81964666,-0.113377385,-0.11206849,-0.37909344,-0.19727883,0.13944666,0.6477152,0.1033048
12388,-5.542909,-0.19420177,-0.97601295,-0.74383265,-0.012975274,0.23013437,-0.066907555,-0.3902583,0.014920389,0.4380196,0.4654785
12389,-5.9774666,0.06222097,-1.4993913,-0.74506295,0.040126577,0.16871892,-0.12317427,-0.580687,0.12915282,0.7119851,0.26892993
12390,-5.9830775,-0.29623213,-1.1705563,-0.62390375,0.42484486,-0.038386248,-0.34428835,-0.022952965,-0.027347052,0.5271536,-0.016638879
12391,-5.171781,-0.06589451,-1.1232105,-0.6604474,0.25791854,-0.11472815,-0.14120075,-0.28564927,0.08719796,0.1854134,0.25789618
12392,-6.0955625,-0.3165721,-0.9584013,-0.7932929,-0.50614995,0.20131339,-0.08372766,-0.07636321,-0.06674848,0.29500687,0.28603834
12393,-5.249077,-0.012371288,-1.0693713,-0.516869,-0.39320838,0.17117989,0.2673373,-0.15188415,-0.32059205,0.36465636,0.22689815
12394,-5.864322,0.08476961,-1.3417548,-0.42187455,-0.3599596,-0.26829505,0.066611975,-0.099847995,-0.25140834,0.29348394,0.30270526
12395,-5.145857,-0.0023723515,-0.86211526,-0.42950293,0.18278107,-0.14250404,-0.0122381365,-0.07236563,-0.22452359,0.073990546,0.39377543
12396,-7.481016,-0.18083756,-1.5674164,-1.2362976,0.23285697,0.021589467,-0.06775067,-0.1485991,0.31737992,0.94519067,0.20576593
12397,-4.8642945,-0.051965345,-1.3074476,-0.5705872,-0.13817875,-0.34551477,-0.013456662,0.064516835,-0.09638665,0.4600902,0.23999469
12398,-5.326421,0.06961277,-1.2534472,-0.75516486,0.064851865,0.16560374,-0.13010174,-0.19173346,0.10480277,0.51338935,0.54057133
12399,-5.460328,-0.21638036,-1.1229641,-0.6555564,-0.24033566,-0.26178145,0.09934666,-0.08661273,-0.25189182,0.5919352,0.23563612
12400,-4.716233,0.041340932,-0.9483198,-0.47486398,0.17675942,0.1414491,0.033888638,0.11207374,-0.049925044,0.40863985,0.4573099
12401,-6.7969627,0.36074767,-1.5601327,-0.54329133,-0.18515345,-0.03227132,0.010721442,-0.22916587,-0.011543203,0.05546662,0.31110704
12402,-5.4382486,-0.16235892,-1.233275,-0.62501645,0.13846609,-0.031398118,0.022525813,-0.33814737,-0.04690922,0.40279087,0.38039705
12403,-5.9104276,-0.16308025,-0.6892489,-0.7985822,-0.3378426,-0.34675002,-0.2807144,-0.012430541,0.008325359,0.5701626,0.21281615
12404,-7.257934,0.046796825,-2.1557891,-1.1302885,0.5013358,0.04966795,-0.5584073,-0.05995477,0.35141292,0.5886803,0.2983078
12405,-5.087066,0.015777903,-0.98252976,-0.2782816,0.10833364,0.048235666,-0.28706002,0.15251553,-0.045384817,0.46715507,-0.11998852
12406,-4.252361,0.03719484,-0.8247995,-0.26031098,-0.21834667,0.012799274,0.10222938,0.23734172,-0.15080576,0.21423955,0.38829586
12407,-3.4179957,0.056157913,-0.48020345,-0.34432307,0.12073604,0.099375084,0.053465776,-0.03184586,-0.003313003,0.35751194,0.19348907
12408,-4.2668595,-0.095423155,-1.0333523,-0.22949146,0.37978137,-0.09067284,-0.17477457,-0.09013693,-0.19610538,0.08224517,0.1387584
12409,-5.8391366,-0.15479207,-1.5647191,-0.80753857,-0.10436017,-0.26821274,-0.20736256,-0.23806943,0.031599887,0.16790669,0.5117688
12410,-6.948157,-0.3520438,-1.5616376,-1.2243167,-0.17265503,-0.012470514,-0.09187245,-0.28579274,0.3218052,0.62066,0.23479007
12411,-4.6318784,-0.017518293,-0.9402215,-0.6211178,-0.25990188,0.19255094,-0.02718522,-0.17350262,0.18564562,0.596404,0.20401958
12412,-6.5136137,0.08344683,-0.66486007,-0.5987783,-0.28054655,-0.45226628,0.15236858,0.035916004,-0.17227863,0.3527267,0.3649035
12413,-5.994001,-0.43860888,-1.3261427,-0.7526955,0.62946177,0.10235323,-0.28442112,-0.42659166,0.18171921,0.3835733,0.22438444
12414,-4.0419793,-0.13743787,-0.9393562,-0.7956015,-0.12905616,0.228332,0.034511995,-0.34425917,0.10989056,0.25009125,0.31720126
12415,-4.5498886,-0.047491256,-0.7912182,-0.24522614,0.03658038,-0.10020532,0.1394875,0.014878763,-0.085218795,0.33620936,0.21336587
12416,-6.859721,-0.3973254,-1.1921461,-0.94106996,-0.1610101,-0.31657994,0.016638316,-0.12646224,-0.081054345,0.3806675,-0.05551497
12417,-5.1531954,-0.008945997,-0.9962613,-0.43538207,0.030686378,0.102946565,0.060963225,0.09826508,0.030612301,0.41284215,0.39888555
12418,-4.804988,-0.31883708,-0.9099777,-0.68236446,-0.1260416,-0.122890025,-0.01829907,-0.07960748,0.07478247,0.56379175,0.6607678
12419,-5.296278,-0.011821323,-0.9672215,-0.4457849,-0.15756413,0.45137745,0.116380185,-0.3448903,-0.21372342,0.2362227,0.19208418
12420,-3.955308,-0.07548315,-0.81448424,-0.3671979,-0.27196664,0.23663765,0.025728155,-0.24336544,-0.018002873,0.3138928,0.25791666
12421,-5.084267,0.008928508,-1.2156079,-0.42578506,0.008855801,-0.16002443,-0.29139107,0.11550921,-0.05136262,0.60146844,0.07228378
12422,-4.7410874,-0.28399834,-0.8931638,-0.12503728,-0.11359835,-0.12829043,-0.19989271,0.051712118,-0.14364788,0.25174907,0.15399404
12423,-5.690934,-0.106632955,-0.8446787,-0.473851,-0.46501368,-0.28141874,-0.17521487,0.023280535,0.1452057,0.75906825,0.25710827
12424,-5.1517043,-0.24451087,-0.8636825,-0.6671043,-0.6483957,0.37743253,-0.018207166,-0.014224799,0.3176658,0.6833779,0.31614852
12425,-6.587795,-0.0031016525,-1.2430649,-0.6074782,-0.037247498,-0.43935382,-0.24870707,-0.24179086,-0.05904629,0.44485536,0.39167732
12426,-4.7729716,-0.11366818,-1.0168718,-0.35725266,-0.28658465,0.08896174,0.10226089,-0.3661082,-0.10472798,0.539852,-0.016532075
12427,-4.798488,0.031954065,-1.0730188,-0.6746822,0.14688703,0.33840907,0.053134553,-0.16290611,0.25545427,0.4765221,0.18400724
12428,-7.5137887,-0.2935632,-1.265684,-0.52073836,-0.62069035,-0.20946047,-0.2771304,-0.35343233,-0.44142917,0.32631773,0.36737055
12429,-4.1777463,-0.098625146,-0.6800548,-0.6522933,-0.50815827,0.1391124,-0.04127508,-0.40700263,0.1910988,0.5534393,0.18773907
12430,-5.4018116,-0.09060453,-1.1636349,-0.33804336,0.21350826,-0.005096171,-0.354536,-0.015780367,-0.06483299,0.61704457,-0.06543
12431,-5.6560645,-0.14822719,-1.1161804,-0.5794489,-0.1567107,-0.25733507,0.044956703,-0.14485061,-0.3662436,0.33675534,0.22504166
12432,-4.2878523,-0.018268425,-1.0269344,-0.45686597,0.059051458,0.1789217,-0.052003756,-0.18433657,0.053437613,0.40777892,0.35497648
12433,-5.3653617,-0.39657685,-1.3110435,-0.86815673,-0.10837435,-0.010758832,0.5347641,-0.3190278,-0.14972132,0.07646377,0.7088785
12434,-5.371141,-0.13836014,-0.90383404,-0.6009084,-0.02532768,-0.20574258,-0.057792403,-0.28421023,0.08350612,0.65821004,0.08937742
12435,-4.5705557,0.10622685,-1.1360915,-0.32145315,0.019894313,0.009390162,-0.045298297,-0.11251721,-0.13159034,0.06975949,0.33953282
12436,-6.005299,-0.062408123,-0.9905826,-0.75754434,-0.74181205,-0.02726299,-0.05608029,-0.22913785,0.32379103,0.7152076,0.5590773
12437,-4.2975264,-0.017477658,-0.6135556,-0.3795146,-0.38852373,-0.10846596,-0.118349396,-0.34235513,-0.0032631736,0.184447,0.14035828
12438,-3.766716,-0.07956024,-1.0151347,-0.29885948,-0.21307051,0.099523135,0.12322503,-0.047107086,-0.30165622,0.38436136,0.0450644
12439,-5.7569075,-0.020020373,-0.9273342,-0.4305744,-0.048030708,0.04432799,-0.4707633,0.1812374,-0.1545021,0.57609856,-0.12342288
12440,-5.2726264,-0.20760997,-1.1405802,-0.40026668,-0.09933213,0.16473988,-0.33215594,-0.08435082,-0.12371479,0.5991486,0.42422795
12441,-6.182932,0.08072046,-1.2063568,-1.0141951,-0.33844364,-0.10932335,0.01202355,-0.08872867,0.13932404,0.44420245,0.73871773
12442,-4.8869486,-0.11832446,-1.0022714,-0.64227176,-0.419491,0.009808276,0.23396583,0.14259237,-0.0923703,0.45911247,0.5588921
12443,-6.0921426,-0.19884987,-1.0996536,-0.41623807,-0.22263558,0.24760184,-0.12817061,0.01908018,-0.28243965,0.2825971,0.5515607
12444,-6.041466,-0.27108574,-1.062424,-0.6978253,-0.1530806,-0.17990834,0.020001154,0.20543937,-0.2893144,0.5181246,0.21783645
12445,-6.5502243,-0.49525365,-1.0556288,-0.9859777,-0.22375438,-0.3328721,0.104976885,0.4042193,0.13253745,0.5097051,0.4503385
12446,-5.8596215,0.09547674,-1.380881,-0.4250962,0.30828732,0.059800237,-0.19043446,-0.20162009,-0.041788563,0.10466363,0.06919972
12447,-6.740172,-0.012236242,-0.993206,-0.7882638,-0.07193937,-0.2980653,-0.31228402,-0.27196747,-0.049416535,0.17709047,0.19002464
12448,-7.0168514,-0.3861451,-1.5632174,-0.8545747,0.1542694,-0.20909955,0.057589743,0.1598629,0.14787912,0.57110834,0.372068
12449,-6.29961,-0.19934961,-1.0603014,-0.7652072,-0.45742586,0.17358424,-0.0029279208,-0.660948,-0.142448,0.3630434,0.6030861
12450,-5.8787136,-0.26619568,-1.1287731,-0.84445554,0.13358799,0.3301683,-0.069854446,-0.659398,0.06518143,0.19867966,0.032654647
12451,-7.0271735,-0.03392048,-1.5576159,-0.6446003,-0.11730362,0.0045765466,-0.3827403,0.07361286,-0.35495028,0.23174968,0.34449255
12452,-3.8210945,0.101731904,-0.95635027,-0.16608962,-0.03198947,0.10090772,0.14899924,0.1815999,-0.22104888,0.19955999,0.35984528
12453,-5.5267124,-0.436165,-0.99893147,-0.97398907,-0.3194811,-0.20679408,-0.32974476,-0.15042381,-0.013046548,0.39080888,0.25794476
12454,-5.8715215,-0.364094,-1.2720667,-0.11177165,-0.5665831,0.16155195,0.041753378,-0.12348952,-0.09442475,0.6834384,0.39659733
12455,-4.9235168,0.04349601,-0.94739896,-0.7306475,0.03637501,0.07065369,-0.0051458934,-0.18449938,0.0981304,-0.068669856,0.24290569
12456,-6.810761,-0.12020865,-1.2379293,-0.42727068,0.42967197,0.16816325,-0.32221442,0.24865536,-0.15138121,0.89514565,0.33909637
12457,-5.824316,-0.23072918,-1.0531018,-1.075291,0.03596391,-0.038175486,0.09637489,0.057865813,0.028466001,0.61837107,0.35369858
12458,-5.717832,-0.17112924,-1.078066,-0.48293868,0.042504806,0.028435858,0.28151235,-0.4605449,0.15667614,0.54931945,0.33111423
12459,-4.7992277,0.18812574,-1.162695,-0.44304553,0.10204446,-0.15373787,-0.17557563,-0.19460696,-0.25638732,0.18370007,-0.013257022
12460,-5.7952123,-0.10080104,-1.1026424,-0.58285433,-0.052774865,0.059371077,0.26020387,0.0071127634,-0.083099976,0.70131075,0.2469271
12461,-6.6769733,-0.450152,-1.2559173,-0.9383439,-0.1528144,-0.07560523,-0.1582719,-0.30104122,0.28226388,0.39468727,0.8032448
12462,-4.7714086,0.015298028,-0.6155867,-0.5546346,-0.13155928,-0.051555213,-0.13355851,-0.23683426,-0.07782837,0.63775396,-0.10009737
12463,-5.934629,-0.35921326,-1.4194179,-0.80792856,-0.30653745,-0.13703994,0.023944091,-0.24898893,-0.23253678,0.6143846,0.19669205
12464,-5.2430983,-0.15782264,-1.0679693,-0.42077598,-0.08820844,0.08144333,-0.15911418,-0.06592636,0.13500349,0.57107145,0.26617667
12465,-5.860305,0.05040791,-1.0982842,-0.8051361,0.01662936,-0.3014102,0.11435554,-0.4339283,-0.2798486,0.66751665,0.31618634
12466,-8.519519,-0.54874593,-1.4959949,-0.48312947,-0.48475763,0.27156687,-0.19754441,-0.4365729,-0.29690748,0.48954543,0.5290291
12467,-6.5731244,0.021001508,-1.545684,-0.63409853,0.2022156,-0.008347744,-0.5540952,-0.110273734,-0.15349983,0.2784042,0.062717974
12468,-6.012558,0.1538517,-1.3647724,-0.35893768,0.3271483,0.33970422,0.30201378,0.08857593,-0.0711205,0.18970157,0.19954164
12469,-5.3174825,-0.26372215,-1.3125038,-0.8319289,0.07871791,0.14072001,-0.024423007,-0.16436826,0.10849352,0.42388645,0.15529281
12470,-5.2472496,-0.039120916,-1.1116427,-0.3948653,-0.24214254,-0.22611219,0.20406628,0.13923801,-0.25808343,0.23913395,0.42105246
12471,-5.3228607,0.016150175,-0.77863693,-0.6885957,-0.1896863,0.03829878,-0.09402657,-0.2425591,0.00520098,0.23970395,0.09233595
12472,-5.2954483,-0.07403675,-1.195411,-0.3658652,0.011904011,-0.06963629,-0.13489506,-0.029297473,-0.33062708,0.2056674,0.122705795
12473,-7.015239,-0.046449833,-1.7327864,-0.9579221,-0.22557354,-0.07519671,-0.11226103,0.005379567,-0.04910312,0.38326812,0.67362744
12474,-8.589646,-0.21564212,-1.8090264,-0.75313544,-0.53928286,-0.08078008,0.12547609,-0.008047007,-0.2853831,0.22364247,0.83023274
12475,-4.501708,0.0008792756,-0.933332,-0.6110013,-0.14175853,0.03444164,-0.0049796477,-0.16259722,0.07341889,0.47398728,0.32438892
12476,-4.228932,-0.044327915,-0.87188125,-0.3780456,-0.35033113,0.044355202,-0.08004383,-0.41310865,-0.06402268,0.13112292,0.36414117
12477,-4.7578454,0.076089025,-0.6922151,-0.6798343,-0.28388193,0.08399669,-0.11634422,-0.28144234,0.1167865,0.5058782,0.112197846
12478,-7.8080583,0.0024677762,-1.9544739,-0.7011469,0.19724943,0.82370883,-0.73678243,-0.75785875,0.109782524,0.3171634,-0.11074203
12479,-7.636473,0.16405456,-1.5149432,-0.43030304,0.062444225,-0.3161043,-0.077609725,0.17032681,-0.31741908,-0.033278342,0.5136126
12480,-5.465748,-0.06137191,-1.1229045,-0.6845831,-0.6555616,0.19511642,0.2746059,-0.30644488,-0.16371138,0.32106626,0.60561144
12481,-5.802378,0.06578297,-1.1112157,-0.47791296,-0.041676167,0.18408386,0.03375914,-0.2992826,-0.47177207,0.28749788,0.36446938
12482,-6.863104,-0.08785644,-1.1720147,-0.87732494,0.22243625,0.04425963,-0.28157517,-0.3361373,0.034380265,0.8159621,0.34622777
12483,-4.685705,-0.04576052,-1.0568984,-0.5436797,-0.15755023,-0.21917015,0.23272692,-0.6051571,0.052072227,0.6478632,0.3369454
12484,-5.679598,0.21277644,-1.087292,-0.3260723,-0.065382496,-0.15308051,-0.3372937,0.026682084,-0.35350868,0.30919486,0.2986578
12485,-5.207949,-0.1934908,-1.4703296,-0.6600344,-0.015414799,0.06998546,-0.30256858,-0.14405808,0.260082,0.42724538,0.2124231
12486,-5.379568,0.0052660774,-1.4235162,-0.46011534,0.21372297,0.116969205,0.082697555,0.115625076,-0.13948362,0.053896967,0.36430845
12487,-4.4155393,-0.16044867,-0.87330914,-0.6581626,-0.28476748,0.06235884,-0.1461645,-0.35378805,0.25939423,0.5658847,0.15853181
12488,-7.2860665,-0.4039997,-1.2502363,-0.77023023,-0.19542876,0.34097916,0.05935929,-0.2118769,-0.05617495,0.51243484,0.39670688
12489,-6.7497015,-0.519159,-1.1247705,-0.8368762,-0.29856032,0.14810576,-0.10204047,-0.21446174,0.03270015,0.5729974,0.12884839
12490,-6.086815,0.15143883,-1.3414804,-0.64039564,0.106390566,-0.13253525,0.031930942,-0.46065584,-0.009377303,0.40045774,0.39902076
12491,-6.0937667,-0.01685927,-1.073885,-1.1066759,-0.6496073,-0.16007167,0.22139443,-0.076170996,-0.09820927,0.6105434,0.65639603
12492,-5.4191804,-0.5443444,-1.1499228,-0.9059577,-0.33272722,0.15488173,0.01088509,-0.18290906,0.48683652,0.75470525,0.4169527
12493,-6.0501924,-0.45127004,-1.2383891,-1.1425766,0.17644963,0.07714218,-0.22477546,-0.25827536,0.37609863,0.9141319,0.1975594
12494,-4.096578,-0.12604746,-0.7991243,-0.57276845,-0.21056941,0.11045039,0.25245076,-0.07173938,0.057032168,0.20817758,0.26538914
12495,-4.917908,-0.091272116,-0.87328345,-0.6654741,-0.235589,-0.1506289,-0.14394565,-0.11376868,0.120218575,0.3406099,0.47417545
12496,-5.5284057,-0.14891718,-1.2676867,-0.6445502,-0.53778124,0.021732222,0.18908454,0.17793576,0.045895327,0.5845698,0.5595866
12497,-6.9391847,0.14989457,-1.2286594,-0.4492811,0.2710317,-0.33030945,-0.1388065,-0.081630535,-0.27708736,0.2347652,-0.077879764
12498,-5.2709236,-0.29035407,-1.0232961,-0.7869028,-0.76666963,-0.12762186,0.13525024,0.17800409,-0.09195963,0.4580012,0.56729156
12499,-4.3305125,-0.3026234,-1.0229234,-0.56628937,0.030867584,-0.021145072,-0.29923436,-0.13958707,-0.013246421,0.384814,-0.022113059
12500,-5.4474564,-0.2883343,-0.81553316,-0.94076574,-0.15993275,0.24424316,-0.20070823,-0.52976704,0.33129343,0.94510925,0.21010847
12501,-5.2520814,-0.035197303,-1.1472466,-0.6568606,-0.23280302,0.15718898,-0.229465,-0.4445182,0.30186337,0.6368776,0.24296397
12502,-6.2950377,0.06387466,-1.0790533,-0.32710585,0.44451505,0.0036323024,-0.26487008,-0.34691375,-0.42864135,0.66602665,0.08867817
12503,-4.633912,0.01758673,-1.0936401,-0.48334378,-0.17730786,-0.20571068,0.2022105,-0.026975265,0.08073067,0.14275894,0.27167544
12504,-5.2969947,-0.35856417,-0.9823348,-0.9805274,-0.75516695,-0.4964937,0.18140185,-0.2576154,-0.11073087,0.5974138,0.3143652
12505,-8.34295,-0.14884612,-1.2700928,-0.7527313,0.18654051,0.32094932,-0.2692387,-0.3036887,-0.308118,0.3624123,0.4214335
12506,-4.6580935,-0.1985625,-0.978341,-0.6882293,-0.39824936,0.011474082,-0.059594028,0.028689597,-0.029065533,0.3171022,0.5170742
12507,-5.168854,-0.19997723,-0.85537404,-0.7525258,-0.33461547,-0.016305553,-0.15973571,-0.40969726,0.055663295,0.5315667,0.33781895
12508,-5.0883718,0.07025594,-0.8608199,-0.55820024,0.083870746,-0.13471602,-0.28147578,-0.2822446,-0.2397659,0.6192622,0.09041246
12509,-4.735453,-0.101829834,-1.0968331,-0.2883641,0.10623052,0.09885758,0.008976639,-0.17847471,-0.09030593,0.23837914,0.2887649
12510,-5.5474463,-0.35164437,-1.2224387,-0.8503455,0.12554824,0.28416985,0.10764602,-0.44564384,0.3185681,0.6139975,0.60474324
12511,-5.1207657,0.05944171,-1.0352978,-0.59395975,-0.071316846,0.21367587,-0.10562561,-0.33022422,0.122313924,0.625186,0.15573981
12512,-7.221094,-0.14159915,-1.5498879,-0.311605,-0.30634734,0.0024356754,-0.15698491,-0.17489697,-0.22685632,-0.22385064,0.40939742
12513,-4.023589,-0.0829951,-1.0215927,-0.6754749,-0.012315372,-0.09461261,-0.14958856,-0.2905813,0.13230757,0.602606,0.2880182
12514,-8.304036,0.02383177,-2.0866272,-1.2401361,-0.24995807,0.27693063,-0.24556734,-0.16273159,0.07205367,0.3891125,0.2889691
12515,-4.226195,-0.26161698,-0.930346,-0.5036299,-0.3744522,0.0323588,0.008596754,-0.37341762,0.044298314,0.4796886,0.76484126
12516,-4.9672613,-0.21415855,-0.9984514,-0.31051213,-0.51877904,-0.09482705,0.16267169,0.0891478,0.18284403,0.64621943,0.5783622
12517,-5.580055,-0.040104736,-1.0552613,-0.5570325,-0.29688567,0.2329432,-0.3549653,-0.2857976,-0.11513239,0.15691054,0.18074664
12518,-3.9473429,-0.043522004,-1.0345454,-0.38302433,-0.27324158,0.31641018,-0.10811488,-0.22978632,-0.00094452687,0.24093446,0.26791915
12519,-5.9363885,-0.019904278,-1.2062844,-0.57771695,0.19462454,-0.04412742,-0.0017550262,-0.021921767,0.08097464,0.24988145,0.36378598
12520,-5.641032,0.03857432,-1.0634995,-0.5945688,-0.124013014,0.33878136,-0.26028374,-0.5179311,0.051716566,0.22017336,0.23719455
12521,-6.007063,-0.037442803,-1.218663,-0.4611632,-0.22234729,0.15862572,-0.036800098,-0.24437907,0.14624107,0.31817836,0.38686857
12522,-5.6604304,0.006772695,-1.0240809,-0.2883433,-0.16858011,-0.093333654,-0.09005437,0.23382314,-0.100257285,0.54962814,0.4400429
12523,-5.1829925,-0.06620363,-1.0734389,-0.38830766,0.13398363,-0.11579713,-0.14361899,-0.3020749,-0.1351868,0.32652718,0.017078858
12524,-4.741827,-0.14035319,-1.0561374,-0.54184943,0.01771709,0.232364,0.068012394,-0.31483212,0.25595388,0.47684985,0.21355174
12525,-5.5356936,-0.14676383,-0.8237133,-0.46979547,-0.48192927,-0.25819308,0.014172833,-0.025769917,-0.23463504,0.5772944,0.41772842
12526,-5.702535,-0.18513922,-1.1935484,-0.9459997,-0.013145868,-0.09731744,0.13042837,-0.15141921,0.17801939,0.32847413,0.21756305
12527,-5.5808306,-0.17970677,-1.010923,-0.5987736,-0.33324707,-0.132173,-0.06877486,-0.16792995,0.09135203,0.48727977,0.75714225
12528,-5.5020647,-0.257784,-1.2153229,-1.0008593,0.22755083,-0.23310235,-0.07078117,0.08820841,0.29707542,0.4984272,0.011377744
12529,-5.9290657,-0.14749153,-1.4219211,-0.35661662,0.004864188,0.26432824,-0.06284885,-0.40872234,-0.058171734,0.4661651,0.29486138
12530,-5.3001323,-0.21432832,-0.6678214,-0.76300615,-0.61995953,0.100585766,0.15307876,-0.19575737,-0.13375796,0.36276886,0.5207528
12531,-3.3831558,-0.047169402,-0.64486575,-0.38386303,-0.098373115,0.058176577,-0.033532087,-0.19446689,-0.032523908,0.27111495,0.1999292
12532,-7.5262685,-0.15465188,-1.0579749,-0.9867945,-0.45765486,-0.18826857,-0.21502708,-0.342549,-0.12046091,0.6805939,0.8209571
12533,-5.0992255,-0.1826691,-0.92511994,-0.7999437,-0.7485669,0.2857272,0.17051038,-0.23458484,0.4260311,0.6504383,0.4017062
12534,-5.7704835,0.0050610094,-0.6722865,-0.41490373,-0.33509445,-0.16269544,0.23768023,-0.35832906,-0.07754568,0.2046748,0.6228508
12535,-6.447743,-0.13136776,-1.2067702,0.08098973,0.49706578,-0.1280628,-0.26355305,0.1239686,-0.21757461,0.14972289,-0.05277028
12536,-5.094305,-0.14478898,-0.70574665,-0.47800228,-0.17299627,-0.38643616,0.0355574,-0.13282993,-0.057003662,0.24574147,0.33668742
12537,-7.0998116,-0.30222663,-1.3100964,-0.87416065,0.23670006,-0.055648297,-0.11196892,-0.100348465,0.12395568,0.63304996,0.09871872
12538,-7.461644,-0.08337836,-0.91065896,-0.9442195,-0.29365999,-0.28303403,0.00983142,-0.47118303,-0.1666185,0.18065919,0.46171406
12539,-5.888375,-0.22480953,-0.8292057,-0.34148654,-0.039737426,0.25873256,0.017179353,-0.7341857,-0.22018966,0.32863843,0.41082206
12540,-4.72711,-0.06962596,-0.8708162,-0.5798894,-0.124178655,0.0045011905,-0.18166354,-0.40081823,0.015493226,0.30683926,0.28910285
12541,-5.5098934,-0.24902515,-1.0405363,-0.90824413,-0.087254025,0.15122756,-0.10056273,-0.15001121,0.10115444,0.6548023,0.1297484
12542,-6.1204047,-0.13104391,-1.0627314,-0.5010139,0.23221944,-0.030316327,-0.14803128,0.15197082,0.11026463,0.43004414,-0.06642635
12543,-5.5452247,-0.21367048,-1.5084964,-0.6628854,-0.2345574,-0.029504579,0.021138437,-0.042743772,0.07982899,0.5659193,0.6303135
12544,-6.2977824,0.07922969,-1.3734823,-0.19854757,-0.031999566,0.15137227,-0.09842637,-0.057579428,-0.34054935,0.372731,0.3751027
12545,-3.6294544,-0.009075492,-0.828512,-0.49775875,-0.31690887,0.08044363,-0.05062298,-0.26343602,0.15367113,0.27694252,0.21121733
12546,-4.7642837,-0.20771164,-0.8788295,-0.24422106,-0.1790786,0.42456943,0.0077480786,-0.016156506,-0.06552768,0.2718455,0.2721272
12547,-7.165009,-0.070741914,-1.1540419,-0.8952367,-0.43569335,0.03500442,-0.17796913,-0.30670127,-0.51307106,0.6802988,0.5368979
12548,-5.7835584,0.13322961,-1.3072352,-0.76221484,-0.21243054,-0.20511839,0.004079565,-0.5308182,0.15215588,0.55981135,0.36908814
12549,-6.133336,-0.2709625,-1.0968087,-0.77610743,0.41240585,0.002657372,-0.14837642,-0.07738135,0.08063432,0.36074835,0.23501314
12550,-4.3229756,0.05531159,-1.0101615,-0.21716441,0.10742791,-0.0665815,0.05110457,0.05391127,-0.2180603,0.19019277,0.0808318
12551,-5.2872047,-0.28228784,-1.0230763,-0.59948117,-0.35606956,-0.099988386,0.08270194,-0.005638403,-0.16920087,0.5899462,0.09696549
12552,-7.369178,-0.8051517,-1.3650001,-1.1800443,-0.2420352,-0.018770453,0.03569483,0.072649136,-0.027146025,1.0477091,0.46554622
12553,-4.4193482,-0.13430783,-0.995238,-0.21862604,-0.20720507,-0.09672576,-0.012729618,-0.12431849,-0.20454703,0.1731723,0.32455364
12554,-7.517497,-0.4068942,-1.6356477,-1.0218214,-0.41068745,-0.14315347,0.15907234,0.09039397,0.1731466,0.38996914,0.46081814
12555,-7.6447973,0.34514877,-1.8408611,-0.7095472,0.18313077,-0.15300716,0.039148368,0.05109804,-0.067341544,0.07562613,0.6049794
12556,-6.550369,-0.27445766,-0.9243049,-0.53868836,-0.71402353,0.07265775,0.03589251,-0.6580882,-0.08936618,0.4053119,0.7857803
12557,-3.68588,-0.14570174,-0.6883382,-0.38187894,-0.28302705,-0.0037727337,0.21255682,-0.10911127,-0.097276635,0.22815491,0.101364814
12558,-7.0763345,0.09383674,-1.3052477,-0.6975801,-0.16550483,0.09310106,-0.3126026,-0.58416975,-0.17268406,0.09457785,0.4768675
12559,-4.441643,0.05254571,-0.7717648,-0.31999347,0.16173999,0.03627296,0.025968593,-0.21826866,-0.23334222,0.5144279,0.24177986
12560,-5.8932214,-0.18245551,-1.4494734,-0.6907879,0.20447077,0.38164306,0.080287054,-0.1358375,0.2360835,0.49098426,-0.010335988
12561,-4.7145176,-0.2887539,-1.0145812,-0.66023314,-0.15054224,-0.23632564,-0.14739639,0.15303794,0.2104353,0.57428735,0.07279752
12562,-4.384737,-0.15076888,-0.6890771,-0.09475028,0.23959014,0.041564435,-0.14419281,-0.12967078,-0.06163083,0.523058,0.071317166
12563,-5.2420754,-0.081783146,-1.1607814,-0.33431655,0.031946536,-0.031022277,-0.21396104,-0.01459649,-0.16068591,0.20428723,0.3252196
12564,-5.6229067,-0.33109653,-1.0396491,-0.57998085,-0.14682847,-0.0022050245,-0.056765854,0.08225685,-0.091480605,0.2562851,0.43629992
12565,-5.7918773,-0.38268483,-1.2306881,-0.5503985,-0.14423944,0.35797644,-0.30873573,-0.17837006,-0.2678948,0.58001983,0.336493
12566,-5.213751,-0.2288148,-1.1747696,-0.59343153,-0.030606532,0.10028441,0.2519444,-0.3288072,0.07107263,0.3857179,0.08336275
12567,-7.407627,-0.023456369,-1.6581544,-0.72960734,0.21852998,0.20637767,-0.10744331,-0.06524401,-0.07256707,0.5155406,0.25307074
12568,-4.6613035,-0.047974173,-1.0538685,-0.4951343,0.10879571,0.054044694,-0.18592511,-0.32419148,0.039197817,0.36619502,0.31058672
12569,-6.9979362,0.14693718,-1.3036739,-0.9421143,-0.15839954,-0.35299534,-0.062338486,-0.116527505,0.030873647,0.749894,0.5793921
12570,-6.635838,-0.27300987,-0.99109596,-0.9080892,-0.1364765,0.27907252,0.06976001,-0.47208145,0.35886353,0.87245613,0.5037825
12571,-5.193978,-0.092713766,-1.0922395,-0.6326635,-0.22012833,0.06523898,-0.21451491,-0.4201146,0.20791036,0.42915672,0.18049347
12572,-6.522673,0.091424234,-1.6551409,-0.6879518,0.10627824,-0.009861056,0.19922467,-0.2796625,0.0076175267,0.41461673,0.35697818
12573,-5.7533374,-0.011068073,-1.4976625,-0.75069016,-0.36507246,-0.12154861,0.10049118,-0.12365625,-0.20365983,0.7082527,0.4547931
12574,-5.43412,0.03582511,-0.90703183,-0.26095814,0.16958968,-0.2323755,-0.18326892,0.08470716,-0.36013645,0.36377674,0.12729645
12575,-4.340244,0.057637807,-0.68599486,-0.50794536,0.08983276,-0.16531302,0.12103619,-0.039471127,-0.07758131,0.30908132,0.20784152
12576,-4.086289,-0.20403834,-1.0362276,-0.44455957,0.018623466,-0.087718,0.04853375,0.0008678036,-0.08160884,0.37620264,0.26448444
12577,-9.254296,-0.3981787,-1.8164519,-1.2202908,-0.07460855,-0.011694707,0.4071657,-0.4652704,-0.10936105,1.1762755,0.14997211
12578,-5.922421,-0.052545514,-1.076411,-0.30248368,-0.04567867,-0.19882526,-0.19306402,0.03508198,-0.26778933,0.2943715,0.37283015
12579,-4.3911624,-0.3399051,-0.7821113,-0.76463485,-0.5281217,-0.059242427,0.18440764,0.05828934,-0.104769185,0.42179975,0.45124367
12580,-4.9376955,-0.20403345,-0.94776815,-0.25685182,0.41001,-0.22135797,-0.1362111,-0.10747938,-0.009296032,0.028036134,0.074732706
12581,-5.766015,-0.049742166,-1.1004554,-0.8649739,-0.14309956,-0.09152797,-0.054433107,-0.3613296,0.1321029,0.43086803,0.6523489
12582,-4.3401155,-0.113154,-0.5878826,-0.39590186,-0.12515372,-0.18716729,0.0929196,-0.19521351,-0.14350384,0.49832302,0.18816973
12583,-5.73524,0.052640453,-1.224823,-0.77393156,-0.24916905,-0.12430461,-0.014944515,-0.011611668,0.052430242,0.44517237,0.64277744
12584,-5.8700485,-0.08519133,-1.1464877,-0.5397486,-0.037165828,0.19102308,-0.21711157,0.0679539,0.15682635,0.81622803,0.042772837
12585,-5.80606,0.12619463,-1.3153573,-0.5371248,-0.21703193,0.26872677,0.22673476,-0.56186163,-0.18945651,0.67018235,0.27713183
12586,-6.0145082,-0.28956175,-1.0828054,-0.74736196,-0.3570166,0.26541984,0.20530635,0.20147224,0.22263074,0.8105734,0.48004913
12587,-5.189499,-0.22796094,-0.9697677,-0.60197103,-0.3371812,0.64402854,-0.24026038,-0.6049515,0.22160438,0.5102301,0.20354044
12588,-6.122186,-0.23055607,-1.1322756,-1.0561312,-0.15563026,0.22723903,-0.044460043,-0.3180672,0.43075386,0.7526821,0.2797758
12589,-5.9353733,-0.035607375,-1.3967249,-0.6041072,-0.384048,-0.24510951,0.11358473,-0.13768691,-0.08226095,0.06695081,0.7104918
12590,-6.065329,-0.20164563,-0.8033718,-0.6087619,-0.34727842,0.0067571457,-0.13638374,-0.47858468,-0.23127759,-0.11833185,0.41239727
12591,-5.3308897,-0.22324893,-0.87250423,-0.23671465,-0.21382332,0.22112702,-0.0003526667,-0.2450304,-0.049944468,0.82048273,0.3869833
12592,-6.7101827,0.16946903,-1.3050325,-0.73714685,0.3693063,0.046068627,-0.31424507,-0.4584449,0.08048314,0.24000186,0.3990337
12593,-6.272747,-0.05477692,-1.1743618,-0.7767209,-0.06712482,-0.26236963,0.34040794,-0.024250528,-0.059992738,0.1545361,0.37142682
12594,-6.0968056,-0.2418964,-0.842918,-0.74897224,-0.5017005,-0.42943758,-0.1405435,0.07973508,-0.42424417,0.5242705,0.4390069
12595,-5.3290863,-0.16969912,-0.94660336,-0.5370133,-0.45398614,0.022555564,0.3052289,-0.19359101,-0.3154369,0.20713364,0.43497837
12596,-6.0819707,-0.018390816,-0.7784672,-0.8072362,-0.84888434,-0.39062208,0.22613326,-0.19914013,-0.09764808,0.39738712,0.713991
12597,-6.570089,0.035118166,-1.277959,-0.51302207,0.19453822,-0.12783603,0.47810316,-0.06690224,-0.23033507,0.3071256,0.5235541
12598,-7.121643,-0.21716484,-1.6008341,-0.8353987,-0.3559087,0.6716594,-0.2639574,-0.8791241,0.2858707,0.43387565,0.5507942
12599,-7.030546,-0.029076457,-1.7939975,-0.3075016,0.8229128,0.30453116,-0.0037442055,0.028184589,0.04203441,0.52897227,0.14677125
12600,-7.180687,0.13627124,-1.5314528,-0.621483,-0.114606574,-0.10280276,-0.48312446,-0.54802966,-0.19560313,0.2628283,0.23773831
12601,-5.820046,-0.3695151,-0.96953577,-0.6073057,0.29944575,-0.08265257,-0.24064855,-0.30119306,-0.17351365,0.46560603,0.4350274
12602,-6.382224,-0.048735622,-1.5131748,-0.78365374,0.31876823,0.14635344,-0.11311915,-0.004806433,0.14937568,0.7974362,0.4267245
12603,-6.46122,-0.12311773,-1.4232967,-0.66891855,0.069158226,0.39406687,0.11966069,-0.22824997,0.22872658,0.4409527,0.014097845
12604,-5.91613,0.003547682,-1.4840653,-0.46151617,-0.08726299,0.40859872,-0.029860098,0.0021522976,-0.10848303,0.6323284,0.26060072
12605,-5.575999,-0.08281891,-0.71891254,-0.37483275,-0.47568998,-0.40479398,0.34854773,-0.26585925,-0.2693062,0.42458853,0.62289834
12606,-6.080926,-0.4215916,-1.5036235,-0.9170883,-0.3957539,0.08604225,0.5841121,-0.32459298,0.008449633,0.6074174,0.6123294
12607,-5.3527603,-0.3351046,-1.012724,-0.76695174,-0.27183697,-0.09142564,0.40852985,0.0017627124,-0.11959624,0.3973777,0.54302055
12608,-6.3455324,0.37272143,-0.92816544,-0.46388963,-0.13735506,-0.2836821,0.23470247,-0.082009345,-0.13973859,0.4754105,0.37922475
12609,-6.0874557,-0.27472958,-1.1383777,-0.67445725,-0.27388993,0.09344012,-0.10211242,-0.38520992,0.31081334,0.8590335,0.33014843
12610,-5.5821314,-0.03144264,-1.2575449,-0.79618126,-0.02771951,0.02399881,0.04093523,-0.017578153,-0.03798587,0.46011415,0.5404861
12611,-7.1850905,-0.09685,-1.345138,-0.8117373,-0.25619808,0.37518567,0.2585264,-0.61264366,-0.42748207,1.3157642,0.1981441
12612,-4.9490027,-0.2718161,-1.2289366,-0.51191914,0.10439175,-0.019573094,-0.10373982,-0.19783661,-0.17661142,0.33968958,0.14680739
12613,-6.696829,-0.3118628,-1.5822316,-0.97493184,-0.44877243,0.090831265,0.20362298,0.061879568,0.17106295,0.72251976,0.53692204
12614,-4.9440284,-0.22966881,-0.82738626,-0.62625194,0.41772243,0.2816288,-0.082372814,-0.4386333,0.16652982,0.34347,0.15857597
12615,-3.9473019,-0.16611896,-0.67450315,-0.48490992,-0.32161468,-0.15379167,0.25394905,-0.065490104,-0.18269911,0.24805865,0.44098353
12616,-4.499155,-0.1278142,-0.69506663,-0.5686212,-0.064462446,-0.06884987,-0.18214504,-0.25369647,-0.09693162,0.13007818,0.19214521
12617,-6.728127,-0.15880705,-0.9689824,-0.6308786,0.028781075,0.19118126,0.497634,0.21681546,-0.0950302,0.6574262,0.4132675
12618,-4.197408,-0.17315412,-0.8457732,-0.45289877,-0.12279529,-0.019497078,0.14293629,-0.07244461,-0.19091022,0.49155983,0.13438016
12619,-5.447255,-0.16733524,-1.27337,-0.65514725,-0.12146164,-0.3802647,-0.15076905,-0.25517958,0.18093204,0.3974414,0.509774
12620,-5.173152,0.1261365,-0.614309,-0.40474695,0.12646408,-0.12644874,-0.33595008,-0.13305332,-0.2598393,0.130547,-0.057133913
12621,-5.559532,0.1380832,-1.2151612,-0.72849876,-0.2709274,0.43464267,0.054899927,-0.08412042,-0.049584657,0.49592954,0.4316498
12622,-6.791309,-0.4270832,-1.1754196,-0.9519161,-0.4439863,0.061251916,0.10726121,0.1805561,0.022401627,0.5333861,0.7963458
12623,-4.554001,-0.082568265,-0.8156262,-0.6455366,-0.09197191,0.15353929,0.03615671,0.024674302,0.020057695,0.43129376,0.21192306
12624,-6.3153744,-0.089571394,-1.58724,-0.6217951,0.8125981,-0.2857164,-0.4426519,0.23341252,0.09455534,0.4873099,0.043827303
12625,-4.837448,-0.3364474,-0.83545125,-0.5956126,0.17623353,0.04670613,-0.25795534,-0.29018408,0.09957744,0.30139485,-0.048153188
12626,-5.8607407,-0.020545658,-1.0858217,-0.9685255,0.12307512,-0.1750738,-0.0963383,-0.3109468,0.25610873,0.12991042,0.42870787
12627,-5.902576,0.07600373,-1.1941497,-0.49916625,0.021928744,0.07731014,0.19686857,-0.18245171,0.086070985,0.8812047,0.14352554
12628,-5.4359217,0.04698708,-0.7724515,-0.7118652,-0.27173764,0.13288425,0.18670619,-0.07398629,0.13604224,0.48366886,0.1977003
12629,-6.282969,-0.18258642,-1.3727485,-0.97512114,-0.4451606,0.287274,0.089084886,0.0743095,0.15206367,0.74470407,0.59215033
12630,-4.410963,0.048819903,-0.99390614,-0.5783194,0.058314253,-0.09777146,-0.19297604,-0.44143465,-0.120765746,0.26530102,0.08510756
12631,-3.8204055,-0.0012510009,-0.6465138,-0.5492525,0.06643571,-0.13015862,0.1012539,-0.23795193,-0.14690116,0.18508765,0.15982737
12632,-4.993271,-0.17391562,-1.4099897,-0.69292885,-0.050314017,-0.053191938,0.06942937,-0.09062292,-0.25587332,0.21083802,0.34399053
12633,-5.275051,-0.19838654,-0.86310595,-0.7964308,-0.20470943,0.09741489,-0.27047643,-0.16792712,0.01186461,0.38556764,0.06407988
12634,-6.457513,-0.48018688,-1.7739465,-1.0734414,-0.5788135,-0.12560807,0.31330177,-0.10666958,-0.12547748,0.628151,0.5440839
12635,-5.5171094,-0.24686308,-0.8743497,-0.830585,0.3591658,-0.08377547,-0.25731477,0.0586915,0.20265748,0.6575854,0.28122374
12636,-7.0081453,-0.16863744,-1.5921863,-0.86916935,0.4723308,-0.35830456,-0.19610494,-0.20712426,0.024255056,0.47262117,-0.18168652
12637,-8.18986,-0.4981458,-1.7192674,-1.256854,0.08210059,-0.35406935,-0.41599032,-0.3010346,0.19134861,0.9773899,-0.18623137
12638,-5.900909,0.20559862,-1.226936,-0.6468728,0.06745187,0.10045028,0.2185086,-0.22261389,0.13988174,0.6798158,0.34014893
12639,-4.3597546,0.061170105,-0.7947508,-0.5389675,-0.56915516,0.02012831,0.060086563,-0.19109687,-0.056840412,0.11302222,0.33030745
12640,-4.3186593,-0.32537806,-0.87532073,-0.15234071,-0.15306805,-0.007769027,-0.049707063,0.048168436,-0.15870734,0.47239882,0.2216172
12641,-5.099322,-0.1576235,-1.0040768,-0.34374252,0.066507414,0.10029155,0.12591194,0.09112565,0.067910954,0.20696041,0.08983691
12642,-5.599462,-0.31090719,-1.2218498,-0.6150074,-0.08374121,-0.11464928,0.1462655,0.19039917,-0.09431532,0.705209,0.26907444
12643,-7.3706355,-0.26120844,-1.2366961,-0.74017227,-0.1619867,0.7922207,0.12231096,-0.412518,-0.05605665,0.7183906,0.5283065
12644,-6.1250157,-0.3375434,-1.2496282,-0.48222136,-0.021343006,0.015156105,-0.10163622,0.072281085,-0.18144524,0.6724695,0.11373592
12645,-6.7438126,-0.13870917,-1.1629598,-0.21844845,-0.5731831,-0.07572803,0.35398602,-0.22083123,-0.5165614,0.26357415,0.5175528
12646,-4.936625,0.11227327,-0.95453346,-0.3447087,0.010191124,0.10190209,-0.09268333,-0.12639639,-0.24454235,0.3489393,0.38625404
12647,-4.6846657,-0.13859488,-0.8941828,-0.45773298,0.027074816,0.11864692,0.08724102,-0.39448336,0.14294867,0.5550465,0.30682144
12648,-6.5971603,-0.35902283,-1.685961,-0.0023781825,-0.55333537,0.25794518,0.3346294,-0.18672878,-0.529437,0.43145514,0.8372705
12649,-5.5720224,-0.24784149,-0.95094806,-0.55757827,-0.07402354,0.56604105,0.0044347495,-0.34835026,-0.0717054,0.33363956,0.22415192
12650,-5.6863656,-0.24559309,-0.9261813,-0.84712094,-0.030662091,0.0021682186,-0.21786608,-0.3893461,0.27672908,0.40114588,0.6147921
12651,-6.425787,-0.4445156,-1.1447494,-0.980991,-0.093382254,-0.2639485,0.025223179,-0.30100045,0.040535346,0.5722329,0.54607356
12652,-7.5298424,-0.11953673,-1.8145156,-1.1331903,0.12084548,-0.2380932,-0.31641352,0.1953924,0.12040399,0.4074543,0.34587267
12653,-4.592781,-0.13062918,-0.9480794,-0.46175137,0.19343323,0.18500483,0.058922183,-0.4777096,0.0682245,0.486594,0.05515817
12654,-2.9585283,-0.17987704,-0.52219033,-0.3969189,-0.19073287,0.20900637,-0.0626195,-0.21497811,-0.050514758,0.39746484,0.217926
12655,-5.380887,-0.1211039,-1.0590334,-0.43664595,0.12988316,-0.06314168,-0.1838492,-0.3110905,-0.08759107,0.60165143,-0.07459758
12656,-6.0775723,-0.09511792,-1.275462,-0.3751745,0.2762244,-0.14102796,-0.23636779,-0.17648774,-0.08430664,0.2937408,0.25796926
12657,-7.998872,-0.39037824,-1.6831862,-1.0515746,-0.92967796,-0.5883532,0.73002595,0.017794874,-0.41396874,0.75708884,0.8696048
12658,-5.3158684,-0.20588122,-1.2547234,-0.14726898,-0.7790437,0.11985051,0.17562656,0.0007494362,-0.21614167,0.38177368,0.5229356
12659,-6.095563,-0.054266904,-1.1050974,-0.5447702,0.26090986,-0.18768452,-0.41080222,-0.3231888,-0.23242407,0.6142546,0.04130101
12660,-7.816423,0.09676522,-1.3346512,-0.64478403,-0.10441618,-0.10870899,-0.13706309,0.1520091,-0.47479877,0.61967194,0.39037573
12661,-6.105544,-0.20002751,-1.3472495,-0.9916514,-0.37899646,-0.14232646,0.019196918,-0.19225031,0.12548773,0.8229657,0.21686587
12662,-4.4923553,0.06326532,-1.0322044,-0.49038142,0.13247329,-0.26190895,-0.116173126,-0.06489485,0.13180688,0.1870557,0.1261918
12663,-6.3650265,-0.063543074,-1.4492953,-0.52526635,-0.1628244,0.01891515,0.07454701,-0.076504685,-0.17209151,0.41321865,0.24693736
12664,-6.059292,-0.317756,-1.0879864,-1.0153863,-0.032247543,0.09162851,0.23913184,-0.4372715,-0.026409445,0.5593346,0.19418502
12665,-5.507184,-0.039065547,-0.8364908,-0.603291,-0.27957103,-0.04516732,-0.14689638,-0.23484507,-0.13394417,0.331567,0.3828846
12666,-5.4612246,-0.06249663,-1.4768156,-0.71572,0.21766213,0.276537,-0.12220452,-0.20088862,0.24831615,0.4942366,0.20272413
12667,-6.300571,-0.07812733,-0.8967888,-0.6112525,-0.095112815,0.13738781,0.06575595,-0.2181788,0.031112347,0.44478443,0.09944828
12668,-6.219186,0.034304656,-1.1784195,-0.70422053,-0.2946049,-0.02225305,0.163049,-0.02584445,-0.046877183,0.5308441,0.4199571
12669,-5.7653694,-0.13755283,-0.9670148,-0.6477975,0.078057215,-0.34653294,-0.07410619,-0.07616509,-0.10227478,0.19070394,0.1088095
12670,-7.259908,-0.21464846,-1.502558,-0.71089745,-0.17843835,0.12880017,0.15675607,0.18905577,0.01631482,0.7217603,0.7035567
12671,-6.0348816,0.012726378,-1.4841052,-0.31226587,-0.5490398,0.22249378,-0.118932314,-0.064760044,-0.22751744,0.53908587,0.304788
12672,-6.6322503,-0.23278958,-1.1298947,-0.5729246,-0.68197334,0.058471467,0.3661905,-0.14192107,-0.17632152,0.46597672,0.50568116
12673,-7.7699313,0.0761994,-1.7369955,-0.32709944,0.38797212,-0.17455032,-0.40027323,-0.25707185,-0.43382734,0.6123462,0.23404707
12674,-5.7144117,-0.16769503,-1.6565889,-0.6108629,0.03251283,-0.063101366,-0.25264665,-0.14711004,-0.022646004,0.5017448,0.62649226
12675,-5.440073,-0.3067345,-0.9486776,-0.3497817,-0.19319288,0.24843751,-0.08548422,-0.4467361,-0.0014543477,0.17262678,0.31557524
12676,-4.2555275,-0.36319864,-1.1190362,-0.36360183,-0.46094692,0.32307935,0.23697183,-0.03684938,-0.14997387,0.40826106,0.41701335
12677,-4.5544996,-0.100859046,-1.1565892,-0.482608,-0.49714178,0.75377053,0.010705804,-0.6455799,0.09879373,0.51717246,0.5000432
12678,-5.2748437,-0.18439081,-1.0779011,-0.41131425,-0.45903644,0.1311028,0.031597525,-0.28464803,-0.0915739,0.38720235,0.5151644
12679,-5.8846354,-0.19320104,-0.67200047,-0.8135858,-0.40837148,-0.32779074,0.21706818,-0.33702785,-0.3492173,0.019096768,0.5945129
12680,-4.3994613,-0.13786021,-0.9680245,-0.571468,0.007567639,0.029734142,0.04248439,-0.13829386,0.0829257,0.7057764,0.3310663
12681,-6.637079,-0.08457604,-1.3154542,-0.7348178,-0.44648936,-0.16398185,0.16946587,-0.099984795,0.010537544,0.40549508,0.8231282
12682,-5.638082,0.102639765,-1.3900871,-0.35967052,-0.23505865,-0.023900677,-0.131895,-0.31755504,-0.21612374,0.17742012,0.328901
12683,-5.888431,-0.07582533,-0.7789302,-0.51136,0.14034146,-0.033989184,0.11826048,-0.3541636,-0.013680492,0.15134904,0.11249875
12684,-5.470649,-0.0904654,-0.8125796,-0.8135413,-0.5358762,0.17328231,-0.074627124,-0.3409805,0.09632237,0.33888248,0.5542312
12685,-5.026664,0.0029517342,-0.8127167,-0.5253917,-0.3808569,-0.08189422,0.24031349,-0.2518979,-0.18620121,0.26053923,0.23263766
12686,-6.1248837,-0.0504685,-1.3078201,-0.47825092,-0.50331885,-0.14158824,0.090741515,-0.19646154,-0.2722523,0.8653136,0.09529618
12687,-4.597338,-0.09758002,-1.2185837,-0.6421006,-0.045291286,0.19592741,-0.025099318,-0.005193852,0.013171143,0.14719284,-0.053332508
12688,-9.140094,0.37629053,-2.1128972,-0.84384555,0.24091186,0.52498657,-0.1556831,-0.188119,-0.21922591,-0.22082055,0.3246457
12689,-3.5515406,-0.0047041867,-0.66849995,-0.34225035,-0.12188401,0.013227504,0.1726352,-0.27446568,-0.09035692,0.30167356,0.05038296
12690,-5.229082,-0.36605686,-1.2479285,-0.84553534,-0.42356655,0.04215296,0.0999553,-0.07959311,0.14763047,0.548937,0.33941114
12691,-5.784333,-0.008619339,-1.1064552,-0.6327551,0.1802014,0.2212965,-0.19165191,-0.018286144,-0.04349024,0.39341572,0.31523287
12692,-3.748914,-0.28292763,-0.86475396,-0.39305478,-0.28579536,0.31695157,-0.07584462,-0.20742708,0.07943152,0.31737474,0.3801978
12693,-4.9785204,-0.022965338,-1.1504341,-0.4638313,0.13511823,0.011604261,-0.16624385,-0.07143271,0.03724699,0.42668483,0.2796442
12694,-3.2758076,-0.14067273,-0.7947527,-0.3420757,0.13549906,0.003844023,0.07979086,0.12550133,0.12814568,0.36349913,0.24038662
12695,-5.7408137,-0.44262496,-0.96428907,-0.75876963,-0.6751504,-0.19152236,0.13928479,0.19022654,0.07494169,0.740032,0.7295773
12696,-6.6411204,-0.0099229,-1.4234891,-1.0562888,-0.28556994,0.11711994,0.028116457,-0.11583903,-0.13904077,1.0183288,0.75873846
12697,-5.9624057,-0.34658557,-1.1779118,-0.5628481,-0.32297063,0.14680314,-0.10073288,-0.3853003,0.18783306,0.80010504,0.30451003
12698,-6.608617,0.014907638,-1.2927794,-1.0049176,-0.2456455,0.22812913,-0.045193277,-0.515694,0.16430978,0.8650477,0.65109175
12699,-5.232937,-0.40676293,-0.80977595,-0.68869525,-0.2278737,0.42279083,0.0827734,-0.18038334,0.18533312,0.8320753,0.7675951
12700,-3.8341455,-0.2309661,-1.1511341,-0.50524026,-0.15624043,0.35734653,0.08064744,-0.10929933,0.1356666,0.6007222,0.2690709
12701,-5.1089067,-0.2602442,-0.8297541,-0.43237373,-0.075031996,0.53271914,-0.07004549,-0.5579242,0.32017365,0.603775,0.25035328
12702,-7.6112165,-0.18418044,-1.4834582,-0.72473097,-0.0680881,-0.043396663,-0.22974347,0.015110528,-0.017221926,0.9195921,0.43290013
12703,-5.6882887,-0.10289446,-0.9085009,-0.5382575,0.049415674,0.012602209,-0.11332056,-0.27031443,-0.029283708,0.08237448,0.44503713
12704,-6.3238306,0.24575411,-1.2272726,-0.27252918,-0.004012016,-0.3114943,0.23526242,-0.021341527,-0.24673556,0.19656964,0.13661481
12705,-5.3984885,0.021555673,-1.0503547,-0.75993687,-0.14238673,0.07914347,-0.22951502,-0.28241736,-0.041203894,0.3922407,0.12817658
12706,-4.1175117,-0.16341902,-0.9439762,-0.51899004,-0.44277713,-0.05732751,-0.050047804,-0.011361541,-0.032285593,0.42739034,0.3817791
12707,-4.3901873,-0.014192908,-0.8896729,-0.6250612,-0.19348542,-0.18560079,0.11328433,-0.08925784,0.0074998625,0.37957725,0.17486066
12708,-7.2170777,-0.3188927,-1.5853511,-0.9215591,-0.09003069,-0.092857555,-0.05903831,-0.24796724,-0.05789835,0.3160451,0.9054502
12709,-5.8546124,-0.18353403,-1.2159928,-1.2236434,-0.026926348,0.23827316,0.15895058,-0.54231817,0.23057061,0.36508122,0.7163835
12710,-5.227087,-0.17262234,-1.2635794,-0.85802865,-0.11064916,0.12870929,0.18377902,-0.17657454,0.2560877,0.69050866,0.31798768
12711,-5.42725,-0.022451721,-0.9684858,-0.6023294,-0.31698957,0.151268,0.19027182,-0.09927274,-0.0085879415,0.43478078,0.24939571
12712,-5.2604117,-0.063379645,-1.134466,-0.27849397,-0.17111164,-0.2855023,-0.12631948,0.029530816,-0.28127158,0.76594657,0.23131518
12713,-4.2020392,-0.15332492,-0.4006409,-0.3707804,-0.24046285,-0.2960927,0.20007998,-0.17734753,-0.30254865,0.30318618,0.1816559
12714,-3.8241897,0.011363579,-0.7523658,-0.4371562,0.025109908,-0.117620334,0.004051477,-0.299494,0.009357529,0.24927656,0.20990539
12715,-6.521136,-0.23191011,-1.0315355,-0.6646144,-0.15745144,0.0657613,0.16415972,-0.1952399,-0.18007486,0.14428385,0.19583593
12716,-5.5206747,-0.14214945,-1.2586823,-0.715567,0.15725417,0.4613685,-0.07574877,0.010419039,0.1899121,0.75177234,0.36264044
12717,-5.618674,0.031754818,-0.61730635,-0.3764078,-0.34835997,-0.22531956,0.09735829,0.10614489,-0.30313364,0.107310645,0.27885965
12718,-6.081412,-0.23348881,-0.9545664,-0.72322726,-0.3929282,-0.09214244,-0.06486076,-0.15331855,-0.34978834,0.43866378,0.33605105
12719,-5.7996864,-0.020282596,-1.258021,-0.5982985,0.16105226,0.046807174,-0.008528977,0.06108973,-0.090939134,0.35704643,0.4786112
12720,-6.201455,-0.14291936,-1.1672252,-0.75069666,0.2503996,0.44997096,-0.10049632,-0.49624577,0.20722643,0.63756484,0.3438172
12721,-4.972466,-0.015046286,-0.8675298,-0.4558692,-0.67169875,0.17915966,-0.04205818,0.0542598,-0.15015258,0.3736275,0.5183086
12722,-5.742926,0.027041886,-1.4582367,-0.5998222,0.25808433,0.11131287,-0.19150095,-0.03664223,-0.20231831,0.40573972,0.038142573
12723,-4.693669,-0.25565127,-1.2198557,-0.5826937,-0.02683608,0.13121493,-0.053202547,-0.24096146,-0.14589615,0.5924844,0.27122128
12724,-5.088845,0.06307214,-0.9419484,-0.17045815,-0.027909787,0.058243014,-0.094039336,-0.40773597,-0.32873863,0.26630327,0.2272385
12725,-6.4325824,0.120261006,-1.4823515,-0.6431514,0.26817614,0.30833924,-0.113294214,-0.19605312,0.04639469,0.41089156,0.25848702
12726,-5.979579,-0.12871136,-1.1988629,-0.7743839,-0.27433917,-0.12064628,0.09712225,-0.14086951,0.16974686,0.38082367,0.37068975
12727,-5.843376,-0.5762437,-0.8572725,-0.6092352,-0.3145545,0.1914781,-0.25752902,-0.41651735,-0.12639259,0.43681318,0.5659238
12728,-6.004502,-0.28763598,-0.92021364,-0.60602206,-0.8172771,-0.35689765,0.2333247,-0.14493248,-0.5442469,0.54130644,0.54485893
12729,-5.968243,-0.07880009,-0.9616108,-0.71321034,-0.23997036,-0.006852581,0.08112464,-0.09372289,-0.2898725,0.10229741,0.3101587
12730,-6.0791206,0.00049539004,-1.4625525,-0.8101265,-0.43684682,-0.22828017,0.05036358,-0.31531492,-0.16946343,0.79291725,0.55252886
12731,-5.39099,-0.023000542,-1.2791697,-0.70732135,-0.31897655,0.23150356,-0.3095504,-0.3397314,-0.09385987,0.4773336,0.24088497
12732,-4.3662305,0.00045206025,-0.82183284,-0.34351093,-0.107083336,-0.10953557,0.09116272,0.18202943,-0.37231335,0.3466037,0.32918102
12733,-6.4501305,-0.110989094,-0.8254807,-0.6615555,-0.9385806,-0.3810246,0.32118213,-0.313111,-0.024058608,0.40837735,0.7025284
12734,-6.649721,0.06682072,-1.3455923,-0.3314345,-0.008764802,-0.49041522,0.21017192,-0.030026337,-0.51696044,0.4511865,0.43350405
12735,-5.9694533,-0.30297422,-1.0377283,-0.58452773,-0.3511393,-0.08521757,-0.02760299,0.2764961,-0.10699631,0.77506864,0.47785726
12736,-7.020089,0.14821416,-1.8661546,-1.1681786,-0.20902596,0.04529128,-0.1871471,-0.6411247,0.013833728,0.7569385,0.6371185
12737,-5.6983356,-0.1686304,-1.0818976,-0.7605423,-0.12104701,-0.39606625,-0.07542724,-0.029879926,0.015138413,0.43822917,-0.111644596
12738,-4.6244593,-0.33632672,-0.6647813,-0.42825592,-0.02256053,-0.26406348,-0.29290777,-0.29564694,0.015333657,0.52948004,0.47950175
12739,-4.768231,-0.23678654,-0.901506,-0.6175245,0.06761238,0.05427407,-0.118011005,-0.1762751,0.2723789,0.7295613,0.03683894
12740,-4.716733,-0.0961425,-0.80841124,-0.5481533,-0.4137919,0.03490357,0.26033014,-0.075210415,-0.11567189,0.21626706,0.55351716
12741,-5.8656836,0.14481178,-1.67469,-0.46230206,0.022048827,-0.22988048,-0.15331037,-0.033664517,-0.043061316,0.37240216,0.22618146
12742,-5.303831,-0.08414918,-0.96928257,-0.3872051,-0.15726182,0.33579028,0.39928028,-0.12494419,-0.12601034,0.21006976,0.48518094
12743,-5.4881897,-0.107675284,-1.6251493,-0.9035963,0.1675368,0.18314311,-0.060297154,-0.2875459,0.24015073,0.4443215,0.38740617
12744,-7.164405,0.00049227756,-1.5979009,-0.7178297,-0.018652514,0.16342872,-0.00025411416,-0.46528533,-0.09894277,0.29527578,0.6370124
12745,-6.396054,-0.03790389,-1.5554788,-0.39925864,-0.11101972,0.32394224,-0.3594295,-0.35735196,-0.06462473,0.2346396,0.3145844
12746,-5.513343,-0.16323768,-0.80377275,-0.51969737,-0.2150718,-0.14503327,0.170549,-0.24355665,-0.034232065,0.38061652,0.37825286
12747,-5.5418572,-0.11086638,-1.3442179,-0.64042646,0.24825688,0.112914585,-0.31744576,-0.18692166,0.0930554,0.73276985,0.18093875
12748,-4.9480686,-0.16238078,-0.98921835,-0.5402786,-0.07378074,0.10741001,-0.15020536,-0.15611319,0.0469393,0.2902507,0.25010958
12749,-4.3786325,-0.08812881,-0.9842519,-0.5635335,-0.123990245,0.023619102,0.13252154,-0.3305222,-0.011808597,0.3569316,0.09396518
12750,-5.9270153,-0.052041918,-1.0086424,-0.80982995,-0.4574652,-0.058982313,0.08890884,-0.6180674,0.029217409,0.4875461,0.4280482
12751,-6.099918,-0.13565215,-1.408648,-0.64302546,0.6053884,0.031089233,-0.42783394,-0.098166004,0.2547801,0.57456756,0.09850291
12752,-7.2063017,0.028729927,-1.7488416,-0.45253915,-0.09605898,-0.34201097,0.24093488,0.14142594,-0.20343672,0.1255607,0.4440944
12753,-4.772802,-0.20737155,-1.1539464,-0.61648864,0.049474336,0.121315315,0.20509228,0.017864805,-0.0048757475,0.40660515,0.46991536
12754,-6.3068714,0.21275403,-0.9749162,-0.68898135,-0.18784426,0.017234985,-0.012923787,-0.4769928,-0.0013340022,0.00087602716,0.40021953
12755,-6.723326,-0.16930623,-1.2466878,-0.5410599,0.051946778,-0.2108135,0.010087722,-0.17947148,0.05638571,0.5315264,0.3505733
12756,-5.7545958,-0.16885579,-1.3673766,-0.4326511,0.21341427,0.27970523,-0.36189932,-0.26596227,-0.12048438,0.44744605,0.20213458
12757,-7.017442,-0.15395634,-1.0596489,-0.761877,-0.37325218,-0.28352863,0.013633593,-0.4798849,-0.21714452,0.090390235,0.904206
12758,-6.8571563,0.012923686,-1.0521063,-0.5346864,-0.22094063,0.31687218,-0.3662176,-0.36909166,-0.403998,0.1021072,0.011045435
12759,-5.6754904,0.056289565,-0.90652454,-0.6261351,-0.372305,-0.4523639,0.067784235,-0.18681309,0.045596916,0.2513955,0.56628096
12760,-6.342974,-0.16382582,-1.1766179,-0.2133791,0.0762863,0.065706305,0.083526574,-0.323074,-0.33700657,0.5900612,-0.0048394958
12761,-6.7798667,0.03833448,-1.6653264,-0.72281873,0.20655568,0.14997403,-0.13515097,-0.65626603,0.17151067,0.07689451,0.40012938
12762,-5.543356,-0.031784896,-0.90353185,-0.68761754,-0.93596274,-0.16436943,0.3730562,-0.14237306,-0.2783193,0.6244279,0.48360023
12763,-4.955154,-0.22081284,-0.9802528,-0.7225333,0.07215169,0.55409217,-0.0117940875,-0.5559078,0.21710058,0.70400256,0.19538094
12764,-6.5150065,-0.059629288,-1.2351975,-0.6534771,0.26775986,-0.09238577,-0.093977585,-0.5636872,0.09630923,0.54513335,0.17848095
12765,-5.3541474,0.12324605,-1.1259472,-0.8817249,-0.022716241,0.12532523,0.14523584,-0.09311014,-0.053407148,0.4322818,0.4141314
12766,-3.7931714,-0.07915819,-0.6291945,-0.38718307,-0.058379196,-0.16339986,-0.014658797,-0.24943316,-0.027669812,0.13156454,0.2302779
12767,-6.096469,-0.31710005,-1.4677482,-0.67154825,0.15344489,-0.05982334,-0.08307644,-0.13127546,-0.07256611,0.19047092,0.38819832
12768,-5.62097,0.09974437,-1.025332,-0.2812831,0.031369973,0.22667156,-0.040800836,-0.17108546,-0.15838304,0.42712298,0.10571895
12769,-5.128052,-0.20117788,-1.1762441,-0.14242125,0.048712883,-0.12896694,-0.028190557,-0.13011572,-0.28767982,0.53420275,0.24925734
12770,-6.1089506,-0.049963966,-1.2068384,-0.77292717,0.09524676,0.20972766,0.19948637,-0.34487033,-0.16086446,0.11448737,0.33876348
12771,-5.352466,-0.15218262,-0.9383552,-0.9845499,-0.13991848,0.025827069,0.070623145,-0.23606351,0.020653414,0.1884129,0.33214712
12772,-6.2222476,-0.1976911,-0.87063545,-0.9250155,-0.7935217,0.15643659,0.1108522,-0.09389147,0.08918357,0.65912795,0.7009262
12773,-5.8300414,-0.0042684553,-1.3675946,-0.3872768,0.47017342,0.1671173,-0.21411814,-0.33940992,0.019761244,0.20679998,0.16740975
12774,-4.873386,0.07930092,-1.1378015,-0.5477806,-0.041233584,-0.13148202,-0.2549717,0.084220774,0.00283714,0.32222885,0.029259872
12775,-4.874178,-0.052139506,-0.86059445,-0.4337636,0.1283278,-0.17388159,-0.12011618,-0.33539692,-0.110251635,0.27767935,0.11851998
12776,-6.7127557,-0.10075505,-1.1291909,-0.5887938,-0.118477084,-0.28109074,0.07469324,-0.36999854,-0.4161955,-0.0772735,0.3001321
12777,-5.727164,-0.16561332,-1.3851682,-0.46131122,0.18969974,-0.16243106,-0.25286865,-0.18074374,-0.006739311,0.25407374,0.045409
12778,-8.539041,-0.28866518,-1.6724558,-1.2118641,-0.23959291,0.4604134,-0.09543231,-0.14157459,-0.21421371,0.8599053,0.6663678
12779,-4.4499073,0.17249557,-0.6933059,-0.23691626,0.05181375,-0.14155938,0.05195731,-0.083392665,-0.25970185,0.04668608,0.4034384
12780,-6.5430846,0.1440712,-1.2331699,-0.35663956,0.1766043,0.090545304,-0.10675989,-0.04516285,-0.16347049,-0.050077435,-0.007145454
12781,-5.1834407,-0.022215907,-1.2357808,-0.9499618,-0.4059648,-0.10248447,0.04932154,0.0013809176,0.030350009,0.5288862,0.4845596
12782,-5.8809237,-0.18125676,-1.0864173,-0.5784693,0.24876672,-0.15796739,0.12509696,-0.0949899,-0.14656457,0.4599647,-0.14849384
12783,-4.9195704,-0.019610193,-0.8810302,-0.35152602,-0.44185597,0.3035795,0.23333926,-0.16070314,-0.14023216,0.42168307,0.280536
12784,-5.789319,0.035635024,-1.0695635,-0.97785985,0.10715032,-0.051667374,0.035618555,-0.6160984,0.1890566,0.57086706,0.22391894
12785,-6.9133096,-0.107913114,-1.2870109,-1.0032033,0.0073304344,-0.031496882,-0.018408764,-0.26011968,0.1555643,0.84467965,0.049087707
12786,-5.858985,-0.26404735,-1.24687,-0.8768432,0.03151156,-0.056897037,0.10219621,-0.34128886,0.16808146,0.3580516,0.4458205
12787,-7.1762466,-0.15224868,-1.5370525,-0.6377804,0.41636622,0.22504672,-0.4479063,-0.2584365,-0.107824765,0.22298878,0.32931018
12788,-5.502473,-0.00093487557,-1.2122868,-0.5642599,0.14080349,-0.04501076,-0.13967422,-0.26191667,-0.05881823,0.051914845,0.022238046
12789,-5.0757785,-0.1349258,-1.145496,-0.8661009,0.14259407,0.1514855,0.03038092,-0.15421215,0.34538934,0.54836184,0.29517695
12790,-5.092251,0.1030788,-0.8842142,-0.4539659,-0.17642304,-0.21062028,0.03174942,-0.23696287,0.018409077,0.3894171,0.047432385
12791,-7.1303887,0.15767615,-1.7569292,-1.2259722,-0.43615788,0.044526868,-0.17448282,-0.93533856,0.04741311,0.16876148,0.6241083
12792,-7.0336304,0.07307015,-1.5219032,-0.6200314,-0.03572052,-0.118104964,-0.10877348,-0.033737846,0.040976927,0.3043521,0.48346058
12793,-6.297769,-0.16528465,-1.0367522,-0.6023441,0.17492573,0.32919663,-0.14255702,-0.49163112,0.2911099,0.40228918,0.2414956
12794,-7.591773,0.05557441,-1.4089769,-1.0263594,-0.37144428,0.13530794,-0.014951256,0.09920246,0.026843583,0.77656776,0.8374166
12795,-7.728378,-0.33443126,-1.4755799,-1.0698568,-0.40594098,-0.027528506,-0.072218865,-0.13515013,0.17095177,0.70451736,0.49078166
12796,-4.8173466,-0.03837833,-0.8837359,-0.44856906,-0.13904735,-0.20624869,-0.012247584,-0.055988386,-0.027751898,0.36130118,0.22137284
12797,-5.5193167,-0.18065466,-0.8826834,-0.3766664,0.07103642,0.18614902,-0.11142285,-0.329001,-0.24076973,0.076814644,0.28123787
12798,-5.9809346,-0.25220454,-1.3599588,-0.89805317,-0.012147931,-0.11951168,0.04564471,-0.21413013,-0.06910955,0.65097874,0.09461386
12799,-6.784412,-0.2497376,-1.3169887,-0.081328906,-0.0969604,0.018218495,-0.27322656,-0.15682565,-0.35465696,0.41575533,0.22122738
12800,-5.356974,-0.1449263,-1.0175577,-0.3624612,0.06591132,0.06125495,-0.16357857,0.107615754,-0.18856041,0.5341839,0.12847497
12801,-4.9814577,-0.3634032,-1.2007585,-0.8395049,-0.3657142,0.1086968,-0.2948007,-0.53765714,0.1275672,0.46535352,0.44752315
12802,-5.6466436,-0.26177183,-0.9044342,-0.7542172,0.19596292,0.1557637,-0.24710695,-0.60708374,-0.07749904,0.06778171,0.34437785
12803,-5.2990265,0.028338954,-0.65822226,-0.47333145,-0.36518592,-0.023322111,-0.08881433,-0.54251623,-0.33210388,0.16911647,0.31920105
12804,-6.980312,-0.04626008,-1.7087972,-0.94728595,-0.15593548,-0.055377133,-0.008825908,-0.036662474,-0.36777902,0.55953026,0.5854558
12805,-5.834114,0.027655788,-1.2289371,-0.40091884,0.18200108,-0.09486404,-0.035716113,-0.24792573,-0.0006268807,0.25828803,-0.072862215
12806,-6.5049405,0.33086768,-1.3468953,-0.45228192,0.19346672,-0.4017582,0.11318778,-0.011302931,0.045987673,0.3825764,0.51290715
12807,-3.8594515,-0.24043125,-0.85679406,-0.66266865,0.058588542,0.08739978,0.0071209613,-0.2824715,0.21645679,0.36825117,0.19166039
12808,-6.1904006,-0.01736898,-1.7284796,-0.7393488,0.2669476,-0.012054186,-0.15200618,-0.13733864,0.073625244,0.46426758,0.18803811
12809,-5.4283543,-0.08252587,-0.9404075,-0.53962916,0.36002833,-0.3896019,-0.11400209,-0.13407989,-0.2432604,0.38870454,0.10002336
12810,-7.2179823,-0.2167018,-1.2689785,-0.5142539,-0.5421833,-0.059998088,0.34023798,-0.01628156,-0.1453833,0.76032406,0.51368916
12811,-5.0024366,-0.06210192,-1.1880007,-0.770133,-0.4751667,0.054395676,0.2612945,-0.18738027,0.22377639,0.5967033,0.3392117
12812,-5.3168163,-0.17220281,-1.3664918,-0.13701576,0.05896478,0.08560559,-0.09177142,0.013076838,-0.28976962,0.16178113,0.22410147
12813,-7.964478,0.07076029,-1.7307287,-1.0152665,0.008103127,0.45944798,0.18085845,-0.3161377,0.049713694,0.08469181,0.62040734
12814,-6.208483,-0.20470029,-1.2640675,-0.9034652,0.010202274,0.2126823,0.30506912,-0.021003913,0.023193993,0.2851896,0.8307315
12815,-6.3148203,-0.33248365,-0.9655221,-0.9824369,-0.06846705,-0.2334497,-0.210465,-0.37808314,-0.20913647,0.86396325,-0.075664535
12816,-5.6699567,0.06390929,-0.96098435,-0.487776,-0.15049559,-0.030404955,-0.08143236,-0.2588608,-0.2754448,0.6825234,0.058831446
12817,-5.485465,0.06753677,-1.1942596,-0.6251622,-0.065586686,0.10590909,0.17850442,-0.32466564,0.045284092,0.20833956,0.31497616
12818,-6.616738,-0.42348525,-1.0918145,-0.8266069,-0.727712,0.17069422,0.5798191,0.015461672,-0.076485194,0.508575,0.4744696
12819,-5.292855,-0.17478071,-0.8009961,-0.24186146,0.04319506,-0.04350767,-0.13663983,0.1559912,-0.18424588,0.40118542,0.05197433
12820,-8.177494,-0.021212626,-1.5962619,-0.28938684,0.62056184,0.001178062,-0.48737836,0.19272421,-0.41300786,0.8424953,0.1804765
12821,-5.719767,0.051829338,-1.1107488,-0.6589118,0.29789627,-0.27034318,-0.33526075,-0.14113644,0.16380528,0.25402007,0.0013134619
12822,-4.1553545,-0.13235599,-0.8938503,-0.52893394,0.028074982,0.011423275,-0.05279492,-0.21982142,0.028321968,0.5040774,0.031997453
12823,-5.6401744,-0.10440436,-0.95448196,-0.6981627,-0.23032406,0.091904014,0.17600644,-0.32088462,0.003750367,0.1420974,0.5120715
12824,-6.1281824,-0.14195296,-1.223291,-0.7423476,-0.40343258,0.108591475,-0.034275703,-0.73659176,0.2768497,0.66141874,0.3091601
12825,-6.1157913,-0.057643536,-1.0589408,-0.6041625,0.12336261,-0.06400669,0.0063922764,0.092094734,-0.14106366,0.37026748,0.22352028
12826,-3.7165592,-0.06929834,-0.9869804,-0.31968668,0.2697182,0.18405098,0.049676854,-0.04306607,0.092189535,0.22674628,0.14866377
12827,-10.062663,-0.30176473,-1.6205387,-0.91072065,0.43357348,-0.24900417,-0.5052814,-0.31066275,-0.07663202,0.16939262,0.38636935
12828,-4.5215745,-0.16968717,-0.6788083,-0.36161596,-0.06926722,-0.14239699,-0.04994909,0.0622421,-0.10632786,0.56900585,0.100413986
12829,-6.47184,-0.25804618,-1.1171054,-0.8537128,-0.22997202,0.12976468,0.020263854,-0.38206157,0.0018762937,1.2192402,0.39889824
12830,-4.463982,-0.019350808,-0.74324,-0.8184858,-0.48762664,-0.083842196,-0.008601367,-0.4203965,-0.009812033,0.15483063,0.21617198
12831,-6.169713,-0.11509982,-0.7733903,-0.66788435,-0.920945,0.20752388,0.00092133135,-0.35121664,-0.15987389,0.38050014,0.46611872
12832,-5.761483,-0.37010792,-0.8749332,-0.53902894,-0.2536234,0.30751383,0.1371152,-0.11767235,-0.35926583,0.055850584,0.16455074
12833,-6.6750298,-0.22137775,-1.7600703,-0.8027434,-0.12760721,-0.14725402,-0.10275535,-0.23204987,0.2843003,0.64998454,0.3169214
12834,-6.0041237,-0.24605097,-0.98692626,-0.5798782,0.09609463,0.015655315,-0.034979478,-0.31863278,0.012943063,0.7128941,0.29246536
12835,-6.002146,-0.10207989,-1.1111777,-0.6931622,0.028329896,-0.11282277,0.16774713,-0.35054868,-0.1578794,0.6669443,0.44912428
12836,-4.9877367,-0.0017457111,-0.85049343,-0.303503,-0.20552279,-0.094507836,0.22928575,-0.08939188,-0.15326202,0.27887726,0.21893063
12837,-4.8133726,-0.3619073,-1.0397792,-0.5934183,-0.14898108,-0.18964964,-0.076375775,-0.2715453,-0.09604143,0.117050596,0.11468654
12838,-5.740073,-0.123070106,-0.89645463,-0.48341754,-0.2762879,-0.050417412,-0.1520992,-0.18266831,-0.07807939,0.28409535,0.4224322
12839,-4.8381705,0.01024151,-1.2158492,-0.34205982,-0.023165999,0.23724262,-0.097035825,-0.080220416,-0.072511464,0.56533813,-0.0116752675
12840,-5.033972,0.05413714,-1.0523092,-0.52830714,-0.17107002,-0.3410619,-0.26951894,-0.18607534,-0.27372202,0.2074835,0.22543524
12841,-5.8012705,-0.030681908,-1.1256217,-0.3665592,0.2924263,-0.4326939,-0.49943063,-0.1553615,-0.019514607,0.22242567,0.031134564
12842,-5.5853634,-0.2581524,-0.8036757,-0.8124307,-0.39301422,0.08217378,0.088150695,-0.43186653,0.01555859,0.47581485,0.679845
12843,-5.534318,-0.040438995,-1.2051237,-0.73500764,0.24724063,0.17879109,0.16670968,-0.075610854,-0.013456037,0.11951531,0.3787954
12844,-6.743798,-0.270026,-1.3943605,-0.73145604,0.2594189,-0.12891199,-0.2474321,-0.2003744,-0.17922993,-0.030474186,0.4616826
12845,-4.6750054,-0.011459059,-0.9683242,-0.16426142,0.25000456,0.11630177,-0.19948685,-0.19395404,-0.07860223,0.22543418,0.0050892336
12846,-4.9769497,-0.10678544,-0.91855466,-0.6089588,-0.6698433,0.2810411,0.1768972,-0.2767995,-0.2491209,0.50830823,0.56580466
12847,-4.144428,-0.41120675,-0.57276803,-0.3490886,-0.47624034,-0.11279797,0.30417132,-0.04287874,-0.17477329,0.54801613,0.5687758
12848,-4.914011,-0.4225219,-0.6959078,-0.25365692,-0.34224576,0.11738906,-0.15188804,-0.1661895,-0.26384702,0.5928646,0.32010102
12849,-5.9079256,-0.20179158,-1.0896559,-0.71693087,0.11887564,0.29320037,-0.17946285,-0.4689327,0.18916741,0.6915649,-0.12567638
12850,-6.271284,-0.17446674,-1.3574185,-0.71777594,-1.0039059,-0.3489896,0.54839,-0.0437975,-0.2586548,0.14191076,0.92748755
12851,-6.3024473,-0.27163315,-1.3288163,-0.79360634,-0.10689934,0.009861879,0.05327649,-0.149349,0.094883814,0.24738793,0.22412452
12852,-4.9366636,0.03751135,-1.0944098,-0.521773,0.008544641,-0.27430356,9.626802e-05,-0.056321025,-0.14200379,0.3793461,0.25142938
12853,-6.9517727,0.10449454,-1.0753353,-0.6503284,-0.43208787,-0.14950815,0.087388195,0.22347783,-0.45051384,0.538922,0.4602139
12854,-6.255872,-0.017946683,-1.1743541,-0.5734992,-0.07857334,0.34329385,-0.38254467,-0.1111884,0.26159376,0.48673669,0.22441363
12855,-5.141852,0.04573385,-1.0140029,-0.64858174,-0.5517413,-0.10627575,-0.05196277,-0.44932115,-0.24230368,0.41153485,0.54527855
12856,-7.169459,-0.10836488,-1.6190032,-1.0879478,0.12553118,0.527047,-0.1430437,-0.37102073,0.23411414,0.28036875,0.6051113
12857,-6.871105,-0.42923647,-1.7047193,-0.82917935,0.5871541,-0.074319415,-0.5639711,-0.15868956,0.35538375,0.77193093,-0.39341965
12858,-4.818951,0.028920237,-1.0975398,-0.7502406,-0.10017913,-0.15897156,-0.023243666,-0.63766587,0.19670197,0.5169889,0.42690063
12859,-6.805108,-0.23372488,-1.5646051,-0.8507801,0.46234876,0.037125748,-0.49039564,-0.29093638,0.34783477,0.32167152,0.3812253
12860,-4.275575,-0.038262967,-0.8149041,-0.49743843,-0.10536788,-0.12800267,-0.24010415,-0.37002626,-0.08917431,0.30758098,0.17648777
12861,-5.6562777,-0.37752908,-0.94357955,-0.83829206,-1.200654,-0.16903974,0.2958174,-0.15424748,-0.1044418,0.269543,0.91033536
12862,-6.272481,0.045780517,-1.4358363,-0.66659707,-0.12844554,-0.03168412,0.11830108,0.24907778,0.16384102,0.68723124,0.71186554
12863,-5.9264765,-0.086976126,-1.1481329,-0.16692235,-0.08587798,-0.2123173,0.18362877,0.33558667,-0.4995649,0.4551075,0.26287887
12864,-6.3084598,-0.1951885,-1.4981635,-0.44280466,0.38315138,-0.38104576,-0.5377431,0.16916387,-0.049538903,0.08466763,0.1524075
12865,-5.2086983,-0.32579324,-0.8318672,-0.8309374,-0.4019442,-0.08810346,0.07485604,-0.24740559,-0.386359,0.45529145,0.1910244
12866,-7.9845195,-0.14434598,-1.3462514,-0.21538839,0.51636714,0.18749742,-0.34528,-0.0120162815,-0.15780216,0.3417122,0.10184664
12867,-5.288525,0.14867394,-0.9121736,-0.60652936,-0.10719943,-0.18524145,-0.21138589,-0.42498904,0.15222594,0.11808099,0.4786926
12868,-5.111764,-0.19111778,-1.2000245,-0.48102838,-0.47345275,0.18699397,0.5689937,-0.39502078,-0.18000348,0.6469547,0.5750952
12869,-5.413584,0.123230286,-0.9344412,-0.71982944,-0.073995896,0.06112362,-0.1605248,-0.16792698,-0.050062783,0.5109844,0.39005673
12870,-6.170614,-0.24576668,-1.5655465,-0.9573949,0.016600752,0.0032499833,-0.33935267,-0.27774468,0.23900147,0.8643648,0.21915734
12871,-3.4808486,0.06862191,-0.5656932,-0.43152195,-0.20849928,-0.17112508,0.15368253,-0.09954714,0.026050622,0.22328413,0.23012984
12872,-6.118793,-0.15104583,-1.3822557,-0.8160875,0.089479595,-0.14197676,-0.1267054,0.029027788,0.137612,0.18279186,0.49641103
12873,-6.4182734,-0.104047954,-1.2971696,-0.5025577,0.10033243,-0.18675162,-0.07887921,0.11672848,-0.23697416,0.839246,0.36860868
12874,-7.0929723,-0.43973953,-1.4804926,-1.0981338,0.27298883,0.032451406,-0.24343862,-0.14492778,0.27581155,0.6274323,0.4276491
12875,-7.81471,-0.03699573,-1.2996185,-0.8308915,-0.06779866,0.56840694,0.3379929,-0.5022512,-0.28812593,0.31706676,0.57080406
12876,-6.0027328,-0.45813385,-1.1920811,-1.0042907,-0.49906367,0.04540727,0.09673446,-0.020438667,0.2702092,0.74498993,0.47933877
12877,-5.2230234,-0.067168586,-1.1424263,-0.15380535,-0.34168923,0.421354,-0.09799845,-0.36518958,0.04751245,0.43875748,0.1483828
12878,-4.3568907,-0.20405029,-1.0092376,-0.42641002,-0.5085864,-0.028967384,0.021359261,-0.14588441,-0.062358156,0.47279248,0.18529385
12879,-6.90389,-0.22767974,-1.2173886,-0.91431236,-0.031397257,0.04247642,0.17522304,0.32437214,-0.018856423,0.7568616,0.7668863
12880,-4.4140253,-0.16721663,-1.1001072,-0.5497508,-0.21691997,0.11423039,0.21017593,-0.09959264,-0.036237456,0.5177432,0.19312204
12881,-5.4143057,0.23285314,-1.0069855,-0.6818133,-0.27432525,-0.2508812,-0.056330435,0.071488805,0.060961053,0.26728144,0.48820242
12882,-5.937346,0.15215893,-1.3195547,-0.6511187,-0.13652939,-0.07500819,-0.14721417,0.05909723,0.13030246,0.9872847,0.35658157
12883,-8.219946,-0.30787003,-1.5975012,-1.3642436,-0.6020242,0.26584816,0.6988062,0.20151398,0.16998565,1.3666102,0.5814002
12884,-6.313909,-0.54720044,-1.658584,-0.69805807,0.4875285,0.12705398,-0.1168539,-0.37606585,-0.09274913,0.35683107,0.24720232
12885,-6.4806643,0.11944069,-0.73329014,-0.52071804,0.38375732,-0.20810287,-0.080104336,0.15697435,-0.25387734,0.44761297,0.20210774
12886,-5.160294,-0.1295956,-1.0936078,-0.5611737,-0.29835197,-0.073024884,0.4561497,-0.044212572,-0.20089325,0.36660954,0.54846513
12887,-4.736394,-0.22494297,-1.0038462,-0.17339557,-0.038145073,0.08191703,-0.005353502,-0.41177675,-0.3495016,0.2428981,0.30028325
12888,-6.1235447,0.03335989,-1.2744542,-0.4235127,0.18420923,-0.06358827,-0.03266848,0.13613252,-0.2075082,0.26171345,0.29624408
12889,-5.894838,0.025672257,-1.0381275,-0.5186269,0.34998277,0.05977393,0.008499795,0.12975684,-0.003965229,0.30086878,0.20608906
12890,-4.7654996,-0.24002247,-0.9446649,-0.68334556,0.21885708,-0.1805061,-0.23826665,0.0006741956,-0.046502635,0.21640413,-0.01323826
12891,-5.774732,0.005426677,-0.88102937,-0.5508384,-0.25864786,-0.25716412,-0.20827691,-0.20245376,-0.2189552,0.38113314,0.3634158
12892,-5.6501713,-0.042627517,-1.0922521,-0.59327155,-0.051275697,-0.17781945,0.13657758,-0.22859679,0.049687594,0.5632205,0.09974019
12893,-5.3940125,-0.27112913,-1.0468976,-0.4448162,-0.25907528,-0.02073785,0.09491943,-0.3559433,-0.24438758,0.51772046,0.7300212
12894,-5.05481,0.14669499,-1.645237,-0.9580749,0.14275119,-0.06340177,-0.24430846,-0.49319378,0.28847384,0.3105332,0.4581983
12895,-5.2879357,0.0038168016,-0.84788966,-0.47118148,0.011678971,-0.05168267,-0.18001705,-0.43934694,-0.08746424,0.045153435,0.30137667
12896,-6.0819535,-0.035999738,-0.75130683,-0.4494575,0.11419689,0.09325949,-0.12277197,0.18067768,0.013282051,0.15114152,0.47161984
12897,-4.6534796,-0.35785472,-0.7808812,-0.52171826,-0.24396914,-0.12777035,-0.20557809,-0.10619731,-0.14714901,0.39668122,0.09004868
12898,-5.970875,0.27571982,-1.1867101,-0.25851947,-0.0654785,0.40667212,0.19350472,-0.44248754,-0.18729237,0.20182455,0.36362568
12899,-6.6656175,-0.13102686,-0.82138705,-0.5054476,-0.21438695,0.04420903,0.045410167,-0.49212328,-0.16897394,0.012386946,0.700198
12900,-5.0328193,-0.13341539,-1.2560738,-0.54250914,0.1676169,0.013495924,-0.07718356,0.0065775914,0.017099945,-0.012306963,-0.046809316
12901,-4.804506,0.09490954,-0.8945919,-0.57655495,-0.0036892272,-0.14210424,-0.12980501,-0.23876989,0.18122523,0.49958166,0.29113603
12902,-3.7810829,0.09070044,-0.67945325,-0.22572654,0.06912867,0.038703255,0.088639975,-0.22487421,-0.10144185,0.316731,0.052611016
12903,-4.71943,0.076775886,-0.7650454,-0.23431928,0.05357824,-0.15689006,-0.32022595,0.093834266,-0.1601174,0.16790906,0.2033101
12904,-4.75558,-0.08837515,-1.2231245,-0.71936655,0.083862655,-0.085454926,-0.21574233,-0.12546673,0.13313124,0.42596522,0.25654772
12905,-5.569435,0.4066745,-1.099523,-0.7139491,-0.19514666,-0.12406051,-0.29105654,-0.27354926,0.14013825,0.4575332,0.3985639
12906,-5.9769983,-0.24265628,-1.0174814,-0.85971004,-0.06504021,-0.41512167,-0.20464815,-0.20847078,0.06351455,0.6938068,0.25343713
12907,-4.1050806,-0.13420714,-0.86017835,-0.5846147,0.06736303,-0.048496768,-0.113661304,-0.13201432,-0.12259816,0.49784216,0.26550475
12908,-5.1257157,-0.079595074,-0.8585448,-0.31407526,-0.115605354,-0.21364528,0.011167146,-0.12179618,-0.27840045,0.27518922,0.2144351
12909,-5.518744,-0.32213002,-1.1469892,-0.66895926,0.14094877,-0.30639315,-0.04246027,-0.19990744,0.14268617,0.30094165,0.4942183
12910,-3.6199815,0.010069432,-0.623123,-0.4504503,-0.42240402,-0.21404049,0.047235366,-0.12016448,0.008699322,0.15672651,0.48826924
12911,-7.2158356,-0.38420418,-1.5584136,-0.899531,-0.84381735,-0.23350093,0.20859228,-0.1571973,-0.23248135,0.5303736,0.5285598
12912,-5.2930927,-0.094089046,-0.6621971,-0.17745581,-0.5367416,-0.15715645,0.056813765,-0.17047806,-0.06790603,0.368501,0.37829563
12913,-4.3494143,-0.06311476,-0.7275942,-0.6509628,-0.3035742,0.05406271,0.046089996,0.029723864,0.045711756,0.21464647,0.44774118
12914,-5.649913,0.13612524,-1.0497441,-0.45696798,-0.009455888,-0.036628004,-0.1304476,-0.32732257,-0.18106024,0.19349793,0.25258228
12915,-4.550784,0.0920577,-0.7592652,-0.4151481,0.17995635,-0.1567173,-0.09864005,0.008192661,-0.16703631,0.3733656,0.29682148
12916,-6.30737,0.04980738,-1.084681,-0.6499914,-0.6382438,-0.1593921,0.1688068,-0.31649458,0.122315995,0.37459183,0.7415897
12917,-4.65579,-0.20379174,-0.70463043,-0.47025055,-0.38885322,-0.0047311718,0.36297753,-0.12836964,-0.32774964,0.2290174,0.38851732
12918,-5.5631166,-0.32022926,-1.619507,-0.69767284,-0.062173493,0.44162333,-0.25704274,-0.1605991,-0.14245851,0.6485687,0.45986995
12919,-5.031908,0.00377734,-1.4194331,-0.62052816,0.115791425,-0.12398599,-0.21040535,0.019955505,-0.356169,0.39020947,0.06869295
12920,-6.8356266,-0.08282171,-1.449814,-1.0474463,-0.65963566,-0.014464615,-0.06755115,-0.27594838,0.3221075,0.6070814,0.9426486
12921,-5.032397,-0.18736881,-1.081706,-0.7005797,0.09533106,0.4155581,0.08596639,-0.15277945,-0.081294715,0.34938547,0.093211815
12922,-6.946851,0.23789078,-1.4471985,-0.8508663,-0.11429054,0.10336745,-0.2723556,-0.7513644,0.058572084,0.35594863,0.42546025
12923,-6.662391,-0.27156046,-0.99832517,-1.0979983,-0.46745032,-0.25583434,0.15265384,-0.56524795,-0.031405345,0.44883436,0.21993367
12924,-3.4040244,-0.14497818,-0.52566046,-0.41379344,-0.22405005,-0.2574339,-0.11348705,-0.16022262,-0.00062651746,0.37391177,0.3160924
12925,-4.9130416,-0.016621567,-1.1995027,-0.71686566,-0.051492926,0.1654691,0.056420393,-0.13787,0.029343806,0.25220653,0.29024816
12926,-5.879615,-0.6709729,-1.1708851,-0.37447372,-0.36915427,0.18477733,-0.34767437,-0.09825382,-0.28703275,0.38058215,0.30256432
12927,-4.554164,-0.22798072,-1.1498514,-0.4892868,-0.20110808,-0.044047594,0.104004286,0.12986575,-0.23356134,0.6328879,0.24838449
12928,-6.1311316,0.003669281,-1.012133,-0.27046502,-0.12177152,0.20074983,0.079253584,-0.3019186,-0.2591668,0.22030693,0.34451833
12929,-4.8493323,-0.16508366,-0.8858851,-0.50643986,-0.32307807,0.05858287,0.08660777,-0.3518396,-0.24463736,0.18682767,0.25219604
12930,-4.0336847,-0.10508467,-0.6736821,-0.54015553,0.050517067,0.17243832,-0.07025616,-0.3975064,-0.027436225,0.22901872,0.21382713
12931,-6.9459424,-0.27868927,-1.5523477,-0.92970306,0.4686017,0.1556101,-0.4205829,-0.39734688,0.5185794,0.5691193,0.20404795
12932,-6.071361,-0.2776901,-0.8224692,-0.5580379,0.13679606,0.09384442,0.023249863,-0.34689078,-0.1825144,0.34178814,0.7133778
12933,-6.451494,-0.087867424,-0.98861367,-0.95474124,-0.49016568,-0.31622154,-0.13915366,-0.44484845,0.0019006003,0.21625647,0.7715968
12934,-5.527543,-0.34200475,-1.1848816,-0.85490227,-0.5053437,0.38322943,-0.02653845,-0.48285654,0.13064808,0.6462457,0.5497947
12935,-6.0396748,0.023613367,-1.2422901,-0.9265061,-0.09401197,0.001219892,0.20961234,-0.38000423,0.18741469,0.32037768,0.2804801
12936,-4.678204,-0.2841899,-0.8186096,-0.7366097,-0.55312705,0.0044528656,0.16227902,-0.103423625,-0.060429856,0.119617976,0.3116118
12937,-5.5210238,-0.24178158,-0.92051876,-0.6736206,-0.06231661,0.23908927,-0.08908938,-0.2557926,0.17057976,0.5810957,0.31555602
12938,-5.209942,-0.037124347,-1.2213299,-0.7638904,-0.20479389,0.14377289,0.04777689,-0.5284037,0.30712357,0.68452364,0.32437629
12939,-6.466474,0.17237638,-1.4443101,0.05402935,0.37200296,-0.20302358,-0.09699556,0.17662834,-0.32212788,0.4667205,0.12224421
12940,-5.363931,-0.056168098,-1.2575496,-0.42541802,-0.07478096,-0.064640954,-0.22804712,0.13605176,0.072235115,0.5187055,-0.05957944
12941,-4.5556545,-0.07934462,-0.78417206,-0.6516651,-0.30997992,-0.06504295,0.020275619,-0.43465427,0.16033764,0.5068488,0.39261562
12942,-4.944071,0.038874753,-1.0140893,-0.22615278,-0.35005456,-0.16058327,0.20901668,-0.09502176,-0.3011033,0.10491879,0.34690815
12943,-7.6303506,0.123652376,-1.4368893,-0.43444458,0.26000813,0.14782913,-0.0846966,0.3000581,-0.016697207,1.0054549,0.6064926
12944,-4.9177017,-0.01591159,-0.9708943,-0.90303636,-0.15983376,0.086616695,0.20614319,0.107063964,0.056101292,0.33171993,0.5088607
12945,-5.9294777,-0.124273375,-0.9716169,-0.20562829,-0.22401404,-0.4138732,0.044167083,0.1489842,-0.35909927,0.03147797,0.52145463
12946,-5.242719,-0.3617616,-1.2874997,-0.674801,0.015968576,0.040075257,-0.2066689,-0.05571843,0.14561394,0.42666614,0.3216007
12947,-5.671441,0.04850693,-1.4115251,-0.6576088,-0.15040353,0.36046928,-0.06537803,0.016300498,0.0489621,0.38383743,0.10158323
12948,-5.5950894,0.2851699,-1.0677472,-0.6595915,-0.18833151,-0.3356207,0.13493827,-0.031846628,-0.19420178,0.11387636,0.14543386
12949,-4.055598,-0.0330199,-1.2093593,-0.3368321,-0.20096055,0.019682702,-0.045114327,-0.052785106,-0.12614746,0.40520227,0.49565974
12950,-4.9696746,-0.23586091,-0.7357246,-0.41558865,-0.10284541,0.2415491,0.13608177,-0.3638707,0.0078220805,0.42812917,0.1771655
12951,-7.4703035,-0.18611343,-1.1544962,-0.41678628,-0.49448174,-0.31258988,0.099686585,-0.2719128,-0.22616912,0.38743046,1.1194445
12952,-7.207298,-0.114235505,-1.4578418,-0.70318943,-0.53123957,-0.121272504,0.22663239,0.16906907,0.207639,0.41162747,0.88340694
12953,-6.731987,-0.122550726,-1.1313583,-0.6999839,-0.4094701,-0.069832996,0.21071884,-0.6960943,0.11217918,0.27189192,0.30075192
12954,-6.197366,-0.058764618,-1.1602646,-0.4712635,-0.026776182,-0.4106084,-0.08742913,-0.034937076,-0.30297595,0.57727504,0.2878076
12955,-5.8911467,-0.2820992,-0.8642278,-0.6698614,-0.07660498,-0.03346334,0.12737909,-0.35934824,-0.06967438,0.43251905,0.31181055
12956,-5.8577404,-0.45657334,-1.2474656,-0.36469668,0.18851884,0.15697771,0.0031637484,-0.1894575,0.29448172,0.33877108,0.70974785
12957,-7.058872,-0.25803107,-1.676464,-0.71517026,-0.4393126,0.2646088,0.2780106,-0.4858037,-0.2420613,0.65812397,0.43030784
12958,-4.6494017,-0.26642385,-0.9165535,-0.19453551,-0.18998273,0.1764682,0.20101191,-0.32536295,-0.33858895,0.4452709,0.5308265
12959,-5.8159013,-0.078080714,-1.0770974,-0.63451666,-0.052696995,-0.45862645,-0.06006834,-0.07985817,-0.21395177,0.19507919,0.09037951
12960,-5.035495,0.1277233,-0.955593,-0.51726735,0.035714753,-0.07316822,0.088300824,-0.32974216,0.01673453,0.4120603,0.1410409
12961,-6.338504,-0.42666784,-1.3208089,-1.0998932,0.43304783,0.2063212,-0.38687983,-0.53525114,0.3911307,0.09353607,0.22266127
12962,-4.3682013,-0.25400102,-1.2702347,-0.7298026,0.067965694,-0.08683034,0.029710546,-0.15659767,0.104616635,0.19076043,0.29347917
12963,-5.300936,0.11513227,-0.70083636,-0.37628087,-0.26935953,-0.3892827,-0.19134448,0.14010157,-0.18590294,0.59939367,0.2385472
12964,-7.282461,0.14316073,-1.3088014,-0.6689864,0.16788861,0.118496165,-0.21305014,0.038197078,-0.048808023,0.47906014,0.3774908
12965,-5.514168,-0.19173303,-1.111701,-0.82129925,0.20521003,0.26186436,-0.26557586,-0.2697588,0.1957767,0.38324243,0.18871403
12966,-3.995443,-0.19353586,-0.76255363,-0.030626174,-0.23639657,0.25951886,-0.004127817,-0.15680414,-0.31068152,0.5810348,0.19587064
12967,-5.713217,-0.17703001,-0.98120683,-0.57514447,-0.096848905,-0.04890347,0.2588444,-0.28764573,-0.21644247,0.32949093,0.37146413
12968,-6.9362535,-0.13522395,-1.3983501,-0.5104168,-0.17754984,-0.27140468,-0.039639805,0.024486959,-0.52173495,0.26701534,0.4048952
12969,-5.0708737,-0.22586511,-0.66226596,-0.44349718,-0.37704825,0.28304482,0.38006237,-0.10975204,-0.2530472,0.6379229,0.6319568
12970,-5.6461854,-0.37381464,-1.3531836,-0.91140586,-0.23329973,-0.019714775,0.10470172,-0.43855324,0.058422618,0.46896243,0.5432848
12971,-5.1311736,-0.22516929,-0.9709501,-0.44806063,0.38035744,-0.10235218,-0.11153445,-0.05521997,0.052957267,0.52288,0.10867558
12972,-5.797201,-0.5254877,-1.3763955,-0.7924142,-0.7509074,-0.09201602,0.32974958,-0.18586563,0.0023902962,0.44597742,0.8365839
12973,-5.7762017,-0.33563817,-0.92149407,-0.7937963,-0.01012863,-0.191772,0.16596319,0.20388554,0.14608365,0.41170815,0.36895445
12974,-4.570157,0.012099021,-0.7994326,-0.20811237,-0.093903854,0.17195265,0.021274395,-0.23703913,-0.03880986,0.2938102,0.3441329
12975,-5.4482284,-0.058924567,-1.0748329,-0.56214285,-0.031954642,-0.3224377,0.24157718,0.005851044,-0.21063145,0.6001908,0.2601776
12976,-5.7209787,-0.33667937,-1.4780749,-0.45380336,0.37819964,-0.018581683,-0.42286155,-0.3938634,-0.06715755,0.20200385,0.33553356
12977,-6.158155,-0.11995715,-1.2960143,-0.60219836,-0.02435508,0.07658449,-0.3655598,-0.544532,-0.1440281,0.4856378,-0.113512926
12978,-6.453052,-0.17495213,-0.9946348,-0.807342,-0.6714518,-0.09537144,-0.021004632,-0.3361518,-0.24192764,0.4625174,0.68938774
12979,-4.705475,0.008406677,-0.88433135,-0.39225805,-0.19587636,-0.012445124,-0.03552133,-0.43685997,0.05606121,0.2567294,0.34379694
12980,-7.072867,-0.37284175,-1.0703912,-0.9142659,-0.39099872,-0.25690794,0.42034087,-0.07649915,0.21060671,0.45346695,0.7227804
12981,-4.6244726,-0.04222648,-0.87476224,-0.402178,0.22733153,-0.35362846,-0.026697285,0.10242966,-0.20369433,0.31157976,0.19082366
12982,-5.8565063,-0.31076622,-1.1017125,-1.0352337,-0.11518533,0.38537467,0.17894052,-0.19566348,0.052767552,0.30688027,0.50438994
12983,-5.8928432,0.011540156,-1.2783222,-0.69931954,-0.0006887056,-0.018649435,-0.38066992,-0.024344621,-0.09812848,0.7749545,0.04682999
12984,-5.3765926,-0.10146586,-0.8839416,-0.55790097,-0.32069412,0.13652392,-0.057079434,-0.31655362,-0.2996389,0.2573141,0.2598187
12985,-8.104502,-0.2431746,-1.5164258,-0.68690616,-0.3147316,-0.14896664,-0.09122668,-0.38862875,-0.07580213,0.15102908,0.58513445
12986,-6.360292,-0.42463002,-1.125271,-0.20668966,-0.23423134,-0.3266704,0.12341755,0.010210278,-0.062021844,0.52607274,0.33099622
12987,-4.6976194,-0.17060068,-0.6420853,-0.9108137,-0.19781853,-0.25339925,-0.054469295,-0.47976625,0.14278589,0.32328734,0.34875184
12988,-6.007751,-0.20906495,-1.5538367,-0.70709836,0.03339235,0.025706014,0.18760115,-0.23284009,-0.20674379,-0.092211075,0.09535197
12989,-5.353215,-0.26474804,-0.6807626,-0.502113,-0.24804938,0.058799114,0.09532635,-0.04476194,-0.36189115,0.6058773,0.40226108
12990,-7.966305,-0.1375173,-1.5644858,-0.74288017,0.11429707,0.6595865,-0.20055045,-0.31690273,-0.070940875,0.43127054,0.30675247
12991,-5.491396,-0.26141867,-1.3301842,-0.71146494,0.22762369,0.069580644,-0.10088033,-0.0016278699,0.22798094,0.49502918,0.11113708
12992,-5.2494073,-0.031110268,-1.130778,-0.20217036,-0.32090798,0.39277124,0.3158869,-0.18567036,-0.16955298,0.2242875,0.37844303
12993,-5.803331,-0.0022596791,-1.0884935,-0.4791546,-0.41762903,-0.2672245,0.3659576,0.16684145,-0.09503564,0.5628904,0.45312247
12994,-6.111854,-0.042586517,-0.95299584,-0.93588996,-0.2619384,0.22490185,0.026353724,0.03998887,0.3810823,0.81721246,0.5059907
12995,-7.463437,0.007368693,-1.9157737,-1.1248728,-0.0078547,-0.15490626,-0.3362185,-0.15282585,-0.003465563,0.75999254,0.49255633
12996,-4.0408926,-0.092749916,-0.8037841,-0.5198676,-0.20636742,0.20558332,-0.03706841,-0.36383566,0.080513224,0.5730432,0.2744265
12997,-5.176495,-0.048313722,-0.8546234,-0.49458545,-0.45114648,-0.16513973,0.31936327,-0.0582987,-0.03457614,0.12257936,0.5870391
12998,-4.884601,-0.07602966,-1.0806493,-0.53163636,-0.051584736,-0.054478157,-0.05111336,-0.15988879,-0.057322994,0.24097542,0.2776347
12999,-5.583986,-0.27917865,-0.9117644,-0.32757005,0.09434762,0.03624814,-0.15844828,-0.102039576,-0.3945592,0.3823997,0.11281506
13000,-4.147759,-0.030199312,-0.70238405,-0.3309576,-0.18123,-0.27453637,0.21670295,-0.10147488,-0.11589971,0.26623446,0.2831142
13001,-7.2634997,0.2835256,-0.9548346,-1.034425,-0.5498191,-0.40850705,-0.1336377,-0.004943461,-0.008523762,0.5796072,0.37573034
13002,-4.845939,-0.17114195,-0.7184947,-0.44025162,0.05496524,-0.12526171,0.016125863,-0.20501208,-0.15983093,0.3513933,0.001386092
13003,-5.376178,-0.027864967,-1.1649299,-0.31297,-0.009500278,0.2845381,-0.0001745997,-0.082018465,-0.15231381,0.21384145,0.24524705
13004,-7.0035515,0.07096612,-1.2673774,-0.78682035,0.058993775,0.0034971554,-0.16633634,-0.41158357,-0.17795727,0.27589127,0.4649759
13005,-7.21159,0.04689005,-1.314529,-0.5790288,-0.20929563,-0.32889265,0.071479276,-0.47898433,-0.231658,-0.01065744,0.7886281
13006,-6.0193315,-0.37932378,-0.7857027,-0.550561,0.0727836,0.13777901,-0.19355765,-0.27553037,0.20192128,0.51001257,0.4124042
13007,-5.709802,0.04314134,-1.1390016,-0.41546932,0.08913004,-0.10358909,-0.22636598,-0.29454118,-0.0152464565,-0.08012367,0.17192972
13008,-5.936868,-0.20032915,-0.8157266,-0.25556803,0.5003305,-0.188879,-0.31932235,0.03495452,-0.14498717,0.12153397,0.07987272
13009,-4.798368,0.12096973,-0.91555595,-0.6047141,-0.059290707,-0.19235438,0.08120573,-0.51506037,-0.08796809,0.3484978,0.21122009
13010,-3.8824837,0.08205986,-0.917347,-0.5088531,-0.05473125,0.20527172,-0.1922166,-0.27976012,0.03610769,0.15102237,0.09486354
13011,-5.3016434,-0.2579879,-1.1127163,-0.68100905,-0.014345838,0.32127845,-0.03964006,-0.19226104,0.056953304,0.76548,0.21458115
13012,-5.0604973,-0.1541569,-1.1579015,-0.5292747,0.006605618,0.19258004,-0.21848392,-0.16498719,0.10752132,0.31929523,-0.012978724
13013,-5.5462565,0.012157941,-0.9951162,-0.58374804,-0.21686411,0.017725777,0.14398658,-0.44637433,-0.040790834,0.26013857,0.2384606
13014,-5.8023195,0.03947387,-1.1647146,-0.4419773,0.2905792,0.026718855,-0.082855195,0.16550024,-0.16487487,0.14630112,0.1488103
13015,-5.4865537,-0.0049654143,-1.178282,-0.41010675,0.22954641,-0.09235575,-0.235631,-0.23427133,-0.090741344,0.23862885,-0.006548888
13016,-5.0400867,-0.11691438,-0.8492619,-0.72633016,-0.22688934,0.13412635,0.2526314,-0.4199727,-0.0703691,0.53237766,0.41497326
13017,-5.6029463,0.017899055,-1.0613315,-0.55856705,0.13829817,-0.10064653,-0.1460316,-0.24158442,0.12488322,0.29117662,0.1530275
13018,-9.191443,-0.017658308,-1.8806077,-0.75350684,0.25898153,-0.1802905,-0.1703048,0.09404363,-0.28864372,0.4476846,0.17127982
13019,-4.6556606,-0.11891766,-0.78075457,-0.39648697,-0.5505715,0.07740616,0.06489425,-0.0031784726,-0.03569866,0.41259834,0.18202388
13020,-5.356116,-0.19834532,-1.1159304,-0.66463774,-0.16812749,0.42029786,-0.18148279,-0.18794377,-0.1178246,0.4746679,0.487252
13021,-3.3363867,-0.068751015,-0.67340696,-0.45262787,-0.023546757,0.110816665,-0.0041841418,-0.17233953,0.046795312,0.23850513,0.21176177
13022,-5.75862,0.01071967,-1.0305953,-1.0058355,-0.0781204,-0.39875746,-0.18834518,-0.37959343,-0.0456065,0.2977465,0.055367976
13023,-7.147994,-0.044080425,-1.2276895,-0.84865826,-0.3792594,0.070645325,0.28335294,0.21729219,-0.16942842,0.45917943,0.6624711
13024,-5.5344677,-0.12145376,-0.9873716,-0.42553803,0.040322274,0.110624455,0.08421723,-0.24649924,-0.0386123,0.04946229,0.343798
13025,-5.2010717,-0.18198542,-1.0346708,-0.3313345,-0.48628038,-0.10242531,0.47649235,-0.12798741,-0.12215391,0.4371039,0.31186903
13026,-5.0219398,-0.21178886,-1.1965706,-0.6052244,-0.41286305,-0.24912839,0.03190107,-0.16120164,-0.033886828,0.33089468,0.107824296
13027,-5.5781903,-0.33544904,-0.64323705,-0.8444276,-0.6608074,-0.32800174,0.120415576,-0.5043918,0.12544729,0.29081526,0.75047404
13028,-5.065822,-0.3244746,-1.3095694,-0.48155165,0.32164618,-0.17257223,-0.05254312,0.029161127,0.1687021,0.5389551,0.36673704
13029,-7.3656664,-0.33857647,-1.4921597,-0.87355447,0.16495137,0.6714698,0.0948328,0.085242905,-0.09403281,0.4238005,0.4537281
13030,-5.9220133,0.1370056,-1.0656648,-0.63108206,0.29271722,-0.43663234,-0.16881467,-0.305452,0.04609476,0.28830928,0.16864042
13031,-5.5424743,0.15086444,-1.2789899,-0.45663542,0.43734297,0.13504073,-0.289307,0.1300011,-0.018354973,0.3278527,0.24821046
13032,-5.268647,-0.2126456,-1.3237908,-0.6417406,-0.20243582,0.08586835,-0.16512132,-0.2601864,-0.07135951,0.37331933,0.10716401
13033,-5.536985,-0.087011255,-1.0779849,-0.8080933,-0.28783938,-0.06792927,-0.13575085,-0.16912095,0.19656026,0.5130882,0.036779057
13034,-6.530771,-0.16879195,-1.7356693,-0.8676781,0.05996715,0.3135395,-0.11098788,-0.055182934,0.08054532,0.6373729,0.19003846
13035,-6.6671257,0.22754201,-1.0845052,-0.5387402,0.43204993,-0.20657322,-0.30086392,0.032911748,-0.18532835,0.69528115,0.07199872
13036,-6.258353,-0.12354115,-1.2613325,-0.40365234,0.17569968,0.004465477,-0.19705817,0.018279072,-0.20620172,0.28844145,0.052641336
13037,-6.840049,-0.029275358,-1.8724158,-0.7293841,0.38647723,-0.024458721,-0.54808575,-0.1403658,0.053974375,0.28513417,0.007932219
13038,-6.976135,-0.43838927,-1.4358041,-1.0991305,0.27240628,0.13493389,-0.5392936,-0.29413867,0.50670123,0.89173657,0.22513798
13039,-6.840153,-0.37712702,-1.4449202,-0.8230891,0.27639654,-0.06958365,-0.33490795,-0.16677058,0.10733204,0.6945033,0.0342499
13040,-5.9198093,0.18469128,-1.2324841,-0.24412334,0.4208125,-0.18230256,0.117553286,-0.17713937,-0.035144858,0.0957349,0.1453253
13041,-7.561683,-0.20995343,-1.6587981,-0.5296537,-0.07198684,0.7554784,-0.24325092,0.101430945,-0.15958767,0.5428448,0.3497542
13042,-4.81588,0.011805591,-1.089408,-0.8302204,-0.015187837,0.15427805,0.0008658413,-0.40960506,0.2919806,0.3000909,0.53381795
13043,-7.460147,-0.1857549,-1.2814364,-0.959448,-0.034853205,-0.01658401,-0.11140556,-0.038873047,-0.23485483,0.47793055,0.29296672
13044,-6.7600546,0.19045208,-1.4836946,-0.65269566,0.34117797,0.05845476,-0.5599729,-0.11407809,-0.030929824,0.7203028,0.29253232
13045,-5.1427336,-0.09672356,-0.94682205,-0.8398358,0.048572816,0.08752058,-0.08225392,0.109430954,-0.07691157,0.76882744,0.2295447
13046,-6.5004635,-0.1400268,-1.238369,-0.5413007,-0.115405045,0.075284705,-0.14434318,-0.20496693,0.25955266,0.73483735,0.26327336
13047,-7.3884187,-0.07843388,-1.5187321,-0.6549977,0.1285328,0.4646423,0.0068165036,-0.4194161,-0.11992712,0.47191188,0.39435166
13048,-6.983104,-0.37890872,-1.3515406,-0.54906285,-0.15433474,-0.08040948,0.17902057,-0.22306415,-0.22332004,0.15961869,0.48817208
13049,-4.794417,-0.23689894,-0.7747775,-0.57350916,-0.4972266,0.11198218,0.068360314,-0.028547237,-0.17814784,0.32123804,0.34744996
13050,-5.1938515,-0.117119774,-1.2531011,-0.55733997,0.11021413,-0.091021724,-0.103489324,-0.26037487,0.08286877,0.28488195,0.1939072
13051,-4.411945,-0.43397242,-0.709803,-0.53850436,-0.13547097,-0.047790118,0.0895135,-0.067915946,-0.0513042,0.27599192,0.564161
13052,-4.775464,0.048892707,-1.1729759,-0.44460726,0.00084581785,0.038823877,-0.012715439,-0.054155067,-0.040735774,0.18151125,0.32568163
13053,-5.943389,-0.16389374,-1.1391065,-0.35805106,0.32924852,-0.08708294,-0.021082107,0.15820082,0.091698244,0.39009923,0.328023
13054,-7.778499,0.09297895,-1.4763714,-0.6808495,-0.5065625,-0.16795254,-0.19919817,-0.23881984,-0.34603205,0.30569538,0.4316548
13055,-3.9588354,-0.13471524,-1.1296829,-0.51368344,-0.11644836,0.2142482,0.106930576,-0.2655296,0.0031938339,0.2202114,0.23503083
13056,-4.814584,0.16149952,-0.78818274,-0.597913,-0.034400582,-0.055985123,0.16904636,-0.063203804,-0.034328192,0.37524623,0.290767
13057,-5.231198,-0.2163759,-1.0930877,-0.46143273,-0.049582448,0.06663084,-0.05949001,-0.33760035,0.049221992,0.19028859,0.084842265
13058,-5.8107395,-0.3486817,-1.1528075,-0.5825702,0.019541379,0.22678894,0.21457931,-0.1792011,-0.07763382,0.75200325,0.65325934
13059,-5.721754,-0.305635,-1.0855876,-0.8954925,0.116611734,-0.018642433,-0.17093123,-0.39298198,0.09864462,0.010216782,0.2887098
13060,-4.7823915,-0.065896064,-0.94431204,-0.33721402,-0.3283984,-0.078960314,0.17682377,0.021608293,-0.12070054,0.36954737,0.3266234
13061,-3.6436083,-0.14516555,-0.7458337,-0.4399893,-0.24339616,0.09823888,0.28147066,-0.091653354,-0.07767938,0.27276966,0.20619935
13062,-7.683465,0.18452285,-1.7203758,-0.6856716,0.20782146,-0.2175469,-0.3673349,-0.35582146,-0.020781463,0.01108987,0.024728838
13063,-5.8431473,-0.18812577,-1.1115987,-0.20104657,-0.38097632,0.100592986,0.15242665,-0.43395385,-0.3359602,0.5015268,0.33404577
13064,-5.702042,-0.10556631,-1.1604327,-0.67926127,0.008092615,-0.4006446,-0.29999116,-0.21805659,-0.26637724,0.19603458,0.19196673
13065,-5.7558517,-0.108303,-1.2638282,-0.46837327,-0.37461984,0.13421397,-0.2885507,-0.010104226,0.038800936,0.50213784,-0.034238804
13066,-4.628176,-0.42374265,-0.962534,-0.2895279,-0.3100842,-0.3281752,0.04398305,0.14786702,-0.22488236,0.5842176,0.37864235
13067,-4.8149223,-0.21714461,-0.9018536,-0.6366359,0.063772395,-0.010222606,0.0024854206,-0.16356015,0.014592813,0.73518103,0.20105568
13068,-4.98978,-0.060794275,-0.93046415,-0.63759184,-0.014604636,0.122275546,0.027776219,-0.03540636,0.21380055,0.4278207,0.1491833
13069,-4.3421702,0.050267555,-0.72998273,-0.4378471,-0.2155366,-0.050313983,0.15324289,-0.31549934,-0.006366316,0.4406841,0.508556
13070,-5.4441257,-0.24301608,-1.2859545,-0.4529034,0.021810919,0.22590035,-0.05074732,-0.347853,-0.16689536,0.24626663,-0.06569151
13071,-5.51532,-0.23964462,-1.1719464,-0.902614,-0.057883598,0.052123196,0.47472155,0.11579265,0.10039194,0.6054071,0.35588735
13072,-5.1202984,-0.015254444,-1.2696837,-0.61743045,0.21496907,-0.15406701,0.071676224,-0.09969878,0.1604721,0.6204663,0.24872398
13073,-5.908918,-0.20071465,-0.9983519,-0.56148595,-0.38600913,-0.22119814,-0.11234933,-0.082649566,0.26986244,0.6694876,0.37138215
13074,-6.0499697,0.117888905,-1.4641156,-0.5957651,0.122697644,0.23277228,-0.29677516,-0.083001435,0.12034021,0.28605434,0.08957012
13075,-6.805397,-0.2550676,-1.3415883,-0.8843469,-0.040029947,0.14689109,-0.19625357,-0.084502965,0.067492664,0.4964288,0.35611323
13076,-5.3875747,-0.079218484,-1.0498531,-0.7895486,0.525889,-0.13081092,-0.17643358,-0.06886949,0.20702702,0.1842481,0.16554005
13077,-5.871024,0.032913003,-1.1791849,-0.56160975,0.12404899,-0.2363921,0.02448876,-0.08963994,0.045819923,0.30577603,0.07363642
13078,-7.2702684,-0.09610981,-1.623567,-0.8938548,-0.5533752,0.22106437,0.06552451,-0.19745484,0.08953687,0.6617838,0.36357927
13079,-5.4670644,-0.10862844,-1.3989247,-0.6412718,0.49489152,0.033836342,-0.3545543,-0.2644096,0.1282039,0.061393954,-0.005953078
13080,-5.243718,-0.21889734,-1.0505964,-0.58507127,-0.30762672,0.063907266,0.0120613,-0.21455906,0.054135717,0.5737091,0.3180701
13081,-6.849805,-0.4644198,-1.3635963,-1.2631252,-0.13675818,0.015616818,0.050630316,-0.51691085,0.23882017,0.72369987,0.08262067
13082,-5.1283097,-0.27274874,-1.0312039,-0.19806609,0.31237885,0.015290334,-0.11041246,0.07224792,0.042727277,0.09547133,-0.105372675
13083,-6.269902,0.075684436,-1.2377641,-0.76934725,-0.30365947,-0.051692046,0.43969455,-0.1856074,-0.03754893,0.5201838,0.6794828
13084,-6.2221212,-0.37719736,-1.2985455,-0.77332586,0.15192448,-0.018540228,-0.1359889,-0.10418535,-0.0034849998,0.5068156,0.51003593
13085,-7.8098965,-0.06463989,-1.3511555,-0.44974267,-0.0091357455,-0.48431325,0.049890168,0.24323368,-0.46668714,0.5763031,0.37035608
13086,-5.7525816,-0.2348669,-1.162384,-0.6191174,-0.29444745,-0.030012738,0.16645229,-0.012395756,-0.31498092,0.6591545,0.57846546
13087,-7.0193696,-0.06410891,-1.3175442,-0.96160036,0.39731014,-0.03771757,-0.09274467,-0.23918645,0.20017777,0.65727735,0.58440614
13088,-5.038975,-0.22799733,-0.8993773,-0.85185426,-0.48473108,-0.039385166,-0.15088789,-0.48501498,-0.011004925,0.7035981,0.50707436
13089,-5.6065283,0.06534138,-1.1071184,-0.58334965,-0.20668142,-0.21670306,-0.07872475,-0.12821783,-0.06354625,0.5156282,0.27862176
13090,-4.66492,0.0060599134,-0.82923794,-0.30085182,0.13574553,-0.08375352,-0.1481781,0.17958613,-0.18134904,0.33357808,0.18758686
13091,-4.8787727,-0.17516553,-1.116155,-0.57090634,0.08693305,-0.27594048,0.04572313,0.26004484,0.17725387,0.41800404,0.27607298
13092,-7.5533333,-0.1890939,-1.2965853,-0.7458641,0.3390907,0.021452278,-0.119396456,0.25282195,0.040973436,0.3260351,0.30679742
13093,-4.2609825,-0.09740373,-0.70279217,-0.5050493,-0.32871845,0.121644884,0.10756194,0.029913222,-0.09483502,0.44955152,0.4161922
13094,-4.650477,0.017365094,-0.8573733,-0.24042201,-0.053700592,0.005873095,0.048027545,-0.2204866,-0.2619632,0.10049421,0.16993743
13095,-6.761926,-0.3679024,-1.1754664,-0.90495175,0.25211364,0.18179262,-0.26676974,-0.2893459,0.05536496,0.15797533,0.31118178
13096,-7.309476,-0.22924122,-1.6703085,-0.28041637,-0.18611449,0.07064163,-0.070102245,-0.18447532,-0.19497716,0.84788716,0.23029639
13097,-5.6222706,0.025164522,-1.2608392,-0.5127434,-0.12569843,-0.24395363,0.2363177,-0.05207205,-0.08786841,0.50628984,0.34243906
13098,-5.3535748,-0.0351784,-1.1418526,-0.5009224,-0.33714065,0.14243023,0.11513699,-0.033292077,-0.1454558,0.3477454,0.4661851
13099,-6.992078,-0.20556149,-1.8345363,-0.9852832,-0.22918305,0.27301317,0.16194494,-0.28532073,0.08068502,0.48169726,0.45194012
13100,-6.342821,0.06630987,-1.4530951,-0.61033523,-0.2029194,-0.025561217,0.24677202,0.19522582,-0.14272813,0.64525604,0.30687332
13101,-6.1588078,-0.28754473,-1.2779541,-0.8374431,0.20344953,-0.22670917,-0.32055822,0.14406955,0.15105613,0.500028,0.07539778
13102,-5.8984265,-0.37495255,-1.4425318,-0.9121584,0.1127841,-0.30640286,0.015185408,0.09520491,-0.17753148,0.48129496,-0.02561045
13103,-4.458073,-0.24240209,-0.68830115,-0.5693967,-0.14144775,-0.10137557,0.4176552,0.13851722,-0.16334023,0.37929565,0.4092148
13104,-7.5957036,-0.12233807,-1.192064,-1.2229922,-0.64090043,-0.21425222,0.057989907,-0.14365779,0.1967523,0.9700807,0.6959187
13105,-6.605492,-0.076328225,-1.3128107,-0.9051396,0.09894461,0.020710904,-0.34054244,-0.5704236,0.17261945,0.4092765,0.10205839
13106,-7.8933415,0.13092713,-2.233726,-0.9195694,0.069355145,0.10168892,-0.28805363,-0.089242145,-0.03166394,0.27973667,0.8110725
13107,-5.930002,-0.13685092,-1.4158897,-0.66154337,0.0750927,-0.012705764,-0.2374363,-0.056398854,0.16252351,0.3736984,0.22458255
13108,-7.5413322,-0.1403581,-1.2084589,-1.1063827,-0.50485706,-0.3644082,-0.08967604,-0.43019888,0.31684226,0.6272341,0.1869131
13109,-5.259604,-0.28320256,-0.98578787,-0.6258994,-0.022221724,0.27349293,-0.38956168,-0.20562173,0.039790876,0.23257616,0.19780263
13110,-8.279283,-0.35434982,-1.7384211,-1.066835,-0.023343114,-0.29360873,0.04385584,-0.37989226,-0.04090015,0.86167,0.12055311
13111,-5.1030173,-0.13427942,-1.0050087,-0.1772325,-0.048298083,-0.13980052,-0.35785523,-0.0103961285,-0.43052188,0.58053786,-0.0064592836
13112,-6.4557757,-0.17880788,-0.9261747,-1.0602716,-0.3123148,-0.23464046,-0.35939592,0.02773051,0.043666273,0.5134932,0.5915175
13113,-5.3589697,-0.00038907863,-1.042201,-0.6324559,-0.12836784,0.15739378,0.13001463,-0.2095146,-0.08571676,0.75657475,0.4911146
13114,-4.2810593,-0.20298669,-0.6687122,-0.50500447,-0.24325946,-0.09888846,0.33746698,-0.11049447,-0.10511993,0.44127488,0.037185643
13115,-6.423197,-0.24288584,-1.1728079,-0.56821215,-0.05646261,-0.11583509,-0.09881222,-0.08303234,-0.18408391,0.44657856,0.34583065
13116,-5.8186803,-0.23674539,-0.9934581,-0.731972,0.039419122,0.016099043,0.12994829,-0.26554632,-0.06865816,0.7561124,0.21574952
13117,-4.88929,-0.24479677,-0.89077914,-0.9541991,-0.066366024,-0.25558603,-0.15409021,-0.19649923,-0.16816357,0.5452457,0.24247923
13118,-5.308148,-0.38970736,-1.0721946,-0.8392366,-0.19652218,0.07505012,0.15114412,-0.070220605,0.1854004,0.40496242,0.45239213
13119,-7.7944574,-0.28980544,-0.92479074,-0.850176,-0.34344852,0.2540489,-0.06584161,-0.45240092,-0.31506616,0.21882047,0.37885803
13120,-6.0768414,-0.13637833,-1.2423841,-0.42312023,0.076373115,0.4627931,0.17105345,-0.2905543,0.28456876,0.7873044,-0.016711302
13121,-5.3328743,0.008855462,-1.1363367,-0.8561102,-0.39874297,0.32124937,0.1176178,-0.34133875,-0.14510675,1.1438775,0.23882908
13122,-6.7351875,-0.250625,-1.2751347,-0.7042841,-0.07157859,-0.17454481,-0.10328739,-0.35552192,-0.1444162,0.97961545,0.0953092
13123,-6.3270793,0.02868297,-1.2483785,-0.36171314,0.36917248,0.13453169,-0.19057664,0.0994711,0.07964762,0.17938721,0.15676397
13124,-9.537945,-0.010295534,-1.9039832,-1.0815233,0.20550376,0.49860448,-0.33685786,0.112427905,-0.10005965,0.48806077,0.82954204
13125,-5.249561,0.12764782,-0.9830316,-0.3192816,0.52631086,-0.40730762,-0.21986066,0.075427756,-0.09635064,0.014668726,0.16460715
13126,-6.662848,-0.24379279,-1.3614335,-0.57077444,0.14480199,-0.13022345,0.12238772,0.09952334,0.010462523,0.48882172,-0.019332428
13127,-6.661056,-0.36166447,-1.2008687,-1.0181584,-0.12961668,-0.11904496,-0.24286117,0.09738012,0.1761536,0.86121744,0.39963946
13128,-6.2271686,-0.23212044,-1.2085143,-0.90064317,-0.113332205,0.1753753,-0.40953282,-0.48823604,0.23784886,0.36379692,0.2792949
13129,-4.7524247,-0.4219904,-1.2442906,-0.48742393,0.06796214,-0.021526122,-0.12452469,-0.089288734,-0.09421526,0.4881862,0.042915307
13130,-5.847396,-0.06483932,-1.2417775,-0.6252558,-0.36823976,-0.007783561,-0.18813309,-0.0837869,-0.27572483,0.50145847,0.6056853
13131,-5.5774207,-0.3170732,-0.68943137,-0.7369882,-0.37615594,-0.0007745186,-0.2988244,0.10512485,-0.11663005,0.4260998,0.45824093
13132,-5.8968244,-0.061071422,-1.3162417,-0.71949977,-0.3784309,-0.27020574,-0.0078779245,-0.051142618,-0.005898496,0.5101253,0.5915278
13133,-6.1305847,-0.2469777,-1.4304265,-0.9494185,-0.4021379,-0.2537747,0.2748811,-0.3182966,0.22152594,0.26437464,0.5571643
13134,-5.1572666,-0.17543273,-0.96178365,-0.4678525,-0.089283995,0.07152386,-0.2938183,-0.42232242,0.14082862,0.69130594,0.097383946
13135,-4.5388994,-0.19394006,-0.84706825,-0.64705837,-0.17012097,0.27779758,-0.08595555,-0.054511763,0.14422558,0.86322594,0.38497964
13136,-6.484086,-0.066531315,-1.2378025,-0.69691855,0.5176779,-0.038737435,-0.25436997,-0.25788796,-0.26866826,0.42707288,0.21931605
13137,-5.5804005,-0.07739396,-1.1883612,-0.79473096,-0.4246049,0.08809112,0.2311211,0.037776776,-0.019055648,0.6690568,0.4415216
13138,-4.6665325,-0.29333884,-0.7788939,-0.50321245,0.04788159,0.34404683,0.34444013,0.13451806,0.116002336,0.9015978,0.3268515
13139,-4.683757,0.00013187248,-0.90569615,-0.571005,-0.2512636,0.20712374,0.15091617,-0.3136064,-0.0015266389,0.2921206,0.2725347
13140,-5.584858,-0.32837668,-0.905161,-0.6365029,-0.50566137,0.08202527,0.28058454,-0.32606566,-0.21044472,0.5925485,0.7063618
13141,-4.4806247,-0.16510439,-0.6233565,-0.2785691,0.071118675,-0.15491275,-0.19004609,0.0792789,-0.26275355,0.437547,0.2649969
13142,-6.461579,-0.24280562,-1.1709195,-0.6458699,-0.12903926,0.24915251,0.28429615,-0.19458112,-0.17421,0.34981015,0.6580808
13143,-3.9932,-0.07887268,-0.84656274,-0.4102503,-0.26370957,0.16303247,0.025902292,-0.3233301,-0.15392338,0.45848727,0.18020292
13144,-7.1278462,-0.29215375,-2.184297,-1.1715355,0.0110169565,0.34041935,-0.14079162,-0.39797106,0.17968675,0.4944601,0.7255816
13145,-5.522895,-0.04912268,-1.035104,-0.87076557,-0.04413505,0.015901603,0.14406939,-0.11986486,0.088352606,0.8942921,0.3761854
13146,-4.5382833,-0.12642404,-0.8444659,-0.49362868,-0.18776177,0.0991351,-0.2574639,-0.1413666,-0.027174333,0.36368462,0.14844757
13147,-5.5866065,-0.021557387,-1.0133349,-0.45831156,-0.19596694,0.037957102,-0.059797876,-0.18111931,-0.20380053,0.44894925,0.30974942
13148,-5.123014,-0.2923312,-0.7026994,-0.8297676,-0.40170786,0.10056667,0.32247186,-0.07863064,0.04287044,0.5129725,0.39066815
13149,-5.7187285,-0.08067407,-0.9574927,-0.68818104,-0.4565271,-0.0027661268,0.21827537,-0.16729496,-0.15303832,0.6390625,0.5681171
13150,-6.007408,-0.2945059,-0.9062129,-0.6712752,0.049474057,0.11788932,-0.15905523,-0.36756313,0.052945092,0.26558238,0.007867045
13151,-6.476627,-0.14016047,-1.4204547,-0.77900004,-0.4167875,0.11108911,0.011492518,-0.46811026,0.11574016,0.5135095,0.2898749
13152,-6.5772634,-0.010424993,-1.7273456,-0.46923643,0.21365939,0.11375571,0.2599342,-0.32383174,-0.24628393,0.20185284,0.11539593
13153,-7.0411367,0.003592262,-1.0465289,-0.6811938,-0.19927537,-0.3771658,-0.22571361,-0.29139388,-0.42903012,0.7714241,0.5346438
13154,-4.9193015,-0.13872714,-0.8623178,-0.3567077,0.10889069,0.3891921,0.04699173,-0.074922904,0.12056351,0.5746832,0.197384
13155,-5.0964212,-0.19657108,-1.0975918,-0.9703327,-0.17938162,0.2319657,-0.1307601,-0.29873246,0.3844917,0.73870045,0.6043229
13156,-6.682864,0.03936421,-1.6310833,-0.8150391,-0.4656914,0.107457705,-0.2973176,-0.062716134,-0.11268401,0.53762513,0.36120364
13157,-6.4878507,-0.2236269,-1.1679752,-1.0146286,0.124285296,0.45577002,0.14930041,0.29135814,0.35428602,1.3668184,0.39352053
13158,-6.5754266,0.0030866633,-1.5260885,-0.7246031,0.18326907,0.2702747,-0.22758292,0.078621395,0.117131256,0.8998961,0.3174568
13159,-6.0755506,0.06802405,-1.140625,-0.7293759,0.25783476,-0.2199302,-0.08641607,-0.22547975,0.17258215,0.4074319,0.04959303
13160,-6.019401,-0.12980342,-0.95709175,-0.36321342,0.15666878,0.27415812,0.04359493,-0.37279624,-0.22428729,0.7772599,0.236293
13161,-6.046989,-0.014931043,-1.1406152,-0.6070175,0.039586797,0.432952,-0.24627267,-0.45522976,0.00074255,0.32940298,-0.034496292
13162,-6.290186,-0.14679374,-1.623058,-1.2715048,-0.0026478372,0.17866904,-0.3582444,-0.5302249,0.4572675,0.7872917,0.43609485
13163,-5.411815,-0.1680179,-1.1506947,-0.31359023,-0.16695486,0.3770588,-0.14554378,-0.3668611,0.07727947,0.10407632,0.18114446
13164,-6.3725414,-0.2091318,-1.0999085,-0.6702274,0.08929686,0.21506332,-0.22573371,-0.0126369465,-0.18611868,0.5060056,0.2686664
13165,-7.0266714,-0.114301585,-1.1946337,-0.6783044,0.019412426,0.26438904,-0.49402365,0.007550871,-0.15802236,0.56103796,-0.08942109
13166,-5.4879556,-0.10586529,-0.98835784,-0.5615909,-0.2876108,-0.013431137,-0.034192793,-0.37338096,-0.123053774,0.62395257,0.16153632
13167,-7.1069517,0.068777926,-2.1191804,-0.70625025,0.5219295,0.19878143,-0.36751968,-0.33158395,0.016961789,0.4376958,0.035364475
13168,-7.9431367,-0.48725432,-1.8275838,-0.66308683,0.3625095,0.20160808,-0.14217864,-0.27031094,-0.014500596,0.24781084,0.3815427
13169,-3.5820127,0.039586302,-0.59180874,-0.2068345,-0.08869397,0.098006286,-0.07234975,-0.38723123,-0.21038719,0.22923137,0.011451378
13170,-5.837638,0.120521866,-0.8329051,-0.6751779,-0.26086617,-0.3722065,-0.38630834,0.0416065,-0.020554496,0.48877615,0.15840225
13171,-5.462257,-0.13176392,-1.3380126,-0.7787374,0.19142692,-0.18481621,0.13641994,-0.5275312,-0.10497726,0.14712048,0.24241185
13172,-6.1399026,-0.27607632,-0.98051256,-0.5825595,-0.34635064,0.13707402,-0.20533164,-0.38461348,-0.42925644,0.35322875,0.5369628
13173,-7.002934,0.028261688,-1.2973887,-0.86165875,-0.26747227,0.13590994,0.17549722,-0.273469,-0.20361611,0.33699754,0.41532233
13174,-5.446735,-0.124066904,-1.1564032,-0.45361736,-0.445125,0.25536337,0.59931386,-0.121176474,-0.3121957,0.46451065,0.43537095
13175,-6.2097707,-0.1953963,-0.71581835,-0.60816747,0.23839691,0.024860293,0.27976006,-0.34381828,-0.057549194,-0.011919147,0.25335547
13176,-4.4209876,0.28524968,-1.1267545,-0.3971116,0.13555405,0.22397113,-0.14073713,-0.21546587,-0.0068548974,0.13541198,-0.0058239894
13177,-5.462765,-0.16060832,-0.91124064,-0.6735563,-0.023876209,-0.2944159,0.051407717,-0.34369215,0.039163828,0.16694908,0.5800441
13178,-7.280867,-0.052065082,-1.0956248,-0.31518146,-0.19362742,-0.45039082,0.013180745,-0.21162204,-0.5111079,0.33259985,0.5915655
13179,-4.2836375,-0.080163255,-1.1030561,-0.42289358,0.018330585,-0.18461794,-0.31233433,-0.012926126,0.059460014,0.2999446,0.08381992
13180,-6.772097,-0.12211923,-1.4532747,-0.5801962,0.2885238,-0.09770389,-0.13320738,-0.08155428,0.15511549,0.43932053,-0.12017194
13181,-5.53372,-0.3974051,-1.1732235,-0.5391779,0.41574562,-0.10203562,-0.34099457,-0.03814137,-0.15300104,0.5311736,-0.16432655
13182,-6.611512,-0.0405426,-1.5511107,-0.6811957,-0.58656245,-0.100436635,0.07419589,-0.15588528,-0.10961795,0.38694143,0.61094046
13183,-4.7417746,0.025534224,-0.89382887,-0.70209205,-0.12352491,-0.18598942,0.059282094,-0.1244956,-0.17292126,0.31985155,0.067063585
13184,-6.455602,-0.29464754,-1.4618906,-0.7979829,-0.018354109,-0.060681365,0.19433612,0.12393519,-0.15923008,0.76845104,0.6550976
13185,-5.3463902,0.095583774,-1.2378541,-0.52505827,0.05876074,0.31963426,-0.0029889047,-0.029874342,0.36582902,0.39745584,0.20826522
13186,-5.1527963,-0.19814137,-1.143019,-0.88096297,-0.36581594,-0.019469015,-0.034943555,-0.15403633,0.22756927,0.6484532,0.25104746
13187,-5.6599026,0.14355987,-1.1087285,-0.29687276,0.004150762,0.2474506,0.065425225,-0.2507084,-0.3393647,0.75842386,0.3762565
13188,-4.8708577,0.102825046,-1.3083678,-0.44188666,0.007494912,-0.2903555,-0.1874347,-0.19063617,-0.05627402,0.08831113,0.19838439
13189,-7.334153,-0.36186582,-1.4223218,-0.94044787,-0.18998596,0.1999382,0.042711113,-0.19045697,-0.30495933,0.5774433,0.40988526
13190,-5.71422,0.02424803,-0.86399865,-0.51033103,-0.2824534,-0.054135386,-0.22842698,-0.2352138,-0.19307329,0.22572322,0.19289473
13191,-5.627926,-0.3709692,-1.3218642,-0.679276,-0.057212584,-0.016518136,-0.30457458,0.18931615,0.17701696,0.58967566,0.43046162
13192,-5.201689,-0.33566388,-1.0931369,-0.95585054,-0.008121487,-0.09439861,-0.37924093,-0.25266176,0.07559146,0.438705,0.29359964
13193,-6.473226,0.04129111,-1.3680714,-0.5715234,0.16112635,0.05203032,0.0026333071,0.017772475,0.02755174,0.5706749,0.43813226
13194,-7.9496536,-0.1715841,-1.5638148,-1.1364901,0.18436536,-0.118956,0.052540686,-0.024493275,0.13353972,1.0218059,0.0016681645
13195,-5.7082114,0.0058533647,-1.2459849,-0.34714845,0.36002365,0.087200485,-0.26297614,0.023487115,-0.23473172,0.103395745,0.17411396
13196,-4.6962924,-0.17762618,-0.95611835,-0.4457549,-0.62756747,-0.14567567,0.24426356,-0.035176568,-0.258141,0.32233113,0.48929295
13197,-6.2269173,0.050804276,-1.4853195,-0.93488187,-0.29707885,0.0018353895,-0.29506376,-0.1712673,0.08075043,0.3596266,0.4687577
13198,-4.1718035,-0.033703968,-0.88736755,0.026480012,0.03016211,0.05171941,0.007064416,-0.0049582236,-0.24643506,0.29712093,0.11541201
13199,-6.5368514,-0.02985996,-1.2117498,-0.7153877,-0.025482362,0.20151642,0.1539065,-0.10151791,-0.032440476,0.64354724,0.28976995
13200,-6.3396316,-0.037102547,-1.1407944,-0.8953564,-0.17265707,0.00961435,0.024399687,-0.3004129,-0.04300014,0.48945138,0.49623728
13201,-5.156387,-0.026131615,-1.2829385,-0.39687768,0.14278796,0.44184685,-0.030549202,-0.16589582,-0.07701495,0.07347983,0.07807332
13202,-6.1179314,-0.33638513,-1.2091471,-0.5046967,-0.73340195,-0.07127573,0.28227955,-0.34750775,-0.08925561,0.5021271,0.62488985
13203,-7.1889715,-0.068990275,-1.019722,-0.6556204,0.18454963,-0.12701504,0.053541616,-0.25199577,-0.05093751,0.575729,-0.07668994
13204,-4.330726,-0.24943294,-0.82400507,-0.42329437,-0.27173558,0.36124814,0.06335859,-0.4185403,-0.03002151,0.6204129,0.45792013
13205,-5.8152223,0.02028606,-1.121006,-0.6731237,0.050183784,0.045590375,-0.17473997,-0.15033017,0.42486444,0.645401,0.1681794
13206,-6.688037,-0.2540845,-1.5030984,-0.8969911,0.42532676,0.1536617,-0.5047906,-0.29829398,-0.038341187,0.6483228,0.16632164
13207,-4.602481,-0.2490782,-0.8440868,-0.684493,-0.33078447,-0.04052059,0.031957094,-0.3531826,0.1252091,0.2288772,0.59591454
13208,-5.7075243,-0.23774989,-1.3558685,-0.5438446,0.29420546,0.16493167,-0.20651132,-0.33605745,-0.15951335,-0.005878913,0.16335005
13209,-3.7278378,0.2166494,-0.8902568,-0.37508613,0.012014255,0.11804374,-0.056873582,-0.23758323,-0.06709491,0.23696756,0.36686832
13210,-8.400957,-0.18225065,-1.2903546,-1.0009071,-0.2758991,-0.126179,0.32147357,0.028049035,-0.2697313,0.42531547,0.654569
13211,-5.3572226,-0.0055611255,-1.0970466,-0.4272263,0.046512622,-0.1684188,-0.07298326,-0.1490866,-0.0325353,0.17866898,0.46211705
13212,-7.274422,-0.18806306,-1.5538079,-0.46827084,-0.14074741,0.15493456,-0.09734355,-0.09570038,-0.15890132,0.2658053,0.5609417
13213,-4.6043363,-0.06685002,-0.96050954,-0.7282781,0.06571824,0.010049897,0.07008278,-0.15194334,0.18581106,0.65429115,0.43049702
13214,-6.1364126,-0.24104549,-0.74917746,-0.32978126,-0.3039045,-0.3084783,0.19403389,0.17629024,-0.5320912,0.27020368,0.5236032
13215,-6.0883193,-0.15196256,-1.1858374,-0.894294,-0.25391445,0.07540516,-0.047357015,0.06507384,0.2833821,0.88854784,0.16569884
13216,-4.8040323,0.17682013,-1.1297334,-0.554509,0.10631362,0.15307477,0.021949265,-0.3658415,0.16352734,0.27666277,0.057218824
13217,-6.372785,-0.34397864,-0.76276386,-0.33248645,-0.2873586,0.2964838,-0.19817068,-0.38813344,-0.3061154,0.6956091,0.23012528
13218,-5.6764164,-0.2877165,-1.036183,-0.3513482,0.04442153,0.098358795,-0.3084386,-0.39861083,-0.47803512,0.4286775,0.18725765
13219,-5.8579607,-0.25317916,-0.8544448,-0.9172287,0.07318933,-0.18489063,0.024620699,-0.086477295,-0.07381833,0.2409278,0.34091577
13220,-8.294937,-0.017569538,-2.0021892,-1.0425681,0.025893718,0.41471797,-0.36469817,-0.31915686,0.16326289,0.42804116,0.39907935
13221,-6.2239623,-0.23191231,-1.1497239,-0.6632683,0.24881816,0.2341375,-0.1594134,-0.17509405,0.068977274,0.5871672,0.52575886
13222,-6.6158147,-0.09155659,-1.0563679,-0.7417021,0.11274767,-0.016353074,-0.14651099,-0.32540908,-0.05931876,0.7369582,0.11903348
13223,-5.170019,-0.20814827,-1.0680299,-0.75892,-0.38636944,-0.006858155,0.12447953,0.058198147,0.14526783,0.5011228,0.6043066
13224,-5.3546762,-0.13941671,-1.3223429,-0.40979177,-0.2194357,0.19665632,0.21074264,-0.041963287,0.03531252,0.5455142,0.45870304
13225,-4.9143047,0.07626278,-0.8999503,-0.45412353,0.052633993,-0.20229535,0.017540565,0.4056,0.08418145,0.38901955,0.19369747
13226,-5.81532,-0.20406564,-0.98744786,-0.5408797,-0.5998964,-0.12984677,0.041728698,-0.09196982,-0.35441574,0.24638087,0.32329163
13227,-4.5527053,-0.2760492,-0.69621545,-0.6461917,-0.0873431,-0.035660762,-0.15867779,-0.19485006,0.024749618,0.4126072,0.44050083
13228,-6.364045,-0.08791226,-0.9557822,-0.77621627,-0.33787867,-0.13367324,0.027349532,-0.33962312,-0.102120526,0.122999266,0.55554193
13229,-5.7067885,-0.28033948,-0.98406535,-0.6969518,0.19972377,0.118665606,0.03998497,0.20174272,-0.31175086,0.26817083,0.58357835
13230,-5.6101203,-0.023791295,-1.3283651,-0.45272574,-0.54130554,0.21907288,-0.16229698,-0.075730495,0.15722652,0.54784554,0.23773436
13231,-5.391442,-0.13133243,-0.9915933,-0.3834805,0.09616693,-0.2529781,-0.12749632,-0.1418299,0.1228097,0.6716408,-0.051592886
13232,-6.6732,0.0121584125,-1.3201826,-0.40590498,-0.09705999,-0.0011607176,0.24239366,0.36636165,-0.14100862,0.27262717,0.4156855
13233,-4.091972,-0.16238712,-0.9249279,-0.532157,-0.25124782,-0.11843987,0.048040323,-0.121290796,-0.010624642,0.3175545,0.29517752
13234,-4.979913,-0.08216161,-1.0896854,-0.68683726,-0.2858598,0.121776134,0.3253149,-0.23448665,-0.09744526,0.36025545,0.4590158
13235,-3.9473157,-0.3368177,-0.6011367,-0.35561028,-0.21101984,-0.028430957,-0.12970762,-0.0376534,-0.04695671,0.4836411,0.18494675
13236,-5.0168962,-0.2552555,-1.0881547,-0.5145721,-0.16866605,0.12262948,-0.18123846,-0.10566479,0.088062085,0.80104256,-0.0057190573
13237,-6.154544,-0.017135475,-0.912198,-0.5341354,-0.3493722,-0.20085306,-0.122607194,-0.1752525,-0.09159929,0.5071745,0.12536429
13238,-5.1462574,-0.2697012,-0.86343104,-0.33977765,-0.14921275,-0.012616709,-0.29791188,-0.44265914,-0.1173334,0.30615264,0.017259894
13239,-5.5991044,-0.08164833,-1.0605793,-0.71038353,0.25427854,0.026649322,0.04775131,0.024701161,-0.026735233,0.44395235,0.34963533
13240,-5.669318,0.11417905,-1.2117258,-0.4608171,-0.23017749,-0.28522468,-0.21823785,-0.27358243,-0.2691209,0.33597946,0.32975605
13241,-5.2185764,-0.1587055,-0.8324541,-0.8644589,0.18289174,-0.077039614,-0.20346528,-0.22355634,0.0035079764,0.38897413,0.15301211
13242,-6.6954174,-0.51454824,-0.8974783,-0.31573492,0.19506977,0.061872285,-0.019009922,0.00392401,-0.036640093,0.15836537,0.45410556
13243,-6.4747686,-0.038204335,-1.4225607,-0.49322402,0.39319292,0.60852194,-0.15283279,-0.2584937,-0.028831767,0.42371553,-0.03595787
13244,-6.1150584,-0.05180745,-1.078904,-0.5279526,-0.43942565,-0.25804383,0.16297762,-0.6121313,-0.0028911475,0.28007445,0.42076737
13245,-4.6862698,-0.010850451,-0.7544156,-0.28817698,0.27867037,-0.037242886,-0.073197976,-0.24931362,0.078273654,0.21689482,0.24302544
13246,-5.736765,-0.29524887,-1.4242121,-0.85492975,-0.22749883,0.01726967,-0.15531367,0.22713517,-0.14569557,0.39926434,0.39070958
13247,-6.309129,-0.39985302,-1.1318271,-0.478021,-0.6700418,0.0408338,0.08428009,-0.4848966,0.12015243,0.89950716,0.74908
13248,-5.5058436,-0.02114921,-0.684325,-0.4747043,-0.41151625,-0.2764424,0.051310677,0.11630057,-0.308249,0.13581108,0.46470928
13249,-5.3075814,-0.14079835,-1.1478341,-0.58042365,-0.18898726,0.038987577,-0.19142586,0.0010265149,-0.06429301,0.3951984,0.18249853
13250,-4.449176,-0.2618949,-1.0495757,-0.6775136,0.34609452,0.053637642,-0.30625394,-0.40513036,0.2835837,0.2113734,0.20695466
13251,-4.6699686,-0.18415178,-0.93671906,-0.7978284,-0.1372774,0.20581019,0.0441359,-0.34352115,0.17111322,0.3913457,0.34137243
13252,-7.2936335,-0.076190494,-0.9357223,-0.698916,-0.2166622,-0.41571277,0.3377493,0.07036177,-0.36405742,0.4227159,0.25939465
13253,-4.115621,0.17079638,-0.77113646,-0.3143685,-0.052444424,-0.15857393,-0.12102989,-0.017621435,-0.107247785,0.35777393,0.26929137
13254,-6.8540554,-0.0815862,-1.3736188,-0.38982338,-0.12155936,0.48289084,0.37109205,-0.099276476,-0.17031601,0.28624263,0.27638003
13255,-4.4606347,-0.38561678,-0.81237996,-0.50325316,-0.039069302,0.070729114,-0.12561616,-0.308264,0.12203471,0.6660972,0.21589145
13256,-5.727144,-0.08991274,-1.1650754,-0.9102578,-0.17874783,-0.26058656,0.005067644,0.23541297,0.048972934,0.54524934,0.47058582
13257,-3.903043,-0.18142769,-0.6116247,-0.4389324,-0.059471697,-0.1356527,-0.064546555,-0.12244826,-0.12884496,0.43821824,0.13929139
13258,-6.3547807,-0.3967828,-1.3408631,-0.4947664,0.10176643,0.024852188,-0.18869507,0.098960504,-0.046818443,0.40504467,0.3605582
13259,-7.041335,0.036363836,-1.436627,-0.34276366,-0.48771888,0.272323,0.11433473,0.23802525,-0.35157463,0.39523634,0.6201291
13260,-5.9516926,-0.33045426,-1.2568032,-0.9053056,0.18371652,0.2033042,0.0496504,-0.21702138,0.0017252453,0.02165574,0.17221738
13261,-5.2156167,-0.094391346,-0.9500516,-0.54745805,0.31426626,0.057456367,-0.1931344,0.084853955,0.07320569,0.8244761,0.15134183
13262,-6.5051336,0.099892266,-1.0823694,-0.5791424,0.05438786,-0.17753392,-0.15657339,-0.46896455,-0.16700281,0.41280535,-0.22956355
13263,-3.9267373,0.025270306,-0.5757885,-0.4138479,-0.52578306,-0.29827642,0.28442016,-0.38984305,-0.20060652,0.37806764,0.28689304
13264,-6.6298156,-0.1984198,-1.1417887,-0.46956518,-0.07800689,0.27599806,-0.32519025,-0.308756,-0.06390513,0.3684452,0.2532321
13265,-5.8322263,-0.3346241,-0.99335307,-0.7140259,0.1037516,0.1529025,0.014232695,-0.2499089,-0.02765108,0.3962605,0.36194387
13266,-5.4724765,0.20268756,-1.0268898,-0.275877,0.19214529,0.32164013,-0.059930235,-0.30360347,0.013694852,0.4561735,0.090416655
13267,-4.0894527,-0.005011129,-0.7972022,-0.50723785,0.05500449,-0.1785355,-0.029082399,0.0021461872,0.0018041786,0.17061432,0.026538048
13268,-8.000849,-0.031296033,-1.5698129,-0.90266216,0.06455416,-0.6117642,-0.15806967,-0.49840656,-0.21364097,0.18812478,0.7645047
13269,-5.661543,-0.41748193,-0.82789546,-0.50628895,-0.2818212,0.2662139,0.11988168,0.13205002,-0.40524802,0.59754056,0.46385723
13270,-4.3632803,-0.16828491,-0.82786846,-0.40392354,-0.06545338,0.07126259,0.2006847,-0.031608596,0.027786711,0.50966436,0.14231089
13271,-5.5957403,-0.3914447,-0.8998047,-0.6704716,-0.6214554,-0.5221318,0.23512723,-0.13867976,-0.022439605,0.45359254,0.34128082
13272,-5.8667927,-0.44206253,-0.88177395,-0.32740432,-0.07283301,0.11426428,-0.118504666,-0.26996818,-0.4248233,0.24172467,0.047837563
13273,-4.982798,-0.13267803,-1.1190075,-0.6105121,0.008893112,-0.2613082,-0.07990831,-0.16288747,0.15211533,0.26994947,0.16349912
13274,-5.2834077,-0.03768739,-0.8706483,-0.2542775,-0.13665642,-0.24961491,-0.12888151,0.08978746,-0.5127975,0.35758418,0.14090504
13275,-4.7617545,-0.15061481,-1.0566629,-0.8089329,0.09415349,0.29271817,-0.015511214,0.032712415,0.21895026,0.5254759,0.24272048
13276,-5.4850283,-0.04892249,-0.90048784,-0.3813979,0.038954556,-0.47005123,-0.09112908,0.15286991,-0.15010919,0.5570679,0.23693147
13277,-5.5834627,0.111077055,-1.1449145,-0.61643666,-0.24110049,-0.25614977,-0.28613895,-0.028382527,-0.09974681,0.519435,0.19484054
13278,-5.4378295,-0.13910775,-1.4108434,-0.95527697,-0.11255387,-0.081182145,-0.37122056,-0.2795157,0.23749298,0.39911804,0.14269751
13279,-4.710044,-0.25426108,-0.97523886,-0.752378,-0.25078338,0.07182698,-0.04328298,-0.4178163,0.40583265,0.5359461,0.104681924
13280,-7.885513,-0.29474273,-1.3590031,-0.70610213,0.26843578,0.85105896,-0.33730128,-0.96502715,0.38158578,0.19177051,0.21392311
13281,-5.5752463,-0.15709716,-1.421124,-0.66593105,0.2206072,0.4357503,-0.33525085,-0.37637764,0.28454483,0.49348494,0.13865507
13282,-4.620163,-0.4347215,-0.52871966,-0.51209277,0.028487582,0.21956956,-0.3063765,0.09023613,0.033707306,0.5072471,0.29474264
13283,-6.903241,-0.30355132,-1.4120684,-0.65779877,-0.4460853,-0.56972164,0.22850776,-0.006786173,-0.19146273,0.586817,0.45556736
13284,-4.8972006,-0.014575467,-1.15603,-0.5010366,-0.28523526,0.31934667,0.018575773,-0.0052606408,-0.14001755,0.47779843,0.35647118
13285,-5.2126474,0.054052282,-1.0246265,-0.5447627,0.3346541,-0.13673618,-0.08734345,-0.077936016,-0.15654676,-0.037991136,0.06281961
13286,-6.6627283,-0.3068134,-1.8517634,-0.7500145,0.34078914,-0.089727975,-0.38366386,0.32419717,0.09922667,0.90456164,-0.045865726
13287,-4.1380186,-0.2819586,-0.67898375,-0.6426157,-0.18160826,0.2583198,0.14515112,-0.06994322,0.19186032,0.46080363,0.38467026
13288,-7.4291887,-0.13724148,-1.8527215,-0.37904683,0.45869032,0.045827683,-0.21559978,0.11522158,-0.2279661,0.17208931,0.16698404
13289,-5.024361,0.09485895,-1.3306133,-0.58820575,0.32943186,-0.18849546,-0.23290533,-0.073271774,0.05886244,0.17049465,0.36370316
13290,-5.673533,-0.10681838,-0.90933496,-0.5353129,-0.054465286,0.12416498,-0.13828346,-0.083736666,-0.12704974,0.8316966,0.45303467
13291,-5.8907666,0.023926245,-1.3296095,-0.85246706,0.22145921,0.2346636,-0.33772227,-0.28384146,0.15976092,0.6180248,0.110239744
13292,-6.461285,-0.21986578,-1.1493311,-0.70210725,-0.43934813,-0.37388688,-0.0021915855,-0.15064181,-0.060207613,0.7365713,0.27147284
13293,-5.641187,0.37508374,-1.0114896,-0.7141917,0.0023723852,-0.3634777,-0.28321022,0.017322242,-0.16215724,0.6937701,0.09863903
13294,-6.267703,-0.13734533,-1.550633,-0.38697517,-0.1375272,-0.22951894,-0.28644457,-0.28378403,-0.45080036,0.77767354,0.23008545
13295,-4.87289,-0.31929582,-1.0828491,-0.53949076,-0.42561623,-0.036906205,0.38178322,0.03201381,-0.43230534,0.42280683,0.44977927
13296,-5.762041,-0.067382224,-0.9241701,-0.3887424,-0.26774028,-0.048002344,-0.08789822,-0.24180183,-0.4049972,0.540304,0.25127026
13297,-5.5557323,-0.25223538,-1.0286734,-0.6352082,-0.2732936,-0.12470907,-0.052461877,-0.42235634,0.064087205,0.57536757,0.34305006
13298,-6.1826982,-0.12085572,-1.0064002,-0.58953995,0.104701236,0.4289683,-0.3441734,-0.42107847,-0.24361046,-0.012021643,0.14984986
13299,-5.8477564,-0.15386297,-1.2150351,-0.7500616,-0.15980546,0.13358873,0.05232628,-0.15391412,-0.12058534,0.2890087,0.20553671
13300,-5.487176,-0.12748809,-1.2508397,-0.6914114,-0.38703623,-0.021870933,0.09373746,0.011551751,-0.13282605,0.3930029,0.66819936
13301,-4.4769325,-0.30216986,-0.64359516,-0.41349608,-0.49165413,-0.046116434,0.034061786,-0.28581086,-0.30309334,0.35134652,0.40970987
13302,-4.502636,-0.02056792,-0.83978736,-0.63947874,-0.20496975,-0.10940162,0.2949383,-0.11080958,-0.10753838,0.32231402,0.2746285
13303,-6.3522997,-0.20918798,-1.2660571,-0.39618078,-0.121784665,0.19562349,0.27355683,0.07905231,-0.37721092,0.18285124,0.56824374
13304,-6.715703,-0.22709405,-1.0385197,-0.7470432,0.4121702,0.0886094,-0.14396155,0.28283697,0.02560529,0.7161558,0.28580138
13305,-4.98921,-0.08752136,-1.1274225,-0.56661266,0.17763679,-0.097910985,-0.12665367,0.23631251,0.06849863,0.43560797,0.05090468
13306,-4.847428,-0.097107045,-0.9836023,-0.26139376,0.14881517,0.16909498,-0.21706031,0.2151854,-0.12674753,0.27528954,0.020426486
13307,-5.7367473,-0.12990667,-1.0898039,-0.64639866,-0.037623942,0.17711276,-0.11199278,-0.70810175,0.2314149,0.30138117,0.36280945
13308,-5.112451,-0.15631767,-1.3825462,-0.42146668,0.58064055,0.008932114,-0.3274925,0.12065312,-0.045037203,0.3048595,0.14382404
13309,-5.317487,-0.20891087,-0.89086616,-0.77922225,-0.45574594,-0.1094243,-0.12719682,-0.21043193,-0.05846384,0.1665456,0.22261128
13310,-4.3462205,-0.15961775,-1.0816791,-0.46242568,-0.31631947,-0.020967975,-0.11647924,-0.15920365,-0.10076451,0.63324076,0.4014149
13311,-6.825322,-0.025581963,-1.250415,-0.7459824,0.44335786,0.1091284,-0.32147363,-0.47684166,0.13675867,0.54072815,0.052054957
13312,-6.217598,0.061377402,-1.5381044,-1.1311816,0.04506095,-0.1669509,0.07136577,-0.3335985,-0.045331083,0.5015229,0.37691456
13313,-6.722765,0.006769074,-1.2414402,-0.6278367,-0.012013536,-0.1663265,-0.592714,-0.29632962,0.14148474,0.6376472,-0.16040452
13314,-5.603613,-0.16505055,-0.93872386,-0.9043729,0.20721468,0.15190437,-0.14265949,-0.010324396,0.17630874,0.70948774,0.26594627
13315,-6.965848,0.19187184,-1.0568694,-0.54088855,-0.6082107,-0.1062927,0.084735155,0.23965017,-0.31447604,0.7935976,0.3247997
13316,-5.9115686,0.080547035,-0.99517155,-0.6271927,-0.27431306,0.07677254,-0.21166387,-0.119563945,-0.26205263,0.21841559,0.34726548
13317,-4.9285965,0.046426624,-0.8507225,-0.60906744,0.004848184,-0.019249802,0.049675222,0.053338036,-0.24369313,0.2779311,0.155569
13318,-5.9227595,-0.28374842,-1.0444789,-0.62118834,0.10988072,-0.21280582,-0.011756227,0.026345186,0.090115495,0.49823886,0.49856174
13319,-5.3585825,-0.27220407,-1.0152706,-0.5244403,0.005424816,-0.21467832,-0.13484494,-0.47261325,0.15906882,0.25009882,0.20612013
13320,-5.740631,-0.075098194,-0.9412707,-0.81593895,-0.35824054,-0.0036510741,0.0038987426,-0.26492062,0.08856183,0.67679316,0.6656594
13321,-6.043076,-0.16617265,-0.9614594,-0.9402818,0.0017374726,-0.11615987,-0.32557392,-0.26539683,0.059448168,0.5212703,0.22306533
13322,-5.2007823,-0.010811388,-0.84650975,-0.3679533,-0.03165317,0.029675031,0.06024264,-0.054661185,-0.091461375,0.07808874,0.36869475
13323,-5.978233,-0.17627679,-1.0733832,-0.7606697,-0.15523775,-0.005325759,-0.045534227,-0.31621137,-0.21053725,0.08830053,0.2549209
13324,-6.025378,0.028671537,-1.1645083,-0.55113804,-0.18200454,0.40326476,0.15921561,-0.5935795,-0.30293313,0.7123203,0.32278293
13325,-5.524116,-0.0038035512,-0.69877505,-0.713626,-0.24250261,0.11781372,0.39478102,-0.10896021,-0.11811493,0.48897564,0.256965
13326,-5.222923,-0.24119626,-1.2926183,-1.0136832,-0.14574404,0.30606836,-0.07281567,-0.18402238,0.47548795,0.7394512,0.30115703
13327,-4.81909,-0.4951897,-0.6787147,-0.42775092,-0.6732134,-0.017433643,0.012467991,-0.27240354,0.023152351,0.51130664,0.39559275
13328,-4.6193504,-0.012351361,-0.9050332,-0.51001644,-0.15081055,-0.3082112,0.119262084,-0.32649142,-0.17870189,0.54786766,0.17735207
13329,-7.003859,0.027054902,-1.7355018,-0.75911874,0.004060664,0.5043191,-0.38685095,-0.707591,0.28202304,0.47245046,0.27310985
13330,-6.0876403,-0.20750344,-1.1081451,-0.83360934,0.14456438,-0.14846392,0.18780506,-0.104920454,0.10798688,0.6039558,0.57516634
13331,-6.942809,-0.13135628,-1.6458508,-0.3387809,0.2206324,0.012788966,-0.12402723,-0.18931827,-0.36778283,0.31756413,0.20992212
13332,-5.262645,-0.30637282,-1.1397762,-0.7493071,0.106642626,-0.10905355,-0.3424964,-0.03274267,0.23431762,0.5383678,-0.10270514
13333,-6.2561154,-0.13737197,-1.2153195,-0.747582,0.29621902,0.22966652,-0.49717787,-0.4654955,0.089709856,0.66902596,-0.15173645
13334,-6.0917983,-0.30924183,-1.2401253,-0.7049853,0.31525138,0.17244343,-0.020624954,-0.20327754,0.3811538,0.5526044,0.20631866
13335,-5.633359,0.10852564,-0.65569246,-0.55793166,-0.049179077,0.07335167,-0.09663514,-0.17632781,-0.297394,0.28329146,0.3528027
13336,-4.273767,-0.19649532,-0.6498304,-0.35321376,-0.035552815,0.08160889,-0.015264147,0.10270953,-0.06745257,0.6494588,0.28623903
13337,-7.122739,-0.5521622,-1.3438418,-0.7295907,-0.10679364,0.037502684,-0.36626288,-0.18550639,0.043238923,0.7133159,0.7106708
13338,-7.2493453,-0.32470277,-1.5281258,-0.70180494,-0.41753396,-0.35188365,-0.16719823,0.3192388,-0.14025672,0.5998195,0.45256895
13339,-6.0558786,-0.032056205,-0.65809345,-0.50799936,0.057197012,-0.017841712,-0.008936458,-0.05276964,-0.09720319,0.47329226,0.36258802
13340,-8.057307,-0.13370764,-1.1032332,-1.005664,-0.48123565,0.261918,-0.24327998,-0.87390894,-0.13370244,0.20192179,0.24536914
13341,-5.501092,-0.13609535,-0.90751225,-0.7647796,-0.05476119,-0.10581808,-0.10834844,-0.2354289,-0.29976192,0.40993154,0.04107008
13342,-5.6592016,0.014011071,-1.573119,-0.6646309,-0.28242478,-0.013877541,0.2653959,0.10266574,-0.04396066,0.3567747,0.80150455
13343,-5.994605,0.049559087,-1.5187008,-0.8767148,-0.020821434,0.25126463,0.18753394,-0.021326015,0.25654274,0.3268032,0.3999289
13344,-4.2770195,-0.121349216,-0.62535775,-0.66715646,-0.01780501,-0.2398262,0.02289018,-0.1449378,0.17673959,0.27305484,0.38755926
13345,-4.3703604,-0.08562743,-0.98709756,-0.42681447,-0.4045237,-0.13153617,0.42223987,-0.09832778,-0.17107241,0.15468848,0.3079571
13346,-4.377599,0.09956247,-0.77214473,-0.5589973,-0.1549896,0.067700885,0.11336164,-0.43793353,-0.11362785,0.23933989,0.4139848
13347,-6.5425296,-0.080400854,-1.293735,-0.62804157,-0.23739596,-0.11472254,0.18611294,-0.3833777,-0.32126892,0.38176647,0.43453246
13348,-4.4413137,-0.15106152,-1.1005737,-0.7447155,0.010146862,-0.10325752,-0.2400427,-0.03825549,0.12560378,0.45264298,-0.06597916
13349,-5.279403,-0.15705837,-1.2370812,-0.24323034,0.6246509,-0.08008131,-0.106768556,0.035943083,0.003542143,0.43015727,0.008692024
13350,-5.877451,0.13399254,-1.2045323,-0.7651069,0.14726385,-0.3103844,-0.2583505,-0.3074382,-0.30231726,0.43120828,0.21949477
13351,-4.9001822,-0.11449042,-1.04314,-0.39739215,0.10540405,-0.064819,-0.22033024,0.021811757,-0.30185694,0.054218028,-0.13740237
13352,-4.987531,-0.02990261,-0.9723161,-0.27930582,0.111314334,-0.11359307,-0.11408669,-0.0090800505,0.0016127713,0.6998774,0.0221551
13353,-6.488554,0.14011334,-0.6850999,-0.7972981,-0.5592748,-0.26497638,-0.11014671,-0.25708875,-0.4476569,0.23137942,0.26152852
13354,-5.5445633,-0.19173004,-1.4773968,-0.76818645,0.047080908,-0.11952287,-0.17321725,-0.0036140047,0.29403487,0.73812777,0.0662773
13355,-4.6249356,-0.09148409,-1.0948892,-0.51880395,-0.22327985,0.064391956,0.21784197,-0.27995616,-0.074060515,0.40855563,0.21011648
13356,-7.7843695,-0.2743049,-1.5654571,-1.072415,-0.73735934,0.03973717,0.3550513,-0.056398764,-0.32172546,0.33559418,0.74295324
13357,-6.4139075,-0.06701833,-1.6338212,-0.4700982,0.33544558,-0.096502595,-0.17811695,0.04641436,-0.110878825,0.14321552,0.35403508
13358,-6.3840632,-0.016106434,-1.1835364,-0.3651942,-0.061329626,-0.12623282,-0.09835652,-0.57719094,-0.30556113,0.37134424,0.107618324
13359,-5.466063,-0.12947842,-1.0563786,-0.8209274,0.19510789,0.22370663,0.21220268,-0.31338733,0.12422309,0.5813943,0.5138652
13360,-3.168942,-0.051940937,-0.6127965,-0.3848019,-0.047836136,0.17918204,-0.020552024,-0.25774497,0.0743871,0.18638138,0.27501455
13361,-4.867374,0.092598446,-0.86071855,-0.12855847,-0.02956883,-0.20116311,0.07778753,0.022994826,-0.32254714,0.34411636,0.027488282
13362,-5.2197957,-0.28467396,-1.2760946,-0.8973381,-0.22140037,0.020369455,-0.2530637,-0.102160454,0.17914739,0.522014,-0.11009767
13363,-5.712145,-0.28001362,-1.184004,-0.4630268,-0.4424286,-0.1879641,0.12581162,-0.16195334,-0.13674115,0.3734516,0.6107469
13364,-3.8585806,-0.1713038,-0.51911336,-0.39761725,-0.05832155,-0.04723627,0.22685662,-0.14233416,-0.28329208,0.20360252,0.15202257
13365,-6.9361825,-0.17493309,-1.236181,-0.82554203,-0.124345936,-0.49604243,0.19823189,0.017745726,-0.094309315,0.27655813,0.6243798
13366,-5.7287526,0.06714347,-0.99133044,-0.7454933,-0.2780593,-0.08073527,0.35741553,0.31162146,-0.21850233,0.38502532,0.5388607
13367,-4.164374,-0.16886204,-0.8904589,-0.560439,-0.3365611,0.47182262,0.07500232,-0.30442005,0.051072113,0.3001091,0.3439323
13368,-4.2093444,-0.18019821,-0.7763597,-0.6922754,-0.1630054,0.083885,0.14932671,-0.06170568,-0.21801482,0.2677504,0.38471547
13369,-5.3568025,0.104891494,-0.63182044,-0.5647193,-0.049462147,-0.4835595,0.2553683,-0.10883518,-0.1850764,0.3834322,0.21173728
13370,-5.299511,-0.4634941,-0.90482605,-0.34642068,0.16367285,-0.08597256,-0.11977764,0.08632935,-0.22569613,0.22268091,0.58853203
13371,-6.8174114,-0.14942117,-1.5586143,-0.7992183,0.099449195,0.3717096,-0.45866787,-0.46274877,-0.22410212,0.21019784,0.26616856
13372,-7.469798,0.115403414,-1.2091857,-0.73059595,0.1655881,-0.048867404,-0.2614823,0.114354,-0.20681685,-0.088750415,0.4064174
13373,-4.0312605,-0.0502451,-1.1436216,-0.46817434,-0.005219215,0.20103359,0.026851308,-0.31014088,-0.2228834,0.25942793,0.26504558
13374,-3.840147,-0.0008390369,-0.9415676,-0.3408489,-0.06734367,0.22140577,0.04984095,-0.17387567,-0.122447,0.13924019,0.23620354
13375,-5.063916,-0.28172848,-0.9484477,-0.8209589,-0.27451155,-0.22695577,0.06940605,0.025191478,-0.07953949,0.5277035,0.48030385
13376,-7.082286,-0.4119821,-1.3396547,-0.9919783,-0.33599,0.11433889,0.19681823,-0.053651795,0.20772855,0.33759713,0.78654706
13377,-4.2452536,-0.08820039,-0.8294625,-0.54321164,-0.14759085,-0.14280635,0.055363566,-0.23233213,-0.012535308,0.40498742,0.1308559
13378,-6.9934025,-0.021885488,-1.394009,-0.74388224,-0.14761543,-0.1368185,0.23183464,-0.13468434,-0.1999737,0.87045646,0.34268475
13379,-7.3314204,-0.37087765,-2.15534,-0.5327262,0.009613124,0.53028107,-0.476831,-0.43550766,0.44377735,0.6492444,0.20943649
13380,-3.8548326,-0.0625556,-0.8022902,-0.54064107,-0.15402202,-0.07507546,0.29474908,-0.040971324,-0.1674486,0.3391796,0.20039521
13381,-6.385716,-0.22120465,-0.88808995,-0.8712887,-0.5084488,0.043819778,0.20566854,-0.68625057,-0.25740632,0.24787587,0.60440016
13382,-6.559467,-0.015784185,-0.98536307,-0.4026514,-0.25797185,-0.17884858,0.28307542,0.06705769,-0.27943847,0.68817556,0.529562
13383,-6.26618,-0.31343666,-1.1617137,-0.95445555,0.35539427,0.05373063,-0.03431279,-0.15366852,0.46944535,0.8261124,-0.05411955
13384,-5.1596565,0.06552444,-0.8963479,-0.60174584,-0.10494323,0.17715225,0.29100308,-0.124248065,-0.00023861788,0.8402288,0.1163025
13385,-6.362599,0.14066443,-1.5111332,-0.69970775,-0.05022167,0.21684441,-0.02254796,0.041607894,-0.013654338,0.62984544,0.22219056
13386,-7.176957,0.02881027,-1.7286036,-0.19149819,0.5204714,-0.057167113,-0.52866316,-0.31222004,-0.30420542,0.21384202,0.23209973
13387,-6.697698,0.32213753,-1.2960027,-0.4451256,0.14377867,0.06842591,-0.070234515,-0.15374328,-0.17881079,0.24067165,0.2784263
13388,-7.4226794,-0.26123002,-1.5637953,-0.8060905,0.09562169,-0.0014016619,-0.4593071,-0.13850653,-0.13119572,0.36892068,-0.031555224
13389,-5.3954916,-0.27014256,-1.1983533,-0.5060568,-0.15012556,-0.013488185,-0.102524266,0.14248717,0.055696726,0.5480764,0.3382526
13390,-5.506454,-0.103843205,-0.9464291,-0.26362062,-0.21672052,-0.14172362,0.15229523,-0.23973116,-0.21431881,0.39171374,0.60461485
13391,-7.6429677,-0.14009568,-1.2078574,-1.0603774,-0.26963127,0.4313957,0.1138949,-0.35370407,0.06676667,0.8548422,0.57980865
13392,-5.455811,-0.3085393,-1.3896142,-0.593546,-0.07141802,0.039872266,0.02193284,-0.06750201,-0.040303178,0.79148936,0.30424726
13393,-5.2277293,0.14559764,-0.8433087,-0.25741187,-0.43715224,-0.2782367,0.28173104,-0.018725887,-0.15515153,0.4989527,0.51044625
13394,-7.2842555,0.11691715,-1.1914519,-0.70450705,-0.023552729,0.1439131,-0.32052565,0.20358375,0.19639315,0.56618917,0.31853795
13395,-5.604467,0.03930764,-0.9954075,-0.50319225,-0.1531478,-0.13593805,-0.0689624,0.14640589,-0.29425243,0.2544951,-0.041447546
13396,-7.255556,-0.05520087,-1.6549964,-0.90420353,-0.04689411,0.23037101,-0.12850238,-0.3039147,0.09494709,0.5137585,0.35092938
13397,-4.473593,0.099934325,-0.7900622,-0.34924787,-0.112850875,0.12666938,0.22741689,-0.2623464,-0.089796804,0.35438558,0.22761714
13398,-5.650833,-0.2518326,-1.0845182,-0.55235916,-0.11467905,0.25305852,-0.1570483,-0.3625805,-0.07425719,0.13296534,0.26019198
13399,-6.0342636,-0.007251025,-1.2514007,-0.5888114,0.12814893,0.28809917,-0.41762552,-0.36110798,-0.025182726,0.14426626,-0.08577112
13400,-5.8896084,-0.48906022,-1.048145,-0.6621654,-0.14516042,-0.124862194,0.028559424,0.30036184,-0.12152773,0.63698655,0.28284922
13401,-4.6295238,0.0016827155,-1.1332868,-0.18159407,0.37215465,0.1440928,-0.08711382,-0.021710606,-0.10781964,0.40680605,0.16018373
13402,-8.184399,0.035565253,-1.2569361,-0.9656285,-0.47773713,-0.030610193,0.06456422,-0.40767783,-0.08911076,0.30712366,0.5125781
13403,-5.5722904,0.036675178,-1.2435321,-0.12057574,0.1428035,0.033643994,-0.40596047,0.1554371,-0.33131877,0.1879756,0.19152789
13404,-6.0685625,-0.36943883,-0.85764146,-0.537754,-0.07553267,0.12872323,-0.19249693,-0.80638874,-0.3248806,0.38930172,0.4728646
13405,-5.6968846,0.053649083,-1.2496688,-0.82664496,-0.7206743,-0.1957349,0.028170262,0.01817275,0.010386404,0.6556366,0.6238783
13406,-5.1866674,-0.24261694,-1.1291664,-1.0071446,-0.1690561,-0.07824819,-0.0087229805,-0.23005785,0.07196742,0.3724758,0.32577386
13407,-5.108368,-0.17095445,-0.9590552,-0.48386377,0.23387532,0.20065503,-0.19533144,-0.25902897,0.039749105,0.14324373,0.08697746
13408,-6.2393303,0.07478872,-0.967159,-0.81923264,-0.0824707,0.1305512,-0.17752057,-0.34463477,-0.18324843,0.20302121,0.347093
13409,-6.191749,0.13826844,-1.3925586,-0.48638627,0.13541324,-0.18275194,-0.08110943,0.19131485,-0.23989065,0.36158985,0.35800013
13410,-4.6779823,-0.20126201,-0.6609243,-0.39260694,-0.20183006,-0.45103705,-0.10843368,-0.24451205,-0.19932972,0.37614232,0.53221965
13411,-6.2370257,-0.03704286,-1.2051011,-0.702416,-0.006043742,0.0658276,0.040006727,0.11038939,-0.09303703,0.33881178,0.5737736
13412,-4.465448,-0.30832955,-0.6969551,-0.46565154,-0.105206594,0.04602964,-0.09187664,-0.16187252,0.06648978,0.22548647,0.17025158
13413,-5.5956326,-0.18866348,-0.8192673,-0.49877995,0.115893014,-0.032821774,-0.10874456,-0.51106703,-0.3191203,0.35580453,0.079219796
13414,-5.231981,-0.28967577,-0.78822905,-0.55227983,-0.090942614,-0.22726949,0.027944766,0.10832221,-0.05667609,0.39943868,0.016687976
13415,-6.6441717,-0.019059416,-0.7901538,-0.9167335,-0.8446586,-0.23460226,0.04851256,0.008872082,-0.07282767,0.5432622,0.44306943
13416,-6.0867424,-0.049002357,-0.91467404,-0.73030114,-0.16495362,-0.19124317,0.001827646,-0.29181787,-0.16658364,0.012983787,0.40328768
13417,-6.1094646,0.0996366,-1.0890169,-0.66747296,0.23101576,-0.17591847,0.11448438,-0.09507328,0.04696362,0.34906912,0.25578856
13418,-5.779332,-0.1609437,-0.55138427,-0.53123474,0.07565519,-0.08082609,0.21400972,0.043802053,-0.17838292,0.059337415,0.2080977
13419,-5.483024,-0.09184346,-1.087916,-0.49348122,0.089650184,0.099677145,-0.31194615,-0.51558024,-0.23792683,0.3084569,0.28550795
13420,-7.1779685,-0.2074728,-1.4255449,-1.2585094,-0.017651454,-0.18812789,-0.28975517,-0.4454648,0.5315246,0.7154886,0.11316857
13421,-6.801462,-0.37679616,-0.6367263,-0.65296394,-0.8912496,-0.57145274,0.26676676,-0.2105333,-0.39769906,0.62570995,0.4349183
13422,-6.223414,-0.091639966,-1.2526717,-0.57727605,-0.30406952,-0.13950337,0.3975442,-0.26899123,0.044477656,0.4757616,0.55061156
13423,-4.515015,-0.22644323,-0.8826622,-0.62297463,-0.24195568,-0.1502299,-0.043950826,0.140964,-0.03737615,0.5402577,0.08831931
13424,-6.171687,-0.013756319,-1.2753484,-0.5339797,0.45453182,-0.42047584,-0.6140566,-0.11610041,-0.0695214,0.57930183,-0.22154036
13425,-7.4155173,0.14869961,-1.4331412,-0.638513,-0.36068827,0.14620912,0.29666013,-0.4101588,0.004786661,0.3013272,0.14697224
13426,-6.2627506,-0.26710874,-1.5037018,-1.119568,-0.0973586,0.09189843,-0.05520887,-0.16873446,0.1993803,0.8185537,0.38654125
13427,-5.503569,-0.2950626,-1.3135775,-1.0345654,-0.29211935,-0.0051366054,-0.052117206,-0.059423268,0.3562354,0.5096595,0.19234435
13428,-5.2022614,-0.16618504,-0.76029915,-0.18106884,0.07517205,-0.31136733,-0.31950706,-0.1766935,-0.4931864,0.33473688,0.23374055
13429,-6.1651335,-0.13378017,-0.99476075,-0.47650483,-0.34929296,-0.007983371,0.0011509033,-0.1689849,-0.20452254,0.31596795,0.3783066
13430,-5.592305,-0.25284085,-1.205956,-0.70183325,-0.2119195,0.26606625,-0.05137203,0.0017178496,0.06648011,0.40610093,0.44864547
13431,-4.9255795,-0.0071987277,-1.0660169,-0.43737087,0.11850858,0.13372838,-0.12164054,-0.022689411,-0.19571672,0.35463303,0.0119944615
13432,-7.1952424,0.23693985,-1.7590575,-0.48218554,0.51303756,-0.266317,-0.095591925,-0.27520648,-0.1759821,0.34419778,0.00023262668
13433,-4.1160297,-0.18819097,-0.6446101,-0.3874701,-0.15652227,0.14814223,0.022875324,-0.36047333,-0.04408805,0.20883264,0.3859288
13434,-4.587694,-0.08543348,-0.95605785,-0.40137517,-0.34293905,-0.014204254,-0.007381144,-0.029085202,-0.15419629,0.4215161,0.27615732
13435,-6.49445,-0.17268012,-0.96272284,-0.7266608,-0.44315547,-0.20676601,0.19024262,-0.3259378,-0.30730516,0.7107921,0.40669298
13436,-4.8787117,-0.04585244,-0.8386598,-0.69704,0.0043470045,0.0080685485,-0.18056835,-0.19761907,0.16789208,0.54648817,0.26480207
13437,-6.6131673,-0.05708575,-1.3456026,-0.3827297,-0.27790225,0.17470805,0.26337025,-0.15011351,-0.15161037,0.56773293,0.47099707
13438,-6.259441,-0.16797428,-1.076581,-1.0119689,-0.010808239,-0.077848054,-0.020800516,-0.28141466,0.07785449,0.6875564,0.49849766
13439,-6.489742,-0.17632124,-0.85426104,-0.42749617,0.16639958,0.0787516,-0.12934846,-0.21470794,-0.22662786,0.49697676,0.47937676
13440,-6.1401443,-0.4287236,-1.1992526,-0.5223704,0.37025654,-0.3091746,-0.063249715,0.071960896,-0.014523026,0.32849243,0.29533446
13441,-5.8781238,-0.03829773,-1.2932308,-0.2917715,-0.20903319,-0.13376261,-0.09118235,0.1949946,-0.39180472,0.5433703,0.21557872
13442,-3.9145174,-0.18936788,-0.8393926,-0.26823863,-0.12652133,-0.20400895,0.25900188,0.07106068,-0.17869727,0.42072827,0.40386856
13443,-4.6802306,-0.037557557,-1.1963615,-0.56094736,0.03201759,0.0033572027,-0.13359466,0.1863547,0.12259748,0.5159912,0.206353
13444,-7.8455973,0.13470003,-1.9122283,-0.757868,-0.16701332,-0.21211135,-0.4158371,-0.14777255,0.03315833,0.4773811,0.093515694
13445,-5.4787908,-0.33010563,-0.961873,-0.4877339,-0.10909838,-0.33746356,-0.26231086,0.26507202,-0.3093021,0.27955136,0.122823186
13446,-6.551475,0.01783698,-1.0518886,-0.46404052,-0.083944336,0.040408637,-0.15370612,-0.5741196,0.0125396,0.44828895,-0.07668866
13447,-6.5641327,0.1132588,-1.492721,-0.7339029,0.14224407,-0.031934388,-0.29954565,-0.33246034,-0.33484694,0.73382974,0.30967304
13448,-5.9468284,-0.26640058,-1.3737657,-0.57130796,0.26977906,-0.14001179,-0.3785441,-0.1501244,0.15636547,0.57017297,-0.18244457
13449,-5.2669125,-0.3481619,-1.1654698,-0.14878073,-0.16000311,-0.1548523,0.14620206,-0.12068456,-0.121037155,0.24862732,0.5016264
13450,-5.3469024,0.15407775,-1.0787705,-0.7159364,0.008346359,0.115681306,0.11758743,-0.41205895,-0.14323609,0.16585094,0.30912864
13451,-4.8007584,0.042343333,-0.86011404,-0.25837103,-0.34760153,0.107295305,0.012126188,-0.32930523,-0.14659683,0.34500527,0.1342363
13452,-5.3929787,-0.041729484,-0.8660654,-0.6501182,-0.23045878,0.31625485,-0.122036405,-0.4733412,-0.0911943,0.18009472,0.050615635
13453,-7.800747,-0.59221315,-1.255141,-0.8842369,-0.6315344,-0.28104663,0.064556085,0.04139375,-0.47689906,0.6139456,0.5732014
13454,-4.890811,0.034717567,-1.2263353,-1.0911506,-0.3262299,0.10182391,0.11547747,-0.08612314,0.18161237,0.64591664,0.5303309
13455,-5.9369903,-0.45222768,-1.0198619,-0.91104937,-0.24524534,0.17194784,-0.05405105,-0.25335932,-0.013571013,0.45857927,0.341998
13456,-4.9486265,-0.04425168,-0.91396254,-0.54782724,-0.0248816,0.2465686,-0.062602066,0.20259807,-0.050267734,0.40130752,0.21246688
13457,-7.3560815,-0.3817388,-1.883804,-1.2061987,-0.20904675,-0.044826493,-0.19513053,-0.14965387,-0.07714433,1.1115395,0.18434912
13458,-6.8191223,-0.09772587,-1.155563,-0.28312206,-0.047242474,-0.43985152,0.044328462,0.04579903,-0.47354525,0.18304266,0.30463186
13459,-4.498326,-0.09621098,-0.93072915,-0.37612545,-0.20140347,-0.26033193,-0.13247897,-0.1267839,-0.17507085,0.3441116,0.34339157
13460,-4.5151186,-0.12491289,-0.9847778,-0.43663102,-0.03205544,0.31423563,-0.12968272,-0.41578317,0.036788553,0.5719918,0.4912551
13461,-4.927497,-0.10269265,-0.8333599,-0.5537667,-0.2601988,0.2392159,0.074632354,-0.4797798,0.13083085,0.3682618,0.39605734
13462,-4.2141705,-0.016222239,-0.89804584,-0.24920484,-0.071435265,-0.0438281,-0.18177624,-0.13870427,-0.2788067,0.13455571,0.28027096
13463,-5.111259,-0.110251755,-1.0822554,-0.45498177,-0.17163603,0.22455686,0.2915637,-0.20899488,-0.0003556274,0.390655,0.34086132
13464,-5.941791,-0.25782236,-1.0954171,-1.0050145,-0.03905637,-0.29195714,0.020024154,0.0048577087,0.1183744,0.3810736,0.5413172
13465,-5.2174606,-0.09199163,-1.1780696,-0.4252066,-0.024966698,0.10722745,-0.2440614,-0.07221582,0.06297941,0.30270094,0.19496627
13466,-5.5176296,-0.15562381,-1.2043293,-0.22057168,-0.09011476,0.34557742,-0.15387268,-0.27724954,-0.1153439,0.36442515,0.2528217
13467,-4.70081,-0.0631624,-1.1029178,-0.7480715,0.10840992,-0.12431525,-0.33439305,-0.22976851,0.026274104,0.49772656,0.14491445
13468,-4.8153105,-0.15028538,-0.9866122,-0.2882277,-0.11491726,0.3702345,-0.16801743,-0.36212757,0.21638358,0.58655834,0.12882331
13469,-6.3500543,-0.25067574,-1.184226,-0.40283796,0.036522735,0.33050507,-0.35814878,-0.30290043,-0.2649843,0.1094403,0.29647535
13470,-5.1271667,0.016430214,-1.1412933,-0.6146929,0.1972178,-0.034210242,-0.40832144,-0.39167556,-0.12975296,0.14321694,0.22420484
13471,-6.518716,-0.16046149,-1.514943,-0.94489926,0.14445043,0.014953775,-0.21632108,-0.23726729,0.37901792,0.7221999,0.09879138
13472,-6.296705,-0.019312087,-1.030022,-0.46445763,-0.28962836,0.1099954,-0.046382427,-0.16054685,-0.20696627,0.42035976,0.3996931
13473,-5.936925,-0.022829503,-0.87247545,-0.67079324,-0.35717517,-0.023275314,-0.046614815,-0.033739492,-0.01781932,0.15380646,0.33048046
13474,-4.826726,-0.012668042,-0.8369041,-0.48818624,0.007936565,0.07151636,0.13705124,-0.17927603,-0.13771498,0.6310194,0.095220424
13475,-4.006074,-0.20247608,-1.0667831,-0.51460326,-0.043497775,0.026851844,0.051291544,0.0056746146,-0.14087564,0.28162906,0.3722864
13476,-6.98425,-0.19079565,-1.0776943,-0.397991,-0.1210619,-0.3227914,-0.01616709,0.09544433,-0.31608963,0.6056573,0.2027931
13477,-5.893877,-0.34989136,-1.0027736,-0.7132699,-0.4545291,-0.022576274,0.20636868,-0.24112198,0.039519146,0.5324131,0.35416728
13478,-4.563781,-0.027604736,-0.95878303,-0.62847185,0.25343168,0.06863818,0.018568859,-0.08721504,0.23405494,0.43627545,0.34755108
13479,-6.3362627,-0.44778007,-1.0604857,-0.7149132,-0.3292963,-0.058448233,-0.19166067,-0.16079338,-0.07705327,0.44655862,0.29013443
13480,-6.3978944,-0.25480124,-1.0931346,-1.0658079,0.06807405,-0.1621991,-0.064896025,-0.79881656,0.14629684,0.16011855,0.47045562
13481,-4.6029344,0.03675776,-1.0646069,-0.58464634,-0.18456988,-0.08083098,0.014684975,0.06501498,0.15081812,0.49686632,0.21974039
13482,-5.1049943,-0.2208182,-0.8352267,-0.48314825,-0.40274575,0.19489928,-0.06482474,-0.70227545,0.03757908,0.5209739,0.28443393
13483,-5.803301,-0.048615858,-1.4041125,-0.7022127,0.609422,0.11859136,-0.21789752,-0.24388343,0.39833888,0.6950734,0.059198625
13484,-5.957646,-0.32414642,-1.0612575,-1.0121582,0.03442438,0.493685,-0.105081104,-0.36242372,0.20917597,0.306486,0.2173517
13485,-7.037736,0.06693156,-1.4723824,-0.43001923,0.4836404,-0.4578141,-0.3770909,-0.12180456,-0.17948115,0.59911877,-0.045987573
13486,-4.700682,-0.052165583,-1.1638708,-0.7536038,-0.07598717,0.17614706,-0.10031014,-0.12320521,0.25059393,0.7868597,0.39121568
13487,-7.057265,-0.1954245,-0.8703898,-0.84756035,-0.2061262,-0.10703665,0.030035857,0.13061379,-0.50009423,0.639719,0.71699053
13488,-5.0982285,-0.22205433,-1.3507758,-0.27868208,0.4459166,0.14234298,-0.012510928,0.13968953,-0.012809955,0.28987896,0.35516885
13489,-4.918268,-0.093875274,-0.994479,-0.5508988,-0.28076214,-0.16713819,-0.18001479,-0.07292224,-0.12367435,0.29426482,0.18165874
13490,-4.5979815,0.10251925,-0.804112,-0.5429986,-0.071752205,-0.14342536,-0.12457997,0.05855622,-0.12962484,0.2888353,0.085554995
13491,-6.209921,-0.29366434,-1.4932747,-0.9502474,0.3183518,0.08178793,-0.4569915,-0.27492774,0.1267114,0.6196788,0.063286304
13492,-4.808227,-0.2841345,-1.0015597,-0.8095968,0.02143112,0.2346089,-0.20887864,-0.4507176,0.3220693,0.31834164,0.5693496
13493,-5.791341,-0.392089,-1.0068234,-0.99416506,0.1480077,-0.07286919,-0.005802068,-0.74405384,0.38862604,0.5460163,0.34305015
13494,-7.0919785,-0.121462435,-1.19831,-0.45727023,-0.025513599,0.16359784,0.013471073,-0.2612443,-0.13497096,0.05534683,0.46160904
13495,-6.3303037,-0.13705656,-1.3447287,-0.8412198,-0.4218861,-0.18107067,0.17775045,0.16016024,0.16175652,0.64905703,0.7347435
13496,-4.252058,0.15962939,-0.65932083,-0.34164405,-0.010245383,-0.0017077625,0.09713166,-0.03416083,0.1021683,0.17967074,0.13005532
13497,-5.7179375,-0.1535461,-1.003349,-0.47205177,-0.11570925,-0.21034624,0.11007304,-0.089207985,-0.564804,0.27154762,0.39536056
13498,-6.610867,-0.047311537,-1.3914602,-0.6700287,0.29316044,0.22556871,-0.15283063,-0.7327811,0.2524612,0.2711981,0.22610125
13499,-6.698573,-0.30258563,-1.3435578,-0.94412595,-0.025800297,0.0018678508,-0.07252877,0.009260446,0.38778818,0.63429755,0.5459748
13500,-5.699174,0.22070464,-1.460417,-0.5775225,-0.098868966,0.36920375,-0.24095134,-0.1301321,-0.08405761,0.07293112,0.4579246
13501,-4.4272,-0.41101998,-0.93990815,-0.5055585,-0.25415048,-0.3007086,-0.048058763,0.002396016,-0.117010236,0.25161758,0.3328575
13502,-4.995476,-0.029640883,-1.0781347,-0.25611314,0.063590355,0.022234077,-0.21347825,-0.1384631,-0.074937075,0.3239716,0.059026085
13503,-5.9239016,-0.1969107,-1.5037732,-0.5624601,-0.14841586,0.24818975,-0.09140805,-0.15263359,0.011562714,0.79286695,0.19956699
13504,-5.8270683,0.2028344,-1.644581,-0.3882608,0.422477,0.033684246,-0.1477467,0.060318656,-0.11399062,0.13170521,0.25234497
13505,-5.284831,0.052921683,-0.7024296,-0.5071183,0.16529997,-0.25029767,-0.09510957,-0.1576159,-0.36964652,0.4845004,-0.00467855
13506,-5.88061,-0.10882595,-1.1795399,-0.67060775,-0.35580564,0.45437443,-0.056871317,-0.26555085,0.012689602,0.6921612,0.5526807
13507,-5.101074,0.023077402,-0.9208591,-0.23720671,-0.041878697,-0.03429734,0.106834024,0.12386513,-0.28000015,0.16055423,0.17555393
13508,-4.4797,-0.0725441,-0.6006033,-0.60563827,-0.37693757,0.013753986,0.2941669,-0.105580136,-0.1941458,0.292363,0.3914814
13509,-5.2799697,-0.29963115,-0.96031046,-0.8413459,-0.122549735,-0.21853016,-0.030158207,-0.054893084,-0.024777899,0.50764215,0.27132767
13510,-5.6240926,-0.42639422,-1.2197206,-0.81763494,-0.18012297,0.18959756,0.0762375,-0.17833266,0.19444647,0.49463156,0.5873504
13511,-4.127722,-0.01802294,-0.7017456,-0.46304223,0.16060652,-0.051433794,-0.011448449,-0.19717644,-0.13009614,0.113041036,0.21029791
13512,-5.2451353,-0.029192723,-1.206166,-0.42467493,-0.0017048144,-0.030778937,-0.08959007,-0.04509417,-0.32861605,0.6841004,0.38004363
13513,-6.8985415,-0.38988504,-1.5806719,-0.554322,-0.013122037,0.48880142,-0.047952067,-0.42024088,0.19022311,0.8810609,0.34902707
13514,-5.73749,-0.29939744,-1.2730432,-0.2795106,0.35309458,0.30543637,-0.054622255,0.124551706,0.024001252,0.6980838,0.16608478
13515,-4.3067145,-0.06971578,-0.8286202,-0.34258914,-0.2585375,0.07747156,-0.1462335,-0.09262324,-0.22598408,0.87181664,0.18404864
13516,-4.629807,-0.25961658,-0.6013719,-0.33282748,-0.3824578,-0.30304587,-0.08302225,0.20062856,-0.26955038,0.287234,0.29172736
13517,-8.001701,-0.15266061,-1.5778787,-0.9645829,-0.40925866,-0.08397202,-0.036499314,-0.615884,0.11108963,0.5227322,0.5411039
13518,-5.34716,-0.32350817,-1.0163364,-0.89672345,-0.23489033,0.25167787,0.29624107,-0.15740986,0.00453665,0.29267016,0.6171847
13519,-4.8637514,-0.25487727,-1.2467811,-0.3624901,-0.009158572,-0.12459797,-0.093135856,0.04659249,-0.38713172,0.47250348,0.18583158
13520,-6.2271795,0.019016813,-1.0862724,-1.1063727,0.09765145,-0.27931446,-0.052536428,-0.34778437,0.32358173,0.9342037,0.5803971
13521,-4.2915525,0.066575184,-0.8319267,-0.29541862,-0.24812534,0.18129784,-0.074095465,-0.5662447,-0.11036144,-0.036951486,0.15197796
13522,-5.1175766,-0.043541703,-1.1058096,-0.69203633,-0.20399381,-0.004615752,-0.1821523,-0.18637504,0.041611925,0.25217107,-0.043912563
13523,-5.7147174,-0.15757994,-0.9951529,-0.68868107,-0.16202876,0.23912252,-0.2261685,-0.1370916,0.07040512,0.9306488,0.09183868
13524,-5.955229,-0.25393268,-1.3347701,-0.7559909,0.38903916,0.18573004,-0.17925547,-0.16860613,-0.053289346,0.0026612785,0.32777
13525,-6.425503,-0.1228974,-1.1360025,-0.8334713,-0.5323425,0.16946198,0.43128833,-0.184193,-0.16108194,0.4438121,0.35318667
13526,-5.5374093,-0.093762755,-1.2505324,-0.6989592,0.06474361,0.24641058,-0.043667533,-0.1946678,0.23008378,0.2701673,0.08610548
13527,-4.5836997,-0.3342482,-0.90519977,-0.54161507,-0.2664021,-0.28450066,-0.11557492,-0.0897201,-0.12760346,0.28465602,0.34675762
13528,-5.387667,0.08064938,-1.0919629,-0.40595585,0.14055474,-0.08215239,-0.112186395,0.12442997,-0.24529104,0.18897274,0.13547325
13529,-6.2433696,0.15659559,-1.1927669,-0.46690598,-0.17133798,0.26007587,0.124685444,-0.5791061,0.06201546,0.43928722,0.20623139
13530,-6.451146,-0.12742586,-1.7432313,-0.5167869,0.14301868,0.10250665,-0.075558014,0.07254125,-0.10046594,0.45699835,0.3579164
13531,-4.8811793,-0.164469,-0.8250156,-0.70905274,-0.17393298,0.063402906,-0.10857863,-0.14370379,-0.033221602,0.6446921,0.122640766
13532,-5.3124847,-0.13411053,-1.1044345,-0.654013,0.15642631,0.10888331,0.033101227,-0.13042085,0.10421477,0.45886436,0.29729828
13533,-5.8421884,-0.1624905,-0.9903785,-0.20684044,0.015405502,0.21173842,0.2018536,-0.020525452,-0.01871665,0.79443043,0.2544982
13534,-5.3851748,-0.0018213447,-0.9223988,-1.073405,-0.26776806,-0.1640448,-0.093173414,-0.3476908,0.13407455,0.46660367,0.44411272
13535,-5.778519,-0.32627565,-1.3042315,-0.786257,-0.3181525,-0.28202784,-0.24808554,-0.061592877,-0.097878605,0.7629253,0.06678444
13536,-5.273595,0.09941667,-0.96702677,-0.44177458,-0.021299398,-0.09183394,0.04782506,-0.18427236,0.08910368,0.36649057,0.3536947
13537,-4.3302126,-0.04314466,-0.5542282,-0.62861353,-0.26872793,0.026672048,0.06560343,-0.20833237,0.067174226,0.2701421,0.43498248
13538,-5.168038,0.07512668,-0.90312177,-0.6069078,-0.3836259,-0.20985813,0.050021492,-0.15649801,0.0076217838,0.50280434,0.40554583
13539,-5.589612,-0.32017192,-0.6506083,-0.75647163,-0.34169903,0.05143009,0.14606175,-0.3373649,0.18580914,0.7483627,0.20389678
13540,-5.9981236,-0.090607695,-1.0957828,-0.4092415,0.29434055,0.44837028,-0.15759137,-0.22819936,-0.21223348,0.3681174,-0.12889202
13541,-4.3009596,-0.16421694,-0.7531169,-0.1613076,0.0025825156,-0.006886782,-0.117042325,-0.531936,-0.1832049,0.23230019,0.1632212
13542,-6.1978507,-0.17118657,-1.2586582,-1.1308703,0.022108423,-0.14519414,-0.073119156,-0.20154317,0.14827804,0.91019726,0.086647876
13543,-4.1379585,-0.13816361,-0.87236464,-0.55151635,-0.16555177,-0.0013784319,0.19649924,-0.33353388,-0.10070276,0.32444522,0.21454856
13544,-3.654214,-0.2036107,-0.6951898,-0.41618612,-0.3804373,-0.13382176,0.2916161,-0.1634947,-0.10535027,0.27245784,0.14773108
13545,-5.0868516,0.02533776,-1.151857,-0.64805216,-0.243721,0.044867188,-0.29583964,-0.32529098,-0.0150447935,0.42755273,0.3086984
13546,-4.0050054,-0.16209146,-0.66576385,-0.45189226,-0.41655445,-0.16011581,0.28888917,-0.07901262,-0.18372536,0.20132335,0.5565419
13547,-4.5144477,0.14245798,-0.8808893,-0.65307796,-0.065570846,-0.21834108,0.106373966,-0.2997942,0.15853432,0.26571447,0.22567709
13548,-6.3128524,-0.45057616,-1.3582021,-0.87340367,0.015019814,0.11194735,-0.18954587,-0.10846608,0.20853056,0.8731291,0.6204024
13549,-6.1553564,-0.051421035,-0.8143527,-0.61077243,-0.28475925,0.10271641,-0.26896796,-0.46207944,-0.2458603,0.20236927,0.46002918
13550,-7.000708,0.14169265,-1.3048252,-0.49985462,-0.17264931,0.41245848,-0.11129984,-0.7541044,-0.045944944,0.31410265,0.38745886
13551,-4.9860473,-0.16782072,-0.78064203,-0.44394645,-0.49532193,0.16839951,-0.065255135,0.10793439,-0.13476339,0.68508774,0.6651445
13552,-4.51856,0.009149614,-1.0494817,-0.65894824,-0.14195223,-0.19445165,0.12801334,-0.0521921,0.040216967,0.36955228,0.23840213
13553,-8.437815,-0.24336533,-1.4249152,-1.0515904,-0.49166656,0.26247966,-0.26693588,-0.3449699,-0.18594714,0.206309,0.5303179
13554,-6.723985,-0.34661058,-1.2163054,-0.7423325,0.3262133,-0.12851182,-0.136049,-0.067465216,0.099453546,0.20188731,0.42475736
13555,-5.2024364,0.121866375,-1.0426387,-0.38134515,-0.03624261,0.21540862,0.1791695,-0.032140814,-0.241605,0.2586057,0.52757275
13556,-5.04913,-0.020522606,-0.7828447,-0.43280873,0.06150725,-0.21258359,-0.003044879,-0.17776413,-0.2639787,0.42309955,0.0003371006
13557,-4.9247475,-0.2829157,-0.67219365,-0.58803034,-0.6565876,0.098019525,-0.074710704,0.0021229116,-0.121678144,0.695806,0.34508553
13558,-4.7247596,-0.117798,-1.019479,-0.8806397,-0.34615672,0.070271015,-0.3078399,-0.110223725,-0.02782634,0.64204955,0.18470462
13559,-6.2288814,-0.123754114,-1.1445404,-0.54107803,0.07220173,-0.32694834,-0.13957246,-0.26996237,-0.07098128,-0.052720245,0.34101078
13560,-5.860634,-0.075850844,-1.1912518,-0.7847049,-0.070035204,0.004023621,-0.0536583,-0.31128436,0.23079313,0.6018482,0.3959551
13561,-7.3893766,-0.088465676,-1.3112683,-0.78023463,-0.18972133,-0.018813008,0.05724662,-0.20398289,0.07914841,0.6254009,0.21071808
13562,-6.080398,-0.07923941,-1.1491209,-0.9614322,-0.44674903,-0.23369698,-0.07978944,-0.20027971,-0.1416476,0.65095633,0.327905
13563,-6.587692,-0.23096664,-1.3971323,-0.6694644,-0.57383657,-0.03265695,0.012938494,0.04745409,0.18750943,0.27329,0.82860565
13564,-5.160932,-0.49235752,-1.0197982,-0.5134837,0.23106465,0.36438638,0.024069529,0.10914,0.15619954,0.5031049,0.20687753
13565,-6.7257376,0.2539747,-1.5096052,-0.5317523,0.37323332,-0.36620384,-0.15490507,0.023867551,0.00911917,0.2948429,0.06818093
13566,-4.9539223,-0.12863728,-0.7440029,-0.57819,-0.10604503,-0.09762762,0.034891628,0.101864606,-0.07479159,0.23877347,0.19062363
13567,-4.7459025,0.16641597,-0.84440583,-0.355135,-0.038464352,-0.052923564,0.071367085,-0.34882453,-0.095035575,0.34763673,0.046671566
13568,-6.193336,0.0075213145,-1.1668067,-0.27195767,-0.63287175,0.16817285,0.46571466,-0.08286676,-0.49723238,0.5619409,0.18340138
13569,-5.600731,-0.111317754,-1.3684615,-0.8285665,-0.14835933,0.38392603,-0.23885989,-0.59243506,0.05249268,0.8028341,0.44775206
13570,-5.88534,-0.17958458,-1.1179886,-0.74960786,-0.56367785,-0.4143281,0.18210167,-0.3428778,-0.22611722,0.2282766,0.31770533
13571,-6.222862,-0.08218262,-1.154614,-0.6709405,0.2003573,0.06664783,-0.41945383,-0.20584585,0.1430525,0.72946745,0.22892302
13572,-5.522357,-0.17139941,-0.9329647,-0.72351724,0.06928216,0.25673676,-0.10615851,-0.11930179,-0.24310108,0.5123706,0.064788274
13573,-5.7391133,-0.14989047,-1.6472592,-0.264918,-0.077421226,-0.2944476,0.23560567,0.29780638,-0.42671213,0.21424934,0.45226938
13574,-6.1487722,0.052830953,-0.8291661,-0.4769726,0.17481914,-0.16247225,-0.09864187,-0.41144118,0.04997856,0.3014458,0.23696451
13575,-5.3858128,-0.21454954,-1.3686687,-0.819452,0.11729737,0.08726024,-0.2714211,-0.21575397,0.14594287,0.5643988,0.14464742
13576,-7.5715446,-0.2378125,-1.629138,-1.0274074,-0.80720603,-0.5297368,0.07574539,-0.043849707,-0.08132827,0.366664,0.7473847
13577,-5.6213703,-0.4618441,-0.8721624,-0.5097966,-0.11957348,0.084819555,-0.2317355,-0.30662695,-0.046046875,0.30110258,0.23846562
13578,-6.7805295,0.073045604,-1.2389951,-0.775,0.330328,-0.1731054,-0.21112934,-0.14098708,-0.096050926,0.41518915,0.13067442
13579,-4.598131,-0.24484275,-0.7793462,-0.42847893,-0.33748364,0.09548021,0.07632206,-0.30119944,-0.039353557,0.27974305,0.34809482
13580,-5.5454206,0.03195907,-1.2107033,-0.53493434,-0.079175845,-0.025100421,-0.053779088,0.09823348,-0.22543001,0.7322278,0.32964924
13581,-7.0605645,-0.06507904,-1.5135133,-0.8453237,-0.22668418,-0.19097246,0.23797305,0.20573002,0.10794436,0.44394276,0.7696488
13582,-6.7072,-0.6025595,-0.8748354,-0.8766252,-0.37156147,-0.17632225,0.046916638,-0.34079337,-0.5243268,0.28797156,0.70182353
13583,-3.9294307,-0.106872514,-0.95788485,-0.37653428,0.013838954,-0.11398638,-0.11247918,-0.1000868,0.119553454,0.37334263,-0.04082559
13584,-6.694255,-0.008431771,-0.82076186,-0.58997303,-0.40940726,0.2419035,0.0794123,-0.20602158,-0.18140595,0.31160665,0.20498972
13585,-6.66286,-0.37722093,-0.90123916,-0.95635724,-0.07882844,-0.24480186,-0.10349572,0.0993278,-0.06910205,0.3473021,0.6119402
13586,-5.1516614,-0.18628791,-1.0692935,-0.6813035,0.068990774,0.5596558,0.19082507,-0.17080718,0.2874806,0.79818916,0.25797424
13587,-6.2106724,-0.2430815,-1.4176654,-0.7860381,0.058257703,-0.004919869,-0.22467473,0.07505323,0.12403525,0.514341,0.08319576
13588,-8.123606,-0.16217011,-1.4666668,-0.84565514,-0.097451,0.018749129,0.2806902,-0.4251109,-0.36001518,0.3138893,0.46000022
13589,-6.563325,0.06310369,-1.2220787,-0.5333939,-0.15892851,0.1803585,-0.15166013,0.15547407,-0.18871869,0.37013817,0.38623977
13590,-4.8269773,-0.1911933,-1.0423914,-0.6702727,0.055009775,0.32193494,-0.27937865,-0.41619647,0.35183686,0.69416684,0.03374449
13591,-6.4168787,-0.26581678,-1.5732687,-0.78112334,0.34740868,0.034702696,-0.2987889,-0.24897772,-0.0034716334,0.8228647,0.28326303
13592,-5.963349,-0.20097876,-1.8787531,-0.8333285,-0.17453909,0.392716,-0.040292207,-0.11240383,-0.007064268,0.39753136,0.47065145
13593,-7.970923,-0.5742684,-1.4013536,-0.6678808,-0.24762821,-0.24878348,0.03932261,-0.086362414,0.07815991,0.95530534,0.1614228
13594,-5.888162,-0.16350001,-1.0806121,-0.59079635,0.4110032,0.30557686,-0.16155067,-0.09011341,0.098416254,1.0387777,0.12461653
13595,-5.520296,-0.23120177,-1.3662113,-0.122551665,0.13282058,0.27048087,0.087338395,0.08776717,-0.115443826,0.37118056,0.41274223
13596,-6.5646353,-0.3108665,-1.5915377,-1.0251737,-0.07763144,0.15354928,-0.07057334,-0.67754525,0.28116107,0.64666593,0.38999122
13597,-5.3117986,-0.13262631,-0.92658955,-0.5382318,-0.17055899,0.31487435,-0.20257758,-0.5274929,-0.06497818,0.000987839,0.10277472
13598,-5.1667314,0.10464174,-0.7794116,-0.592919,-0.31241757,-0.47977763,-0.3520287,-0.20200936,-0.25352862,0.42980504,0.3339596
13599,-6.255096,-0.030565366,-1.1487368,-0.76155955,-0.16383605,-0.29795575,-0.02933425,-0.63318473,0.13168606,0.31494546,0.123614594
13600,-6.899796,-0.0062447973,-1.867662,-0.7876649,0.22369905,0.39267236,-0.15252718,0.16636497,0.3063167,0.71467555,0.028720118
13601,-6.194066,0.123598,-1.4210602,-0.5333405,0.056395583,0.021091184,0.0026976299,-0.0911714,-0.10210694,0.30302906,-0.06736607
13602,-6.9591756,-0.28618166,-1.8322568,-0.9861346,0.37101308,0.3714785,-0.29739514,-0.26499608,0.35744086,0.42344517,0.025590226
13603,-4.42073,-0.35562986,-1.2651308,-0.512571,0.22627285,-0.06575745,-0.16608036,0.040080056,0.14830494,0.32506648,0.19029252
13604,-5.932187,0.26485968,-1.4798561,-0.5735562,-0.15471132,-0.30395293,0.104828335,-0.1994157,-0.031801224,0.33378094,0.35573003
13605,-6.1702514,-0.08133475,-1.3642116,-0.71480083,-0.28469378,-0.063545704,0.048272014,0.08646679,-0.05877041,0.35405514,0.68767977
13606,-5.5166097,-0.20111273,-1.7398332,-0.7390048,0.066272296,0.07837747,-0.09185602,-0.1125634,-0.27492118,0.57993954,0.08686339
13607,-6.443768,-0.2556323,-1.3389183,0.17581178,0.4988169,0.19548705,-0.3686017,-0.094812974,-0.30023557,0.42876777,0.19580354
13608,-4.340997,-0.017374389,-1.0196155,-0.43813133,0.05896402,-0.011905704,0.20291777,-0.027329708,-0.2198793,0.21900123,0.1804037
13609,-5.6391783,-0.034318212,-1.1387736,-0.5295551,0.02894505,0.08547884,-0.14308308,-0.34784013,0.009933794,0.23473296,0.05522992
13610,-7.71421,-0.2251908,-1.468052,-0.5749896,0.37379205,0.50124866,-0.19496024,-0.36933708,-0.018548897,0.18987674,0.19173333
13611,-4.1845274,0.11626606,-0.778926,-0.3341207,-0.051718112,0.008353014,0.1003336,-0.023680193,-0.04231815,0.34186548,0.16515554
13612,-6.101451,0.2833003,-1.8179673,-1.0115153,-0.030990405,0.086605355,-0.20343605,-0.35256726,-0.07417014,0.31615603,0.6671033
13613,-4.7569613,-0.16700847,-0.79125065,-0.42215577,-0.106292635,0.17590925,-0.32249236,0.005696626,-0.09494227,0.30912775,-0.020463526
13614,-5.347409,0.15193395,-1.1629356,-0.22642478,0.3319172,-0.074985944,-0.25802237,0.016744936,-0.29928678,0.17529006,0.13415323
13615,-7.362886,0.01908511,-1.4284422,-0.72512686,-0.32229415,-0.2974105,0.23797488,-0.6465964,-0.36466843,0.7456696,0.28479126
13616,-4.9154387,0.23919713,-0.8952705,-0.457937,-0.020245284,-0.26310176,0.18099551,-0.2809284,-0.1091993,0.3224008,0.29453105
13617,-4.994475,0.014881466,-1.410277,-0.7886602,-0.052964997,-0.1803386,-0.11213277,-0.3132028,0.121040925,0.15757656,0.3257198
13618,-6.1457915,-0.30084133,-1.2755554,-0.8081983,-0.2749688,-0.22509108,-0.1787331,-0.25615695,-0.19747622,0.25099438,0.3823325
13619,-5.759605,-0.14436385,-1.2450562,-0.6255655,-0.23001385,0.09251868,-0.18761866,0.031752933,0.2658861,0.7582331,0.10558223
13620,-5.673059,-0.19985391,-1.1747701,-0.5484274,-0.46562985,-0.0697316,0.51756674,-0.2720651,-0.20825484,0.54383665,0.17440888
13621,-5.4875,-0.17387466,-0.9011189,-0.8569685,-0.55730116,0.17603612,0.19060065,-0.3772926,0.0015940983,0.34011903,0.32152256
13622,-3.819631,-0.23016314,-0.98135334,-0.6073093,-0.2631594,0.20894043,0.14756335,-0.21445648,-0.04127486,0.17888363,0.36064366
13623,-4.488823,-0.12843625,-1.1397914,-0.63419414,0.34660897,0.06425178,-0.25772,-0.28356472,0.16424133,0.44768858,-0.10714413
13624,-5.312271,0.0007068794,-1.0081264,-0.1284729,-0.021810057,0.015317228,-0.1664834,0.1139896,-0.41856128,0.35167632,-0.0367796
13625,-4.656341,-0.24717103,-1.1342185,-0.75234723,-0.29277495,-0.015929947,0.1010097,-0.32918638,0.08733578,0.5342455,0.33126765
13626,-6.3022485,-0.32784048,-1.1717747,-0.6609169,-0.17623883,0.61827695,0.16323574,-0.16024753,0.4013002,0.9147912,0.41573074
13627,-4.812002,-0.1711481,-0.89867103,-0.52973235,-0.18320729,-0.09334908,0.024689617,0.048764154,0.04308234,0.3535673,0.035442516
13628,-6.8617597,0.04693531,-1.5536741,-0.31583202,0.18552405,-0.038995806,-0.06755725,-0.20418045,-0.1366999,-0.15476586,0.52963394
13629,-5.2711177,0.041670643,-1.0093284,-0.6032193,-0.30021334,0.13322549,0.18783608,-0.3072475,-0.15799388,0.46915084,0.22485578
13630,-7.864372,-0.112830155,-1.5168717,-1.1323956,0.32867944,0.83112866,-0.37416592,-0.8098551,0.28982696,0.21396504,0.01704129
13631,-4.6189837,-0.18322676,-0.9019035,-0.65121865,-0.5661356,0.074167304,0.09379635,-0.26947433,0.17244847,0.28144866,0.4944104
13632,-5.0928717,-0.16501527,-0.84155196,-0.53217715,-0.33266428,-0.14854512,0.037255604,0.14803967,-0.058879457,0.49349108,0.38437653
13633,-6.114393,0.09906527,-1.4703166,-1.0950168,0.029942283,-0.31146765,-0.28000712,-0.2602592,0.084033385,0.2689778,0.46161762
13634,-5.046559,-0.15449668,-1.0365127,-0.6399004,-0.6692143,0.22855732,0.2976675,0.032089252,-0.15809467,0.2901191,0.65222234
13635,-5.5096283,0.085171215,-0.7878345,-0.3826066,-0.10668942,-0.44687605,-0.17788446,-0.16680476,-0.17458974,0.34446448,0.32848415
13636,-4.6100984,-0.40498438,-0.8974342,-0.13787578,0.0724025,0.2597096,-0.026902165,-0.13794617,-0.12752357,0.34504253,0.20178048
13637,-7.4277487,-0.1990174,-1.9189823,-1.1023898,0.03484677,0.3143412,-0.19089982,-0.36144978,0.34547803,0.87052315,0.5734639
13638,-5.2685103,-0.09186958,-0.9725502,-0.16812795,-0.5536136,-0.36997062,0.40374774,-0.10576311,-0.4478822,0.3653658,0.44845694
13639,-6.0529547,-0.07980153,-1.5737936,-0.5112954,0.12660089,-0.1330221,-0.25815037,-0.108073264,-0.05094946,0.49313307,0.18503983
13640,-6.519827,-0.4848008,-1.2528241,-0.78866035,-0.4583497,0.43772298,0.46768022,0.0150291845,-0.10537979,0.7971014,0.6660082
13641,-5.4061146,-0.12713464,-1.3351948,-0.8408232,0.2600315,-0.0045050494,0.29738486,0.3077173,0.041280687,0.77585864,0.33197424
13642,-5.355297,-0.36234426,-0.998223,-0.89458275,-0.23953421,-0.053730477,0.32568315,0.15689468,0.17797592,0.48862693,0.7292207
13643,-5.9449487,-0.051147554,-1.579145,-0.652132,0.13003425,-0.122679695,-0.4428252,0.020330314,0.054900095,0.3158006,0.11569251
13644,-6.703468,-0.11424308,-1.2919452,-0.5866281,-0.097531945,0.38560188,-0.05219143,-0.099177934,-0.02414492,0.48112115,0.24078095
13645,-7.0386457,-0.34445572,-1.4112524,-0.825179,-0.77285063,0.13374881,0.26727042,-0.091768704,-0.34276894,0.38768128,0.47540018
13646,-6.9940653,-0.5687222,-1.1532307,-0.61557543,-0.8791207,-0.42348778,0.39921096,0.10466304,-0.4590132,0.49250352,0.9553961
13647,-6.7251773,-0.12477875,-1.5294743,-0.77186906,-0.085469745,0.28401673,-0.34992605,-0.3848685,-0.17035207,0.11059274,0.005661002
13648,-5.173287,0.020572908,-1.1953183,-0.6771013,-0.0038211974,0.414016,-0.2187428,-0.5618974,0.15722032,0.23665813,0.09742322
13649,-6.6930356,-0.09371791,-1.6633823,-0.17458269,-0.19649208,-0.1729499,-0.13594332,0.22569503,-0.3628373,0.3271826,0.16678306
13650,-5.5595365,-0.20917974,-1.0512285,-0.78375465,-0.40820864,-0.12238753,0.088975616,0.07763313,0.23835933,0.54577494,0.443141
13651,-5.3862185,-0.096821,-1.1702794,-0.6059218,-0.3613745,0.24458094,-0.26570445,-0.03640701,0.21577719,0.83247507,0.31016135
13652,-6.473199,-0.009693225,-1.4474393,-0.51336104,-0.056312136,0.16708876,0.099156,0.2871935,-0.14929307,0.2964619,0.44424498
13653,-6.645982,-0.030519906,-1.4336408,-0.7786817,-0.061864153,0.06785582,-0.18137912,-0.19247688,-0.082525834,0.27057803,0.31994778
13654,-6.5835037,0.035138655,-1.5336174,-0.7974795,-0.43087372,0.47233796,0.093137614,0.16500503,0.22605307,0.69458956,0.37399533
13655,-4.3702946,-0.12894051,-0.8447909,-0.5676303,-0.114934966,0.1387401,0.04695738,-0.0003481228,0.13763173,0.28347552,0.16154344
13656,-5.292158,0.06746085,-1.0797944,-0.77905095,0.05090104,-0.14600937,-0.35772565,-0.5722595,0.31960502,0.48318976,0.22100316
13657,-6.566797,-0.19357744,-0.8288812,-0.7210289,-0.36292794,0.113445476,0.25022945,-0.60046965,-0.14405663,0.6240178,0.47326717
13658,-5.1693735,-0.43954813,-0.85021883,-0.2676483,-0.28708932,-0.11455084,-0.066276856,0.24650726,-0.25635844,0.5049997,0.21955077
13659,-5.8422937,-0.19979912,-1.4923124,-0.59111416,0.22893882,-0.4585914,0.15131322,0.04526881,0.12902054,0.3819955,0.16816054
13660,-5.4706774,-0.16780378,-1.7140194,-0.9869472,0.2616054,0.25969642,-0.20975259,-0.3050256,0.35376516,0.34777087,0.3611637
13661,-5.4155164,-0.2289418,-1.0594218,-0.8433915,-0.04713789,0.035670258,-0.047909863,-0.33187056,0.003869556,0.2626058,0.09246641
13662,-4.8460035,0.10116196,-1.0250521,-0.3020258,-0.12896802,0.068890244,-0.027643882,0.21811451,-0.24143903,0.5411939,0.34265378
13663,-4.384599,0.14093845,-0.8537885,-0.29105973,0.14006038,-0.05742111,-0.075417995,0.23558557,-0.045566887,0.30051437,0.19843312
13664,-5.9015913,-0.27318892,-0.9044362,-0.8166111,-0.14978623,0.2364019,-0.28379104,-0.3686863,0.011456663,0.284094,0.6326248
13665,-7.760561,-0.09140244,-1.5037475,-0.7743403,0.25385198,0.21124488,-0.27351174,-0.1987134,0.10704857,0.23850977,0.13892157
13666,-5.644181,-0.01806008,-0.90942585,-0.3594616,-0.047879875,-0.4674968,0.13661182,-0.032307588,-0.2473704,0.2977814,0.3054556
13667,-6.1984053,-0.48571298,-1.1101339,-0.5943542,0.09319855,-0.06211806,-0.046178885,-0.18015349,-0.03921801,0.27313957,0.50511247
13668,-6.3077965,-0.072346814,-1.4203688,-0.8118356,0.35676163,0.20507199,-0.38602147,-0.117466055,0.085555226,0.3057052,-0.009338406
13669,-6.163878,0.06480391,-1.5777184,-0.6843024,-0.032636292,-0.055766642,0.09998545,-0.35201293,0.10643682,0.576133,0.2983952
13670,-5.24113,-0.047722943,-0.9537623,-0.6490191,-0.17068385,0.05465098,0.0414757,-0.32694972,0.08464902,0.37179577,0.26028496
13671,-4.640181,-0.22742593,-0.9822058,-0.61651343,-0.27149647,0.13878906,0.23921704,-0.22651808,0.067018345,0.5970274,0.19393775
13672,-6.040358,-0.17084397,-1.3830792,-0.92102206,-0.25438997,0.09007744,-0.19804008,-0.18723057,0.14441481,0.46811867,0.69195735
13673,-6.046083,-0.27582744,-1.2840992,-0.6414251,0.57769793,-0.1675946,-0.11910904,0.08171822,0.20826139,0.11286431,0.17031762
13674,-5.873736,-0.38327315,-1.1735574,-0.9122925,-0.13560808,0.08073284,0.33270624,-0.7402248,-0.038866907,0.17501594,0.35405797
13675,-4.891508,-0.19848822,-1.1648765,-0.37151232,-0.12788445,0.23351197,-0.05675769,-0.059977278,-0.0045260955,0.341079,0.2107456
13676,-5.933033,-0.111750595,-1.35836,-0.68132657,0.026382545,0.47525007,-0.0017528851,-0.42333928,0.21419571,0.29219458,0.24179943
13677,-5.1811943,0.027854443,-0.5775502,-0.63433486,-0.5642918,-0.16448441,0.34863925,-0.1559062,-0.09867015,0.5165488,0.44717693
13678,-6.027086,-0.24690963,-1.4064848,-0.8709953,0.7151132,0.27846664,-0.123574026,-0.3611168,0.16132526,0.5692833,0.26084572
13679,-5.97546,-0.14729494,-1.1911398,-0.47606352,-0.41014397,-0.47832257,0.27454293,-0.09318942,-0.07548236,0.46557903,0.6386284
13680,-4.5998435,-0.13729239,-0.6262228,-0.45650545,-0.118460126,0.46678567,0.14730103,0.1567237,0.05669061,0.53595614,0.22600372
13681,-6.1469374,-0.035890155,-1.2121029,-0.39299917,0.34723526,-0.09168528,0.013593519,-0.058091693,-0.057074882,0.41454953,0.1672044
13682,-5.7055902,-0.08127635,-0.9544355,-0.6002797,-0.10655569,0.014185201,0.07544705,-0.5010658,-0.04020305,0.08663491,0.3089095
13683,-4.942224,0.18877517,-1.0728244,-0.27649826,-0.012047464,0.21693367,0.032523572,-0.019568007,-0.32527256,0.2857817,0.33509618
13684,-5.1466813,-0.08190989,-1.0074884,-0.8898378,-0.13568157,0.0056279423,0.102867685,-0.2923207,0.061602525,0.38887265,0.52230674
13685,-4.451147,0.02633961,-1.166284,-0.7088915,-0.09259176,0.06701858,0.13877675,-0.17055652,-0.08496162,0.10107289,0.28124073
13686,-4.114552,-0.17646417,-1.0464238,-0.20584273,-0.28261557,0.14012533,0.41059974,0.04666768,-0.1946436,0.24110262,0.44378114
13687,-5.206291,-0.2456582,-1.2383457,-0.67987436,0.032450575,-0.21698752,-0.15806694,-0.011361506,0.13286068,0.81650186,0.16581577
13688,-4.903994,-0.009682612,-0.7001987,-0.5611977,-0.40743062,-0.3177668,0.099710464,0.11138778,-0.06254529,0.50010145,0.3627703
13689,-5.562897,-0.17840175,-1.0121833,-0.46222758,-0.16656329,0.029354287,-0.2929132,-0.41687995,-0.035647042,0.26137012,0.12842187
13690,-4.784807,-0.028323058,-0.76899874,-0.5429309,0.09511164,0.14338791,0.32320717,-0.024559787,-0.038427316,0.15307322,0.23854738
13691,-5.9626436,-0.05732854,-1.068133,-0.15597683,0.46897444,0.08022904,-0.29435918,-0.013343165,-0.11496577,0.18070592,-0.048331253
13692,-4.327352,-0.13666642,-1.175816,-0.32301775,0.05278005,0.024335124,-0.3155583,-0.21115446,-0.10702024,0.3617946,0.13499482
13693,-6.1910987,0.16546477,-1.0665885,-0.3845398,0.046286136,-0.15086472,0.18628013,0.15650275,-0.11558977,0.44166645,0.38382447
13694,-5.019267,-0.050635282,-0.54393256,-0.36633915,-0.5201268,-0.23158596,0.003045591,-0.21963713,-0.09628423,0.39833108,0.5252749
13695,-5.6351433,-0.19002044,-0.78153884,-0.7582119,-0.2764295,-0.028659094,0.05001652,-0.16982372,0.03689751,0.45370767,0.57755
13696,-5.469206,0.08679002,-0.97824126,-0.59312856,0.11561918,-0.1010931,-0.020485494,0.096547164,-0.013146168,0.33211088,0.22085693
13697,-5.6434994,-0.16187994,-0.98123324,-0.92296314,0.109405,-0.0722427,0.022767425,-0.079155065,-0.19075765,0.7100996,0.38397914
13698,-6.820521,-0.22238901,-1.008696,-0.7587105,-0.38669795,0.2535372,-0.18256713,-0.6829399,-0.16327378,0.28605548,0.48810253
13699,-4.969236,0.14332324,-1.2347065,-0.57994556,0.09589584,-0.12842014,0.089047104,0.118044935,-0.101457134,0.34904784,0.24040887
13700,-5.994205,0.21153103,-0.8243225,-0.6083611,-0.29566497,-0.35572731,-0.10907743,0.12717855,-0.2360621,0.30054566,0.24776869
13701,-5.0997143,-0.027820375,-1.0151659,-0.60556144,-0.2865115,-0.20511036,-0.03582114,-0.12544718,-0.33486995,0.28165823,0.35417005
13702,-4.50326,-0.18145955,-1.0383786,-0.35289818,0.10541904,0.22223258,0.03455507,0.015299925,-0.0098996535,0.17895724,0.20018901
13703,-5.805138,-0.26552618,-0.89203954,-0.7046547,-0.03203223,-0.0783835,-0.05673945,0.03342431,-0.25677794,0.1764277,0.28140157
13704,-5.3847027,-0.25916213,-1.1105165,-0.76280886,-0.08220561,-0.025888052,-0.3666967,-0.47092566,0.18363336,0.44104546,-0.20052533
13705,-5.5726657,-0.04532757,-0.73204845,-0.3766891,-0.054460015,0.11537526,-0.10167965,-0.13877496,0.122312665,0.60915166,0.33690885
13706,-5.5321264,-0.022797924,-1.1709327,-0.5950331,-0.2205873,0.25205353,0.28918344,-0.04698065,-0.20029911,0.5371459,0.57667637
13707,-5.816489,-0.018443435,-1.2622591,-0.661616,-0.21863654,-0.099530555,0.27506912,-0.33207917,-0.2162841,0.7330524,-0.023429494
13708,-5.7662077,-0.1743167,-0.9058433,-0.60870016,-0.3579545,0.3173477,0.37965325,-0.13570295,-0.32102147,0.4224429,0.67548215
13709,-5.314745,-0.075149216,-1.162055,-0.67547184,0.007062352,0.10764642,0.27689168,-0.27311164,0.07365179,0.1076017,0.22076973
13710,-6.8849363,-0.0044031236,-1.383375,-0.6472762,-0.3135157,0.018028226,-0.08072819,0.15947054,0.11861873,0.5721116,0.38905978
13711,-4.1404595,0.035522453,-0.7439021,-0.48101088,-0.34944934,0.058109667,-0.08673905,0.07129725,0.0453768,0.34072176,0.4677707
13712,-5.993671,0.042117942,-1.2554488,-0.7334633,-0.32267237,0.56353855,0.3215182,-0.61586535,0.1948908,0.28720498,0.20382085
13713,-5.1422434,-0.05977131,-0.8183701,-0.5926923,-0.28678644,0.1879461,-0.108799025,-0.3096961,0.095183104,0.46823218,0.14445509
13714,-6.420113,-0.5454414,-1.0362374,-1.2180889,-0.728701,-0.111665525,0.22250398,-0.45421273,-0.2209004,0.7178605,0.57289
13715,-6.9827113,0.029159367,-1.4749771,-0.74577725,0.51095486,-0.023129696,-0.20673414,-0.5128213,0.25521633,0.36047906,-0.020854384
13716,-6.2328825,-0.20082049,-1.4987786,-0.39135888,0.21394679,0.32875156,-0.2223863,-0.26198745,0.097445324,0.79188824,0.21983583
13717,-4.8488197,-0.2742953,-0.94578505,-0.9605629,-0.49382043,-0.10671507,0.06843302,-0.50567096,0.15126666,0.54576546,0.64864075
13718,-6.1652875,-0.19801745,-1.5145649,-0.706238,-0.2714174,-0.1573513,0.42403215,0.26014814,-0.17511438,0.8501961,0.25161725
13719,-6.574528,-0.38040775,-1.2729532,-0.8193335,-0.48707354,-0.08573545,0.13201073,-0.46898443,-0.10084589,0.4522278,0.27515605
13720,-3.9599297,-0.10887256,-0.6005918,-0.42717013,-0.2831021,-0.12460703,-0.38034865,0.061297633,-0.21782182,0.59950036,0.03595579
13721,-5.6446195,0.41090316,-1.0995073,-0.44764644,-0.106584415,0.17915948,-0.06567857,-0.37491602,-0.09993616,0.38498393,0.49529046
13722,-4.908012,-0.27965483,-0.7637485,-0.32239887,-0.18316315,-0.052119017,0.05142524,-0.045643188,-0.047895268,0.2950748,0.5402435
13723,-5.77106,-0.09705386,-0.8289233,-0.48752323,-0.15251365,-0.22485626,-0.1570664,-0.17460929,-0.15944141,0.28032604,0.596955
13724,-5.7417107,-0.3115252,-1.1153558,-0.54577166,-0.0019965465,0.390634,-0.5563609,-0.19010337,0.09766995,0.3786415,-0.016468529
13725,-7.101582,-0.30400792,-1.1050986,-0.84417695,-0.3447603,0.38738084,-0.035703,0.27251297,0.15952198,0.98046726,0.7441239
13726,-3.9895842,-0.100467734,-0.5840908,-0.33054352,-0.061076462,0.11304701,-0.06807955,-0.2031348,-0.09619659,0.2951422,0.35936412
13727,-6.837517,0.01376066,-1.2751951,-0.6618956,0.1391362,0.05393307,0.29665375,0.048627198,0.049148217,0.7309542,0.3470906
13728,-5.355839,-0.07003418,-1.1177227,-0.465436,-0.044252787,0.032859277,0.1428592,-0.289015,-0.074282065,0.4130516,0.41332772
13729,-6.109022,-0.441139,-1.5607117,-0.41040802,-0.35360196,-0.08416423,0.15360862,0.05235909,-0.25830778,0.5712508,0.48714498
13730,-4.2849684,-0.17682636,-0.9181672,-0.61320347,-0.44084904,-0.09718004,0.081331514,0.035499915,-0.041437455,0.4264769,0.33889818
13731,-5.0328946,0.08550115,-0.9087925,-0.37852448,-0.16450055,0.21553312,-0.015660636,-0.34979823,-0.06316122,0.09902982,0.13449997
13732,-6.4705772,-0.46522987,-1.2989435,-0.8966749,-0.39063746,-0.5371765,-0.026272338,-0.3572901,0.07026261,0.5132805,0.54376894
13733,-5.2051797,-0.23272711,-1.0062226,-0.7333903,0.19059885,-0.11292879,0.08780489,-0.039438568,0.10547997,0.6463051,0.07417409
13734,-5.0698843,-0.05832229,-0.6589205,-0.542829,-0.1993346,0.0890564,-0.16632174,-0.5223785,0.11971304,0.24792975,0.018902533
13735,-5.1993876,-0.29524508,-0.80929756,-0.655377,0.026660059,-0.00310536,-0.21852906,-0.088673234,-0.15674476,0.3490299,0.3159512
13736,-4.118138,-0.11101966,-0.9527115,-0.71509516,-0.046870783,-0.072263144,-0.018942952,-0.20794654,0.20630054,0.4609333,0.11499356
13737,-3.5620246,-0.1516107,-0.42747715,-0.29970056,-0.2269987,-0.05471565,0.2819006,0.09350604,-0.13869663,0.2283876,0.2165527
13738,-5.6841908,-0.104505904,-1.1665741,-0.68194205,0.15016752,-0.08716069,-0.07343909,0.083681464,0.06767414,0.462957,0.34277806
13739,-6.3919067,-0.014935003,-1.1075994,-0.17755489,-0.26110402,-0.1961979,0.18990245,-0.10745956,-0.5552027,0.6103968,0.27750623
13740,-5.1093044,-0.12740682,-1.5576227,-0.66119707,-0.3008157,0.28860772,0.006959795,-0.4473119,-0.0725096,0.6867532,0.3336869
13741,-6.416116,-0.20303541,-1.3854165,-0.21543445,0.13403632,-0.20200376,-0.08852839,-0.09632238,-0.11132322,0.26367775,0.46286237
13742,-4.6733427,-0.20707506,-1.1203026,-0.83274305,-0.34483245,0.15581392,-0.04753126,-0.16947177,0.220673,0.64878714,0.7683425
13743,-4.19656,-0.039724275,-0.95590353,-0.4779457,-0.010767646,0.004121882,0.1848694,-0.09951248,-0.19112667,0.037426777,0.16498281
13744,-6.0970855,-0.27409783,-1.1735293,-0.6434453,-0.021238321,0.18464227,-0.55720776,0.054201506,-0.14232573,0.49125662,0.039972022
13745,-4.8461275,0.03406393,-1.0348289,-0.5414195,-0.063662946,0.19107555,0.18408635,0.05948603,-0.06927235,0.22637728,0.3501037
13746,-4.919132,-0.18347676,-0.5197655,-0.68198335,-0.7513734,0.18414998,-0.15967235,-0.25646302,0.0787333,0.58513355,0.44333565
13747,-5.3912845,-0.293226,-0.8887655,-0.77643496,-0.22578922,0.4140153,0.09319989,-0.2963621,0.14289637,0.18753478,0.11586976
13748,-5.9903865,-0.02265568,-1.0453552,-0.6700667,0.03664817,-0.14415257,0.109956644,0.020680944,-0.12669274,0.5885565,0.39462426
13749,-5.3299575,-0.1288165,-0.9593262,-0.3349641,0.122761585,-0.39014608,-0.08859458,0.02704105,0.137361,0.15895425,0.33552653
13750,-6.2110505,-0.3279915,-0.69605905,-0.70775753,-0.15634036,-0.083025604,0.07519101,-0.117236204,-0.13630117,0.6232595,0.310274
13751,-4.812238,-0.06775564,-0.5404767,-0.3662658,-0.18030053,-0.41946286,-0.19717993,-0.0052609304,-0.1720767,0.5444966,0.09361257
13752,-5.0486207,-0.03448856,-0.86436373,-0.4649686,-0.23971897,-0.0726373,-0.07702885,-0.23843853,-0.23060608,-0.008692342,0.2105263
13753,-7.356337,-0.04263648,-1.9029634,-1.2235748,0.12236671,-0.4198302,-0.6432173,-0.10616833,-0.049455926,0.93698657,0.3871859
13754,-6.9435883,-0.123202965,-1.132682,-1.1132709,-0.023857193,-0.09131079,-0.29546937,-0.41621265,0.15473744,0.7633141,0.6194508
13755,-6.8024597,1.5228055e-05,-1.682755,-0.7540026,-0.0464589,0.26148415,-0.008813917,0.13556439,0.13154975,0.6672493,0.41085392
13756,-5.807737,-0.18726866,-0.9827935,-0.5464607,-0.15702485,-0.3041432,-0.062693626,-0.13833568,-0.14768137,0.37501314,0.60673255
13757,-6.054957,-0.07020008,-1.2723118,-0.51010275,0.21079221,-0.3536135,-0.22800168,-0.2817838,-0.1835849,0.30296537,0.27389118
13758,-4.887995,-0.28789636,-1.5160778,-0.5184341,-0.251294,0.24236888,0.09536043,-0.25962475,-0.067836046,0.26190683,0.31794566
13759,-4.197941,-0.083863474,-0.6536853,-0.24335957,-0.09507391,0.31344366,0.16210334,-0.19118086,-0.08500166,0.2043961,0.24267015
13760,-5.2894263,-0.16624981,-1.3473712,-0.758949,-0.5090235,0.19450961,0.05739592,0.02613114,0.044733763,0.39882326,0.5642705
13761,-8.439993,-0.17921437,-1.5544659,-0.8785466,-0.04384578,-0.18768062,0.06936371,-0.076116644,-0.10770698,-0.08107753,0.6265013
13762,-4.2531824,-0.08603009,-0.8260992,-0.10983778,-0.13564463,0.05352663,-0.09263982,0.0011064634,-0.39741293,0.42811587,0.15479785
13763,-5.520321,0.038883127,-1.0745339,-0.6116749,-0.15833272,-0.11939727,0.041858654,-0.028178567,-0.19332089,0.72638994,0.17186938
13764,-4.9393735,-0.20487122,-1.2863069,-0.7950861,0.074746646,-0.0054393364,-0.013743821,0.1709494,-0.020765139,0.40487555,0.42567843
13765,-5.914751,-0.37356484,-1.1576347,-0.67779547,-0.08227701,-0.037019573,-0.09584418,-0.23671743,-0.16428001,0.52033395,0.6020663
13766,-4.30428,0.045352418,-0.6708134,-0.43649673,-0.48073432,0.32519102,0.23662475,-0.430108,0.049693212,0.30605257,0.50831217
13767,-3.7092178,-0.24614002,-1.0100287,-0.41184938,0.06105246,0.23399833,0.0028483025,-0.1531886,0.05182457,0.35207024,0.084063016
13768,-4.3539176,0.044738576,-1.1971002,-0.5523652,-0.22293158,0.14674969,0.22666985,-0.089520246,-0.114019394,0.35560867,0.33520907
13769,-3.6139662,-0.23680274,-0.9189185,-0.37675503,-0.16594446,0.4701017,-0.10461083,-0.28670964,0.14912073,0.25862727,0.107279435
13770,-6.3082786,-0.029079184,-0.8268222,-0.6737356,-0.4051947,-0.048510198,-0.03134535,-0.023064232,-0.011105098,0.62357444,0.225422
13771,-5.9435487,-0.26811445,-1.1528693,-0.8093249,-0.22428848,0.3573982,0.22046174,-0.08991653,-0.10266056,0.4750864,0.08271247
13772,-4.678847,-0.19171393,-0.8443458,-0.17869768,-0.3037445,-0.07743548,0.020581644,0.056870617,-0.21888183,0.26695845,0.443171
13773,-5.147001,-0.19386774,-0.924561,-0.4864047,-0.21789393,-0.0800409,0.066573955,0.1996474,-0.17236318,0.3186001,0.60881114
13774,-7.3133607,-0.066340625,-1.1031928,-0.671588,0.04405009,-0.25923687,-0.087711394,-0.1687033,-0.31122094,0.38725042,0.2845724
13775,-3.6790273,-0.034468286,-0.9981918,-0.49650306,-0.07319348,0.10645697,0.116230056,-0.33212793,0.08136877,0.33403552,0.06593909
13776,-4.6293797,0.10329189,-0.9266337,-0.19976744,0.13910933,-0.15997534,-0.2088099,0.033408754,0.05629731,0.33129105,0.13634449
13777,-5.9732976,0.009001101,-1.5373293,-0.43546662,0.51629424,-0.049468555,-0.3412962,0.24549873,0.020569777,-0.061396237,0.063594714
13778,-8.170201,0.40879035,-1.4169502,-0.50181353,-0.07511838,-0.056249216,-0.13587674,-0.19101079,-0.023570983,0.23673025,0.34253097
13779,-4.1456795,-0.050458167,-1.0504905,-0.3856849,-0.43537906,-0.16302124,0.18733032,-0.0951188,-0.14357312,0.41492528,0.19991511
13780,-5.6550555,-0.112985596,-1.2937115,-0.34342858,-0.17625923,-0.25043547,0.009999591,-0.082153514,-0.29114747,0.4023215,0.20074394
13781,-4.193934,0.11510223,-0.8793136,-0.46673635,-0.15189438,0.052410882,-0.1413926,-0.17173703,-0.18913123,0.33925277,-0.0876953
13782,-6.0533257,-0.10733629,-1.5077168,-0.5579126,0.32752034,-0.03279482,-0.30132896,0.43078277,-0.17453179,0.33412987,-0.022588372
13783,-5.8028274,-0.17251082,-0.9048983,-0.6945084,0.10278138,0.22978476,-0.039572533,-0.122235276,-0.08118864,0.35685557,-0.002456434
13784,-7.3651233,-0.21651654,-1.378843,-0.7547356,-0.16823032,-0.085360035,0.14016558,0.06882891,-0.032530613,0.7661553,0.20223941
13785,-5.586029,-0.36838958,-1.5427079,-1.0332582,-0.36188048,0.109099664,0.2841118,-0.3526127,-0.06491663,0.4092507,0.37981248
13786,-4.90934,-0.06021096,-0.4721066,-0.8063733,-0.19544867,-0.23708527,-0.2331522,-0.2831823,-0.19146231,0.052640285,0.37206614
13787,-5.7294164,-0.11846042,-1.2859676,-0.7464748,-0.3810108,-0.21305631,0.12536654,-0.12254221,-0.070451796,0.7031543,0.14000434
13788,-5.6194158,-0.090879165,-0.8770026,-0.6197414,-0.12041422,-0.3197412,-0.08569347,0.1499199,-0.14463358,0.54805374,0.41495025
13789,-6.105576,-0.17294356,-1.3537041,-0.83348197,0.07465713,-0.30719364,0.03825909,0.22100116,-0.24060117,0.52487534,0.21161468
13790,-6.248938,-0.059437934,-1.2432723,-0.38919994,0.0667997,-0.069463365,-0.21919528,-0.40656835,-0.5045254,0.0395082,0.27209273
13791,-4.3842993,-0.22221892,-0.89476955,-0.43406314,-0.018870763,0.2820627,-0.018992562,-0.22683614,0.1282889,0.5947804,0.17873573
13792,-6.353378,-0.2293041,-1.5587004,-0.8185902,0.63321555,0.55231845,-0.07013175,-0.49924657,0.29300532,0.37593228,0.337326
13793,-5.5570135,-0.08549022,-1.1471169,-0.33385277,0.11652576,-0.22858523,-0.25718647,-0.11256725,-0.28963318,0.1691512,0.47098106
13794,-4.9724226,-0.14443965,-0.91749465,-0.23775768,0.13072394,0.039222106,-0.09751612,-0.0014715791,-0.11932288,0.1890139,-0.07338469
13795,-5.2788773,-0.20759365,-1.1876074,-0.4929737,-0.1307717,-0.3490898,0.079714075,0.27637792,-0.1657091,0.30933306,-0.07809702
13796,-7.574604,-0.03305562,-1.7289957,-1.0737778,-0.03365495,0.015837964,-0.22639734,-0.47584048,0.07577715,0.73792094,0.31887951
13797,-4.5733247,-0.077451974,-0.68312794,-0.483126,-0.18951192,-0.09959057,-0.022679653,-0.3191845,-0.18450308,0.23760843,0.26507434
13798,-5.3442516,-0.2932377,-0.77601624,-0.7356106,-0.27099764,0.1596419,0.21625008,0.048889652,0.06871867,0.49059245,0.6805958
13799,-7.82609,-0.50049525,-1.2789158,-0.6728334,0.23422948,-0.32515365,-0.13028046,-0.6019409,0.022627769,0.38237888,0.20116521
13800,-5.6244607,0.13475783,-1.5596452,-0.6953859,0.086730585,-0.06864879,-0.1353604,-0.012807351,-0.22420496,0.49690172,0.5696816
13801,-4.51859,0.10057784,-0.7149979,-0.70675486,-0.42791367,-0.19388013,0.14990158,-0.1880238,-0.28477702,0.14327309,0.44287807
13802,-6.0843415,0.12126473,-1.2135689,-0.6538822,-0.30123883,-0.017604355,0.13904876,-0.24489379,0.046582617,0.40470326,0.7272428
13803,-4.862315,0.06128758,-1.1276608,-0.5357339,0.11779885,-0.00880116,-0.15421987,-0.2738103,-0.23228112,0.5116136,0.17455183
13804,-3.9772966,-0.18667623,-0.5773243,-0.49955928,-0.26636752,0.1331774,0.41617092,0.027392766,-0.07761143,0.25683072,0.17040788
13805,-4.894597,-0.020230144,-0.98131484,-0.8768062,-0.52192724,0.012911819,-0.256932,0.00979212,0.07799374,0.6702946,0.4276945
13806,-6.4712105,-0.26569465,-1.2447926,-0.75501305,-0.212798,0.011613289,0.29860234,-0.24250221,-0.067422844,0.33570954,0.72665125
13807,-5.9743342,0.012444942,-1.0502063,-0.5840209,0.17353685,-0.09299338,-0.16166078,-0.42917305,-0.26593456,0.62573826,0.10431905
13808,-5.814119,-0.23137844,-0.90218985,-0.8286992,-0.53698534,-0.17936116,-0.18227756,0.040275156,0.08611414,0.7555563,0.42329723
13809,-4.816724,-0.013450078,-1.0428904,-0.4342876,0.05036835,-0.008849749,-0.0863231,-0.32531163,0.011257492,0.37673137,0.029794965
13810,-5.028402,-0.09767229,-1.0709431,-0.5897595,-0.12372189,0.1017911,-0.1413787,-0.32937086,-0.18579984,0.32328588,0.3567029
13811,-5.3427944,0.040524118,-0.8845392,-0.5057067,-0.26420823,0.0061140223,0.24225216,-0.06784304,-0.009598399,0.26615775,0.31451714
13812,-6.402994,-0.05907211,-1.2443509,-0.59470034,0.1418486,0.14997026,0.18198203,0.010762211,0.0477492,0.13920732,0.4822699
13813,-4.528619,-0.061709378,-1.0367234,-0.36426958,-0.16770525,0.13301027,-0.0030314876,-0.16183887,0.18453404,0.59478056,0.16758458
13814,-5.5726523,-0.1740104,-0.6543394,-0.42387527,-0.11044415,0.09417328,0.26436314,-0.14529859,-0.24227463,0.18553708,0.70612264
13815,-4.7412186,-0.06301193,-1.2565976,-0.48690775,0.4013033,-0.49092573,-0.22780474,0.21932356,-0.229078,0.27356106,-0.18484084
13816,-5.4254684,-0.15370937,-0.6581697,-0.7158495,-0.6822198,-0.17351297,-0.2603599,-0.08514884,0.0148832975,0.37780988,0.1835713
13817,-5.167646,0.11693754,-1.0381703,-0.27806422,-0.23135334,0.16725165,-0.17735067,0.06692294,-0.14586987,0.247191,0.13639495
13818,-6.431944,-0.06440853,-1.3682765,-0.85368466,-0.15772602,0.22243291,0.2461301,0.047353238,-0.15241194,0.6860638,0.39154434
13819,-8.412226,-0.11891511,-1.7439133,-0.9057275,-0.13127589,-0.097411774,-0.3184328,-0.18913542,-0.36368084,1.1581349,0.7561406
13820,-5.6998353,-0.26294893,-1.2231234,-0.6046937,0.010519616,-0.14794354,-0.13342422,-0.36611897,0.09209001,0.5512428,0.3838687
13821,-6.431331,0.005810552,-1.0701554,-0.7596747,-0.22992562,-0.039644204,0.23664823,-0.19536223,-0.1976927,0.4971493,0.35299078
13822,-5.892638,-0.1163851,-1.0736316,-0.32701832,0.18802789,0.56731224,0.016581167,-0.29334354,-0.18615751,0.96075666,0.34256333
13823,-5.273577,-0.18033168,-0.96573323,-0.8067207,-0.38390833,-0.20135486,-0.20718972,-0.013339646,0.030010343,0.57958984,0.45856765
13824,-3.845465,-0.03512462,-0.6490204,-0.3123135,-0.04185984,-0.2488183,0.044311363,-0.14222239,-0.1403196,0.21758212,0.12425285
13825,-7.35243,-0.14077626,-1.8860188,-0.84011185,0.07372391,-0.18973976,-0.29760376,0.18329847,-0.08642188,1.0769445,-0.027329028
13826,-4.227128,-0.17507584,-0.7483133,-0.5455717,-0.40582708,0.1784236,-0.059886985,-0.40425465,0.011422137,0.20288748,0.47877336
13827,-6.9926887,0.02625348,-1.3349912,-0.6984917,0.18223307,0.30497605,0.028618637,-0.25073382,0.18032232,0.46989647,0.03176312
13828,-4.6746855,-0.032230116,-1.4415622,-0.7435664,-0.030274054,0.08491643,-0.2641177,-0.17779633,0.31025755,0.44868955,0.09356379
13829,-5.288819,-0.34615645,-0.7093854,-0.15832242,-0.09643585,0.17557894,0.16246368,-0.4005078,-0.26248854,0.31076375,0.3444561
13830,-7.0859656,0.02083806,-0.8213744,-0.7970588,-0.50759244,-0.19350982,0.009620872,-0.21386941,-0.38976935,0.23447235,0.4455899
13831,-5.6821365,-0.06192961,-1.3230319,-0.7757475,-0.4632072,0.19589503,0.14338063,-0.2641792,-0.07015928,0.6331895,0.44107476
13832,-4.9525447,-0.058955487,-0.9203313,-0.61091846,-0.2883124,0.1782594,-0.07904225,-0.4006646,0.06659283,0.41542107,0.45002928
13833,-5.7767253,-0.1277171,-1.276721,-0.77165,0.2892932,0.14015505,-0.18522336,-0.09669107,0.013977187,0.36591092,0.1972127
13834,-5.9802713,-0.20560008,-1.0265428,-0.6496317,-0.19387418,0.21155472,-0.10323453,-0.32478446,-0.2037856,0.2483301,0.29489166
13835,-6.3610888,-0.3505741,-1.1976714,-0.93986976,0.067117356,0.05913869,-0.10675918,-0.12517871,0.22121823,0.671862,0.3615479
13836,-7.454042,0.0380542,-1.4407957,-0.7781474,0.13268137,0.027324295,-0.2485113,-0.5863906,0.094285205,0.8099548,-0.13059758
13837,-6.5006084,0.035011113,-1.5193094,-0.71806294,-0.12590075,-0.077493966,-0.18589763,-0.14989829,-0.23115471,0.28697583,0.5155331
13838,-6.393377,-0.2770459,-1.0927639,-0.6870981,0.07185119,0.02769171,-0.37036046,-0.4158779,-0.306583,0.032689255,0.09263784
13839,-4.6047444,-0.110742845,-0.6231483,-0.45143545,-0.1697301,-0.062137105,-0.025371943,0.073979266,-0.19600236,0.20243014,0.081619166
13840,-5.473441,-0.33865356,-1.1590441,-0.9887812,0.107555,-0.041808475,-0.14282101,-0.17971435,0.31818813,0.52815306,0.09308525
13841,-6.121308,-0.39560843,-1.4133797,-0.68255115,0.2320203,-0.13726257,0.0097663,-0.47872064,0.17647476,0.6094258,0.1770167
13842,-5.4407835,-0.09069826,-1.2359084,-0.72305876,0.072152846,0.160892,-0.22377656,-0.2614535,0.066284895,0.5509901,0.10609237
13843,-5.9746594,-0.17580754,-1.6823564,-0.7090884,0.00054887775,-0.20639487,0.12507015,0.05468235,0.17218678,0.71258223,0.29889625
13844,-5.7553453,0.006250063,-1.122814,-0.10883614,-0.11445733,-0.18571962,-0.29960898,-0.1982724,-0.23464416,0.3136239,0.046341635
13845,-4.772271,-0.22074561,-0.97404224,-0.3877412,0.07266588,0.3040403,0.034004904,-0.15617408,-0.21374549,0.20078366,0.06915864
13846,-3.7802498,-0.083852544,-0.5987065,-0.26570418,-0.13462487,-0.047927342,0.008141552,-0.13130125,-0.11477992,0.27913886,0.19948785
13847,-4.5842686,-0.17121145,-1.2238696,-0.4670439,-0.28009483,-0.0860852,0.15457939,-0.22553825,-0.063954756,0.30718002,0.31405836
13848,-5.4484425,0.03435822,-1.766074,-0.45318568,-0.042834636,0.31236738,-0.118882485,-0.25572526,-0.1266603,0.66232324,0.23777899
13849,-5.758584,0.011704209,-0.6626152,-0.37288415,-0.34161335,-0.16611229,0.32578185,-0.29298028,-0.34225306,0.19657142,0.39293233
13850,-8.77291,-0.2139957,-1.0184859,-0.70556724,-0.06990642,-0.0014265189,0.14528151,0.37972197,-0.36220852,0.39207998,0.5253613
13851,-5.014508,-0.020215001,-1.1361767,-0.7046994,0.18987736,-0.051639795,-0.34179467,0.18403594,0.12425828,0.5783398,0.14392823
13852,-6.419081,-0.16252145,-1.3031317,-0.5700828,0.028318038,0.7772119,0.20595393,-0.18339449,0.08297868,0.49409872,0.33768418
13853,-6.524905,-0.16112807,-1.2830254,-0.64926505,-0.022715392,-0.19071351,0.03360308,-0.34363574,-0.066792354,0.70533204,0.26086864
13854,-6.0520625,-0.0064772815,-1.1238914,-0.6427078,0.25624532,0.115769185,-0.37634924,-0.19555125,0.072476424,0.24463521,-0.058063112
13855,-5.90022,0.24496502,-1.1894246,-0.5671333,-0.18030788,-0.2696036,-0.29227436,-0.20543987,-0.2866107,0.20310427,0.3698942
13856,-5.5006413,-0.024743501,-1.3044347,-0.2505495,0.04122171,-0.34715277,-0.20721841,0.118393295,-0.21866448,0.18714973,0.034832258
13857,-5.2431746,0.21209948,-1.1032779,-0.51067907,0.0020024432,-0.02401499,0.056306496,-0.22954214,-0.007466227,0.0030665928,0.24088013
13858,-6.8256216,-0.20640054,-1.1239772,-0.4426372,-0.19405724,0.19377387,0.010636458,-0.31286362,-0.03593614,0.4644307,0.08341755
13859,-6.526692,-0.24897902,-0.96634644,-0.4781349,0.047482703,-0.19427724,-0.3935046,-0.36752707,-0.2332687,0.3738498,0.54032713
13860,-5.4739094,-0.070175536,-1.1987271,-0.6881167,-0.09930711,0.22065441,-0.26269674,0.18523479,0.00083930045,0.6106603,0.56135774
13861,-6.411282,-0.08374173,-1.3058405,-0.93827176,0.06803085,0.50435424,0.108076036,-0.8975336,0.3228044,0.74029744,0.34455287
13862,-7.570187,-0.040637393,-1.7211107,-0.5480062,0.18264332,-0.3277269,-0.21294487,-0.109292686,-0.011171952,0.22620767,0.54649734
13863,-5.332498,-0.36992878,-0.9620886,-0.5244331,-0.28443477,-0.44905007,-0.12674999,-0.49805984,-0.1889443,0.29632294,0.45638338
13864,-4.458405,-0.137982,-1.062961,-0.4663441,0.2769707,0.073645495,-0.18590209,-0.19217683,0.16726093,0.2610669,0.096553445
13865,-5.753079,-0.24375738,-0.9286288,-0.25937825,0.26232204,0.05131453,-0.30846593,-0.043877035,-0.04944457,0.41454917,0.34640393
13866,-5.2481427,-0.13262379,-0.97496665,-0.46325555,0.18617208,0.20767045,-0.13691835,-0.20112213,0.11661092,0.44104296,-0.15834817
13867,-4.977645,-0.05870435,-1.3063763,-0.6787016,0.11767297,0.2982806,-0.16643913,-0.44424775,0.13975209,0.30667815,0.23416303
13868,-6.8388357,0.040228292,-1.4018583,-0.53958756,0.712516,-0.31377393,-0.19986767,0.06417518,-0.06304895,0.1016796,0.034901142
13869,-3.4211164,-0.026435908,-0.62977123,-0.26727942,-0.1385707,0.1858445,0.27633813,-0.1975865,-0.022273118,0.13906439,0.30989495
13870,-8.15999,0.0012581581,-1.420754,-0.8421023,0.18360032,-0.07705083,-0.31552863,-0.37407422,-0.41579443,0.33074054,0.24742496
13871,-4.980272,-0.105320975,-1.033262,-0.35898015,-0.30135322,0.56901115,-0.1448575,-0.120822735,-0.14719415,0.5590513,0.33495545
13872,-7.09593,0.0769712,-1.2104366,-0.7653244,0.009036822,-0.30122125,-0.17990437,0.2990229,-0.08834878,0.6074097,0.4352894
13873,-6.514125,-0.32389244,-1.184923,-0.37015334,-0.039087456,-0.3253163,0.28151628,-0.079212904,-0.12872268,0.17124383,0.4238831
13874,-3.8080072,0.001829002,-0.77528554,-0.38270456,0.17464775,-0.16670297,-0.40570697,-0.1479846,-0.052413255,0.15018408,-0.06773628
13875,-4.803767,-0.00898137,-0.9271809,-0.7734401,0.07624529,0.1564878,-0.11451734,-0.22771941,0.23517579,0.77137905,0.30499914
13876,-4.9735847,-0.2407151,-0.9699461,-0.76757234,0.1253221,-0.42816627,-0.41507238,0.11981846,-0.13386796,0.6875344,-0.12153689
13877,-3.728735,-0.14942828,-0.81302696,-0.42122182,0.08174113,0.0717194,-0.06440696,-0.090245456,0.11027909,0.35473052,0.364315
13878,-6.042871,-0.0859937,-1.7105179,-0.34883925,0.13045171,0.17369083,-0.0859489,0.14934193,-0.25205868,0.16812162,0.16464566
13879,-5.8097854,-0.2214477,-0.91226244,-0.29098126,0.3099187,-0.38192475,-0.06306339,0.032664824,-0.24523203,0.362075,0.19830447
13880,-6.271915,-0.1817332,-1.1144239,-0.9201689,0.33346385,-0.16734615,-0.26450455,-0.3834232,0.41303194,0.23282002,0.27250177
13881,-5.7570367,-0.11401167,-0.8968548,-0.5569672,-0.2899368,-0.4086936,0.2338418,-0.09072025,-0.21715714,0.59751296,-0.036457002
13882,-7.0521693,-0.11211573,-1.7158061,-0.79531085,0.28704286,0.49601907,-0.08628845,-0.289097,0.10814749,-0.04214929,0.42906007
13883,-4.0197983,-0.122154355,-0.83824646,-0.59083897,-0.37130404,0.18306777,-0.0049971566,-0.52928126,0.0051159365,0.33464038,0.5452715
13884,-5.6278515,-0.55794865,-1.3135355,-0.6522129,-0.011093048,0.18434387,-0.111576505,0.014743664,0.20568667,0.8986335,0.41046664
13885,-5.2936335,-0.26863724,-1.1001621,-0.8779689,-0.10023738,0.10157073,0.16207105,-0.5705171,0.2028117,0.41209394,0.348852
13886,-5.2868237,-0.053274464,-1.015094,-0.5894372,-0.1627735,0.08465724,0.18650275,-0.17736396,-0.069224834,0.09802837,0.6514567
13887,-5.266248,-0.28033948,-1.3316699,-0.67600244,-0.09736305,-0.03602748,-0.18870996,-0.2557332,0.29998142,0.77850443,0.4582643
13888,-4.4769793,0.09826279,-0.9704005,-0.5581633,-0.31474832,0.10006978,-0.08989632,-0.30777285,0.10583081,0.37743622,0.21254876
13889,-5.007578,-0.17304318,-0.736496,-0.4698848,0.041699015,-0.10572609,-0.16084133,-0.08006926,-0.30703735,0.6853448,0.40262058
13890,-6.799054,-0.088684574,-1.5185105,-0.6431553,0.3339945,0.022906706,-0.3083918,0.05896429,-0.26047552,0.44842204,-0.011314065
13891,-4.310514,-0.06729666,-0.77462864,-0.50461864,-0.068810575,0.19782804,0.072852015,-0.25386825,0.054726094,0.08700512,0.15484267
13892,-5.2507596,-0.5297092,-1.2534608,-0.83493036,0.15988952,-0.25138712,-0.3138718,-0.17990018,0.08329908,0.33129916,0.33934268
13893,-4.997167,-0.23192203,-0.94907427,-0.59240913,0.08325078,-0.09053239,-0.2673431,-0.00083250925,0.0069918595,0.32449293,0.0059105405
13894,-4.904888,0.03559435,-0.9152213,-0.47804898,0.005731502,0.13465956,-0.2897886,-0.48749432,0.05301083,0.15268506,0.05996355
13895,-5.3719063,0.0066562667,-1.1557844,-0.15389054,-0.039834205,0.06261282,0.1226064,-0.37578222,-0.1609232,0.14822306,0.12326735
13896,-7.6678004,-0.27797416,-1.2699121,-0.8263656,-0.7022772,0.095334865,0.08857043,-0.01701313,-0.35146073,0.21463361,0.70706433
13897,-6.7420197,-0.5726688,-1.3474243,-0.41989952,-0.20254068,0.17642634,0.11745739,0.13633,-0.2833939,0.29628286,0.7671565
13898,-8.401256,-0.30601028,-1.0186104,-1.0322073,-0.59297,-0.10218031,0.0048300168,-0.2651346,-0.44989523,0.31904414,0.9322946
13899,-4.8189383,-0.22101448,-1.3361089,-0.71498215,-0.35469103,-0.045822814,-0.08799547,-0.5039083,0.019626202,0.6181677,0.45628268
13900,-7.0971904,0.120365195,-1.6260123,-0.8346534,-0.033312257,0.36711663,0.17187817,-0.10567036,0.04967968,0.4320041,0.3511779
13901,-5.861972,-0.15123217,-1.1339616,-0.3526447,-0.12379546,-0.02838109,0.07347579,-0.15636154,-0.051551655,0.6732952,0.22371721
13902,-5.8610606,0.06962009,-1.2390195,-0.6851933,0.16207446,0.026336499,-0.36373755,-0.01704197,0.07800745,0.6098026,0.14389162
13903,-5.723143,-0.19250725,-0.8645075,-0.5852834,-0.44772217,-0.5446442,0.2390596,-0.24870682,-0.15138574,0.3743683,0.65248936
13904,-5.6021028,-0.11153245,-0.8560953,-0.67793006,-0.046755318,-0.16737969,-0.01851936,-0.23981044,0.20901947,0.6146765,0.0022075903
13905,-4.8296275,-0.1851092,-0.68757445,-0.7454529,-0.38275787,0.2343978,0.47905606,-0.18087955,0.09270269,0.23014036,0.37012127
13906,-4.2774115,0.057134032,-0.8451323,-0.26847127,0.062646694,-0.096652776,-0.012970447,-0.15983629,-0.16677919,0.11563029,0.10210847
13907,-5.0674305,-0.103024945,-0.9084423,-0.49320275,0.046713732,-0.09460731,0.13480838,-0.19900574,0.10268257,0.070635594,0.20376022
13908,-5.9182534,-0.13628697,-0.8975074,-0.4422342,-0.6135594,-0.0524509,0.23481017,-0.31234613,-0.35284093,0.40158015,0.40502164
13909,-4.932475,-0.1594505,-0.916426,-0.35709533,-0.027684683,-0.18985464,0.024819985,-0.692137,-0.036672443,0.27300313,0.3593762
13910,-5.677506,-0.21285325,-0.59480083,-0.6343087,-0.17972948,-0.27337736,-0.13437916,-0.19108126,-0.13726017,0.36621368,0.46503893
13911,-5.4347177,0.081844285,-0.63483936,-0.6660156,0.05345261,-0.054056957,0.027907718,-0.4673535,-0.027055116,0.53613776,0.41006583
13912,-4.183624,-0.11239652,-0.8663729,-0.32029462,0.12947693,-0.18645194,-0.16310275,0.106864914,-0.12747003,0.44762325,0.2678681
13913,-5.5112724,-0.11151458,-0.9211742,-0.55509603,0.16999863,0.15123153,0.047724124,0.056761764,-0.28841335,0.20214383,0.461633
13914,-5.2173376,-0.25824165,-1.327658,-0.58275735,-0.33492506,0.054440964,0.12305782,-0.52681357,-0.17014255,0.5714308,0.4209734
13915,-4.6096387,-0.3243416,-0.84288913,-0.41703272,-0.020197295,-0.12600137,0.08326942,-0.109604515,-0.06749859,0.4117617,0.19698584
13916,-4.8509126,-0.028575711,-1.0354626,-0.6225455,-0.33429906,0.29587984,-0.087454416,-0.3305238,0.010841452,0.22601324,0.13658434
13917,-4.613667,-0.14857171,-1.0407873,-0.7055864,0.101933666,-0.19603541,-0.17123373,-0.3956405,0.061719738,0.20887929,0.15927334
13918,-6.2785106,-0.30644968,-1.0420262,-0.7362967,-0.34299266,0.18984239,-0.3762634,-0.20402001,0.12016651,0.31502146,0.3102445
13919,-5.979927,-0.062657185,-0.8866124,-0.20897643,0.18926887,-0.19674045,-0.047574542,0.28574774,-0.42799047,0.49804968,0.19830711
13920,-5.696985,-0.09796966,-1.0475748,-0.53731877,-0.3061078,-0.2651078,0.19333637,0.14544864,-0.3261196,0.8737169,0.46531475
13921,-6.536607,-0.47081256,-1.4075894,-0.75831425,-0.19379725,0.7027334,-0.1569235,-0.32727754,0.18765058,0.8313636,0.44735825
13922,-4.611883,-0.04263918,-1.069223,-0.6890368,-0.14316797,-0.24083382,-0.08368667,-0.2015511,-0.25601032,0.7739157,0.22924739
13923,-5.6968756,-0.09548012,-1.2960724,-0.31042242,0.17621154,0.19791669,0.053919993,-0.27832273,-0.09860268,0.46382466,0.08877903
13924,-4.3427176,-0.24162783,-0.6122611,-0.5763252,0.12624885,-0.057689928,-0.03724906,-0.099275224,0.06993626,0.27684677,0.23310938
13925,-6.570848,-0.60069287,-1.3371285,-0.90794337,-0.13260981,-0.07690582,-0.07511591,-0.40130585,0.17996104,0.64549154,0.42650756
13926,-6.6432285,-0.3155618,-1.1582963,-0.757959,-0.17274877,-0.18938497,0.042513244,-0.4873935,0.05544915,0.25459465,0.5439291
13927,-4.922731,-0.40047196,-1.0965762,-0.42784914,-0.4264863,0.15582578,0.074262984,-0.06856082,-0.08128564,0.23331574,0.56349653
13928,-5.88702,0.020300314,-1.4677923,-0.73950595,-0.056205686,0.293984,-0.098713376,-0.34881893,0.029176395,0.3426108,0.11826083
13929,-6.780975,-0.058832835,-1.4184803,-0.47897816,0.63214743,0.024342041,-0.18149783,0.08442044,0.2953947,0.6939303,-0.16995068
13930,-5.4492617,-0.01565677,-1.0427705,-0.5834595,-0.3011435,0.022928884,0.14867626,-0.30709803,0.19529927,0.5523182,0.120112844
13931,-6.6829576,-0.09814366,-1.2011315,-0.4510867,-0.03902966,0.00041567674,-0.4042448,-0.70585066,-0.00892592,0.22362806,0.24174316
13932,-4.674609,-0.15763396,-0.73876,-0.5905137,-0.19636086,0.25816,-0.029782306,-0.5701544,-0.07194506,0.3039975,0.38000247
13933,-6.4281254,-0.0296305,-1.0520245,-0.66452724,-0.098778896,-0.27005285,0.20517333,-0.26432917,-0.19789425,0.4896053,0.36405715
13934,-6.2175765,-0.032974638,-1.3839005,-0.8924387,-0.4231984,0.11862831,0.48085365,-0.19719037,-0.07482899,0.83930415,0.34112406
13935,-5.151419,-0.25262907,-0.8148493,-0.39846143,-0.19261084,-0.17130646,-0.0005373573,0.12881252,-0.12659876,0.6850755,0.22536165
13936,-5.5198264,-0.39565474,-1.0633357,-0.15382892,-0.21339023,0.1906655,-0.1652157,0.22149038,-0.39713165,0.14108439,0.2872663
13937,-6.9880967,-0.67091054,-1.0479375,-0.62112445,0.057465322,-0.023825448,-0.15908024,-0.24365702,-0.21429677,0.37088752,0.80693954
13938,-3.9766734,-0.072683856,-0.59639156,-0.20604464,0.10840416,-0.2056044,0.29139954,0.10005404,-0.023594787,0.32408625,0.1734704
13939,-5.3063064,-0.3805012,-1.3052108,-0.20382416,-0.38165212,0.12855074,-0.011229406,-0.1676626,-0.13443074,0.3851595,0.46510476
13940,-5.367431,-0.034719005,-1.1016057,-0.66638154,-0.58825886,-0.12107976,0.08665182,-0.41002154,-0.4056936,0.24173921,0.51067406
13941,-5.1473894,0.13358156,-1.2157261,-0.45957997,0.24294148,0.1203833,0.004577097,-0.105158724,-0.083655916,0.02376191,0.3602697
13942,-6.1030035,0.14385511,-1.276584,-0.6940655,0.28296718,0.09820332,-0.116673596,-0.42462447,0.15759806,0.06951003,0.26282325
13943,-5.702467,-0.028689634,-1.1420963,-0.1468403,0.2380553,-0.11175177,-0.24031322,-0.2518182,-0.16968803,0.27318498,0.09208578
13944,-6.7370954,-0.44626272,-0.9062253,-0.97409415,0.303606,0.08458106,-0.18887395,-0.43411404,0.14861573,0.53003657,0.73792255
13945,-6.693147,0.0040101493,-1.6475506,-0.8174568,-0.14679675,0.16956155,-0.20023678,-0.116873346,0.1454585,0.40167588,0.3741797
13946,-5.069493,-0.16567896,-1.4747077,-0.424613,-0.055895954,-0.042381443,-0.061111294,0.13380226,0.0061433045,0.5400201,0.4200841
13947,-5.7092614,-0.3643184,-0.843527,-0.67941856,-0.064293526,-0.18139285,0.12224794,0.113418676,-0.13515648,0.40200672,0.7922665
13948,-4.1105266,0.0009674756,-1.0696621,-0.7712744,-0.015443906,0.056535684,-0.11497512,-0.42500922,0.02963982,0.53053313,0.5961656
13949,-5.9187922,-0.10942499,-0.85790026,-0.9204923,-0.33765846,0.07051185,0.09225911,-0.35061318,0.08603625,0.4347438,0.4031839
13950,-6.991877,-0.21076809,-1.1659504,-0.8278393,-0.5213912,-0.14710799,-0.053054012,-0.20998222,0.02311776,0.7834653,0.50657445
13951,-5.905029,-0.44493115,-1.0480735,-0.8852225,-0.10205391,-0.030716423,-0.12983611,-0.30434838,0.09402486,0.63971835,0.40099132
13952,-4.836152,-0.17484452,-1.1544882,-0.6008549,0.3147941,-0.3762173,0.08467286,0.05766405,0.10192415,0.31629732,0.012958084
13953,-5.6399574,-0.3349559,-0.8545212,-0.99436104,-0.112804815,-0.112766184,-0.0949135,-0.53882664,0.28580904,0.8356015,0.15129934
13954,-5.9261937,-0.27257803,-1.2733243,-0.4378979,-0.43973613,-0.15945691,0.047864452,0.11053647,-0.13381408,0.30369407,0.54893863
13955,-4.9042997,-0.35753313,-1.0307322,-0.5153417,0.36631885,0.18374132,-0.3627461,-0.1738801,-0.17600645,0.5810642,0.15335551
13956,-6.453904,-0.33382392,-0.74899393,-0.7285419,-0.08596684,-0.3863746,-0.07574406,-0.34782112,-0.009947253,0.601621,0.530251
13957,-5.281698,-0.07751618,-1.115324,-0.64646536,-0.6284734,-0.18640292,0.49664176,0.1132832,-0.09102795,0.44359472,0.5762201
13958,-4.72476,0.11837716,-0.8911086,-0.4214609,-0.1273113,-0.11545486,0.21845974,-0.18004681,-0.1066158,0.1915276,0.04877569
13959,-4.513151,-0.30236176,-1.017466,-0.5122052,0.0868012,0.39771026,-0.023985486,-0.28855065,0.28156006,0.45702592,0.26875594
13960,-7.6283984,-0.29539496,-1.1430805,-0.65370035,-0.71786916,-0.34159422,0.5710573,-0.09048003,-0.35152665,0.7122787,0.8551896
13961,-6.05531,-0.2616862,-1.2628335,-0.97537595,-0.639821,0.042378705,0.086292274,-0.12798259,-0.081843585,0.87025326,0.89617664
13962,-7.8723254,-0.115129635,-1.3889575,-0.9359788,-0.13994852,0.18472813,0.2251889,0.22739366,-0.3014571,0.14565158,0.5235115
13963,-7.5959816,-0.19825499,-1.4899939,-1.1116366,-0.44101027,-0.13410607,-0.03731163,-0.24391451,-0.094436586,0.75729036,0.6561973
13964,-3.610698,-0.2202641,-0.8764864,-0.16958271,0.15287063,-0.029395256,0.032221287,-0.18935594,-0.019568807,0.13653943,0.35835248
13965,-6.6480703,-0.076421686,-1.2794229,-0.55219597,0.054148123,-0.33884275,-0.08430465,0.08322017,-0.21842733,0.21960878,0.44339776
13966,-5.7346673,-0.08567572,-1.2530733,-0.65672743,-0.032511692,-0.17050862,-0.1320138,-0.2027241,0.27778393,0.5309006,0.13785055
13967,-4.530964,-0.021283403,-0.61881936,-0.37083846,-0.06353801,-0.07788622,-0.17398095,0.00994607,-0.16674137,0.21329415,0.12889309
13968,-8.780233,-0.36570922,-1.2304152,-0.88773924,-0.08852054,0.14363864,0.20880978,0.0926575,0.0011526467,0.490877,0.6765573
13969,-5.495951,-0.18241177,-0.9264748,-0.51268846,-0.46909517,-0.22766969,0.20672265,-0.092210606,-0.30846807,0.5329918,0.3667589
13970,-3.8965323,-0.028437462,-0.9121855,-0.5430371,-0.18933654,-0.13175328,0.08130614,-0.046339832,0.1220762,0.2166931,0.30017567
13971,-6.637123,-0.042244032,-1.8797488,-0.5455961,0.44749185,0.00575771,-0.04465703,0.06856145,-0.012367021,0.5029132,0.07687563
13972,-7.413004,-0.21307936,-1.4192914,-1.148053,-0.67099875,-0.020177994,-0.032162566,-0.26312506,0.20431228,0.9274528,0.46586773
13973,-5.9316626,-0.14267449,-1.0517627,-0.7293809,-0.2578945,-0.11391835,0.34493798,-0.18466762,-0.057942703,0.5823198,0.42728695
13974,-7.017613,-0.46472022,-1.3627264,-1.1161519,-0.07410562,0.079380624,0.33669087,-0.27243525,0.24080722,0.75180227,0.16443019
13975,-6.4496818,-0.04614889,-1.242454,-0.62993,-0.47638488,-0.07458145,0.3974473,-0.20654145,-0.2965956,0.49672195,0.3721342
13976,-5.2284803,-0.011046429,-1.1060592,-0.7969912,0.104881234,-0.074029215,-0.1452389,-0.4093693,0.19385952,0.61000067,0.05106849
13977,-6.060223,-0.1964309,-1.3619092,-0.6146789,0.47254324,0.36555374,-0.30512062,-0.6703644,-0.021707734,0.2573409,0.27857447
13978,-5.2987537,-0.114338644,-1.2176411,-0.74645436,0.07718782,-0.14960718,-0.36365667,0.010205649,-0.11810817,0.49962237,-0.20185682
13979,-4.685029,-0.046576638,-0.951023,-0.3053204,0.07453971,0.1466901,-0.26663205,0.013515653,0.16522688,0.43998572,0.13139494
13980,-5.2505703,0.13937214,-1.1369308,-0.6453232,0.21262006,-0.18881124,-0.34667048,-0.016321508,0.0060908347,0.58123577,0.0021752873
13981,-5.031131,-0.22940823,-1.1946448,-0.6668255,0.08925117,-0.25304973,-0.23193735,0.21154219,0.17509274,0.55359274,0.14390188
13982,-5.4517817,-0.10287424,-1.1089207,-0.5141015,-0.08067598,0.29208004,0.32226425,0.15883106,0.24319047,0.7806643,0.16685602
13983,-5.512179,-0.2006537,-1.0849646,-0.73975396,-0.33894333,-0.05247589,0.15748075,-0.45701823,0.01777283,0.16210815,0.6050843
13984,-5.095133,-0.10612709,-1.1620967,-0.62004596,-0.33852977,-0.20961006,0.06996385,-0.15252312,-0.07553555,0.3317993,0.5544064
13985,-5.452171,-0.11331691,-1.5500442,-0.46992475,-0.0036286819,0.19216457,0.12989365,-0.045060575,0.04579948,0.3240487,0.28802252
13986,-6.459793,-0.0554904,-1.1206561,-0.6644038,-0.010220503,-0.092197545,-0.28820455,-0.18644275,0.32298875,0.6324716,0.10023064
13987,-4.5735373,-0.080992736,-0.9618884,-0.2987015,-0.31544206,0.21312302,0.14670973,-0.022289036,-0.3021806,0.64221853,0.22463201
13988,-6.3146257,-0.20243329,-1.3664035,-0.34822395,-0.11833059,-0.48051262,0.04530875,-0.09686696,-0.100233026,0.19637051,0.54466236
13989,-5.8648663,-0.15842535,-1.4426055,-0.65239125,0.31699473,-0.26245213,-0.21682748,0.025866179,0.09591747,0.39408022,0.05595911
13990,-4.1892037,-0.16586454,-0.87200046,-0.48049122,-0.41829902,0.19276513,0.67452896,-0.21919875,-0.22528373,0.3907908,0.40617535
13991,-4.2804832,0.007275651,-0.5504405,-0.18704581,-0.26572692,0.15638222,-0.018485151,-0.240998,-0.18911521,0.48800597,0.062717326
13992,-6.6392903,0.079310164,-1.3695977,-0.22051759,0.59405017,-0.20020826,-0.4493456,-0.07002614,-0.19451483,-0.17417207,0.003228792
13993,-5.219102,-0.19701743,-1.3511072,-0.40194103,-0.050087206,-0.28555518,-0.097644106,0.18903393,-0.3558008,0.23882943,0.2666649
13994,-5.0122385,-0.086359724,-1.0611529,-0.3043122,-0.3816683,0.18481854,0.06262664,-0.11896447,-0.110483766,0.56751287,0.36213824
13995,-4.8472433,-0.10116805,-0.9415856,-0.97795904,-0.2988475,-0.18246274,0.11101551,-0.09201694,0.042050987,0.27150786,0.3403419
13996,-5.7637706,-0.17382783,-0.7126735,-0.66211855,-0.5207251,-0.14763506,-0.009722128,-0.33735514,-0.261421,0.46313226,0.25863376
13997,-7.098931,0.08580923,-1.8660091,-0.75274676,0.22208984,-0.14718027,-0.24633892,-0.6526351,-0.005994305,0.070758805,0.29666752
13998,-4.9459248,-0.09085314,-0.8583336,-0.6425471,-0.024855426,-0.25397927,-0.19774774,-0.055973724,-0.1268619,0.40034348,0.41240224
13999,-6.2308583,-0.07660839,-1.0297974,-0.4047733,-0.06505959,0.26528192,-0.016257927,-0.4427415,-0.32284382,0.19007643,0.05037993
14000,-4.900312,-0.0947624,-1.071785,-0.5285784,-0.16897419,-0.32568002,0.16055982,-0.1401766,-0.017631272,0.14524697,0.4257059
14001,-5.0323224,-0.21434061,-0.8608503,-0.54208696,0.35862803,0.015393318,-0.114737846,0.018792115,0.023536412,0.37007698,0.2208291
14002,-5.4447374,-0.28349766,-0.8791702,-0.4973544,-0.3095536,0.09242308,0.18614972,-0.23402306,0.12873797,0.46811548,0.6741636
14003,-5.9456406,-0.106966354,-1.2521615,-0.604363,-0.19420591,-0.21038915,0.062169783,0.28207403,-0.38842192,0.29071838,0.3714847
14004,-6.0793386,-0.068982124,-1.1137989,-0.40123147,-0.0099172685,-0.052174263,-0.11179684,-0.22071639,-0.095823266,0.22317502,0.18592496
14005,-5.068395,-0.021972023,-0.9314884,-0.42088696,0.107483305,-0.23470265,0.066697836,-0.003627129,-0.25009423,0.36720717,0.31954175
14006,-4.360815,-0.14328179,-0.8244123,-0.6438356,0.13794692,0.3628592,-0.03891682,-0.38263443,0.25593936,0.26091948,0.37062895
14007,-5.157273,-0.04492258,-1.2777677,-0.54611117,-0.24758258,0.03852018,-0.12606272,-0.5554952,0.14117533,0.4462694,0.045382105
14008,-6.697929,-0.38161272,-0.8103995,-0.71475947,-0.604415,-0.10623877,-0.3826313,-0.7287217,-0.34172425,0.4800259,0.18155366
14009,-5.4389453,-0.26441303,-1.0893701,-0.38533023,-0.12711248,-0.06684763,0.09914663,-0.13655104,-0.21806069,0.4166061,0.31821808
14010,-5.816065,0.17397873,-1.4760221,-0.29400855,0.010793097,0.12061888,-0.22810625,0.09439612,-0.11609277,0.4839186,0.25841805
14011,-5.9196615,0.16530657,-1.3910927,-0.68239385,0.05919907,0.21558812,0.04796257,-0.057298906,0.043134853,0.5219078,0.41078374
14012,-6.1913,-0.21664716,-1.0344658,-0.7640129,-0.2320411,0.0017291261,-0.26846334,0.076327376,-0.18866086,0.4083664,0.30305645
14013,-4.665224,-0.12247333,-1.0684717,-0.54889256,0.04531279,0.11973723,0.074770294,-0.19176123,0.03259504,0.16993682,0.26847768
14014,-6.278562,-0.28672874,-1.0327784,-0.66075146,-0.4381391,-0.26434702,0.042663757,-0.24394298,-0.18657014,0.55881625,0.40460852
14015,-5.7067227,0.04296369,-1.1359499,-0.52571344,-0.28670684,-0.04410144,-0.055334315,-0.22288288,-0.10986264,0.38207817,0.2686506
14016,-4.7760854,-0.236035,-1.1587161,-0.67599297,-0.17278877,-0.015674962,0.022093765,-0.5117321,-0.12737934,0.34870228,0.4132198
14017,-6.657127,-0.046931125,-1.3657259,-0.35156444,-0.33576956,-0.25302672,0.19433613,-0.32920808,-0.40158066,0.2982923,0.45700672
14018,-6.972324,-0.406067,-1.156152,-1.0349021,-0.01690087,0.0019904152,-0.054457344,-0.5035233,0.06530972,0.45610946,0.4806618
14019,-5.542183,0.022458373,-1.2877315,-0.63037145,-0.22346982,0.08377704,-0.112892866,-0.1347105,0.11643482,0.538075,0.08539303
14020,-7.079437,-0.16903855,-1.1929429,-0.87669367,0.00044400804,0.5048676,-0.10383268,-0.3209617,-0.0010371674,0.30992603,0.39632088
14021,-6.8642645,0.04456456,-1.5320383,-0.71426183,-0.39908066,-0.20534512,-0.09796154,0.18770933,-0.3954039,0.7948943,0.40259394
14022,-5.585053,-0.58682925,-1.1602943,-0.41959837,0.28894877,0.0736579,-0.10064955,-0.08603508,-0.20719278,0.45503375,0.088153765
14023,-4.046039,-0.23178707,-0.8387201,-0.6141335,-0.17679647,-0.095872454,0.15109639,-0.31830937,0.13088678,0.43227306,0.3874551
14024,-7.382283,-0.12584516,-1.3129798,-0.98910695,-0.12615396,-0.17419638,-0.32474884,-0.15410455,0.13701327,0.5943742,-0.14675555
14025,-6.7476425,-0.13847524,-1.348975,-0.70989394,0.034403298,-0.007993199,-0.09861349,-0.1584581,-0.119641885,0.36603084,0.06741915
14026,-5.8031845,0.15859222,-1.152782,-0.64062464,0.11462865,0.6661414,-0.101572014,-0.15997858,0.1695367,0.57237506,0.21681215
14027,-5.73171,-0.42536935,-1.688548,-0.69198143,0.19209746,-0.0683184,-0.24405839,-0.2054387,0.16264011,0.3783901,0.42365962
14028,-6.071938,0.045656554,-0.9978673,-0.5043267,0.010137994,-0.13108182,-0.20402664,0.020342898,-0.38120902,0.08516283,0.3287287
14029,-4.500025,0.26926214,-0.8919439,-0.20507301,0.23328036,-0.14434469,-0.09097724,-0.4178125,-0.36392188,0.12550466,0.08505244
14030,-5.597659,-0.16007708,-1.0672609,-0.47492504,-0.24873793,0.15067126,-0.118257366,-0.6697178,-0.15509044,0.5285536,0.24340957
14031,-5.2532616,0.033111457,-1.1160374,-0.6948721,0.23705362,0.004579955,-0.10258448,-0.17118743,0.17500891,0.34949735,0.120606124
14032,-5.6284456,-0.22145073,-1.1089765,-0.8312102,-0.36629608,-0.04788583,0.1402524,-0.088418946,-0.17858538,0.46899524,0.42115206
14033,-6.9132442,-0.42460322,-1.01621,-0.5880175,-0.07457985,-0.20750855,0.008803435,-0.29944488,0.028625136,0.4406945,0.7925784
14034,-5.3261504,-0.10488952,-1.0514638,-0.56663585,-0.21162832,0.025523761,0.14974757,-0.4235335,-0.11932135,0.43676722,0.1538683
14035,-5.9662566,0.16864736,-1.2845856,-0.44977564,0.12645581,-0.11021809,-0.14012901,-0.28647053,-0.20033807,0.29321,0.36857527
14036,-4.4629583,-0.33577538,-1.0988215,-0.27694672,-0.105488844,0.3387729,0.037728723,0.026276102,-0.14123109,0.5004448,0.39319116
14037,-5.7711964,0.12776615,-1.1047906,-0.6893633,-0.5341036,0.09413401,-0.20805527,-0.5541533,0.0037563024,0.39592642,0.37296513
14038,-6.4562864,0.036897596,-1.5924046,-0.529239,-0.14399645,-0.17691106,-0.051591467,0.124081574,-0.16925503,0.28777793,0.46904644
14039,-7.5579967,0.014760361,-1.7653608,-1.1753371,0.1302838,-0.08917622,-0.15312558,-0.012764795,0.18501276,0.451592,0.33919728
14040,-6.4198017,-0.23667571,-1.6843796,-1.216648,0.056528285,0.18952528,-0.29269746,-0.12685734,0.35601148,0.70946705,0.36284646
14041,-5.479593,-0.1563457,-1.3704503,-0.25766605,-0.21385331,-0.2683553,-0.08296935,0.2698202,-0.4553751,0.21994235,0.29465556
14042,-7.0085607,-0.11200333,-1.3580586,-0.65967387,-0.11810987,0.22833043,-0.37230247,-0.18513846,-0.11678974,0.57209486,0.20344388
14043,-5.38213,-0.043655574,-0.98431677,-0.26740348,-0.30085534,0.4443109,0.07273379,-0.4479224,-0.12356937,0.2771635,0.2193412
14044,-5.680296,0.00045432523,-1.1808181,-0.48004663,0.21519732,0.2058252,-0.4100882,-0.2770005,-0.25506723,0.25071013,-0.13154079
14045,-6.0054417,-0.4379998,-1.4025849,-0.68593293,-0.599881,0.008252683,0.5367773,0.015400076,-0.31613177,0.7099433,0.40931904
14046,-9.167295,-0.6178953,-1.6179534,-0.72794485,-0.57268703,-0.5823639,-0.14948337,-0.3148042,-0.5496912,0.52306485,0.6577688
14047,-6.0599923,-0.084820695,-1.0477235,-0.6111687,-0.42894027,0.47275174,-0.22673427,-0.3027035,-0.0035376623,0.36504713,0.26072463
14048,-5.1635246,-0.045902822,-0.95960015,-0.6396054,0.048725236,0.065108046,-0.029151652,-0.06329817,-0.039795958,0.47148737,0.108251914
14049,-4.7497406,-0.13262719,-1.3213646,-0.64342886,-0.18629184,0.009641618,-0.18883762,-0.0075602103,0.19805913,0.43465665,0.17627977
14050,-5.583911,-0.019491274,-1.0586178,-0.7376056,-0.20405786,-0.17183985,0.08361458,-0.44168743,0.15290399,0.4700362,0.29208922
14051,-4.61208,-0.029992633,-0.9526841,-0.7745428,-0.11645286,-0.077365026,-0.009568174,-0.2914661,-0.010821963,0.3190628,0.35052627
14052,-5.143071,0.20340535,-1.0843542,-0.26834717,0.066923834,-0.049280558,-0.1694588,-0.067955844,-0.40432036,0.29314044,0.17900996
14053,-5.869861,-0.14677872,-1.4274466,-0.6558143,-0.048199113,-0.015638616,-0.088888556,-0.0668738,0.19117135,0.71478933,0.39595333
14054,-4.3482285,0.056076158,-0.9938085,-0.03680809,0.20942731,0.15796433,-0.106833965,0.07005659,-0.25292072,0.10594411,0.13708754
14055,-7.2009974,0.06873167,-1.4896721,-0.54971063,-0.3334095,-0.33668154,0.19456695,0.108735524,-0.24362557,0.2773433,0.34639058
14056,-6.1359425,-0.17958769,-1.4602273,-0.6867614,-0.18202707,0.2315416,0.31742853,-0.18792525,0.15476798,0.77099013,0.35535926
14057,-4.236273,0.034165863,-1.0997654,-0.1907711,0.17496823,0.16882847,0.05369382,-0.008880766,-0.22373815,0.1923676,0.118916996
14058,-5.6220546,0.1081916,-1.2803863,-0.640342,-0.17891373,0.2263853,0.016664587,-0.7006707,0.15073006,0.11233479,0.07875884
14059,-8.237848,-0.30401918,-1.1488565,-0.8229185,-0.12204368,-0.018759832,-0.14008601,-0.6820364,0.10405599,0.097815044,0.7377106
14060,-4.5344405,-0.20303118,-0.90048903,-0.7789846,-0.38985342,0.36996293,-0.09040289,-0.1311168,0.20763904,0.37835675,0.23292896
14061,-5.9678526,-0.21950398,-1.0516503,-0.6607039,0.045629986,0.093143634,0.08046345,-0.23844059,-0.3551338,0.22292775,0.13876173
14062,-5.7747936,0.010166594,-1.4099836,-1.1350088,-0.1312189,0.5585028,-0.037808754,-0.56613773,0.32326594,0.92808264,0.31099796
14063,-6.6393037,-0.28303182,-1.5409307,-0.61926746,-0.036448322,0.09998968,-0.25984177,-0.3167092,-0.21891782,0.8418424,0.31366962
14064,-5.493591,-0.13607222,-1.2160468,-0.6976197,-0.17798188,0.042558238,-0.10779836,-0.19256829,-0.022685183,0.42431825,0.8742095
14065,-4.4242897,0.014764829,-0.7031489,-0.58169425,-0.12846078,-0.19674888,-0.052231364,-0.16636698,0.022679593,0.33773088,0.13386197
14066,-7.25179,-0.23037958,-1.1989006,-0.3666357,0.42668563,0.20668487,-0.3007248,-0.13551402,-0.13482502,-0.04532545,0.45860928
14067,-7.1019588,-0.008666539,-1.6777364,-0.48703852,0.54777694,-0.23257351,-0.19295283,-0.0914212,-0.019409655,0.29492378,0.18029125
14068,-4.9473643,-0.1367541,-0.7624107,-0.59174395,-0.5422469,-0.51253796,0.11925089,-0.1312899,-0.0022991635,0.28821424,0.3823521
14069,-6.583939,-0.19583115,-1.3120687,-0.7210191,-5.3691212e-05,0.6443617,0.08255095,-0.57262087,0.09294609,0.42831334,0.3050042
14070,-6.3122144,-0.096432306,-1.5038749,-0.9685398,-0.2842654,-0.019572284,-0.16861986,0.023746042,0.055147663,0.6617476,0.06428477
14071,-6.1071343,0.13372767,-1.2925806,-0.6876676,-0.109421246,0.120103024,-0.25351414,-0.34432185,-0.19564496,0.53671896,0.30029044
14072,-4.9039335,-0.034076538,-0.7303939,-0.5212397,0.23124526,0.15135337,-0.21935916,0.054909177,-0.06489323,0.24141052,0.077783756
14073,-5.666957,0.030279633,-1.3763906,-0.4558123,-0.37463698,0.3122056,0.25134128,-0.18154119,-0.24827798,0.24155626,0.3973714
14074,-5.253272,-0.18398646,-1.1162388,-0.44300136,-0.06796476,-0.5114008,0.017704843,0.062178075,-0.0007199347,0.15711659,0.2802278
14075,-5.584969,-0.09294342,-1.4007455,-0.3859091,-0.16310707,-0.3440947,0.26960242,0.28040728,-0.34142894,0.4093587,0.23140061
14076,-5.199754,0.058441874,-0.5899321,-0.1778242,0.025922773,-0.3697732,-0.057582237,-0.02415018,-0.27028105,0.6815041,0.34266806
14077,-5.993365,-0.15938826,-1.4359843,-0.93845975,-0.20995933,0.21686636,-0.26087487,-0.27917668,0.44300115,0.9127886,0.23180018
14078,-7.296057,-0.45912182,-1.4707265,-0.903669,-0.13382904,-0.00678763,-0.31632763,-0.09114494,-0.25041348,0.54767567,0.13637987
14079,-5.439106,-0.13599376,-0.7364736,-0.6359188,-0.5458601,0.17246291,0.27827922,-0.29606947,-0.14027327,0.32653773,0.5007503
14080,-7.770381,-0.44929338,-1.0918293,-0.86721134,-0.21844374,-0.26762128,-0.19324799,-0.24270478,-0.44259828,0.08132921,0.6432091
14081,-5.2235746,-0.42643502,-0.8466142,-0.75866723,-0.23523997,0.30253696,-0.29142877,-0.09781414,0.22857,0.9338708,0.09944436
14082,-7.6274443,-0.118943706,-1.5024755,-0.8573552,0.36906004,-0.16984488,-0.38568336,-0.2820844,-0.1280233,0.4018673,0.18040305
14083,-6.0607305,-0.14855403,-0.8178586,-0.9293234,-0.14698097,-0.0121365,-0.10815025,-0.44287997,-0.11368826,0.030609123,0.1284116
14084,-7.8359375,-0.042179942,-1.4663515,-0.46486768,0.34635493,0.6527082,0.062020432,-0.15014069,-0.02150541,0.18530025,0.353495
14085,-6.1676307,0.030266624,-0.8654069,-0.7864812,0.1698597,-0.1793105,0.06332184,-0.36572507,-0.022007635,0.062001932,0.47463316
14086,-3.9177868,-0.29302555,-0.39210555,-0.62116617,-0.41963035,-0.021972278,-0.1468922,-0.1840968,-0.05357001,0.25637513,0.4421139
14087,-7.0215473,-0.07062461,-1.3955228,-1.0885346,0.14634416,-0.20274016,-0.1883462,-0.16973858,0.5480718,0.876939,0.092484914
14088,-5.899251,-0.04958498,-0.9639189,-0.50834894,0.093305126,-0.21402542,0.013890266,-0.2963254,-0.12585697,0.64319456,0.17485447
14089,-6.20551,-0.21605861,-0.9764849,-0.8623338,-0.939571,-0.021505248,-0.11278189,-0.22908606,-0.10417777,0.4122312,0.76696295
14090,-3.7416842,-0.12491755,-0.4345084,-0.43886873,-0.28178552,-0.0984159,0.14174233,-0.13010535,-0.09124454,0.29305965,0.16546208
14091,-5.1790414,0.034984786,-1.0542041,-0.3522193,-0.046657044,0.28343344,0.313086,-0.108360454,-0.18559478,0.37077424,0.53101265
14092,-7.347406,-0.30165818,-1.2569982,-1.2322277,-0.5279103,-0.081311606,-0.20914103,-0.37259135,0.40056142,0.83957744,0.47096273
14093,-5.9211245,-0.07239453,-0.658356,-0.7407585,-0.20823205,-0.07706588,-0.0052333297,-0.0035606734,-0.1300257,0.48558196,0.46490702
14094,-6.184411,-0.17628436,-1.3138024,-0.5792842,0.11486082,0.30667025,-0.5027431,-0.24888805,0.0028611645,0.7693411,0.14322257
14095,-4.8109093,-0.057855856,-0.4834269,-0.26570505,-0.27658486,-0.27512348,0.14436844,-0.20459501,-0.31940314,0.32048047,0.52716494
14096,-4.88282,-0.2800672,-0.7767823,-0.26882288,0.022663537,-0.30256963,-0.1767519,0.03990545,-0.43950158,0.61045724,0.11252897
14097,-5.406246,-0.0036723996,-0.9623498,-0.33079576,0.01847996,-0.22214612,-0.17952536,-0.34025905,-0.4033465,0.59922916,0.2930764
14098,-6.4309607,-0.0036167018,-1.1258068,-1.2025222,-0.36883894,0.040727217,-0.25253072,-0.3576706,0.07276556,0.35653022,0.21388453
14099,-5.0364547,-0.030111473,-1.2032691,-0.5106029,0.004100747,-0.04143072,0.0050580506,-0.101722404,0.23945716,0.38541585,0.19972724
14100,-5.0783935,0.11501097,-1.1024531,-0.3328652,0.12183329,-0.3856035,0.1333266,0.10227926,0.07570899,0.28201666,0.20624413
14101,-5.4834266,0.1276046,-0.9687454,-0.6306897,0.17976168,-0.051138073,-0.02999432,-0.050793357,-0.07476514,0.54975384,0.27268413
14102,-4.10137,-0.12675317,-0.7228229,-0.4679969,0.12014369,-0.11830807,0.016617507,-0.22702171,0.08524665,0.45095694,-0.0044500018
14103,-4.97492,-0.13225926,-0.9464518,-0.7921215,-0.20016047,0.237955,0.45489863,0.11752864,0.03534185,0.7549712,0.3099946
14104,-4.3544703,-0.12373556,-1.0140717,-0.5693872,-0.26265192,-0.22613046,0.008721741,0.10876563,0.15259585,0.5266154,0.4178125
14105,-4.0334477,-0.0124230785,-0.75302535,-0.30710113,0.27815282,-0.0112882145,-0.03579128,0.045197442,-0.08586502,0.22558217,0.41511294
14106,-6.668194,-0.12223928,-1.2229644,-0.63359535,-0.12541589,0.28232205,-0.43613353,-0.5878668,0.0346129,0.22791593,0.39888513
14107,-6.1530633,-0.19999436,-0.90054333,-0.80012554,0.14058085,-0.007995905,-0.43826982,-0.17051902,-0.11004867,0.30938298,-0.07381193
14108,-4.0562487,-0.24419181,-0.6865436,-0.5063596,-0.48411483,0.1912183,0.15258169,0.050434075,-0.14413369,0.24548882,0.22516328
14109,-5.797728,0.075317115,-1.5130284,-0.5333019,-0.0651402,0.1672739,-0.029561639,-0.3197766,0.041825086,0.54376656,0.3347679
14110,-7.023158,0.13672097,-1.419019,-0.6149686,0.09963786,0.17523864,0.18346241,-0.09318142,-0.07345504,0.12698801,0.4989814
14111,-6.2380233,-0.040524743,-0.8233062,-0.5400927,0.08750431,-0.2392002,-0.2561867,-0.035626546,0.024251759,0.65119326,-0.16465028
14112,-6.0163617,-0.13069202,-1.1932353,-0.33016327,-0.06714833,0.37429547,-0.12004206,-0.6145699,-0.15626389,0.35953897,0.038462088
14113,-5.886819,-0.20389037,-0.9059262,-0.79325014,-0.8901611,0.13031387,0.23056103,-0.121887155,-0.18137631,0.4743613,0.3906629
14114,-4.9441023,-0.4098879,-0.7976914,-0.5768798,0.026154727,-0.23044388,-0.078479074,-0.26505807,-0.13897929,0.10496239,0.13738905
14115,-4.5537305,-0.31622136,-0.95167434,-0.23168014,-0.10716833,-0.0777218,0.27014628,0.24398127,-0.27349025,0.2976387,0.29022673
14116,-5.283418,-0.41686317,-1.2081648,-0.1193831,-0.2977576,-0.19548056,0.20946574,0.031467,-0.16612004,0.5465537,0.40121177
14117,-5.0127654,-0.010887518,-0.9843334,-0.13644418,0.12523936,0.35786176,0.13369575,-0.16449565,-0.23975794,0.17086107,0.23353693
14118,-4.7334347,-0.19594623,-1.0669504,-0.5057749,-0.50304013,0.042083237,0.23685916,-0.020357328,-0.18241845,0.42499468,0.44784158
14119,-5.519779,-0.15077901,-1.0326744,-0.41162568,-0.40626782,0.39798003,-0.21325591,-0.6412002,-0.02935798,0.24929354,0.13434829
14120,-4.3775225,-0.12270582,-0.97585607,-0.58560795,0.108770564,0.06790151,0.1530534,0.12787583,0.16929501,0.4866508,0.31304824
14121,-5.817404,0.15698767,-1.2476989,-0.36365595,0.16042548,-0.23738098,-0.011425345,-0.23010983,-0.32880965,-0.021457776,0.4659661
14122,-4.2791305,-0.34474614,-1.0184689,-0.5528213,0.14880076,0.07904847,-0.05565077,-0.12631164,-0.00757106,0.2625075,0.07454979
14123,-5.1667995,-0.25954828,-1.0402448,-0.5586154,-0.2974548,0.1482751,-0.033781674,-0.22081473,0.2985248,0.75639117,0.34542245
14124,-4.180776,0.06328317,-0.92464495,-0.60031885,-0.4089273,0.1520677,-0.0676076,-0.43245727,-0.19449843,0.3155132,0.14129817
14125,-6.819312,-0.16369827,-1.1381149,-0.91703093,-0.6619786,-0.18835342,0.22858557,-0.17081031,-0.357349,0.29377368,0.48823687
14126,-5.399578,-0.113808915,-1.4109384,-0.5315613,0.1456162,-0.16116737,-0.0940391,-0.08333929,-0.104394026,0.6344535,0.19072118
14127,-4.827064,-0.27197826,-0.7165574,-0.50740826,-0.20187071,0.10713568,-0.07107843,-0.42681694,-0.12523706,0.15600127,0.28925708
14128,-5.624944,0.1484826,-0.9746506,-0.5498664,-0.24383602,0.024395768,0.053883,-0.17351659,-0.1795714,0.27461898,0.38254827
14129,-5.4341655,0.10078492,-1.031491,-0.4453663,-0.053321347,-0.12848908,-0.39887017,-0.013006832,-0.14249173,0.25164455,0.14644872
14130,-7.4084315,-0.119590014,-1.5777615,-0.7678549,0.06970663,-0.06934934,-0.009464775,-0.14210634,0.00025553815,0.5780639,0.107855074
14131,-5.312661,-0.12232658,-0.75870395,-0.55321074,-0.66641825,-0.17379983,0.31921047,0.101528116,-0.03341747,0.46697873,0.6303602
14132,-5.112168,-0.060483564,-1.1915703,-0.6021094,-0.2453427,-0.058585048,0.010714943,-0.24760482,-0.18253154,0.12219929,0.3021061
14133,-6.9027433,-0.2983976,-1.603855,-0.8698468,0.14419545,0.41150945,-0.048313566,0.27359214,0.15047194,1.0021865,0.4207058
14134,-6.775665,-0.047601376,-1.6063248,-0.74926627,0.104706086,-0.12679099,-0.15569527,0.15059859,0.13293225,0.43672362,0.12381533
14135,-5.4633093,-0.16539624,-0.9165793,-0.21972598,0.12293606,-0.3688144,-0.13781393,0.2352616,-0.16070914,0.08726347,0.24810055
14136,-7.8022685,-0.30955878,-1.5657182,-0.46881703,0.12415978,0.49157685,-0.3429425,0.3055475,-0.10378858,0.46085334,0.25201538
14137,-6.998613,-0.15385085,-1.2924455,-0.5897988,-0.569583,-0.3646171,0.2443992,-0.08052291,-0.35372186,0.36616987,0.5485284
14138,-6.400373,-0.11424433,-0.887944,-0.9263979,-0.15266539,-0.11300872,0.13139953,-0.276789,-0.20680138,0.4079966,0.1283532
14139,-6.060761,-0.24375667,-1.1149995,-0.29259485,-0.32832313,-0.06381777,0.20879258,-0.10560742,-0.21084091,0.38354367,0.1633956
14140,-4.983029,-0.23730999,-0.9811516,-0.5528193,-0.50209117,0.15899841,0.14518154,-0.23170672,-0.055941604,0.48764232,0.42430335
14141,-6.7407675,-0.37087953,-1.7096318,-1.1697919,-0.1276459,0.57650685,-0.29833513,-0.44853345,0.69698143,1.0928745,0.4354475
14142,-4.7636714,-0.08762894,-0.86811066,-0.7846974,-0.1222116,-0.2219479,-0.06833864,-0.01794133,0.015341452,0.58687854,0.14123231
14143,-6.7307663,0.08591174,-1.1489309,-1.0267848,0.031190896,0.15141523,-0.33191556,-0.7056952,0.18137725,0.09236041,0.22008899
14144,-4.9719763,0.024953507,-1.0457551,-0.57438457,-0.57624507,0.16787653,-0.093298584,-0.5934819,0.068275854,0.25339437,0.3681549
14145,-5.0261354,-0.10546278,-0.95206213,-0.7282981,0.20884207,-0.19475508,-0.1618484,-0.08760919,0.24028622,0.4190174,0.026432004
14146,-4.6981483,-0.24790268,-0.9119618,-0.37365144,0.35093793,0.44350034,-0.19836779,-0.18862253,0.15228176,0.7693678,0.21685831
14147,-6.23093,-0.3822545,-1.3815428,-0.93538105,0.03817335,0.07946739,0.1723059,-0.091406494,0.24674161,0.87675446,0.2404395
14148,-6.870318,0.16418612,-1.5112677,-0.4710677,0.6082901,0.035572425,-0.3671456,-0.20147653,-0.23381986,-0.049201276,-0.006476081
14149,-7.450202,-0.0783159,-1.1353295,-0.85231435,-0.3057357,0.21359526,0.23282763,-0.12723757,-0.011704011,0.5749568,0.46231386
14150,-5.3888283,-0.18625002,-1.2031647,-0.6692884,-0.14832577,-0.19991069,0.34754053,0.17932494,-0.1285391,0.7342831,0.22767432
14151,-6.318906,-0.23925366,-1.3798933,-0.5907971,0.0027558166,0.1318232,-0.393126,0.22350855,0.28641567,0.39738104,-0.07226297
14152,-5.5413547,-0.3300664,-0.7607288,-0.73506004,-0.27564088,-0.015995191,-0.28387305,-0.43456778,-0.15952422,0.64078444,-0.14098662
14153,-5.2821574,-0.12125099,-1.3483016,-0.88742274,0.2171028,0.2425773,-0.20689946,-0.25966325,0.035727456,0.3567285,0.40063113
14154,-7.5715203,0.01870045,-1.9709445,-0.8826091,0.1376527,0.49005932,-0.174054,-0.33273914,0.30520806,0.15993282,0.37166184
14155,-6.0680046,-0.19769537,-1.167178,-0.6827272,-0.733216,0.4508527,0.09173629,-0.18535382,-0.14019085,0.43772978,0.64772475
14156,-5.6498003,-0.07674727,-1.2755334,-0.41716188,0.3665917,0.21476623,-0.10161267,0.13409255,0.084666274,0.10300404,-0.069754206
14157,-5.9084034,-0.37850425,-1.0576514,-0.9588072,-0.09380572,-0.26372653,-0.23592575,-0.13988379,0.22202022,0.7103386,0.35987243
14158,-4.73255,-0.34479594,-1.1566551,-0.3669237,-0.31851253,-0.12728749,-0.12933569,0.1891315,0.034727205,0.6090785,0.35284626
14159,-5.652778,-0.19201778,-1.0608147,-0.41205615,0.347758,0.34629256,-0.041621957,-0.004247682,-0.16735964,0.07216517,0.19832104
14160,-5.3134246,-0.19681227,-0.94962686,-0.6681564,-0.33455077,0.2000354,0.159981,-0.26152697,0.31673068,0.7602368,0.5817286
14161,-6.1050706,-0.31717476,-0.94203526,-0.63561314,-0.062912606,-0.11860213,0.25175717,-0.047927856,0.01813959,0.84031016,0.5390137
14162,-5.6282353,-0.19356278,-1.0537217,-0.8056162,-0.092197604,-0.2509606,-0.11467213,-0.3549096,-0.05755964,0.13765833,0.5005912
14163,-6.311267,0.029396713,-1.187248,-0.5866597,-0.20477091,-0.29264772,0.0795597,-0.1165997,-0.052296974,0.39324227,-0.15188234
14164,-5.809406,-0.27591226,-1.1600505,-0.8570857,-0.28555298,0.15654111,0.01275487,-0.60059965,0.052665785,0.3840878,0.16379647
14165,-5.0212626,0.15339097,-1.1518828,-0.45231318,0.20040165,-0.3951208,-0.07777234,-0.02452538,-0.09307297,0.34744576,0.082821116
14166,-5.7630863,-0.0012205215,-0.8508182,-0.6639297,0.19431044,-0.2672912,-0.14876842,-0.092918776,-0.25213292,-0.029280555,-0.099607065
14167,-6.3282986,-0.10680647,-0.8826874,-0.537875,-0.38327727,-0.006295141,-0.19953427,-0.0781252,-0.03630487,0.60190195,0.2619437
14168,-5.2588124,0.07006708,-1.1490991,-0.34231675,-0.21086201,-0.24338602,0.037521876,0.12805313,-0.15442511,0.5544064,0.15247035
14169,-5.03586,-0.4081357,-1.1056675,-0.572236,-0.30000508,0.35456854,-0.033944577,-0.7127722,0.016132776,0.55254,0.18789114
14170,-5.032717,-0.14412205,-1.2374747,-0.54241294,0.4689759,0.22163975,0.0033996822,-0.10318298,0.1883326,0.30457297,0.23857363
14171,-6.3606963,-0.26629278,-0.67604107,-0.57188904,-0.41193473,0.14168783,-0.15211089,-0.44404027,-0.0877767,0.102785245,0.5311121
14172,-5.27497,0.21066312,-1.1377482,-0.51481324,0.20378108,-0.15328091,-0.13461824,-0.0069880635,-0.07723823,0.08911768,0.21357894
14173,-5.784421,-0.062217247,-0.8988372,-0.9637211,-0.5510593,-0.16540551,0.026422024,-0.066865705,0.06265184,0.5924584,0.4125106
14174,-6.090341,0.090563685,-1.1308581,-0.40871453,0.49856606,-0.006265061,-0.0011290014,0.20228697,0.016577264,0.16342369,0.09194399
14175,-4.7683797,-0.280426,-0.75823605,-0.6449119,-0.4285444,0.08815791,-0.03782928,-0.36370468,0.0046204254,0.44136986,0.31115398
14176,-4.9791107,-0.049108535,-1.134492,-0.2807654,-0.26149005,-0.28044963,-0.0011368804,0.028268065,-0.34641397,0.65403426,0.24926862
14177,-4.8615637,0.046186473,-0.744187,-0.4387641,-0.36949235,0.19720235,0.010146971,-0.3854537,-0.1605868,0.089942575,0.092306085
14178,-5.119173,-0.083497606,-1.0991576,-0.56710607,-0.5054528,0.19531631,0.1784559,-0.3437439,-0.0824588,0.40003628,0.518333
14179,-4.7464805,-0.2856161,-1.254665,-0.3288381,0.2720523,0.28645265,-0.078005746,0.119922645,-0.086039804,0.69988173,0.3927059
14180,-5.0832176,-0.20470698,-0.8966868,-0.5455013,-0.102110595,0.2522651,0.16550246,-0.45086148,-0.05687052,0.36939368,0.34200343
14181,-5.513295,0.33254996,-1.1931287,-0.5175471,0.03759725,0.070552826,-0.056223266,-0.35550463,0.024936,0.37069052,0.39351606
14182,-4.8744655,-0.124493465,-0.9856159,-0.68279904,-0.10052269,-0.13334993,0.29740703,-0.19224693,-0.037367724,0.31763095,0.49966347
14183,-5.871161,-0.056372467,-0.7474247,-0.5905935,-0.38739204,-0.30400348,0.304892,0.16953558,-0.28962418,0.5570548,0.3784647
14184,-4.746358,0.06674318,-1.1358265,-0.22788054,0.1648005,0.09211598,-0.077344425,-0.039359666,-0.08461301,-0.023251157,0.09305472
14185,-4.7007523,-0.3823106,-1.2912885,-0.62928945,-0.19741249,0.0031014588,0.009923758,-0.34005097,0.18507257,0.4546723,0.23632424
14186,-6.23364,-0.008758171,-1.1229792,-0.80094796,-0.3232746,0.02375614,0.27542996,0.2362212,-0.060360134,0.4354296,0.5230993
14187,-5.421099,-0.0046711043,-1.1643262,-0.58149236,-0.29742688,-0.06797107,-0.1003278,-0.5591688,-0.31763637,0.49496263,0.2678499
14188,-5.805062,-0.2753486,-1.1891232,-0.7001774,0.4769262,-0.05780913,-0.29241154,-0.30737624,0.085542515,0.17123371,0.38034877
14189,-4.593761,-0.5080669,-0.69650763,-0.54878753,-0.50819224,-0.14298101,0.0087688165,0.0127456635,-0.13236073,0.5579866,0.42071995
14190,-5.7724457,-0.15585923,-1.5976497,-0.12828906,0.43197012,0.07328647,-0.058528014,0.076353185,-0.05160924,0.17395242,0.074019715
14191,-5.631318,0.09763287,-1.3913748,-0.5266042,0.00030996557,-0.14526351,-0.034593813,0.15754898,0.13734788,0.39033675,0.45463753
14192,-6.1469035,-0.04527866,-0.77302366,-0.92091435,-0.51975095,-0.0869991,-0.2790244,-0.126722,0.085874714,0.40415192,0.40474248
14193,-5.013019,-0.18285306,-0.7164575,-0.4268808,-0.04304053,0.23987877,0.15772887,0.18282074,-0.16741836,0.39956918,0.4116183
14194,-5.7990975,-0.03278833,-1.1927681,-0.5073006,0.3013362,0.2570772,-0.25641546,0.21975388,-0.1550605,0.1963825,0.039709438
14195,-4.864099,-0.2154414,-0.77674496,-0.15603554,-0.35137722,0.09501053,0.07436871,-0.4047701,-0.012297647,0.36260363,0.3580094
14196,-4.431386,-0.010546525,-0.9214542,-0.35662395,-0.11829021,0.0038899293,-0.060549743,-0.37294456,-0.19946685,0.2542918,0.24783716
14197,-7.2942967,0.14590324,-1.39425,-0.6897179,-0.18866786,0.45966005,0.011311512,-0.5970007,0.038475662,0.66398937,0.31911665
14198,-6.149577,0.044036377,-1.4469421,-0.6008463,-0.094820574,-0.022423068,-0.30355227,-0.39124626,-0.16778466,0.54206145,-0.03971409
14199,-4.982471,-0.28568688,-0.7981967,-0.72799855,-0.039095458,-0.14374848,-0.27496868,-0.2615922,0.0822402,0.895819,0.19903353
14200,-5.9148965,-0.38759705,-1.3741382,-0.6955339,0.13530052,-0.24965642,-0.18943629,-0.025161957,-0.01617135,0.51263535,-0.17620435
14201,-6.29327,-0.26771882,-1.061797,-0.853461,-0.39325777,0.22828744,0.008843431,-0.38710913,0.26185602,0.28817156,0.30169117
14202,-7.8451467,-0.11929718,-1.3386948,-0.9519747,-0.031861015,-0.13903344,0.26220748,-0.39661908,-0.14501876,0.35420254,0.44485235
14203,-6.0232844,-0.1184448,-0.98118436,-0.37594485,-0.077947915,0.16168131,-0.14168228,-0.2894395,-0.17171375,0.121865004,0.13847859
14204,-4.533326,-0.15854828,-0.7568745,-0.56499034,-0.102488905,0.078889914,0.14274375,-0.469144,0.09914385,0.6987439,0.32775652
14205,-5.0476813,-0.11790325,-0.8967529,-0.6322018,0.1690705,-0.029943906,-0.059504054,-0.47914067,0.1104757,0.13405123,0.26907343
14206,-4.9915543,-0.32691973,-1.0111456,-0.45391685,0.08374126,0.056855403,-0.26661718,0.0899237,0.051320992,0.27201018,0.032042913
14207,-4.803483,-0.06070405,-0.8299727,-0.37646058,0.17253213,-0.032888286,-0.08816798,0.07165324,-0.09994469,0.15809746,-0.04674869
14208,-3.809653,-0.2311576,-0.7982216,-0.35792542,0.08353144,-0.11680503,-0.13161688,0.2373648,-0.1748824,0.372036,-0.09499368
14209,-6.3745956,0.112537585,-1.0498711,-0.36486483,-0.070700765,-0.039892457,0.16807096,-0.09418098,-0.33259785,0.06830397,0.33542994
14210,-5.126697,-0.0360249,-0.9075019,-0.5073576,0.23844911,0.19966972,-0.095920905,-0.28053284,-0.063289545,0.36256242,0.46455538
14211,-4.339996,0.002445734,-0.8085826,-0.5699429,-0.26029825,0.031034688,0.36119136,0.018291604,0.05823727,0.510922,0.44980967
14212,-4.967688,-0.15736714,-0.93675035,-0.73374957,-0.2948945,-0.32020843,0.12888652,-0.08042219,0.050017633,0.5412546,0.26956517
14213,-4.4038734,-0.115888454,-0.78786916,-0.32677782,-0.40453014,0.34826905,-0.251231,-0.37140092,0.041830078,0.50882787,0.19337474
14214,-5.7918625,-0.15728608,-0.71064305,-0.4400136,-0.22439519,0.039708782,0.077682845,0.009152435,-0.24954973,0.19073434,0.07819753
14215,-6.123782,-0.0028495751,-1.2569516,-0.43010482,-0.0932635,-0.044858508,0.041701145,0.21292154,-0.21562368,0.38595197,0.61384046
14216,-4.674669,-0.12112242,-0.6940209,-0.5579192,-0.38366598,0.19906005,-0.023724094,-0.3346776,-0.15460263,0.34132782,0.32522443
14217,-6.544012,-0.023113068,-1.5676485,-0.009105983,0.6399855,-0.03194357,-0.21315046,0.10192753,-0.2199,-0.0076768873,0.084340334
14218,-4.02509,0.04420623,-0.88046706,-0.39007136,0.033623103,-0.075538285,0.17999533,0.03439003,0.0022366252,0.46533734,0.25409004
14219,-5.927287,0.051923368,-1.416871,-0.9109822,-0.023227718,0.049707737,-0.038460102,-0.46375898,-0.22944386,0.23302433,0.33999747
14220,-6.3147125,-0.22915052,-1.061841,-0.99538743,-0.3019733,0.15849547,0.21539414,-0.18257883,0.14650612,0.5029868,0.4669358
14221,-6.567626,0.09156955,-1.1063691,-0.49125445,-0.13207619,0.031775728,0.3083995,-0.109519064,-0.23713453,0.5889637,0.026324458
14222,-5.3300285,-0.021631192,-1.3918998,-0.6065665,-0.4172625,0.40609175,-0.08853747,-0.71419436,-0.25566307,0.35454297,0.24780934
14223,-5.106519,-0.06552251,-0.82673657,-0.39666614,0.33843777,-0.33720994,-0.20918718,0.22886233,-0.24757712,0.114890926,0.2553331
14224,-4.5809712,-0.1566658,-0.88578105,-0.55062956,-0.35953566,-0.14019895,0.096130416,0.14622793,-0.16321976,0.25345194,0.23924881
14225,-4.235604,-0.09780131,-0.91854155,-0.40577802,0.120043635,0.23837136,-0.2576857,-0.18070285,-0.0044719838,0.53876203,0.16472164
14226,-4.827827,-0.1494731,-0.92292786,-0.572901,0.027688818,-0.12684672,-0.25371072,-0.21615042,0.16782941,0.40969718,0.102498055
14227,-4.1524625,-0.03883819,-0.5899963,-0.24260616,-0.10920433,-0.20036778,0.09385295,-0.018533237,-0.15461051,0.111822315,0.25735343
14228,-6.001816,-0.20195661,-1.0505311,-0.9124102,0.27804106,-0.10133623,0.23557077,-0.072998226,-0.034933083,0.5098988,0.38229015
14229,-5.525634,-0.33196947,-1.033015,-0.5649366,-0.3023637,-0.21374086,0.093411,-0.24827361,-0.094638646,0.36893657,0.44267637
14230,-4.826726,-0.24247251,-1.1509824,-0.6542604,-0.0014163149,-0.04511735,-0.08759984,0.059641883,0.023264416,0.5260723,0.166756
14231,-7.252317,-0.30725518,-1.4042703,-0.7600674,0.26155218,0.06918384,0.11599613,-0.8121148,0.14409286,0.47680396,0.3422486
14232,-5.494691,0.11314267,-1.0795944,-0.5268283,-0.046093702,-0.16840369,0.079678915,-0.45425227,-0.20626342,0.034985926,0.2841099
14233,-4.5563726,0.095847815,-1.3389186,-0.53857833,-0.06531422,0.12408183,-0.18020107,0.070326515,-0.00039845146,0.3510845,0.21192971
14234,-4.74203,-0.06367409,-0.9629705,-0.24206436,-0.04030107,-0.23115799,0.18159747,-0.20189676,-0.16525783,0.13208598,0.31917298
14235,-5.5879126,-0.05114354,-0.9129996,-0.61858106,-0.40503103,0.19162135,0.11167272,0.18621178,-0.38405076,0.31580725,0.28674343
14236,-5.558065,-0.18528298,-1.3170061,-0.49879193,0.141343,-0.27433473,-0.016843822,-0.1559717,-0.14792657,0.3538698,0.4205893
14237,-5.4173064,-0.39749205,-0.7103473,-0.78262305,-0.19545054,-0.33072275,0.0059612505,-0.104933634,-0.06799401,0.64980155,0.2968363
14238,-5.3443756,-0.13235895,-1.1284422,-0.9056712,-0.11684292,0.13426094,0.059021696,-0.38555294,0.31288826,0.8009691,0.37986198
14239,-6.6563187,-0.31706905,-1.5223178,-0.57545066,-0.54620993,0.21496399,0.4359429,-0.22166005,0.012105575,0.7235581,1.0639962
14240,-5.3089595,-0.017719135,-0.96880114,-0.1692398,0.11936864,0.03329959,-0.08488296,-0.322839,-0.40709502,0.59514135,0.013155688
14241,-7.5373344,0.095178045,-1.3706965,-0.8462853,0.05244657,0.2734776,-0.044174913,-0.22545384,-0.06811265,0.5930132,0.102591135
14242,-5.5059056,-0.112134546,-0.4738245,-0.35624027,-0.01884994,-0.082674414,0.042106863,-0.14970389,-0.24342231,0.24188825,0.3657427
14243,-7.128145,-0.20969777,-1.4055525,-0.68174183,-0.10811504,0.18041092,-0.2805882,-0.57441455,0.36350033,0.4288314,0.4733567
14244,-6.22578,-0.5145717,-1.3094412,-0.7775308,0.37318325,0.07221269,-0.372862,-0.14462966,0.06252664,0.5589961,0.21826006
14245,-6.354298,-0.39784458,-1.2107863,-0.6050737,0.12264444,-0.16263832,0.01631924,-0.24491245,-0.31722122,0.3852297,0.3208563
14246,-5.890447,0.012284044,-1.3289144,-0.5925397,-0.04347479,0.040860586,0.048822407,-0.40668058,-0.100422755,0.4385681,0.2553039
14247,-3.7130892,-0.2191816,-0.90288883,-0.42254344,-0.05837124,-0.043233875,0.00881577,0.058708206,0.02646999,0.47892302,0.13340561
14248,-6.728835,-0.2736988,-1.3369174,-0.9093902,0.45055944,0.09668091,-0.3144257,-0.07941916,0.29923823,0.4736816,-0.22733285
14249,-6.510771,0.31038123,-1.2302524,-0.7950515,-0.40455312,-0.33631915,0.15402576,-0.03617035,0.006768141,0.54936665,0.08992675
14250,-6.061334,-0.003151564,-1.4813981,-0.16358216,0.13441639,0.48133218,0.1363352,-0.16246572,0.19201562,0.30861077,0.20845802
14251,-5.845215,0.15316714,-0.8598323,-0.6194051,0.1576873,-0.0012479564,0.33989647,-0.094572015,0.16691609,0.32638863,0.3761405
14252,-4.9775047,0.12826708,-0.7247107,-0.5125087,3.744522e-05,-0.15048073,-0.032634713,-0.26468405,0.17196982,0.5160674,0.24089932
14253,-4.8725376,-0.2568659,-1.0411413,-0.61940634,-0.26794788,-0.47307897,0.15949537,-0.20566756,-0.3365244,0.2414589,0.12815075
14254,-6.8007417,-0.09488373,-1.5648345,-0.91002685,-0.3586638,0.2816078,-0.066098765,-0.52585596,0.29979068,1.1165141,0.60477465
14255,-4.7911773,-0.2552412,-0.8322155,-0.51204026,-0.42557004,-0.18637301,0.14676282,-0.25683993,-0.3059174,0.42206845,0.5452607
14256,-5.6232705,-0.19885002,-1.5383881,-0.869987,0.41260046,0.20110661,-0.26021808,-0.05423463,0.20550695,0.34341598,0.15812607
14257,-5.4801307,-0.29080307,-1.0891863,-0.74311966,-0.04100041,-0.051653128,-0.13132514,0.26692814,0.0073177414,0.6709746,0.20765099
14258,-5.0220747,-0.112409875,-0.5452631,-0.5353406,-0.35891977,-0.14206721,0.08789253,-0.22524816,-0.0213362,0.23455578,0.52979153
14259,-5.8387823,-0.18412657,-1.3974816,-0.5108762,0.28607973,-0.31139743,-0.5092061,-0.05992277,-0.06897013,0.3945785,0.043604918
14260,-4.159591,-0.07236572,-1.033779,-0.29448622,0.03443395,-0.2594713,-0.16104802,-0.0084994845,-0.035979904,0.15914115,0.14125963
14261,-4.6166744,-0.27518418,-0.910988,-0.5635029,0.013287624,-0.079411596,-0.0071639316,-0.22031331,0.02506128,0.55884445,0.09192979
14262,-6.4905257,0.14913751,-1.3152528,-0.51942754,-0.2805996,-0.24395333,-0.1294163,-0.63469136,0.06165617,0.13716628,0.6232127
14263,-3.786371,-0.06459478,-0.8026524,-0.49788457,-0.13748206,0.04911101,0.13891485,-0.29182544,0.1731075,0.27543497,0.2010102
14264,-6.158022,-0.2740323,-0.9649354,-1.0351802,0.2607595,0.039171983,-0.116576575,-0.47975633,0.07181528,0.2673688,0.2908324
14265,-6.5905757,-0.11794743,-1.2037773,-0.36054575,0.19102782,-0.17417893,-0.05907221,-0.004603426,-0.3193964,0.23525038,0.1064158
14266,-5.07671,0.0018648272,-1.0679231,-0.43775335,-0.061820447,-0.04213854,-0.23768376,0.051854677,-0.1786103,0.33072165,0.37812257
14267,-4.9466085,-0.18673319,-1.1534566,-0.42743945,0.06314272,0.16481902,-0.37950382,0.113033794,0.14298598,0.49899268,-0.039190937
14268,-7.0694814,-0.17760989,-1.5443901,-0.39896494,0.11240055,0.19178374,-0.1921317,0.040764116,-0.086739294,0.273722,0.17588687
14269,-5.978933,-0.11016294,-1.5334684,-0.7619539,0.5608877,0.071615905,-0.34956172,-0.032423466,0.056009166,0.028762568,0.30339676
14270,-6.342528,-0.031524982,-1.5843853,-0.3727913,0.1774366,0.28452593,-0.037121832,-0.2570823,0.117053695,0.2505339,0.43947405
14271,-4.876639,-0.3436286,-1.0764463,-0.3542152,-0.35231668,0.043212358,0.0027716858,-0.034142904,-0.0563149,0.4408011,0.35669997
14272,-4.427773,0.051384438,-1.0357955,-0.60786265,-0.15938564,-0.21684329,0.011533203,-0.15083434,-0.17571132,0.02259104,0.10437981
14273,-5.5312476,-0.20408578,-0.86592776,-0.80967057,-0.4482808,0.2512022,0.0105367545,-0.3067618,0.03242372,0.7724428,0.43732366
14274,-5.195245,-0.09708404,-0.8458248,-0.36333945,-0.1472735,-0.28821808,-0.016483542,0.10476397,-0.3177789,0.38986138,0.28434002
14275,-5.4118166,0.1196493,-1.0115322,-0.7819862,-0.39224184,-0.2095848,-0.07576097,-0.3230796,-0.19000424,0.19187771,0.522781
14276,-5.197494,-0.005111428,-0.8552351,-0.50019217,0.0057045226,0.16306682,-0.22693351,-0.41591105,-0.12972365,-0.03184054,0.15224658
14277,-6.386321,-0.09770156,-1.2900232,-0.5047711,-0.21278688,0.030312004,-0.055637255,-0.20229317,0.04677871,0.47707748,0.15143584
14278,-5.1671295,-0.23251794,-0.9973945,-0.40429506,0.35815355,0.4694764,0.15569513,-0.2592514,0.26172554,0.54607165,0.16185617
14279,-5.10176,-0.41442078,-1.0816052,-0.8794214,-0.2036428,-0.09304346,-0.18987389,-0.4355263,0.44677463,0.7752209,0.28405297
14280,-6.25353,0.045187138,-0.7609005,-0.57366604,-0.23422801,-0.6766366,-0.039710157,-0.07472363,-0.1645214,0.26612908,0.4003303
14281,-8.154617,-0.14145027,-1.713924,-1.2071028,-0.12300605,0.5080718,-0.33028057,-0.3535013,0.004783935,0.48597464,0.40253118
14282,-5.6945753,-0.20785916,-0.71396464,-0.6606532,-0.11480354,-0.043540824,-0.16096134,-0.01998732,-0.14058042,0.25397393,0.06416038
14283,-5.9786263,-0.30426034,-1.1129804,-0.8829102,0.06534196,-0.11382722,-0.16078019,-0.26240838,0.28164274,0.71315473,0.1332459
14284,-5.8604927,-0.21409637,-1.1704254,-1.1807473,-0.1877403,-0.3111229,-0.15752605,-0.23989362,0.2881943,0.5187099,0.09731052
14285,-7.309853,-0.03591813,-1.7436701,-1.1545632,-0.49138162,0.4325804,0.01302334,-0.2884632,0.075194165,0.6212636,0.7238435
14286,-7.302239,0.04313515,-1.0544716,-0.41905832,-0.1107167,-0.41230714,-0.12903534,-0.22467424,-0.5185288,0.47707954,0.4157668
14287,-6.2143703,-0.1888581,-0.9429222,-0.5972532,0.18326756,-0.10212106,-0.052212186,-0.5472726,-0.26797926,0.16474162,0.53834385
14288,-6.0995235,-0.27370977,-1.2239527,-0.347429,0.011232873,-0.18189572,-0.404823,-0.0667038,-0.2888111,0.5472254,0.028909132
14289,-4.1776657,-0.12851569,-0.7241223,-0.321764,-0.09372427,0.17389734,0.031575628,-0.39327994,-0.11554016,0.32206118,0.22083688
14290,-6.1445966,-0.34020463,-1.2895291,-0.68039197,-0.5403493,-0.12243302,-0.08982842,0.03948959,-0.26110992,0.39845288,0.86187273
14291,-4.8538213,0.025179744,-0.92006433,-0.65680563,-0.64792746,-0.13221082,0.32327077,-0.59481984,-0.068428285,0.22057913,0.016742688
14292,-5.117256,0.011709484,-0.9460688,-0.3055876,-0.021437768,0.12981492,-0.0037659658,-0.011390397,-0.08926221,0.34185302,0.2715413
14293,-4.6282787,-0.16219534,-1.0282118,-0.60362387,-0.12792867,0.1987056,0.23863655,-0.31007147,0.053812332,0.57546574,0.25726673
14294,-5.0325575,-0.19674057,-1.1006209,-0.5470806,0.33888197,-0.2236323,-0.08148276,-0.21195193,0.14044033,0.19496278,0.03677171
14295,-6.630011,-0.38082913,-1.145979,-0.92018795,0.26105893,-0.32086843,-0.5236582,-0.11851107,0.27535573,0.4546108,0.11098875
14296,-6.5231,0.01833452,-1.3791733,-0.4444848,0.18249895,-0.22933881,0.075837135,0.12191779,-0.1527864,0.2774817,0.35271886
14297,-5.2568903,0.014459942,-1.2277788,-0.18279655,-0.19536993,-0.04154912,0.22126149,-0.03182002,-0.23184142,0.16983274,0.34987035
14298,-5.6651373,0.09009689,-1.0377523,-0.5976557,0.05732423,0.035217125,-0.15509118,0.14958157,-0.17235354,0.803825,0.23160115
14299,-6.7193727,-0.020674117,-1.412918,-1.2504323,-0.077058904,-0.12254581,0.12711665,-0.20896704,-0.038105965,-0.013872034,0.4648037
14300,-3.8816965,-0.06536988,-0.975134,-0.3044544,-0.2376477,0.14109717,-0.019613173,-0.1298474,-0.108700685,0.1463877,0.3037662
14301,-4.4179015,-0.07180972,-0.80592847,-0.55267674,-0.064206354,-0.047259007,-0.115312465,-0.38430527,-0.006357074,0.35486192,0.43280822
14302,-3.1503813,-0.1663657,-0.67240745,-0.42374617,-0.024797881,-0.12227312,0.102141574,-0.18235292,0.09457098,0.23201385,0.18933864
14303,-5.002717,0.13765128,-1.1095978,-0.55910546,-0.34851727,-0.32589638,0.24356596,-0.20473261,-0.054087892,0.5177568,0.47129902
14304,-6.3867087,0.06438516,-1.1863637,-0.718501,-0.37198997,-0.069101065,0.18875293,-0.3545889,-0.29535013,0.3618254,0.6686236
14305,-6.2063594,-0.36290434,-1.5278453,-0.31460667,0.1365998,0.66224873,-0.13963515,-0.4362198,0.10653994,0.6800314,0.2370492
14306,-5.090851,-0.47262537,-1.0433614,-0.4785987,0.09948871,0.017151996,-0.07887947,-0.21694683,-0.03791319,0.7171321,0.19915003
14307,-4.7550163,-0.256969,-0.8173839,-0.3406307,-0.30973706,0.069598325,-0.084917285,-0.40806887,-0.2245551,0.44417766,0.23599012
14308,-6.686661,0.0070724674,-1.3291382,-0.94151235,-0.34268266,0.21149066,0.0070103155,-0.5309746,0.2390374,0.39205113,0.66457504
14309,-5.619087,-0.14387886,-1.1980948,-0.28299385,-0.0715511,0.24987818,0.1529557,0.052179374,-0.034047678,0.38034886,0.24539135
14310,-5.2832026,-0.34496912,-1.1350725,-0.76573175,0.035849597,-0.45986283,-0.287869,-0.1123166,0.075980484,0.3332373,0.24596155
14311,-3.5265086,-0.13926576,-0.7143706,-0.44281924,-0.18543348,-0.15163347,-0.092607446,-0.18595077,0.011504656,0.35210583,0.17744344
14312,-5.854732,-0.25667855,-1.0842208,-0.44494995,0.07968693,0.051772684,-0.3471839,-0.104787655,-0.08166214,0.27769744,0.27903032
14313,-4.2259007,-0.2353172,-0.6400077,-0.3243803,-0.045193687,-0.09076442,-0.22594716,-0.1050243,-0.12479581,0.46590498,0.063491404
14314,-6.651131,-0.40317896,-1.1974114,-1.0318584,0.062169008,-0.24441947,-0.16913106,-0.24450591,-0.006263299,0.7639791,0.25891292
14315,-5.2082243,-0.26368907,-0.9304663,-0.55385274,0.00699499,0.3369788,0.037522923,-0.2422061,0.122139215,0.47306013,0.14582923
14316,-5.542498,-0.17715892,-1.0211732,-0.63820016,0.20714508,-0.06498684,-0.29372594,-0.035533205,-0.18623106,0.13538222,0.17828797
14317,-5.1328535,0.08899032,-1.0949045,-0.48859507,-0.25594082,0.27992696,-0.32259664,-0.31959087,-0.07690151,0.2125556,0.23668523
14318,-5.1192174,0.004121562,-1.1751074,-0.54979616,-0.22827575,0.14655593,-0.12669191,-0.4564174,-0.030431824,0.30034518,0.2138184
14319,-5.131168,-0.2852042,-1.2019097,-0.65305203,-0.13467689,0.11053277,-0.01318721,0.295127,0.181565,0.6432368,0.36883643
14320,-4.865429,-0.21825203,-1.0772831,-0.35162657,-0.10644535,-0.014777342,-0.017601267,-0.072662875,0.1116652,0.2900872,0.24456266
14321,-6.1762075,0.047493912,-0.90671647,-0.53419745,0.22792521,-0.17570312,-0.3725087,0.15510653,-0.24611051,0.088265754,0.068281844
14322,-4.8548384,-0.24735285,-0.7265348,-0.40812844,-0.17398654,0.17397362,0.11356057,-0.028903795,-0.20409472,0.3410063,0.4088638
14323,-5.47149,-0.03877296,-1.076131,-0.49827093,0.02961475,0.015164109,-0.075023904,0.267964,-0.13316755,0.4663188,0.19586124
14324,-5.821302,-0.21261531,-1.1610951,-0.74745756,-0.75884527,0.39318544,-0.017348811,-0.27832186,0.2645695,0.7115576,0.4139416
14325,-6.138985,-0.039204404,-1.2298844,-0.715285,-0.07800458,0.13820674,0.17348234,-0.509432,-0.24403758,0.34531522,0.7759094
14326,-6.3062687,-0.4120036,-1.232405,-0.98484004,-0.043639947,-0.07658468,-0.3334526,-0.22143036,0.14703004,0.62796,0.5542726
14327,-4.5997243,0.072269976,-0.91151005,-0.46504992,-0.14590031,0.16719444,0.3802296,-0.006695261,-0.089356795,0.38365543,0.3004535
14328,-4.9022436,-0.22550428,-0.7839392,-0.45529953,-0.069510415,0.20855246,0.1028583,-0.25039947,0.18147908,0.60721046,0.28028634
14329,-5.449773,-0.31417185,-0.8680557,-0.7369344,-0.11587169,-0.3402698,-0.123714514,0.17784293,-0.14061505,0.5262805,0.5512128
14330,-5.311513,-0.38623327,-0.9131913,-0.47428668,0.18545401,-0.041526765,-0.076702,-0.18904632,-0.034878545,0.32768953,0.27620605
14331,-5.975357,0.05540644,-1.4921879,-0.5763108,-0.055702187,-0.23786342,-0.15447335,-0.05118732,-0.031237694,0.28323224,0.17236249
14332,-5.161834,-0.14365378,-0.962331,-0.4572443,-0.63156587,0.065886125,0.04386638,-0.09896004,-0.13084446,0.47523633,0.639056
14333,-5.273501,-0.107689686,-0.93185246,-0.44788882,-0.5786651,-0.35977948,-0.021085467,0.005936403,-0.23955946,0.69466066,0.3653173
14334,-7.1191053,-0.040493473,-1.4726369,-0.44559443,-0.6491358,-0.008484237,-0.19855599,-0.29317513,-0.07949178,0.3947739,0.5797999
14335,-6.9203806,-0.033014763,-1.3195534,-0.86891484,-0.48931095,-0.42568862,-0.08774804,-0.18753503,0.009150446,0.60757977,0.213172
14336,-5.4640903,0.040538713,-0.71025527,-0.013836737,-0.3628656,0.32392967,0.18448375,-0.0358568,0.08792631,0.32587233,0.37544584
14337,-6.088321,-0.2655717,-1.1788985,-0.67803353,0.16774386,0.68199956,-0.3784616,-0.29024065,0.07508359,0.5209483,0.42671785
14338,-7.0910854,0.05008335,-1.5628116,-0.6679204,0.2573636,0.06177873,-0.23381191,-0.35025892,0.16487828,0.3621147,0.064117804
14339,-4.806974,-0.30228692,-0.98783404,-0.72666603,-0.5187094,0.51593846,0.023730718,-0.3516137,0.17914614,0.26659095,0.6457448
14340,-4.9568186,-0.27395606,-0.9948368,-0.8096733,0.109909,-0.09444058,-0.04212611,-0.030787667,-0.07634119,0.30610034,0.1495254
14341,-4.65075,-0.21336427,-1.0809909,-0.42905754,0.045157723,0.0840468,0.09880372,-0.26014125,0.0077074254,0.18709545,0.41929552
14342,-3.8995912,-0.059407968,-0.8652471,-0.5086195,-0.22448751,0.09638338,-0.14552203,0.14361818,0.0913191,0.30766228,0.26722297
14343,-5.222188,-0.099740095,-0.8468548,-0.38743365,0.051724654,-0.07534588,-0.009126757,-0.16544434,-0.17864409,0.2002378,0.25585544
14344,-6.838091,0.045824956,-1.3138196,-0.795122,-0.3538102,0.3035016,-0.2955138,-0.71624863,-0.040888608,0.29083326,0.21082614
14345,-5.8299003,-0.23448314,-1.1533471,-0.7042803,0.33830136,-0.14646766,-0.27345753,-0.042055257,0.1362876,0.5522591,0.21750121
14346,-6.1046786,0.051028885,-0.74308634,-0.6268043,-0.4380614,-0.23386109,-0.10011893,0.04218553,-0.33490342,0.4489678,0.3602696
14347,-4.595492,-0.069078445,-0.76932657,-0.65891975,-0.08327687,0.016390966,0.17038833,-0.35261333,-0.1486744,0.23650572,0.168166
14348,-6.879365,-0.08683927,-1.4419503,-1.0407902,0.012641714,0.20056334,-0.3398674,-0.2820112,0.108063295,0.17948848,0.3304248
14349,-5.638763,0.0032661268,-1.1296024,-0.6635642,-0.12475344,-0.23662838,0.034156367,-0.35103175,0.16656697,0.42002746,0.5802873
14350,-7.596393,-0.19023828,-1.8043406,-0.86063784,-0.20598072,-0.060372606,0.1688368,-0.21335413,0.20706633,0.8654734,0.6362998
14351,-5.0965333,-0.00065920316,-0.90241486,-0.6051805,-0.1882516,-0.12255539,0.17507166,-0.048093714,-0.11490765,0.3135966,0.31812322
14352,-5.512188,-0.059955258,-0.8776182,-0.57622176,-0.36976814,0.17717579,-0.14687248,-0.43558803,-0.19022582,0.42830577,0.3972026
14353,-6.041642,-0.26843688,-1.2045376,-0.92427826,-0.0010957047,0.073435746,-0.097794,-0.45056757,0.18112276,0.5688941,0.114839286
14354,-5.311517,-0.3826664,-1.1700873,-0.9120763,-0.10403572,0.0637441,-0.25409004,-0.5039091,0.19845718,0.3348556,0.23557188
14355,-5.269345,-0.39807618,-0.79530466,-0.57843006,-0.47746804,-0.2994973,0.32254264,-0.14467223,-0.5391119,0.3648764,0.44387016
14356,-5.0055323,-0.13542584,-1.3602566,-0.95905566,-0.04449541,-0.23283897,0.08695969,-0.18899353,-0.124616325,0.7302559,0.30606383
14357,-5.6432266,-0.24885629,-1.216608,-0.6056824,-0.036181916,-0.21030566,-0.07263005,-0.23970462,-0.35244673,0.56522125,0.04276415
14358,-5.1186786,-0.27724144,-0.8486575,-0.80594903,-0.43388253,0.23705505,-0.014493541,-0.77677757,-0.009958623,0.32352543,0.27163216
14359,-5.851282,-0.3546027,-1.0956053,-1.0439801,-0.385479,0.21517327,0.048108026,-0.40665403,0.39146283,0.9633724,0.31536582
14360,-6.497514,-0.028886285,-1.522761,-0.633569,0.1369744,0.45630336,-0.28074807,-0.30040485,0.51075935,0.5091259,0.045588575
14361,-6.1424847,-0.15177119,-1.0337435,-0.55594736,-0.21707378,-0.5373162,-0.01859659,-0.004387482,-0.26308292,0.6663356,0.08671818
14362,-5.3417115,-0.29375505,-0.8679113,-0.7540829,0.02707212,0.07445942,-0.07468971,-0.49275163,0.082050785,0.56589717,0.22417356
14363,-6.478401,-0.20528297,-1.4597598,-0.7335675,-0.4038229,0.044814054,-0.085023984,-0.1399197,0.19365753,0.7741473,0.45611838
14364,-4.56177,-0.0007951539,-0.63819724,-0.22653097,-0.15197165,-0.07253039,0.2440124,0.10987138,-0.28189638,0.27316228,0.23631625
14365,-5.0798426,0.059307575,-0.841323,-0.63438016,-0.33565578,-0.044612207,-0.1265041,-0.2825099,-0.16833691,0.47922853,0.07372421
14366,-6.262108,-0.31820804,-1.17752,-0.3909281,0.17542545,0.2801273,-0.11791224,-0.02483513,-0.15465659,0.21208479,0.24359314
14367,-7.1890693,-0.1671128,-1.7185068,-0.703628,0.5128217,-0.2080322,-0.15581074,-0.3061365,0.39543298,0.5905146,-0.010617021
14368,-5.4742866,0.056438774,-0.70784694,-0.61504287,-0.21993405,0.107819654,-0.06036561,-0.11746324,-0.22867005,0.46315578,0.14590874
14369,-6.325522,-0.13638437,-1.3808568,-0.81099176,-0.37249285,-0.46768367,0.057808172,-0.33934638,-0.30379945,0.28550425,0.42851177
14370,-7.196647,-0.29741037,-1.2367024,-0.4771755,-0.07328091,0.39387107,-0.13313803,-0.4193855,-0.04844003,0.65411985,0.3827988
14371,-5.9062696,-0.28927436,-1.060976,-0.61625457,-0.29727057,0.0021923627,0.09297624,-0.49588504,0.15362181,0.6359535,0.43238944
14372,-5.978715,-0.10052268,-1.2139784,-0.5181768,-0.14404422,0.119309396,0.41149303,-0.16438752,0.039810814,0.45968264,0.2863444
14373,-6.0374684,-0.0742921,-1.1697285,-0.766306,0.09432786,-0.20588814,0.020717062,-0.068041876,-0.2681223,0.4320958,0.4854238
14374,-5.4811087,-0.10187281,-1.1289811,-0.632597,0.06488466,0.15891862,-0.21275297,-0.045801654,0.18266954,0.61608404,0.1390848
14375,-4.793126,-0.30197755,-1.2049469,-0.3094886,-0.108609155,0.12574875,-0.13130829,-0.21179286,0.04798253,0.6224319,0.05355423
14376,-7.0109563,0.051869176,-1.0514407,-0.6504432,-0.54216164,-0.1095087,0.5061592,0.020599071,-0.30323386,0.23729917,0.45103887
14377,-6.6901875,0.052094385,-1.498436,-0.7287569,-0.22944291,-0.23933585,0.07504594,-0.43229517,-0.11208956,0.32696176,0.5841124
14378,-6.274268,-0.12867913,-1.4357091,-0.8558948,0.3404634,0.1729539,-0.066006616,-0.2509965,0.22195603,0.63088185,0.24561402
14379,-6.7984314,-0.41110286,-1.3287603,-0.8176907,-0.23748566,-0.31636888,-0.012091077,-0.22294234,-0.114101574,0.16172785,0.72596455
14380,-5.371184,-0.10521798,-0.8378722,-0.43975335,0.12773788,-0.006261125,-0.2312773,-0.08403199,0.058347918,0.4794311,0.051226255
14381,-7.888406,-0.14931901,-1.3216597,-0.94206214,-0.17582184,-0.4242068,0.18375476,-0.094449654,-0.08082293,0.680754,0.549868
14382,-5.727654,-0.06883721,-1.1631434,-0.7055826,0.12579414,0.027021812,-0.16083376,-0.1519734,-0.052166313,0.111961186,0.17914876
14383,-6.904461,-0.16969508,-1.2453326,-0.35714212,-0.22948839,0.24051265,0.028884146,-0.12670575,-0.24336533,0.2660868,0.38683522
14384,-4.878482,-0.15141621,-0.5517209,-0.6377099,-0.10267726,-0.2249034,-0.10071696,-0.18600994,-0.052063376,0.34305674,-0.0017450368
14385,-5.035565,-0.053918544,-1.0260409,-0.748579,-0.36289144,0.12658267,0.070779674,-0.00540678,0.18629563,0.33190814,0.66296566
14386,-6.444243,-0.54191077,-1.2475938,-0.53426194,-0.53474444,0.050709587,0.10801443,-0.013349526,-0.078497626,0.4220159,0.57436943
14387,-7.062785,-0.078195415,-1.0741094,-0.80099225,-0.09207367,0.04455704,0.42256334,-0.07203933,-0.011653334,0.5202998,0.49446708
14388,-4.4112663,-0.2791267,-1.3558648,-0.7037973,0.149216,0.026830316,-0.15076594,-0.11944147,0.36697593,0.33522353,0.447393
14389,-7.11442,-0.14615214,-0.8236141,-0.6717564,-0.27663654,-0.049743135,-0.28498086,0.110875964,-0.30220416,0.20091166,0.5367921
14390,-5.209062,-0.33394635,-0.8756796,-0.6429798,-0.2374418,-0.13634829,0.18262264,0.052648023,-0.39245868,0.48097694,0.5337857
14391,-5.9894066,-0.04903695,-1.4369947,-0.53049606,-0.011265831,-0.063156806,-0.0051914277,-0.063351706,-0.1597147,0.8240002,0.31474268
14392,-5.870989,0.09520475,-1.1114705,-0.49666905,0.365608,-0.2624377,-0.25567266,0.06134799,-0.011439061,0.37137523,0.26150274
14393,-4.6144266,-0.20276566,-1.0979953,-0.6280215,0.07413084,-0.14169024,-0.116090275,-0.28531545,0.29793096,0.57771367,0.21006031
14394,-6.1262946,-0.057745453,-0.9889734,-0.4366366,-0.38658035,-0.3980893,-0.009951402,-0.23476891,-0.24245872,0.31885734,0.5441322
14395,-5.4658947,-0.22143634,-1.2244269,-0.19120225,0.42820594,0.09576545,-0.30810523,0.086971834,-0.38280672,0.3389255,0.0051089674
14396,-5.2653065,0.057253797,-1.1916597,-0.30638403,0.014703121,0.27888465,-0.15178841,0.05698231,-0.08327595,0.25958946,0.47141427
14397,-5.949374,-0.04594459,-1.3456103,-0.57501096,-0.13313502,-0.10158311,-0.24416427,-0.3226386,0.10442576,0.4843588,0.15595621
14398,-4.585259,-0.33473212,-0.96722955,-0.5193515,-0.001044854,-0.11535903,-0.079556726,-0.12283731,-0.2278158,0.6710335,0.387838
14399,-4.973006,-0.23292615,-1.0241151,-0.39238095,-0.23447916,-0.21485381,0.0739416,-0.16858512,-0.06104193,0.37734222,0.6370525
14400,-4.8591986,-0.13457611,-0.7586463,-0.49581003,-0.26404068,-0.14343907,0.19013701,0.03778576,-0.25662944,0.59220564,0.35065144
14401,-6.579556,0.068041235,-1.5038587,-0.7357032,-0.15128632,0.15943101,-0.27066073,-0.41102496,0.03659822,0.35113716,0.13089578
14402,-6.07729,-0.06540356,-0.86901546,-0.56390566,0.15874629,-0.06511261,0.05217777,-0.24266687,-0.07064816,0.6703538,0.4345471
14403,-6.7132316,-0.17773144,-1.46659,-0.48485357,0.4395266,0.37225056,-0.20785606,-0.61572105,-0.08214736,0.0754307,0.25680697
14404,-5.440037,-0.32446498,-1.2511356,-0.8059565,-0.29469955,0.2505161,-0.10880408,-0.61747605,0.25771448,0.4414575,0.74706155
14405,-6.94555,-0.23653878,-1.2284018,-0.07868366,-0.09268336,-0.23690215,-0.0063440194,-0.051660404,-0.40490595,0.32816452,0.44082275
14406,-6.2180786,-0.032102,-1.2626384,-0.77774227,-0.2799088,-0.41921395,-0.04823716,-0.030539287,-0.11349557,0.6722324,0.13818747
14407,-4.0220733,-0.19776115,-0.70294166,-0.5897501,0.025151744,0.16529022,-0.18019812,-0.35583478,-0.14330499,0.91649663,0.15793179
14408,-5.555546,-0.12742922,-1.0462912,-0.43310666,0.21973522,0.13094287,-0.24326919,-0.19372593,0.18022946,0.61056364,0.118952505
14409,-7.1591706,-0.13801198,-1.2125552,-0.56726557,-0.16429834,-0.077455744,-0.3787907,0.008798387,-0.12995735,0.297062,0.5731533
14410,-5.78181,0.14228512,-1.128545,-0.5616333,-0.029743088,0.13277987,0.018391296,-0.4898434,0.024420058,0.19768406,0.6564596
14411,-5.697933,0.028612204,-0.94128156,-0.63758034,-0.21124347,0.057788935,0.011391132,-0.12384496,0.012355176,0.4307187,0.6642225
14412,-6.2474713,-0.3524431,-0.9453308,-0.512909,-0.5326883,-0.0018733647,0.26982075,-0.39165318,-0.45356864,0.18156953,0.7258156
14413,-5.2547035,-0.17696121,-0.9718742,-0.8404713,-0.09250141,0.10957414,-0.35255077,-0.13892035,0.4014702,0.7720497,0.024776984
14414,-5.4729166,-0.28576824,-1.3019584,-1.074916,-0.5297315,-0.07013525,0.01680962,-0.15918487,0.12170875,0.6235241,0.56663245
14415,-5.9805956,0.3026395,-1.2797747,-0.5768589,0.07846541,0.29542768,-0.36187118,0.057219386,-0.109435365,0.15979446,0.13319539
14416,-7.3416157,-0.07035694,-1.166207,-0.682017,-0.25087863,-0.41762376,0.03799296,-0.2913625,-0.55835885,0.3186301,0.34883612
14417,-5.7130427,-0.12263648,-1.1408528,-0.4082726,0.26342067,0.11582622,-0.02902956,0.14300527,-0.08719681,0.2477105,0.3371861
14418,-5.591379,-0.21082532,-1.0563079,-0.66386926,-0.060869098,-0.19286312,0.02255537,0.030767716,0.13624069,0.55975306,0.18095864
14419,-4.9538026,-0.07850123,-0.8621153,-0.44895145,-0.058328032,-0.23208971,-0.23655602,-0.027138544,-0.045994222,0.45228016,0.13847242
14420,-5.6188784,-0.59725666,-0.93109244,-0.95705897,-0.63388824,0.057953753,0.20110016,-0.16119894,-0.07355796,0.7080246,0.88332987
14421,-4.3501563,-0.057574954,-1.1059703,-0.37459835,-0.16910464,0.12691823,-0.066528246,-0.33596382,0.07822412,0.6522288,0.17193864
14422,-6.314203,-0.040137555,-1.2418365,-0.348931,0.28945243,-0.10522766,-0.08999224,0.007724465,-0.27537122,0.218156,0.28960708
14423,-7.579671,-0.037208747,-1.7158846,-1.121983,-0.46133047,-0.14712581,0.004324996,-0.34570086,-0.09104327,0.05599946,0.5081783
14424,-5.767217,-0.2553888,-1.513927,-0.7832417,0.041131966,-0.24251728,-0.11991822,-0.349909,-0.036320843,0.40913963,0.08822065
14425,-4.4411626,-0.21828766,-0.54777217,-0.47639325,-0.28558013,-0.039429747,-0.08473092,-0.317919,0.043563634,0.41822234,0.4335006
14426,-6.300645,0.12909913,-1.3053194,-0.5715996,0.15862425,-0.14290918,-0.43040386,-0.11857969,-0.1899268,0.1785152,-0.027651347
14427,-5.9622393,0.07535525,-1.403687,-0.75384104,-0.1710784,-0.036125444,-0.03563828,-0.29634178,-0.15015613,0.64900357,0.4460833
14428,-6.8067775,0.20537488,-1.6618211,-0.6048898,-0.1749362,-0.2515431,0.051216457,0.026600653,0.09488075,0.80042547,0.3001627
14429,-4.771449,-0.069194436,-0.92531,-0.59807587,-0.02978439,0.023460172,0.027743299,-0.2671589,0.061846383,0.22601627,0.19678633
14430,-5.5813303,0.06825382,-1.0027708,-0.42379504,-0.0855716,-0.2779935,0.15671615,-0.15531671,-0.09381083,0.54746914,0.33177325
14431,-5.911287,0.15129599,-0.6870756,-0.38283834,-0.021626383,0.17987758,-0.16386966,-0.10289865,-0.26735228,0.15672041,0.15795872
14432,-4.8504357,-0.2213966,-1.0400999,-0.68581414,-0.2600847,-0.07334813,0.3388106,-0.32329473,-0.108131915,0.38024214,0.092599764
14433,-5.9023447,0.0031679394,-1.4274268,-0.6319873,-0.008820789,0.07905675,0.064414985,-0.089749575,-0.23039442,0.6144599,0.41886485
14434,-5.3133097,-0.080794506,-1.0872564,-0.5589903,-0.35501137,-0.114501886,0.08191291,-0.15133263,-0.10101858,0.6521664,0.20084134
14435,-7.091489,0.08891109,-0.9873269,-0.31012607,-0.124654405,-0.17540172,-0.3026534,-0.36994758,-0.5519673,-0.21101372,0.3292509
14436,-4.399015,-0.07959213,-0.7442146,-0.4024829,-0.13867722,0.03432741,-0.121754505,-0.11547653,-0.17026521,0.21426512,0.28655228
14437,-6.3745418,-0.42685878,-1.0516475,-0.6948164,-0.27343464,-0.05932392,0.17605044,0.13338391,-0.17053796,0.396586,0.21367776
14438,-7.0220747,-0.009473643,-0.9557386,-0.84893876,-0.025821095,-0.056076907,0.105139874,-0.83797204,-0.030409714,0.6825715,-0.07145587
14439,-4.445191,-0.20330137,-0.69047415,-0.46975902,-0.20711213,-0.22066848,-0.341856,-0.13064115,-0.2768654,0.32509956,-0.0019378951
14440,-7.0533204,0.17944016,-1.5994909,-0.5850331,-0.12792787,-0.055817038,0.08060689,-0.19784178,-0.09015102,0.36827254,0.2641494
14441,-5.4543877,-0.08891246,-1.2216083,-0.6049875,-0.21864358,0.08907469,0.050075904,0.0007823715,-0.12962429,0.54244834,0.23255147
14442,-6.3079844,0.0041245553,-0.76193506,-0.320339,0.01832869,-0.101981096,-0.15949796,-0.1547765,-0.18144864,0.14834985,0.4729582
14443,-5.323074,-0.049336657,-1.1189522,-0.7392688,-0.0014953925,-0.17761587,-0.07711398,-0.25779384,0.10422097,0.42009434,0.36244258
14444,-5.1353893,-0.38518018,-1.2012414,-0.4803422,-0.23537023,-0.1548579,-0.020183139,-0.107077055,-0.05646708,0.40567943,0.59775335
14445,-6.332168,-0.008599765,-1.8616183,-1.3105695,-0.5193178,0.7347386,-0.29488733,-0.56689394,0.36824042,0.6702022,0.7420843
14446,-4.6873345,-0.259549,-0.7124201,-0.88912004,-0.47160482,-0.17854697,0.14273223,-0.05864104,0.0016803406,0.5792321,0.4085251
14447,-6.1366405,-0.35672477,-1.0060912,-0.5372446,-0.09687951,0.64510757,-0.33442512,-0.41184968,0.15471695,0.30676866,-0.099805504
14448,-6.1826963,-0.1288928,-0.8791019,-0.40360793,-0.09880372,-0.20461507,0.23783751,-0.18353854,-0.13559324,0.48448354,0.5147429
14449,-6.5366015,0.14307596,-1.2333896,-0.5406938,-0.097123735,0.106322445,0.06121408,-0.33537576,-0.4128186,0.3634463,0.34034696
14450,-5.5307236,-0.13736552,-1.1037618,-0.37174183,0.4044154,0.27487773,-0.4449793,0.11720373,-0.041379295,0.34490252,0.23442517
14451,-6.713727,-0.2940948,-0.8929212,-0.42218432,0.3810177,-0.1316012,-0.08992588,0.121356994,-0.45152086,0.030844953,0.5178224
14452,-5.66539,-0.09381809,-1.159514,-0.6787118,-0.053890057,0.13100277,-0.017897304,-0.50397456,0.05683267,0.3480851,0.23515649
14453,-5.797725,0.009449269,-1.2124203,-0.47425306,0.6057669,0.28692502,-0.109140076,0.11934879,-0.1021204,0.06640927,0.0028388128
14454,-7.394822,-0.4147961,-1.327699,-0.525237,0.13116586,0.37578362,-0.2631692,-0.16912596,-0.076739304,0.32908326,0.28456575
14455,-6.341867,0.04484254,-1.549911,-0.8843562,-0.212181,0.22029573,0.08360712,-0.19217786,-0.08989306,0.7630839,0.6689409
14456,-6.331719,-0.071401484,-1.5240077,-0.911186,0.13647313,0.19674477,-0.18029422,-0.31472448,0.31961963,0.32766876,0.23547374
14457,-5.0331454,-0.26537645,-0.8755644,-0.56938136,-0.27510446,0.071926415,0.35636806,-0.036416836,0.08237294,0.66845584,0.26443768
14458,-5.551368,-0.10713678,-0.9229145,-0.40016943,0.16183452,-0.056168064,0.31393662,0.059977755,-0.046236254,0.18164946,0.22117689
14459,-4.0592885,-0.08739128,-0.7681563,-0.23239844,0.11555376,0.072394274,0.07604253,0.022178385,-0.026326103,0.35741532,-0.0022203736
14460,-6.667731,0.12746221,-1.17966,-0.87474847,0.11811398,-0.027585361,-0.005266049,-0.46654743,0.04012899,0.017561175,0.3460281
14461,-5.4305406,-0.13350841,-1.3222165,-0.5334405,0.085176304,0.116608724,-0.24487118,-0.14592767,0.23141938,0.30791152,0.19899863
14462,-5.814531,-0.0743977,-1.1373801,-0.43246055,-0.11668532,0.19943066,0.11146814,-0.101170994,0.0015143212,0.48264065,0.33146203
14463,-5.726323,0.14467904,-0.8088265,-0.3361895,-0.07545159,-0.27406567,0.04140101,-0.31604868,-0.34961396,0.595207,0.06562155
14464,-5.916612,-0.096011475,-1.266805,-0.5815695,-0.8337658,-0.040465698,0.20749052,-0.2375463,-0.10984239,0.39933908,0.4965141
14465,-5.7415504,-0.106992066,-1.5080179,-0.77865505,-0.31926763,0.14453962,-0.10223103,-0.16384004,-0.0029689502,0.55107546,0.5852011
14466,-4.981376,0.054697193,-1.0058308,-0.41337064,0.14038119,-0.32910955,-0.14468738,-0.2866652,0.071300715,0.40927926,0.39655167
14467,-4.024921,-0.20658255,-0.71830636,-0.7487026,-0.011084776,-0.12801737,-0.20395358,-0.3926437,0.0725178,0.4053445,0.11634419
14468,-6.940009,-0.16391814,-1.7310929,-0.64124435,-0.23712316,-0.16780184,0.1305693,0.0791273,-0.053829163,0.39635727,0.37916613
14469,-4.7346563,-0.02927224,-0.6086618,-0.46869358,-0.49134088,-0.19387206,0.25916615,-0.0016083336,-0.2668183,0.18865061,0.2553924
14470,-6.588312,0.16470861,-1.5775837,-0.95491385,-0.0014913059,-0.2617342,-0.0068327943,-0.32637322,-0.130242,0.29548922,0.0014128666
14471,-4.830418,-0.14840533,-1.2655666,-0.02557996,0.16506071,0.289329,-0.13065915,-0.1285384,-0.30019805,0.18402061,-0.04761831
14472,-5.78638,-0.19012716,-1.3309523,-0.6102763,0.3286417,0.121743694,0.13045068,0.14534208,-0.052784868,0.76140994,0.31815535
14473,-5.679683,-0.53452,-1.0082983,-0.5339027,0.09598693,0.2906025,-0.099171564,-0.30572397,0.084806256,0.45415115,0.32148
14474,-4.0919333,-0.057972733,-0.91114134,-0.47381902,-0.28386334,-0.09013989,0.11319322,-0.41601688,-0.26220474,0.23633513,0.024063803
14475,-4.9810185,0.027011145,-0.94644845,-0.58583176,-0.24582714,0.14714405,-0.18826997,-0.32254946,0.16448939,0.7006028,0.22460473
14476,-5.3979254,0.10533838,-1.1287131,-1.0030726,-0.24121359,0.09947919,-0.049212974,-0.2916777,0.011579471,0.9071003,0.23552664
14477,-5.8824854,0.1351144,-1.5369784,-0.43997845,0.28017095,0.22685681,0.058519315,0.034606867,-0.21963756,0.24181812,0.36292103
14478,-4.5093684,0.16571715,-0.7813401,-0.36081913,0.023530647,-0.11788364,0.083673306,-0.34868526,0.08856151,0.1478814,-0.05848051
14479,-5.4102573,-0.27245793,-0.98216975,-0.3691382,-0.40120304,0.41125476,0.11234152,-0.010573687,-0.06954891,0.7545765,0.4486337
14480,-4.521911,-0.039699364,-0.7570475,-0.4029534,-0.044483595,0.0047650626,0.03610065,0.13152888,-0.21482545,0.23762013,0.13574807
14481,-4.4627724,0.16112953,-0.68486357,-0.31475314,-0.026853984,-0.14485219,-0.09127643,-0.04137542,-0.3073091,0.24270591,0.20663774
14482,-7.375493,-0.13198233,-1.4296343,-0.85994256,0.01935415,-0.008850323,-0.088971555,0.0009592511,0.17514738,0.5980314,0.24804622
14483,-4.6426535,-0.20264001,-1.1165644,-0.592339,-0.6666915,0.020229347,0.16785559,0.045506574,0.049404934,0.4667181,0.38991842
14484,-6.5894413,-0.2818367,-1.3988063,-1.0215322,0.020240447,0.019467935,-0.12557484,-0.036016874,0.07798348,0.37070033,0.40017095
14485,-5.2171707,-0.14465386,-0.9354729,-0.4276996,-0.08417332,-0.12880555,0.20842946,-0.0068467855,0.008008391,0.34032047,0.35121626
14486,-5.711779,-0.30153123,-1.3051978,-0.5508676,0.42773107,-0.015684556,-0.20900339,-0.16571994,0.18563217,0.484088,-0.21600422
14487,-6.3577366,-0.38639617,-1.1874449,-0.6308031,-0.82687205,-0.030629694,0.16501808,-0.0423446,-0.07346372,0.5314726,0.8049585
14488,-3.40447,-0.06043872,-0.6087166,-0.46347496,-0.15585892,0.2798742,0.07820738,-0.42383242,-0.085708074,0.28041425,0.2877586
14489,-6.759482,-0.30756584,-1.2179661,-0.68162954,0.372547,-0.043260694,-0.15855128,-0.13459407,-0.077210456,0.5567338,0.41651022
14490,-7.2341256,0.07615288,-1.5927961,-0.92610097,0.088548884,0.3363303,-0.6529141,-0.5800007,0.1569871,0.5150219,0.13809814
14491,-5.5241656,-0.13287951,-1.2218649,-0.7133997,0.46123615,0.05662587,-0.32178745,-0.26842666,0.043232918,0.10037723,0.28683078
14492,-5.7885365,0.038842533,-1.4304781,-0.92557186,-0.095041305,-0.040922597,-0.12681408,-0.12875886,0.2253382,0.7692555,0.35189793
14493,-6.0648437,0.06746858,-1.3445438,-0.79819125,-0.21972542,0.07200147,0.006167071,0.14900608,0.030196313,0.4891036,0.7059304
14494,-6.4435606,-0.27131072,-1.291903,-0.42271283,-0.04352205,-0.32312948,0.1064899,-0.31968358,0.0932029,0.15497869,0.7354994
14495,-6.0077267,-0.23039435,-1.2328665,-0.7501234,-0.58669275,-0.17956349,0.0072506294,-0.35494,-0.18748559,0.42258337,0.6605326
14496,-3.8837197,0.031149529,-0.8829917,-0.28009215,0.14855948,-0.033793814,0.1418468,-0.021994008,0.043111414,0.22210144,0.113195546
14497,-4.828477,-0.08606593,-1.1117138,-0.2525873,-0.29615986,0.39669734,-0.0028876774,-0.13567074,-0.02695051,0.41598028,0.27460104
14498,-6.3278065,-0.48808068,-0.9528189,-0.42392123,0.014533853,0.056433376,-0.22264317,-0.09761572,-0.059942238,0.23505087,0.14623064
14499,-5.9030304,0.113272,-1.3862245,-0.626016,0.13630605,-0.11056386,-0.11688695,-0.3217013,-0.056467704,0.15398447,0.37791017
14500,-5.705741,-0.26175603,-0.9600564,-0.90488005,-0.43551835,0.30752182,0.12354373,-0.14180808,0.026213657,0.61036193,0.3195525
14501,-5.472457,-0.07093243,-1.1684046,-0.5475321,-0.40972084,-0.27977383,0.17839943,0.14971799,-0.01129378,0.45225158,0.7638119
14502,-4.968528,-0.16158909,-0.6598416,-0.31744745,-0.31559473,-0.072012596,-0.04757892,0.17147778,-0.16605358,0.24524617,0.4339916
14503,-4.9479175,-0.21111748,-1.3174725,-0.5085931,0.24598093,0.03250263,-0.16864768,-0.08062585,-0.09932314,0.27423245,0.31294775
14504,-5.191178,-0.08856315,-0.94067687,-0.311246,0.19766968,-0.13400431,0.060342714,-0.30438754,-0.07332491,0.16423611,0.10255086
14505,-4.9924116,-0.021368876,-0.9920292,-0.6424619,-0.18667193,-0.060953125,0.25607535,0.05352021,-0.05718995,0.75007534,0.33696294
14506,-5.4727087,-0.22223768,-1.18093,-0.2080103,-0.18187411,0.17278615,0.23620254,-0.4933063,-0.11527413,0.37186065,0.081914656
14507,-4.577381,-0.2884595,-0.56989926,-0.58200604,-0.5254312,-0.16955052,-0.13218397,-0.23834512,-0.16155478,0.3562566,0.09670949
14508,-7.6978173,-0.3816329,-0.7036018,-0.91288036,-0.7671319,-0.33183473,0.06803976,-0.6869221,-0.14921291,0.5456994,0.39767125
14509,-5.2028923,-0.38538116,-1.283988,-0.60504293,0.24913266,0.38043046,0.042984318,-0.17385049,0.33678657,0.5993809,0.34443775
14510,-6.409841,-0.22935516,-0.9781604,-0.8980871,-0.14857166,0.23279436,0.16322353,-0.7490652,0.12261129,0.8233052,-0.012753761
14511,-5.6516895,-0.2788308,-1.3208501,-0.44478947,-0.27142206,-0.022896023,-0.18333739,-0.52578235,-0.17204943,0.4379268,0.41056985
14512,-6.090892,-0.35681006,-1.0015558,-0.603852,-0.37194085,-0.049860325,0.2765622,-0.004063349,-0.20290151,0.12048485,0.5885639
14513,-4.5530176,-0.09909119,-0.988196,-0.47570363,-0.17288516,0.2753693,-0.31625998,-0.3919018,-0.37231484,0.29629782,0.20385394
14514,-4.563973,0.0050619743,-1.0908437,-0.6476897,0.09824503,-0.011349373,0.25461063,-0.03482295,0.085731134,0.48432094,0.3554082
14515,-3.7624683,-0.1919751,-0.8443588,-0.53446347,0.057366867,-0.015267974,-6.5139495e-05,-0.18781699,0.14135477,0.31836846,0.36461648
14516,-5.587614,-0.22103892,-0.92734635,-0.85862017,-0.2061849,0.022570726,-0.23766589,-0.30915505,0.1315515,1.0473218,0.20658405
14517,-4.8708982,-0.12944488,-0.62844414,-0.50202465,-0.22905062,-0.19731136,0.1969463,-0.04091785,-0.1031579,0.6208795,0.7473994
14518,-5.4867215,-0.21407689,-1.1772236,-0.46908602,-0.12559718,0.07345765,0.076521836,-0.25230467,-0.25372428,0.38135213,0.25810623
14519,-6.3520145,0.04707252,-1.1859182,-0.6722495,0.24655238,0.17392415,-0.53434,0.044120766,-0.009309353,0.7578685,0.16474243
14520,-4.444536,-0.3989123,-0.8987293,-0.40198815,-0.29796684,-0.28291762,0.085995264,-0.0026143678,-0.14961788,0.29892966,0.35446262
14521,-5.913395,-0.025474526,-1.0070105,-0.6801259,-0.19036926,-0.1553991,0.11776366,-0.28704694,-0.020921094,0.19292828,0.36051244
14522,-5.2400017,0.022790322,-0.9637781,-0.5905403,-0.16836087,0.12426777,0.11872299,-0.16649337,-0.1381895,0.0764964,0.47362888
14523,-4.447668,-0.12140787,-0.95660037,-0.66630363,0.0077726184,-0.3218919,-0.20337391,-0.10218114,0.036433112,0.68683714,0.014857298
14524,-4.238675,-0.11990191,-0.6852524,-0.3938809,-0.012250774,-0.17088649,-0.14456283,-0.24306303,-0.16424759,0.3326539,0.05739051
14525,-5.3305697,-0.3918732,-0.98895967,-0.5471496,-0.4409745,-0.3227613,-0.09221122,-0.03970577,0.053231724,0.6741359,0.43181
14526,-5.3232746,-0.0016929479,-0.77566314,-0.7683655,-0.23002574,-0.045845196,0.22628848,-0.067523435,-0.11203256,0.2591568,0.5819842
14527,-5.0015326,-0.24275152,-1.2156446,-0.7781532,-0.34983534,-0.21122113,0.06541004,-0.29843193,-0.16975197,0.57523817,0.2529062
14528,-4.969233,-0.11700684,-1.2560515,-0.16573259,0.154287,0.2929914,0.053213302,0.20585133,-0.19017267,0.25444114,0.44514775
14529,-5.212907,-0.25461432,-0.8627603,-0.56972176,0.003372058,-0.08598412,0.13556342,-0.19565374,-0.17820157,0.59905505,0.29343972
14530,-4.468531,-0.07618127,-0.8481377,-0.20389585,-0.07985667,0.022102356,-0.046935193,-0.09982598,-0.22995849,0.26128992,0.24770604
14531,-5.108015,-0.13444546,-1.133643,-0.8475264,-0.11422203,-0.2186309,-0.23410739,-0.2313346,0.019061469,0.65575546,0.033441447
14532,-6.9774017,0.15285158,-1.2199525,-0.4650005,0.39325973,-0.24816574,-0.1978705,-0.20312597,0.086077765,0.2732389,0.19727452
14533,-6.1083155,-0.18296868,-1.4337198,-0.7592535,0.21569483,-0.040738583,0.082181014,-0.16102347,0.20131165,0.58060163,0.52426016
14534,-5.152766,-0.30748218,-0.8659532,-0.7347306,-0.5496698,-0.072431155,0.26314738,-0.415396,-0.15762168,0.2876255,0.6692653
14535,-4.9430385,-0.05400083,-0.813342,-0.09638682,-0.24861047,-0.0004696492,-0.059225485,-0.18616535,-0.3633324,0.26098958,-0.012906869
14536,-6.149516,-0.2618106,-0.7298952,-0.61739016,-0.7408207,-0.5298203,0.17498568,-0.481257,-0.36039588,0.57453096,0.5416736
14537,-6.3244333,-0.43429226,-1.0806761,-0.745231,-0.1086675,0.37389708,-0.23318097,-0.4232319,0.19585377,0.6136932,0.50193244
14538,-5.550421,0.040363725,-1.3562367,-0.7316415,0.12590459,0.108829655,-0.06312395,-0.330809,0.073806845,0.4871872,0.10188253
14539,-4.997215,-0.21025981,-0.9349384,-0.4527971,-0.29117915,-0.25385368,0.127713,-0.1695015,-0.15189518,0.3733473,0.253474
14540,-5.3776584,-0.12774825,-1.3212911,-0.7807206,0.15158413,-0.30532366,-0.102361225,0.13335596,0.26686028,0.5992718,-0.022202514
14541,-6.22451,-0.27921155,-1.5750763,-0.6178053,0.10358777,0.1001598,-0.111919396,-0.0788847,-0.0010407139,0.27548146,0.24332157
14542,-5.6381273,-0.088987015,-1.0667317,-0.44165584,-0.026247667,-0.06280518,-0.10004032,0.15309326,-0.3490641,0.19272113,0.40317112
14543,-6.9184055,0.05311629,-1.3826809,-0.6407165,-0.6203839,-0.17654872,0.04783951,-0.023198096,-0.28364533,0.5604544,0.760825
14544,-5.4125247,0.1349921,-1.2920918,-0.3905979,-0.1585014,-0.17187198,-0.191146,-0.07222274,-0.30137566,0.14025995,0.13097885
14545,-6.455221,-0.22217631,-1.1255887,-0.8178289,-0.5978651,-0.22960421,-0.019864406,-0.3679823,-0.11187072,0.092696406,0.77447456
14546,-6.2280726,-0.25140405,-1.4882653,-0.6834458,-0.20766035,0.4236849,-0.25278825,-0.13498323,-0.10588009,0.8440726,0.36438805
14547,-5.309017,-0.027541574,-0.9165443,-0.66049826,0.019785387,-0.039762016,-0.2065253,-0.19049147,0.13247001,0.47159606,0.29917037
14548,-5.2367125,-0.26188594,-1.250849,-0.6157206,-0.2966334,0.050415516,0.03566043,-0.25444397,-0.0046299584,0.46762046,0.22042799
14549,-6.279219,-0.25503558,-1.1059773,-0.79429924,-0.6944878,0.07118024,-0.047710184,-0.1175931,-0.03421452,0.71168864,0.42049965
14550,-5.816095,-0.67781246,-1.4940234,-1.177427,0.06564926,0.2419994,-0.079488866,-0.6867894,0.3274801,0.86618316,0.4063661
14551,-6.1667213,-0.1279932,-0.8770606,-0.6651185,-0.0169977,-0.10370156,-0.06563284,-0.069852374,-0.06668118,0.1592354,0.09045179
14552,-4.704191,0.12231736,-1.0680906,-0.46851838,0.084711894,0.48349416,0.1094288,0.033193216,-0.14894098,0.21530826,0.4669809
14553,-5.6733255,-0.0716436,-0.6817788,-0.8140582,-0.28948173,-0.03554362,0.26731247,-0.3890006,-0.18197653,7.859431e-06,0.3847367
14554,-6.149279,-0.19537956,-1.610484,-0.28449214,-0.06964939,0.36714733,-0.021483634,-0.23677777,-0.0921761,0.32282773,0.061018396
14555,-8.601191,-0.057528127,-1.7603443,-0.8809061,-0.079990804,0.5226598,-0.3870905,-0.5049815,0.2423248,0.21968843,0.10693633
14556,-4.4712744,-0.08533552,-0.8642066,-0.097890824,-0.15493773,-0.10248586,0.06688904,-0.10108676,-0.37299874,0.19480987,0.2158013
14557,-5.2975826,-0.27642226,-1.2733507,-0.66349524,-0.44043255,0.3091923,-0.06876854,-0.20831057,0.119217165,0.5958608,0.35910308
14558,-7.1379886,0.014734895,-1.0736763,-0.6755424,-0.21506335,0.13837904,0.39742643,-0.20533575,-0.3555874,0.21958224,0.4954788
14559,-4.563243,-0.25739062,-0.88874835,-0.6533311,-0.5651554,-0.14138137,0.013793937,-0.12567988,0.08553404,0.49527588,0.4711258
14560,-5.695117,-0.0040522395,-1.076734,-0.72301584,-0.17432937,0.10737842,0.0070452504,-0.20152077,-0.20765664,0.34825072,0.28918323
14561,-4.880045,-0.19587226,-1.1179858,-0.6435035,0.066986375,0.113238014,-0.4109448,0.15413004,0.075879745,0.61949825,0.20377395
14562,-3.9276178,0.04907123,-0.68922764,-0.4858167,-0.1618026,0.23629996,0.088268556,-0.16985095,-0.10217614,0.29369453,0.1487373
14563,-5.314834,-0.10270848,-0.96051264,-0.8597815,0.032149903,-0.0009767376,0.06630611,-0.30516732,0.055267707,0.23374918,0.14589693
14564,-4.0723867,-0.19024618,-0.6321845,-0.58507735,-0.14380269,-0.11294276,0.040675733,-0.44319695,0.09024953,0.42226046,0.3860492
14565,-3.8419256,-0.28284958,-0.6124281,-0.5405012,-0.08904221,-0.1305067,0.0017422717,-0.15697141,0.056297965,0.39041916,0.23058148
14566,-5.558146,0.00612823,-0.95311505,-0.59671366,-0.1512114,-0.2539125,0.048292864,-0.09287543,0.15624143,0.3583805,0.36697957
14567,-3.821537,-0.1047225,-0.6024191,-0.35536948,-0.13239041,-0.025390148,0.18728879,-0.049094103,-0.066454165,0.38776594,0.34154728
14568,-4.602084,-0.2174575,-1.0915308,-0.49128008,-0.12719251,-0.15975103,0.060055554,0.0014926875,-0.04325068,0.1007277,0.307799
14569,-4.5013385,0.028414432,-0.9862078,-0.3227372,0.13349861,0.119647354,-0.0068982923,-0.025570853,-0.24772568,0.22196746,0.022164997
14570,-5.1034117,-0.0464034,-0.9352063,-0.58646995,-0.42588937,0.30227524,-0.05351539,0.00470168,0.042713903,0.47115597,0.4617623
14571,-6.2104707,0.0025966167,-0.90736306,-0.73977923,-0.051709726,-0.0073373886,-0.22253375,-0.2660425,-0.06462684,0.8134022,0.3244878
14572,-5.559932,0.0159579,-0.80215234,-0.41976434,0.019440927,-0.22806703,-0.12332898,-0.24732915,0.058177948,0.39206505,0.22490138
14573,-6.228028,-0.29164535,-0.6372289,-0.80053437,-0.44562444,0.28771794,0.08931131,-0.33483118,-0.019689014,0.6544269,0.56659985
14574,-4.4700475,-0.17503597,-0.89159685,-0.53683734,-0.20509909,-0.057943135,-0.022133324,-0.23491699,0.15908338,0.36384335,0.42779973
14575,-5.5457864,-0.32580212,-1.1522286,-0.36193874,0.15271036,-0.03159667,0.011688404,-0.04719101,0.08190289,0.56634206,0.2530383
14576,-7.408615,-0.20592695,-1.372594,-0.9786501,-0.12712176,0.27649266,-0.06669183,-0.29354018,-0.0033082701,0.094727844,0.34860197
14577,-3.6873906,-0.04490313,-0.65943253,-0.30760673,-0.13016026,-0.0047913706,0.11306813,-0.059899025,-0.25839236,0.17515284,0.11938074
14578,-4.9780226,0.0146950055,-0.90619135,-0.60707605,-0.20616306,-0.16669497,-0.01087411,-0.3488484,-0.03531141,0.41556484,0.1778822
14579,-6.2556033,-0.2962159,-1.2706518,-0.67802805,0.17314048,0.25297743,-0.33807743,-0.2246261,-0.24906312,0.24725671,-0.14086203
14580,-5.604253,-0.31083852,-0.7821358,-0.7073668,0.07497558,0.14936969,-0.4499264,-0.24294671,0.091681264,0.5331913,0.0032429053
14581,-7.205387,0.21652299,-1.842126,-0.84572077,0.25287193,-0.026718974,-0.2667159,-0.5594029,0.01998674,0.5825477,0.2331473
14582,-8.264839,-0.11261446,-1.9070276,-0.69223577,-1.2200707,-0.0801305,0.006827723,-0.5569765,-0.32929435,0.55921286,0.86760676
14583,-6.7560186,-0.24818654,-0.9843943,-0.86698365,0.072737,-0.25302953,-0.1778206,-0.61442554,-0.025538763,0.19620629,0.51289654
14584,-3.7788823,-0.22654872,-0.7754311,-0.0067723477,0.09623927,0.2100502,0.037795354,0.0051593417,-0.1599047,-0.0994377,0.17276834
14585,-4.183043,0.03695029,-0.9316918,-0.4989208,-0.059904464,0.072327755,-0.006347644,-0.023651524,-0.039049648,0.17113028,0.40835416
14586,-5.0679727,-0.035467364,-0.88525176,-0.23463427,0.005082638,0.28480095,0.10999574,-0.32417914,-0.08776246,0.57466185,-0.009652789
14587,-6.0336823,-0.04310519,-1.2908317,-0.53726465,0.52023005,0.2864374,0.011609259,-0.19591495,0.015203458,0.20917358,0.16021684
14588,-5.232158,-0.1421748,-0.92453104,-0.68590176,-0.12770906,0.2767834,-0.091284186,0.01901651,-0.10063953,0.73642915,0.4813496
14589,-6.1320477,0.17340355,-1.0557048,-0.5078324,-0.19049928,-0.33741504,0.24721502,-0.112741984,0.12071727,0.6140264,0.37243912
14590,-5.5282536,-0.0017432207,-0.9691468,-0.43531665,0.069767974,-0.28312773,-0.10709839,-0.060062207,-0.1780017,0.11046743,0.35276756
14591,-4.8275256,0.035007823,-0.9351673,-0.48727873,0.3617783,0.032626376,-0.068070486,-0.28384483,0.106557794,0.1400175,0.11522536
14592,-5.360979,-0.1336116,-1.1594449,-0.82753336,-0.15270144,-0.013563741,0.11649255,-0.14406191,-0.008401966,0.4407661,0.44880435
14593,-5.8225565,0.02375323,-1.5260764,-0.9133163,-0.23028159,-0.16806595,-0.09497503,0.015773607,0.06021723,0.39256865,0.42890173
14594,-6.312477,-0.0783269,-1.3248944,-0.48138463,-0.097330466,0.14993228,-0.12779942,-0.28861517,0.08766603,0.84692985,-0.007965879
14595,-7.1333494,-0.40189147,-1.2700945,-0.7368876,-0.43033418,-0.26876152,0.2546899,-0.32648736,-0.32742602,0.48864716,0.62311196
14596,-6.4710503,-0.015075502,-1.2053177,-0.6895311,-0.20509443,0.009643296,0.032772895,-0.11343656,0.067572504,0.7517205,0.02053515
14597,-5.731221,-0.38056934,-1.2179426,-0.75798506,0.17538305,-0.033660676,-0.2350455,-0.3384849,0.20830278,0.5044702,0.25722393
14598,-6.6899137,-0.2811529,-1.2550274,-0.6467265,-0.6390142,0.019795071,0.4062629,-0.075313956,-0.3931372,0.21721998,0.46431938
14599,-4.6799917,-0.01688281,-0.7344951,-0.71047074,-0.43075547,-0.033082522,-0.029843759,-0.026722597,0.120374866,0.53499204,0.14817156
14600,-5.4771247,-0.10140857,-1.2217048,-0.8091057,-0.22924238,-0.04827269,-0.058187567,-0.1422698,0.09101564,0.7287855,0.25446516
14601,-4.546144,0.01633941,-0.81746936,-0.3825172,-0.016368654,-0.071756855,-0.103673905,-0.09087106,-0.01309927,0.4895557,0.38040435
14602,-5.7123404,-0.3683397,-0.98006284,-0.619912,0.12694585,-0.22357784,0.12524734,-0.087679446,-0.22833171,0.39014897,0.026092317
14603,-5.0249805,-0.2596973,-0.8657104,-0.43262205,-0.077669516,0.086612925,0.0678488,-0.42414314,-0.2341152,0.32913435,0.2463669
14604,-5.3398514,-0.059272636,-0.97612756,-0.4777038,-0.25337195,-0.4435773,0.16656055,0.06846231,-0.22698529,0.37810224,0.44378817
14605,-5.5198092,-0.031372204,-1.1470388,-0.54620755,0.11444894,0.17474204,-0.2816956,-0.32814643,0.15808962,0.44383925,0.10616505
14606,-6.273749,-0.12078221,-1.019792,-0.74912596,-0.12084929,0.1646487,0.17843379,-0.19834562,-0.091558285,0.24623969,0.32177165
14607,-4.4757423,-0.2037622,-1.0446634,-0.30254948,-0.089205354,-0.04914116,0.018040378,0.193419,-0.23603745,0.6460003,0.20072438
14608,-6.1557145,0.26965076,-1.3757933,-0.4287001,0.12619537,-0.105516955,0.10655073,-0.058705732,0.08045066,0.47006434,0.40701684
14609,-5.154595,-0.097756796,-1.0800884,-0.2636678,0.07920672,0.0550296,-0.13714713,-0.22156402,-0.39852783,0.17306095,0.26367763
14610,-5.756304,-0.3556833,-1.2122873,-0.6524281,-0.09920105,0.32081854,-0.0010556225,-0.14792666,0.098530844,0.4432259,0.29957744
14611,-6.5443997,-0.029797725,-1.370515,-0.6439459,0.1309112,-0.06988265,-0.03933567,-0.27605832,0.07720193,-0.27958766,0.14089033
14612,-4.729748,-0.118001625,-1.0241966,-0.7061351,-0.011652609,0.029050129,-0.10254128,-0.14156735,-0.11096114,0.5016854,0.57759583
14613,-6.2847905,0.114473246,-1.1839646,-0.6716136,-0.11797274,-0.13990532,0.10341443,-0.10473576,-0.11133942,0.24214664,0.4354624
14614,-6.1561756,-0.06451418,-1.390318,-0.42688218,-0.3486786,0.35829747,-0.30187967,0.0179278,-0.20648272,0.7275264,0.15286373
14615,-5.363628,0.041045614,-0.7411686,-0.4761878,0.07559866,0.08204318,-0.19228344,-0.28217953,0.032846913,0.63528574,0.1260629
14616,-7.721063,0.058512777,-1.0015471,-0.668727,-0.30589074,-0.08949625,0.21244039,-0.44070604,-0.51594776,0.39134887,0.735614
14617,-7.0557556,-0.13039593,-1.4947793,-0.6391895,-0.16873936,-0.19805808,0.061019383,-0.104976565,0.06257752,0.4801334,0.50503397
14618,-4.9107456,-0.15506165,-1.3213655,-0.79199684,-0.20492311,0.04109858,0.15126559,-0.26476526,-0.213065,0.55747455,0.21888794
14619,-5.6529903,-0.22931293,-1.2183229,-0.7515552,0.17036761,-0.121632636,0.023946758,-0.43977234,0.22408429,0.43419582,0.137676
14620,-4.0737653,-0.1404084,-0.9089836,-0.36992958,-0.20186344,0.024318684,0.10546783,0.0676496,0.0014480427,0.4003029,0.52651834
14621,-6.54885,0.28853,-1.2150689,-0.56551385,0.12932472,-0.1311812,-0.5331959,-0.4689063,-0.39432648,0.5810485,0.13295099
14622,-5.2778845,0.015740817,-1.1208541,-0.4672562,-0.024517724,0.048820525,0.19195285,-0.2843438,-0.37407675,0.537786,0.22554095
14623,-4.7709084,-0.078307115,-1.1703875,-0.6156992,0.22328724,0.037912957,-0.2789279,-0.102499865,0.17968927,0.44281596,-0.027980383
14624,-4.7527857,0.0021436615,-1.2495931,-0.5561253,0.24270673,0.10957857,-0.26335883,-0.17510906,0.22085801,0.14061116,0.21470764
14625,-5.678844,-0.2699186,-1.1731067,-0.4066072,-0.2739977,0.52758294,0.15250815,-0.5685654,-0.03826859,0.40147153,0.36659855
14626,-6.737303,-0.28478727,-1.2701008,-0.9377396,0.48823196,-0.1965443,-0.2576975,-0.537073,-0.10444061,0.4621339,0.01790211
14627,-6.4170666,-0.47195858,-1.3505659,-0.69316816,0.09892939,0.37502623,-0.2577208,-0.47425744,-0.060572885,0.21596283,0.4661524
14628,-5.203229,0.081859745,-0.9596531,-0.20251018,0.1284713,-0.07732964,0.11354675,-0.006130837,-0.11980492,0.51158524,0.08227784
14629,-4.890485,0.11784006,-1.1106286,-0.22375476,0.12299566,0.08411195,-0.11584974,-0.16637129,-0.21094443,0.45022395,0.07861359
14630,-4.353665,-0.0022362964,-0.69194007,-0.30016142,-0.36490205,-0.2832719,-0.083632834,0.0015984885,-0.1916131,0.36036506,0.38683555
14631,-4.584763,0.035402276,-0.83752346,-0.27574924,-0.41353637,-0.39270473,0.23952647,-0.14423892,-0.2608081,0.07816673,0.3934115
14632,-6.107047,0.08079295,-1.0698158,-0.23217903,-0.33447278,-0.05271246,-0.106338665,0.062145926,-0.35477448,0.3226675,0.121526554
14633,-5.0482616,0.15507077,-0.95947343,-0.44472125,0.038102295,-0.20124806,-0.15472022,-0.42477563,-0.3617457,0.4905637,0.24893011
14634,-5.5180063,-0.22956346,-0.8333945,-0.59681225,-0.06392125,-0.25721008,-0.19011806,-0.28634778,-0.18436551,0.4278386,0.056813613
14635,-5.4541326,-0.014263841,-1.2035741,-0.3261382,0.034697507,0.36199814,0.058174,-0.19305506,-0.18071483,0.17866752,0.32926875
14636,-5.0780926,-0.062497642,-1.0000108,-0.5691175,-0.06423583,0.0049687284,0.011418979,0.12567154,-0.08052751,0.26348403,0.49780157
14637,-6.541807,-0.121138096,-1.1803743,-0.80876553,-0.55975336,-0.2536705,-0.031356495,-0.313817,0.06070497,0.84748673,0.29383853
14638,-6.1747494,0.11013642,-1.5960754,-0.8396259,-0.2590917,0.49430424,0.12770496,0.056981415,0.23901089,0.7540165,0.40372235
14639,-7.091762,0.12339705,-1.529704,-0.8808956,0.022866702,0.4850564,-0.31398365,-0.36073744,0.031195141,0.23523122,0.13475125
14640,-4.3383265,-0.10798021,-0.6831016,-0.5841791,-0.43016317,-0.28432715,0.31470072,-0.18903957,-0.080910705,0.49089688,0.14293255
14641,-7.2985992,-0.0067417277,-1.6042719,-0.74693716,0.24313688,0.4887274,-0.12190043,0.0810038,0.19648877,0.12554179,0.16783693
14642,-7.7765503,-0.19551618,-2.1576946,-1.1167952,0.61943966,-0.36761153,-0.36953455,-0.19175422,0.3849988,0.51636636,0.2238585
14643,-6.2926264,-0.10234691,-1.2204723,-0.8520356,0.035518285,-0.16251867,-0.12099426,0.37524238,0.011381824,0.5633455,0.40046528
14644,-5.4607286,0.18712062,-0.8105206,-0.34414557,0.0046675075,0.08909188,-0.15755089,-0.38349462,-0.15539315,0.31350487,0.17261535
14645,-5.424363,0.07758843,-1.2187753,-0.61296606,-0.24991792,0.3401546,0.07437995,-0.32871988,-0.06648291,0.06494655,0.39621204
14646,-5.386691,-0.12364809,-1.3170688,-0.7861426,-0.25982246,-0.02123329,0.03242227,-0.0077539906,-0.10837066,0.19928464,0.32320789
14647,-5.0310807,-0.11369645,-0.69066167,-0.4508951,-0.32030442,0.17297597,-0.15291472,-0.015342221,0.0376982,0.30675238,0.44521248
14648,-4.8398895,0.03669132,-0.983821,-0.29561237,0.07471602,0.41397715,0.051879354,-0.3319914,-0.10442645,0.6658307,0.33752283
14649,-5.4692373,0.07057264,-0.96169287,-0.63395536,-0.16964008,-0.118393734,-0.18723197,0.021759208,-0.06445989,0.38240406,0.34595186
14650,-4.0461617,-0.082125954,-0.89702713,-0.76518923,-0.3638009,0.048051585,-0.0032263845,-0.043625414,0.023777649,0.33903596,0.5622094
14651,-4.3615794,-0.17156367,-1.1671733,-0.49147403,-0.021770816,0.031286992,-0.19766451,-0.11368504,-0.13746518,0.29621145,0.36037657
14652,-7.190896,-0.13521518,-0.978298,-0.616817,-0.011559596,0.2777171,-0.032605447,-0.09699658,-0.26574278,1.011193,0.2270127
14653,-6.810487,-0.20370252,-1.0670744,-0.6719261,-0.22729675,0.34288245,-0.025637649,0.242362,0.22661573,0.75743234,0.45438617
14654,-5.83172,-0.067166746,-0.9770095,-0.4325861,-0.2378961,0.22007921,-0.100141555,-0.2230525,0.033542946,0.45988005,0.16710964
14655,-4.8711896,-0.09510211,-0.9489735,-0.43055722,-0.3035407,-0.3062986,0.066281274,0.08945026,-0.17816901,0.53205115,0.4839359
14656,-4.742867,-0.20113222,-1.102954,-0.08000206,-0.17511873,0.11389451,0.08120894,-0.17650011,-0.21644413,0.6065281,0.51043767
14657,-5.944287,-0.16228135,-0.6795974,-0.30282858,-0.26501453,0.10304279,0.16933674,-0.16275033,-0.056582764,0.7986988,0.10895135
14658,-5.9462523,-0.5343591,-0.7161825,-0.7250965,-0.43752232,-0.08145936,0.16570419,-0.39388147,-0.23356822,0.43091312,0.7140335
14659,-4.302739,0.005010079,-0.7618028,-0.5177426,0.07034721,-0.08654484,-0.23824117,-0.1387176,0.010365903,0.30787948,-0.053314254
14660,-4.5932,0.054061852,-1.1291225,-0.5903226,0.047158014,-0.14934005,0.097042724,-0.16946676,0.009495185,0.3369853,0.10337758
14661,-5.005014,-0.17566453,-1.0644569,-0.63239586,0.13956757,0.018801155,-0.011233064,-0.5053385,0.06751418,0.5210439,-0.11374616
14662,-6.504448,-0.113165386,-1.3362031,-0.67728585,-0.037323087,0.32870114,0.005309369,-0.2072408,-0.07192208,0.27055985,0.21224812
14663,-5.28572,-0.19166704,-1.480575,-0.67685425,0.38028336,0.14019114,-0.22115703,-0.103907295,0.36541623,0.43375903,0.32447246
14664,-5.4815416,-0.16303307,-1.2851068,-0.37273547,0.153977,-0.19049014,-0.2170601,0.017728968,-0.1974285,0.43167174,0.0373516
14665,-5.138282,-0.41025606,-0.870691,-0.8277823,-0.14311002,-0.026323993,-0.35959682,-0.090404615,0.25342616,0.6315729,0.33579585
14666,-5.070584,-0.5250843,-0.940557,-0.40392676,-0.0135928225,-0.18085405,-0.022974823,-0.22304359,0.12760654,0.24522905,0.6138454
14667,-6.0470257,-0.013145524,-1.0707583,-0.32606116,0.32305837,0.10989404,-0.094450966,0.13888626,-0.32259315,0.18997714,0.3332915
14668,-6.2527604,0.10615033,-1.0996498,-0.27929246,0.22365437,-0.3354287,-0.416347,-0.31994483,-0.41548458,0.40054622,0.07077145
14669,-5.1947875,-0.06894545,-1.2004253,-0.6160929,0.00022182008,-0.23123188,-0.06488667,-0.09824588,-0.27478424,0.28017464,0.2664563
14670,-5.4828234,-0.09825632,-1.3448908,-0.72538894,-0.4199636,0.17907116,0.061015494,-0.27899417,0.25201562,0.5227736,0.51199937
14671,-6.3533344,0.41379207,-1.5621177,-0.484369,0.0626296,0.15258005,-0.17873576,-0.09434508,-0.28022406,0.16798472,0.14594544
14672,-5.425821,0.12701264,-1.3102927,-0.1413112,0.51794344,0.18522772,-0.1950099,0.06522202,-0.21429087,0.2616332,0.21631993
14673,-5.060246,-0.28002474,-0.9662156,-0.60408086,-0.37168348,0.5027265,0.13927107,-0.58238846,-0.04423166,0.37092772,0.56026334
14674,-6.7575474,-0.045899212,-1.4622287,-0.45006746,-0.055830996,0.45049566,-0.13580121,-0.5235066,0.02079284,0.22601475,0.21837176
14675,-7.533776,-0.2366728,-1.2409716,-0.7070524,0.0019246112,-0.12634894,0.020385064,-0.18403566,-0.21574658,0.75802135,0.29497483
14676,-6.857061,-0.13580906,-1.257462,-0.5687862,-0.11527017,0.20008154,0.25254747,-0.09231682,-0.416297,0.13190424,0.40626693
14677,-8.686525,-0.49686065,-1.9565538,-1.2710686,-0.1762094,0.37691647,-0.12737232,-0.19601427,0.6361365,1.1643844,0.23238859
14678,-6.4563994,-0.074090876,-1.2916062,-0.25079438,0.29967052,-0.06635972,-0.17670485,-0.23330346,-0.17709099,0.03871379,0.30479267
14679,-5.1491847,-0.16958925,-1.2340792,-0.7137381,-0.06499439,0.34628904,-0.08612287,-0.112312295,0.24086978,0.60394293,0.35163495
14680,-5.583221,-0.13410735,-1.2173692,-0.5076768,0.14830278,-0.098855205,-0.05919625,-0.232537,0.05946897,0.30425146,0.08770124
14681,-4.518348,-0.22094381,-0.9298996,-0.226981,0.06485697,-0.08397918,-0.29321557,-0.16057688,-0.0056085642,0.4691959,0.0728928
14682,-4.8334365,-0.15404637,-0.8886274,-0.719455,-0.25487497,-0.05648105,-0.09744612,-0.54288715,-0.013093686,0.23694217,0.6504835
14683,-6.855824,-0.13288257,-1.0466996,-0.6877612,-0.23475994,-0.34297383,0.14361024,-0.41628942,-0.30580598,0.01272066,0.5015162
14684,-6.680263,0.034419682,-1.1754355,-0.6814703,-0.16855706,0.26165313,0.12751457,0.0770264,0.10240383,0.86736774,0.346769
14685,-5.923383,-0.051020216,-1.4394808,-0.53408134,-0.14673026,0.2381853,-0.14001216,-0.1823218,-0.1345897,0.23679917,-0.1217426
14686,-5.3759227,-0.09270396,-1.2820542,-1.1705921,0.0046793236,0.062839955,0.02470046,-0.5464242,0.15538406,0.5264265,0.33317292
14687,-5.5936007,0.028736062,-1.3457595,-0.37748888,0.04929183,-0.033928983,-0.28523627,0.24892122,-0.10672662,0.754088,0.51559323
14688,-4.6064186,-0.17766759,-0.96563536,-0.5597422,-0.046367545,0.3554216,0.22263378,-0.29035935,-0.11803894,0.015236475,0.3099403
14689,-5.3043885,-0.09172185,-0.8961146,-0.39171705,-0.084591806,-0.29977846,0.22409542,-0.29854304,-0.15143037,0.32744303,0.22292781
14690,-6.3337812,-0.25163713,-1.3097655,-0.6018329,-0.043974675,0.57083505,-0.24647112,-0.24561292,0.039911557,0.06863103,0.31867543
14691,-5.1361294,-0.24693175,-1.163014,-0.63200235,-0.013246056,-0.35569876,0.01660393,-0.17499217,-0.09827796,0.5623205,0.18950233
14692,-6.2959495,-0.071135454,-1.4181764,-0.5867046,-0.21002026,0.25514615,-0.077322274,-0.24574313,0.15892392,0.87074536,0.60890687
14693,-4.8108354,-0.068626925,-0.93636614,-0.5332385,-0.18908818,0.28963184,0.16408682,-0.13193475,-0.005254371,0.6759531,0.5074904
14694,-5.050502,-0.1947765,-1.2233927,-0.38322142,-0.32253855,-0.109714806,0.16748391,8.271169e-05,-0.13894914,0.30770892,0.24071477
14695,-5.989461,-0.017114941,-1.19825,-0.87896377,-0.035326507,0.054196797,-0.002107447,-0.4270589,0.12033907,0.67578375,-0.09836194
14696,-5.029423,-0.14217241,-0.80229545,-0.66636163,-0.22447358,0.112856194,0.11384235,-0.29324245,-0.08777262,0.2678422,0.31078082
14697,-6.127072,0.029306866,-1.4387012,-0.69638395,-0.15216722,-0.07133092,-0.46972263,-0.32029104,0.057657972,0.7875287,-0.005011811
14698,-6.7834597,-0.02785321,-1.713957,-0.31980228,0.11831049,0.06862745,0.17120378,-0.10435534,-0.091520295,0.50560546,0.23685062
14699,-5.202341,-0.00945804,-1.2284358,-0.5745974,-0.12552541,-0.17311004,0.23927282,-0.08437114,-0.21462446,0.28429183,0.27558452
14700,-6.75915,-0.24987753,-1.1732014,-0.38280165,-0.36460453,0.010236261,0.022002598,-0.24282575,0.07282094,1.0229251,0.36013725
14701,-4.8394027,0.11077726,-0.86041766,-0.42444432,0.064358674,-0.03616736,-0.14455234,-0.052582853,-0.13470472,0.2717069,0.24201705
14702,-7.185824,0.20438881,-1.2616658,-0.68019557,-0.62556005,0.10181943,-0.13194597,-0.28236192,0.18950984,0.70039666,0.45613977
14703,-6.968658,-0.52719563,-1.448042,-1.0751427,-0.28695652,0.4076926,0.18121912,-0.6886427,0.057291694,0.26177076,0.12420912
14704,-6.817081,0.16687748,-1.3104149,-0.77950174,-0.018492186,0.11786061,-0.066423275,-0.83941597,0.08961179,0.278008,0.17224433
14705,-5.3301816,-0.15805294,-1.0194242,-0.62460655,-0.79100883,0.023029733,0.43746024,-0.0208075,-0.20800006,0.65214264,0.8181633
14706,-5.743717,-0.089828975,-1.469734,-0.5269519,-0.101376005,0.16104521,-0.19872202,-0.055382885,-0.10865599,0.57979655,0.14907233
14707,-5.143416,-0.020437323,-0.93148994,-0.5301366,0.17203069,0.30130482,-0.07432225,-0.04131619,-0.054045625,0.5788201,0.38341188
14708,-5.2155757,0.027256913,-1.1592152,-0.5720935,-0.1802716,-0.043718908,0.06414412,-0.22122706,0.21769273,0.6658171,0.2260734
14709,-5.295141,-0.09050929,-1.3483125,-0.80355066,0.06129552,0.028387524,-0.15703055,-0.12008039,0.30911845,0.78708,0.11941199
14710,-4.193371,0.039405413,-1.0693033,-0.16268885,0.17596726,0.09521219,-0.14218844,0.07375776,-0.18266726,0.39314735,0.13507567
14711,-5.728837,-0.28910857,-0.8247188,-0.63869447,0.028656805,-0.40555388,-0.13437906,-0.11714875,-0.20569168,0.77227575,0.016419498
14712,-6.9403944,-0.33364636,-1.5322446,-0.6698528,-0.1409612,0.05004078,-0.10283824,0.16873607,0.22944087,0.59086186,0.14036335
14713,-5.8727956,0.014943079,-1.1240363,-0.8196683,-0.17393279,0.17458169,-0.124744155,-0.21231641,-0.009329865,0.8025346,0.5408506
14714,-4.9789634,-0.06939386,-1.0240207,-0.80316514,-0.1777731,0.20234337,0.27144966,-0.43368712,0.054496557,0.42138213,0.6141017
14715,-6.5330286,-0.18804604,-0.86725914,-0.68265617,-0.25510168,0.013952758,0.096687436,-0.006029794,-0.22915125,0.21253382,0.69164264
14716,-5.3434815,-0.40242267,-1.2237927,-0.975452,-0.49079978,0.07296426,0.2023771,-0.13951746,0.14971924,0.30104792,0.57253337
14717,-6.486417,-0.08311562,-1.138572,-0.3994501,-0.20807084,-0.5337434,0.26184258,-0.19449563,0.08917775,0.20732667,0.6275312
14718,-6.507959,-0.36692563,-1.1115718,-0.6972299,-0.3962214,0.57689387,-0.028791696,-0.5362151,-0.029184794,0.33971012,0.43760076
14719,-6.5953794,0.05323678,-1.3828168,-0.9107811,0.32186657,0.28444266,-0.45836824,-0.4666326,0.14558297,0.69123423,0.3561585
14720,-5.106426,-0.12621342,-1.2302209,-0.11061836,0.024554318,0.052093934,0.10106395,-0.19559026,-0.38699508,0.006771194,0.24428004
14721,-5.772741,-0.2968159,-1.4004312,-0.8465532,-0.42474526,0.043893605,0.078014046,-0.3110847,-0.029773546,0.5670512,0.5833861
14722,-6.0508275,0.12417433,-1.1087341,-0.7154045,-0.6903931,-0.23103897,-0.061410345,-0.44055194,0.0771342,0.5708379,0.57094926
14723,-6.6454306,0.091877215,-1.2999607,-0.6106362,-0.27567747,-0.046112567,-0.62554127,-0.41765395,-0.26072624,0.18133283,0.2974956
14724,-5.503609,-0.033508707,-1.4250203,-0.27209386,0.2460675,-0.15006669,0.10885109,0.05431456,-0.33235794,0.11186669,0.24414727
14725,-5.3995194,-0.091132626,-1.4868814,-0.9678616,0.07026753,0.3325491,-0.15176147,-0.5416472,0.25013626,0.32930955,0.18147007
14726,-5.9535236,-0.10801688,-1.0478947,-0.6087743,0.1260387,0.08007958,0.14576611,-0.011731803,-0.17061634,0.039672896,0.21402453
14727,-5.409247,-0.16239639,-0.7953897,-0.6382614,-0.20926817,-0.08882791,0.6036525,0.050726764,-0.005668888,0.65591824,0.691616
14728,-8.96773,-0.024200428,-1.5180076,-1.0626388,-0.25975847,-0.3968402,0.20344271,-0.049507298,0.021276811,0.61236894,0.3739262
14729,-5.248797,0.070891,-1.2336203,-0.57870454,-0.3282551,0.13886166,0.23906176,-0.37908417,-0.12691002,0.49149883,0.32866743
14730,-6.744368,-0.25330397,-1.3019124,-1.0670202,-0.2610959,0.33007222,-0.27648687,-0.19185433,0.19293013,0.626671,0.27866763
14731,-3.9375598,-0.098991774,-1.0440131,-0.63860893,-0.06695429,-0.043613143,-0.044014882,-0.16241404,0.09980327,0.5325018,0.42491353
14732,-4.733017,-0.14894466,-1.1931006,-0.7419078,0.28397796,-0.0929902,-0.4052829,-0.15556686,0.07546115,0.28652537,0.11747627
14733,-6.339294,-0.18583463,-0.92844146,-0.71994704,0.30627018,0.0019735433,-0.02603678,0.13492966,0.04343772,0.1678562,0.17542103
14734,-3.815722,-0.3175213,-0.9156209,-0.5073356,-0.23736867,-0.11864373,-0.09050629,-0.15509704,0.043621037,0.40906268,0.3790949
14735,-4.3200746,0.013557556,-0.7772726,-0.37028867,-0.04084397,-0.2759353,-0.046977647,0.12756345,-0.23606612,0.31364393,0.18671913
14736,-5.4745,0.03037282,-1.0902016,-0.67697483,0.24768384,-0.17685284,-0.17936082,-0.17679168,0.3036298,0.7003036,0.1618955
14737,-4.424261,-0.05267703,-0.6817653,-0.34398544,-0.45225558,0.014028982,0.21642262,-0.368505,-0.17944418,0.52870214,-0.042938367
14738,-5.4434137,-0.16977546,-1.002895,-0.90787417,0.06568795,-0.21429163,-0.26615956,-0.19000216,0.2634378,0.390547,0.21682088
14739,-5.594142,-0.1406048,-0.93471164,-0.7126743,-0.27880138,-0.11283612,0.29378724,-0.21580364,-0.0023917444,0.4183526,0.569771
14740,-6.420361,-0.16696613,-1.4453678,-0.40052474,0.018754108,0.2730844,-0.15516339,-0.34008926,-0.23979132,0.4139768,-0.078088835
14741,-4.403363,0.05454594,-0.8609618,-0.32306832,0.0934572,-0.08415356,-0.089788556,-0.32419083,-0.026844347,0.33351687,0.19214757
14742,-3.752049,-0.081447765,-0.7282749,-0.42297623,0.027657581,0.023215879,0.023900382,-0.1418869,-0.0108421445,0.056560796,0.26728007
14743,-4.518279,-0.1421058,-0.9625587,-0.41435903,0.123997204,0.19342427,0.07741795,-0.112348475,0.22007261,0.5420618,0.07941319
14744,-6.78329,0.0035381983,-1.1774774,-1.1757392,-0.29600477,-0.43089634,-0.26300249,-0.3964133,0.05710648,0.92350143,0.50245696
14745,-6.2936153,-0.27884793,-1.2313589,-0.5517211,-0.6131194,-0.065388545,0.29414377,-0.50981563,-0.16112843,0.44372058,0.36171448
14746,-5.545616,-0.06622712,-0.9535057,-0.6657757,-0.34641352,0.12950695,0.16381307,0.05171617,0.022753252,0.2639572,0.5303968
14747,-4.855693,-0.04079107,-1.2381848,-0.31597525,-0.29362696,0.16315365,-0.09681094,-0.14706668,-0.26869056,0.8480505,0.3648117
14748,-5.0546117,-0.121873066,-1.07871,-0.5415024,0.007248127,-0.15337679,-0.022405915,-0.42263126,-0.25142568,0.40137208,0.026373915
14749,-6.010239,0.08605533,-1.1547382,-0.41503,-0.27837864,0.2771176,0.06286857,-0.55955136,-0.14765954,0.38950416,0.5072564
14750,-5.285147,-0.05151518,-0.939126,-0.6784022,0.009461058,0.14254484,0.027298301,-0.22055325,0.05828414,0.5727636,0.26743317
14751,-6.3110013,-0.089482106,-1.270742,-0.7287368,-0.13092642,0.08710692,0.11285895,0.03092772,-0.0065308586,0.4490991,0.24852253
14752,-5.0157633,-0.10392678,-0.89390284,-0.2512802,0.12576362,-0.032510377,-0.1257263,-0.31514856,-0.24383382,0.39881915,0.09745962
14753,-6.0329633,-0.24130766,-0.9685409,-0.6329516,-0.36467648,0.04712573,-0.1451168,0.044159234,-0.34973094,0.61787003,0.7991072
14754,-6.1906166,0.18586084,-1.3939803,-0.8792756,0.10251197,-0.48021907,-0.20794769,-0.52083397,-0.124172136,0.63876396,0.27117655
14755,-5.506858,-0.54317623,-1.0074347,-0.7527097,0.20968482,-0.117334925,-0.29210424,0.07266065,0.17742051,0.65133184,-0.07321721
14756,-6.8260484,-0.22310467,-1.3995365,-0.57412076,-0.48590425,-0.25876993,0.23958799,-0.07538283,-0.15859826,0.41079813,0.83523387
14757,-6.218111,-0.14619717,-1.3287071,-0.5604535,0.5199357,0.07450603,-0.15709537,0.06450911,0.15782467,0.37968734,0.051035006
14758,-6.0889273,0.07388674,-1.0015397,-0.726911,0.1791682,-0.08632743,-0.15326627,-0.36676553,0.096140824,0.13256076,0.42237058
14759,-5.146544,-0.0077584283,-0.74221504,-0.46814516,-0.24590814,0.064687595,0.043757807,-0.017589347,-0.27588272,0.5575596,0.3577195
14760,-5.7008467,-0.11312289,-0.8893408,-0.4361911,0.20687659,-0.31810516,-0.08617193,-0.14221501,-0.023401147,0.18912846,0.19569114
14761,-6.059456,-0.08960776,-0.9570901,-0.84749955,-0.46122003,-0.32616866,0.3120788,-0.31898606,-0.2216258,0.4568388,0.6133549
14762,-6.360165,-0.22243546,-1.5554501,-0.6810638,-0.11915224,-0.08653151,-0.3043798,0.13831212,0.2114618,0.8587792,0.041149564
14763,-6.492387,-0.0661689,-1.3397791,-0.79299706,-0.32885727,0.35133487,-0.23358141,-0.40187475,0.35617113,0.62238854,0.27938917
14764,-5.7234654,0.021211661,-1.1626678,-0.4966222,-0.1430481,-0.28481936,0.09093304,0.24514292,-0.00047836266,0.41406107,0.36872175
14765,-4.928675,0.028269105,-0.72297615,-0.58912855,-0.3454318,0.013916831,0.12216619,-0.16296227,-0.1486736,0.3605286,0.566419
14766,-5.2737527,0.015475573,-1.0594559,-0.22259867,0.09302597,-0.13272251,0.017606191,0.08632752,-0.21792565,0.4870253,0.393408
14767,-5.5327287,0.13743319,-0.8488829,-0.61966753,-0.6183626,0.098866604,0.2388096,-0.072058424,-0.37437993,0.33101165,0.32808313
14768,-4.845081,-0.006324576,-0.747636,-0.46289596,-0.21470307,0.046810362,-0.15292338,-0.1517306,-0.014887655,0.33842185,0.34209928
14769,-5.680387,-0.34565577,-1.0250863,-0.8902839,-0.2714014,-0.09607445,0.10989772,-0.029157525,-0.07732423,0.57161707,0.23598412
14770,-5.0790925,0.044910427,-0.8122422,-0.17840669,-0.051768523,-0.21315639,0.043569993,-0.2524015,-0.38056722,0.33852744,0.28754523
14771,-6.024918,-0.3139767,-1.2777815,-0.6760736,-0.19976208,-0.07432568,-0.016105007,-0.030082418,0.14562449,0.6858321,0.44880688
14772,-4.7155347,-0.06063259,-0.87107,-0.48249245,-0.07933558,-0.34669226,-0.026994973,-0.13317151,0.08020715,0.25932032,0.2396918
14773,-5.5357594,-0.08948866,-0.9656625,-0.78536326,-0.30665392,0.047711585,0.14500481,-0.48760957,0.042086076,0.52774143,0.50280285
14774,-5.5355725,0.024885137,-1.0811274,-0.6314889,0.19288006,0.0707424,0.30273885,0.12847169,0.16230035,0.22705288,0.1333714
14775,-6.489854,0.17236619,-1.5415516,-0.88868165,0.18861781,-0.11693938,-0.14137597,-0.29196554,-0.2312763,0.54272145,0.27577493
14776,-6.350196,-0.16070212,-1.2356226,-0.97251093,-0.1774741,0.28092593,0.047107827,-0.3908971,0.42779028,0.50982976,0.4128745
14777,-5.7488885,-0.0755719,-0.9443024,-0.5498465,-0.15676719,0.08380875,-0.13452913,-0.33516762,-0.15325308,0.107273184,0.37183815
14778,-7.5246105,-0.044030868,-1.2336253,-1.0200695,0.42994756,0.2252255,0.014536856,0.18532291,0.2823412,0.4099189,0.6183975
14779,-6.533258,-0.18020755,-1.4684302,-0.89448506,-0.023743631,-0.35370028,0.034356333,-0.33519393,0.26108488,0.80252534,0.52046525
14780,-5.470369,-0.32758668,-1.3206924,-0.653511,0.1348289,0.28430092,-0.15717201,-0.25939646,0.0741742,0.6687377,0.3796169
14781,-4.8218107,0.124169566,-1.1148667,-0.25632608,-0.083338015,-0.08332224,0.21899427,-0.025510771,-0.19988288,0.35292715,0.33436844
14782,-5.885652,-0.15125217,-0.97201127,-0.60508704,-0.06077455,0.14930631,0.21716577,0.03736852,-0.1750805,0.2753476,0.46668473
14783,-6.0428033,0.15439163,-1.2721268,-0.5682254,-0.035647422,-0.050849717,0.057832405,-0.16454242,-0.012950601,0.36523324,0.2817369
14784,-5.8665104,0.12851858,-1.5448667,-0.74370337,-0.004925419,0.040470395,-0.19437112,0.07833661,-0.0074928105,0.28199613,0.6357868
14785,-4.4169326,-0.08572068,-0.81162715,-0.44632936,-0.40259913,-0.052327204,-0.08884893,-0.26633587,-0.1800882,0.4744333,0.19912562
14786,-4.250857,-0.13864365,-0.8290676,-0.47939357,0.009373161,-0.25607914,0.1757437,0.02565305,-0.020639097,0.23385766,0.27230933
14787,-6.8135877,0.013916343,-1.2679019,-0.3946157,-0.0644827,-0.21107775,-0.0619907,0.25177842,-0.3652064,0.31858093,0.33248135
14788,-5.518023,-0.22422129,-0.8605137,-0.451161,-0.11219063,-0.03360926,-0.2561518,-0.027800305,0.0053339116,0.53149444,0.07532876
14789,-4.758829,-0.25432053,-1.2468874,-0.8204502,-0.16828832,0.09261708,-0.14873044,-0.49309966,0.1418463,0.2584843,0.63665956
14790,-4.612276,-0.016819697,-1.021118,-0.64942807,-0.58731455,0.30398804,0.08224896,-0.25163314,0.036235116,0.2635098,0.6516152
14791,-3.3841503,-0.21866094,-0.7548468,-0.35955676,-0.010791851,0.11686736,-0.18547189,-0.21486275,-0.08556064,0.26280805,-0.00607179
14792,-5.1261697,-0.2502928,-1.1340275,-0.4362868,0.13259797,0.27344579,-0.08392548,-0.15305933,-0.18768679,0.07103854,0.28259662
14793,-5.043294,-0.18657519,-0.9676278,-0.63694686,-0.16088356,0.34877986,-0.23396613,-0.41852784,0.107185416,0.27847087,0.1281142
14794,-3.9095976,-0.11194803,-0.6313752,-0.4680279,-0.29989138,-0.15822764,0.3928331,0.028361838,-0.031633094,0.3471988,0.36168498
14795,-4.442623,0.08151552,-0.8846048,-0.5848163,-0.37854832,0.088105716,-0.016146045,-0.65228105,-0.070039846,0.33431718,0.16653492
14796,-5.9085565,0.09516952,-1.006798,-0.3053469,-0.080342345,-0.38383347,0.13126308,0.041203633,-0.45106536,0.14074022,0.52602303
14797,-5.2959523,0.034516025,-0.93085915,-0.42189303,0.21421807,0.039406177,-0.0031026015,-0.18867984,0.027545253,0.4919906,-0.0168651
14798,-4.7152705,-0.16567129,-0.9091061,-0.5535501,-0.12583676,0.03440781,-0.09591576,-0.35274172,-0.11620295,0.58398956,0.3927958
14799,-4.2344213,-0.099659555,-1.2543309,-0.3118394,-0.0480124,0.003989268,-0.1357505,0.0479893,-0.08952365,0.4718568,0.17850067
14800,-5.5443883,0.061462693,-0.85828346,-0.5391185,-0.17860435,-0.33844066,-0.10226211,-0.011449954,-0.25590038,0.8525541,0.23061366
14801,-5.3658166,-0.17114821,-0.85798776,-0.4657105,-0.02417305,-0.03596075,-0.09538086,-0.35134113,3.1324103e-05,-0.047776755,0.3108407
14802,-5.2791796,-0.0047849957,-1.2294949,-0.6859634,0.031484883,0.17614739,0.12915102,-0.18482268,0.21625833,0.3628777,0.17058133
14803,-4.3374233,-0.05442806,-0.88544506,-0.5583686,-0.09764814,-0.072189845,0.14853966,-0.25168484,-0.12596104,0.24755797,0.17062408
14804,-7.4782043,0.20181441,-1.265225,-0.7159374,0.06875717,-0.06669845,-0.15854214,-0.1727057,-0.13881364,0.3912023,0.039120883
14805,-6.9741883,-0.29268184,-1.0216873,-0.8572657,-0.32005164,-0.025359865,0.16749243,-0.2942708,-0.13076554,0.42869854,0.6516567
14806,-4.550866,-0.13418002,-0.7297813,-0.40673998,0.28885528,-0.096501224,-0.2996222,0.035813794,-0.10284122,0.3423888,0.05936939
14807,-4.744885,0.15952317,-1.0879517,-0.28511322,0.28108808,0.1606018,-0.27502424,-0.22421175,0.17538054,0.4869023,0.0545001
14808,-5.9660506,-0.31371784,-0.7456503,-0.9404863,0.046470955,0.052530173,0.103969485,-0.85190827,-0.00824324,0.10398168,-0.008792891
14809,-6.790451,-0.12232827,-1.3896704,-0.99060297,-0.40334588,0.09348948,-0.08514618,0.034394875,0.08632119,0.87600136,0.4746134
14810,-5.7117567,-0.33351272,-1.0411035,-0.7011077,-0.07551877,0.4165787,-0.04682547,-0.44140935,-0.023416182,0.028479394,0.50376004
14811,-7.885269,-0.041957386,-1.4722656,-0.92336696,0.16706975,-0.10024183,0.047699712,-0.37791878,0.12702547,0.16742428,0.43912527
14812,-5.167184,-0.028931435,-0.9624092,-0.6975745,0.2198033,-0.036109347,-0.21527947,-0.18475494,0.080415435,0.31457785,0.35410237
14813,-8.926919,-0.1673213,-1.8901494,-0.9986199,0.26678747,0.16157433,-0.47803408,-0.37322593,-0.24380301,0.6004865,0.084328145
14814,-6.583775,-0.29379672,-1.7960454,-0.6339253,0.48529434,0.26749957,-0.5915188,-0.36598855,0.3987104,0.8595744,-0.1959536
14815,-4.03638,-0.3976266,-0.86284184,-0.5590665,-0.15707926,0.076116934,-0.024692964,-0.35609943,-0.021435423,0.31785592,0.1833459
14816,-6.0973325,-0.08739804,-1.0758009,-0.4866916,-0.41873226,0.06549775,0.19304878,-0.06002648,-0.076681286,0.7387841,0.23477556
14817,-6.7297916,-0.14055215,-1.321915,-1.0250266,-0.053512536,0.3459196,-0.38708836,-0.12540253,0.03053477,1.035874,0.22480218
14818,-5.366458,-0.46770215,-1.053974,-0.29696545,0.41437718,0.22575255,-0.27242878,0.015768006,0.11382545,0.41031963,0.16863014
14819,-6.2020125,0.024251653,-1.138504,-0.64372736,-0.20484361,-0.11090752,-0.07655099,-0.5578084,0.06020338,0.3835781,0.46994966
14820,-5.618506,-0.16567779,-1.0684708,-0.47232714,-0.109802775,-0.13247186,0.15177672,-0.19416928,-0.18586436,0.5516492,0.2705526
14821,-6.3952217,-0.21337526,-1.1196607,-0.8132379,0.030138724,-0.11051031,-0.16570146,0.112967595,0.020541308,0.5033218,0.22248594
14822,-6.420938,-0.24304111,-0.9708794,-0.8903024,-0.67269206,0.04945899,0.35963497,0.016087344,0.1345473,0.7227794,0.7802291
14823,-5.482773,-0.13306803,-0.9550806,-0.7879852,-0.44594377,-0.19392176,-0.05732499,-0.018838592,-0.2890132,0.24290396,-0.08294043
14824,-5.7868705,-0.19053237,-1.132181,-1.0447996,-0.3345349,-0.11122091,0.074088424,-0.20444176,0.015312432,0.90580815,0.35086548
14825,-8.289741,-0.045768775,-1.3891677,-1.1334673,-0.76867324,0.29071033,0.07194939,-0.75493807,0.27285653,0.850914,0.8056787
14826,-5.64908,-0.39682224,-1.0194978,-0.50596905,-0.15796214,-0.35877043,-0.11994294,-0.059238985,-0.5189749,0.4995855,0.27772138
14827,-6.616163,0.33529592,-1.4660498,-0.31536087,-0.086051494,0.49632245,0.05832975,-0.010902371,-0.109959394,0.14425096,0.29996023
14828,-4.6850047,-0.29580665,-0.9124315,-0.52384454,-0.019781327,0.11047726,-0.17399403,-0.1533919,-0.103050865,0.34754506,0.11518552
14829,-6.761364,0.17008254,-1.3075771,-0.5640365,0.061003156,-0.1790961,0.06958833,-0.18713783,-0.108919464,-0.20136796,0.5183018
14830,-4.8413067,-0.12740952,-0.78548235,-0.61545956,-0.06451552,-0.23824593,-0.08621068,-0.31600094,0.07653886,0.47193202,0.24870622
14831,-5.531327,-0.003034491,-1.5312951,-1.0669112,-0.16444525,0.008500634,-0.04571206,-0.06934436,-0.02552536,0.91745514,0.5296787
14832,-5.3853636,-0.060663942,-0.795547,-0.3231266,-0.33710548,0.121236905,0.083182216,-0.38442695,-0.11967333,0.08538931,0.11763086
14833,-5.24655,-0.27773154,-0.700753,-0.69043946,-0.5429905,-0.045556225,0.23025182,-0.024595084,-0.024646683,0.37357295,0.87473005
14834,-5.5794363,0.16090505,-1.2787021,-0.6281431,0.06515222,0.36149454,-0.22571403,-0.31290242,0.2315651,0.42934218,0.12909187
14835,-4.5955667,-0.033500813,-0.90604806,-0.5069702,-0.42444432,-0.19946653,0.107062496,-0.19519201,0.047772594,0.39809248,0.37041116
14836,-5.1534653,-0.053392723,-0.8211166,-0.5982328,-0.15756252,0.42824012,0.21713008,-0.59711313,0.31249633,0.49414608,0.37516576
14837,-6.429486,-0.061681952,-1.0281866,-0.2809179,-0.23534243,0.17511836,0.1609867,-0.25582364,-0.42891005,0.7631099,0.7097578
14838,-7.538271,-0.17459781,-1.2462212,-1.3743516,-0.22819932,0.201825,-0.16216928,-0.55965745,0.2661926,0.58637446,0.4227578
14839,-5.5339246,-0.35182145,-0.8652093,-0.8161948,-0.20478396,0.18118341,0.05933429,0.029962175,0.021997258,0.90073806,0.7382523
14840,-5.4864435,0.22920504,-0.8534734,-0.4984733,0.13694113,-0.102818266,-0.027451538,-0.013136126,-0.10723279,0.38732898,0.4134289
14841,-6.5125494,-0.12891304,-1.173302,-0.8007359,-0.36984172,-0.4583925,0.08554082,-0.16776267,-0.047215767,0.54385066,0.22817019
14842,-3.9167867,-0.1843274,-0.83406866,-0.5090385,-0.06288669,-0.01821909,-0.069234945,0.16438091,-0.046517186,0.33069947,0.2310649
14843,-5.6477995,0.06456843,-0.959399,-0.60615045,0.09288161,0.065151855,0.05947202,-0.002211243,-0.0897607,0.2617721,0.26854983
14844,-6.1941,-0.29724848,-1.0958799,-0.3528553,-0.10186516,0.6825861,-0.20195858,-0.78363746,0.12805739,0.30026406,0.17322692
14845,-4.7661915,0.09996216,-0.65322214,-0.4671236,-0.16531289,-0.12175046,0.08767072,0.11899764,-0.30387542,0.16800475,0.36136618
14846,-5.912017,-0.10066558,-0.9874804,-0.32701918,-0.0016012476,-0.08962177,-0.022424962,-0.11449844,-0.12849556,0.66599584,0.072689824
14847,-4.91005,-0.20227414,-0.73131144,-0.19422017,-0.19993806,0.20944034,0.21762562,-0.19554333,-0.19897473,0.70448554,0.53939915
14848,-5.6366224,-0.0012749638,-1.1004676,-0.6019887,-0.17534228,0.19327556,0.22529858,-0.33683997,0.20436499,0.69366133,0.24157706
14849,-7.8239636,-0.33332175,-1.3990777,-0.67048544,-0.12117275,0.15570164,-0.019256137,-0.09372699,-0.07705735,0.29289827,0.21695246
14850,-5.397181,-0.43488646,-0.765442,-0.8634394,-0.33278012,0.20384145,0.26725543,-0.110169254,0.19386214,0.7064015,0.25256595
14851,-4.3613057,0.083005965,-1.1168844,-0.59983236,0.055628277,0.06646527,0.25251892,-0.13281442,-0.08198619,0.05787848,0.16776976
14852,-5.495961,-0.0005072234,-1.1257225,-0.87529755,-0.020543348,-0.32247078,-0.10828434,-0.21124658,0.1461927,0.3657452,0.23133144
14853,-4.686678,-0.2657776,-0.5736842,-0.80492395,-0.4900045,-0.17357714,0.031576574,-0.013992304,-0.13311404,0.3054033,0.31964502
14854,-4.891477,-0.12213102,-0.87177914,-0.47503456,-0.038631495,-0.22041745,0.21495596,0.15704267,-0.0179665,0.5197824,0.15272741
14855,-5.97287,-0.24625055,-0.96240634,-0.5962861,-0.31849292,-0.39447373,-0.1730011,-0.37201232,-0.41596833,0.20867223,0.27271125
14856,-7.005029,-0.34215632,-1.3867908,-0.85086113,0.05678809,-0.15030968,-0.048479386,-0.21872768,0.09796083,0.21688858,0.44745427
14857,-6.4758654,-0.4279622,-1.4485552,-0.5504987,-0.39955935,0.1668995,-0.17501117,-0.2444168,-0.27720794,0.76226425,0.4289783
14858,-6.2247934,0.065583,-1.0818768,-0.7478431,0.3936626,-0.16094087,-0.2708745,-0.06622811,-0.014010681,0.5012851,0.2591741
14859,-4.3094397,-0.027697388,-0.86331964,-0.24023843,-0.2755965,-0.1542838,0.05719839,0.21828349,-0.22398058,0.51760006,0.3283824
14860,-5.054809,-0.086498424,-1.1718043,-0.7508243,0.17281102,0.0040432424,-0.46135643,0.043034025,0.14714786,0.4710492,0.011811039
14861,-5.1767955,-0.3816125,-1.2495654,-0.6528069,-0.44438285,0.066122085,0.076035686,-0.25927997,0.25498104,0.7402952,0.50877905
14862,-5.3032093,0.27896845,-0.8994132,-0.3857149,0.08262166,-0.12123583,-0.1667301,-0.2358977,-0.23724915,0.2921786,0.19019729
14863,-5.13166,0.04116016,-0.94071823,-0.53028804,-0.1769358,0.0461314,0.23772341,-0.12619638,-0.20033611,0.3714817,0.40973538
14864,-7.3091316,-0.2731555,-1.8349079,-0.5247432,0.13278276,-0.14670709,0.19126885,-0.11110366,-0.042851098,0.49058202,0.6717153
14865,-4.720793,-0.015012856,-0.9644857,-0.59245694,-0.25135645,-0.022006607,0.036987532,-0.03840152,-0.12780634,0.21667828,0.31133696
14866,-5.0280976,-0.26504743,-0.9332884,-0.65771616,0.098198414,-0.19359101,-0.13166668,-0.06116739,0.081404224,0.38940337,-0.08324931
14867,-7.2942204,0.11837823,-1.8027836,-0.97182935,-0.03992128,-0.14401764,0.027835473,-0.047336146,-0.23123828,0.4958051,0.51825833
14868,-6.536726,-0.082706146,-0.9652403,-0.5766449,-0.4917633,-0.04177795,0.0785508,-0.40802887,-0.35547408,0.4693605,0.5174569
14869,-4.649799,-0.16886325,-1.3910546,-0.72224456,0.036805402,0.0013257628,-0.21102725,-0.24383962,0.24245831,0.36093196,0.1617389
14870,-4.887995,-0.13731924,-1.0942881,-0.41353464,-0.08466378,0.3012308,-0.052633256,-0.23985273,0.24107194,0.21680512,0.38012415
14871,-4.6902905,-0.29831284,-0.76261437,-0.55058694,-0.32184303,0.16562301,-0.06669799,-0.43407604,-0.255908,0.42771375,0.3836955
14872,-7.552195,-0.048762817,-1.1284225,-0.48023722,-0.4909662,0.01124171,0.017602906,-0.06512312,-0.3149053,0.24223804,0.60420275
14873,-6.129285,-0.1198595,-1.1319034,-0.875261,-0.19945541,-0.18158832,0.21000117,-0.061871663,0.36095166,0.53321576,0.40897456
14874,-5.9024105,-0.08843839,-1.3238575,-0.66767853,0.095403,-0.21344279,-0.22193095,-0.58659273,0.06900124,0.5162854,0.40502173
14875,-3.921618,-0.31085795,-0.7490868,-0.42989105,-0.027922003,-0.027703777,0.0859595,-0.15291217,0.047863774,0.3673787,0.3604762
14876,-5.705838,-0.5163203,-1.1523783,-0.3654843,0.40260702,0.06594019,-0.25684458,-0.06617029,-0.15600275,0.3698094,0.19931085
14877,-5.774218,-0.17206678,-1.514025,-0.6322457,0.33222333,-0.07069319,-0.18836679,0.08428672,0.06467272,0.6389503,0.1470675
14878,-6.351624,-0.29984322,-1.3956444,-0.44867736,0.6165948,0.1621083,-0.4505672,-0.12141732,0.05546473,0.8410763,-0.032042462
14879,-4.5814123,-0.12608495,-0.95632404,-0.5979375,-0.36652195,0.06840046,0.12283491,-0.34578022,-0.0050210077,0.5347028,0.29069346
14880,-4.2023396,0.08139113,-0.6884432,-0.41838947,0.13065,-0.29479724,-0.08642559,-0.07531274,-0.13044503,0.14044185,0.18834572
14881,-4.1837845,-0.04107229,-0.92445433,-0.4153435,0.17486991,0.05461838,-0.16023798,0.03516628,-0.2329979,0.17080763,-0.09003206
14882,-4.5695477,-0.1768557,-0.8116285,-0.45831513,-0.36636472,-0.15144719,0.020569824,-0.26586127,0.0327352,0.15826398,0.5821101
14883,-6.3886895,-0.15483512,-1.0722587,-0.83062893,-0.5070785,-0.018117934,-0.0061577773,-0.64295477,-0.21971628,0.4858628,0.5972141
14884,-5.1462836,-0.06377849,-1.2832255,-0.4460256,0.037714574,0.23598337,0.069167055,-0.2167465,-0.29124743,0.52084714,0.14284974
14885,-6.4816203,-0.37144288,-1.497976,-0.19359618,0.55390626,0.12072507,-0.5288276,0.50293064,-0.08338318,0.20598058,-0.11762624
14886,-6.9566836,0.1027716,-1.6184255,-1.0862058,-0.19394267,0.55550253,0.22467102,-0.15835609,0.055359416,0.4489114,0.8819586
14887,-5.021803,-0.0712925,-0.99009895,-0.5976912,-0.15361984,-0.059108883,-0.2590649,0.07177182,-0.0059174392,0.29963967,0.11847048
14888,-5.515026,-0.03414325,-0.77226675,-0.4844193,-0.15010536,0.004075944,-0.023301672,0.22623771,-0.27044204,0.6190909,0.45964766
14889,-6.816597,-0.36229217,-1.0199044,-0.33402455,0.109743334,-0.022825718,-0.16854556,-0.09960835,-0.2589483,0.7616504,0.35637912
14890,-5.2740197,0.050136544,-0.871035,-0.5552022,-0.16433007,-0.1296071,-0.19309622,-0.26871195,-0.09382634,0.22214837,0.3742734
14891,-5.3565006,0.04927485,-1.2687163,-0.59461766,0.04777985,-0.21607807,0.026956886,0.088876866,0.087240525,0.33098775,0.20356584
14892,-5.549465,-0.27669308,-1.0839523,-0.5711181,-0.32418114,-0.4199605,0.20472881,0.217951,-0.32864562,0.5554622,0.32749262
14893,-5.989632,0.040695522,-0.84772056,-0.74898356,-0.54686904,-0.10913704,-0.2517547,-0.34095573,-0.14920789,0.46434626,0.34634116
14894,-5.5998487,-0.3080957,-1.1790429,-0.48411405,-0.19346538,-0.038806725,-0.1922738,-0.11896535,-0.28784898,0.5430334,0.33875483
14895,-7.446303,-0.28682643,-1.5278074,-1.0221792,-0.48393798,0.84297335,-0.3134917,-0.30389798,0.6975888,1.2662065,0.51951593
14896,-5.745249,-0.23678833,-1.0862645,-0.1697122,0.2914651,0.362827,-0.22739281,0.14001505,-0.08310695,0.055330854,0.19736305
14897,-4.456083,-0.027722217,-0.7507516,-0.44188404,-0.12703934,0.2677195,0.07630373,-0.26385137,-0.030151738,0.39234763,0.43637073
14898,-3.894707,0.054487795,-0.70916873,-0.35112178,-0.20244959,-0.09122796,0.12762994,-0.01594849,-0.2888875,0.3232529,0.271712
14899,-5.9914236,0.15584302,-1.0729258,-0.5846263,0.16779777,-0.11266667,-0.023046333,-0.27116662,-0.07727904,0.3940331,0.12234603
14900,-4.015248,-0.14290494,-0.71404356,-0.32729962,-0.19856581,0.01624543,0.13047227,0.0027258191,-0.03222581,0.5294662,0.36808872
14901,-4.5160875,0.031089358,-0.86389345,-0.7235246,-0.40988234,-0.20462832,-0.005394605,-0.20926656,0.037953097,0.48009592,0.33017218
14902,-6.191876,-0.100948125,-1.5966419,-0.9018514,-0.28743282,-0.35894507,0.055293772,-0.31606933,0.18657556,0.525614,0.6898854
14903,-6.9591064,-0.3580758,-1.574085,-0.85827625,0.05030122,-0.28454328,-0.022652484,0.17474191,-0.09342011,0.5560001,0.27808785
14904,-6.0746946,-0.45265833,-0.9112457,-0.7399798,-0.18936874,-0.39679062,-0.23860635,0.13764411,0.12569027,0.7308165,0.45267966
14905,-3.8025992,-0.121220365,-0.86372596,-0.43535322,0.053227894,0.09675804,-0.14176406,-0.18889226,0.20399822,0.38842684,-0.03503814
14906,-4.094064,-0.056010645,-0.79320556,-0.53181267,-0.23369303,-0.04342319,-0.05867453,-0.19549225,0.052056804,0.354341,0.30043703
14907,-7.4205184,-0.09420996,-1.5327357,-0.9523792,-0.59305537,0.32780963,-0.18943274,-0.5012105,-0.01733405,0.28721723,0.49399582
14908,-5.9592237,0.029412158,-0.94847316,-0.50506693,-0.16383176,-0.017923262,0.09514703,-0.32211962,-0.077994786,0.24527508,0.7671417
14909,-7.1647577,-0.6558066,-1.2140635,-0.8865584,-0.31679437,-0.00031863246,-0.162061,-0.2838443,-0.10969137,0.33881822,0.46572387
14910,-6.096015,-0.09506064,-1.2032202,-1.0392742,0.16666907,-0.026575599,-0.22202897,-0.6090032,0.36879614,0.36687005,0.3449978
14911,-6.5841246,-0.065190285,-1.01688,-0.4580781,-0.15353431,-0.3181495,-0.19194269,-0.3569374,-0.38755092,0.009143954,-0.028017275
14912,-5.923832,-0.050084885,-1.110496,-0.52806544,0.28085992,-0.08736463,0.15592581,-0.43705112,-0.15244025,-0.037471652,0.28846505
14913,-5.517705,0.012640748,-1.2864312,-0.48285645,0.15681519,-0.14159231,-0.16828974,-0.39176923,-0.1674189,0.15103458,0.4310516
14914,-5.768645,-0.085296646,-1.3732929,-0.5470189,-0.34687412,-0.041550294,-0.096698225,0.03469137,-0.101728074,0.4457302,0.72733516
14915,-6.830172,-0.08239163,-0.72793376,-0.63862604,0.087870404,-0.13683772,-0.24035193,-0.4827289,-0.16300622,0.24253638,0.044936437
14916,-4.869831,-0.068977885,-0.66008097,-0.463557,-0.07157453,-0.2766124,0.05071486,-0.2732182,0.001419575,0.40201053,0.46690187
14917,-5.0365973,-0.052060705,-1.1201923,-0.8806501,-0.47144112,0.07265028,0.08622363,-0.4572373,0.1598113,0.67012095,0.37694845
14918,-6.074198,-0.4229343,-1.081665,-0.43634748,-0.578365,-0.22164664,-0.07195842,-0.30479813,-0.22881453,0.5008123,0.61511976
14919,-4.6579103,-0.21269804,-0.8161746,-0.8860265,-0.32886428,-0.03700999,0.08956649,-0.032017685,0.1313758,0.38775393,0.27916178
14920,-5.1119614,-0.24135552,-1.1570947,-0.79476994,0.015612643,-0.1942918,-0.24017788,-0.17971052,0.14652541,0.5651682,0.0045845797
14921,-6.428108,-0.092395194,-1.6272972,-0.69622487,-0.4796867,0.09470502,0.2703789,-0.5857636,-0.07830493,0.4697851,0.53133273
14922,-5.6116867,0.028150704,-0.89816195,-0.42705637,0.13450348,-0.26532477,0.19966213,0.2179642,-0.20179954,0.32630095,0.35033053
14923,-6.3151374,-0.035759833,-1.6997691,-0.62631655,0.01012316,0.13836698,-0.23379393,-0.17582144,-0.23032658,0.40313113,0.2905843
14924,-5.649909,-0.3761144,-1.4803593,-0.48110712,0.190448,0.044865005,0.13365938,-0.02216371,4.7724694e-05,0.38607597,0.13926925
14925,-4.9112353,-0.09533801,-0.9525876,-0.3485235,0.19879857,-0.12998343,-0.26815498,0.018396225,-0.2694975,0.017306358,0.109011315
14926,-4.719419,0.09705925,-1.1439263,-0.43537956,0.19894531,0.08784091,-0.13555798,-0.1731334,-0.18075268,0.046827998,0.097940296
14927,-7.315818,-0.27477652,-1.2332289,-1.0744439,-0.53041184,0.020877404,0.6160397,0.108842805,-0.23835783,0.33152556,0.41900727
14928,-7.168292,0.048349764,-1.4824969,-0.8238502,0.060463928,0.46340173,-0.2060176,-0.24947003,-0.013742069,0.56054264,0.50442034
14929,-7.111511,-0.40457514,-1.2449266,-0.86209047,0.058583632,0.10473361,0.07376248,-0.14282635,0.02879985,0.37522632,0.4250107
14930,-5.1627707,-0.09831695,-1.431349,-0.92023706,-0.15170445,0.08256275,-0.27803233,-0.3106889,0.61414814,0.444557,0.19209683
14931,-5.740305,-0.09261163,-0.8992595,-0.6430514,-0.67451096,-0.25935805,-0.10427282,-0.50800943,-0.16940157,0.11874127,0.34836957
14932,-7.749949,-0.29169393,-1.2858496,-1.085392,-0.7571847,-0.27652955,0.42195988,-0.40283787,-0.57088983,0.41891915,0.3793818
14933,-6.2066956,-0.12306988,-0.9739359,-0.3447874,0.20526122,-0.26007038,0.09069849,-0.2686937,-0.24073796,0.27364397,0.5358932
14934,-6.510805,-0.13833915,-1.5536964,-0.49347603,-0.38260746,-0.2950306,-0.014214993,-0.15350859,-0.2114824,0.3161622,0.58542854
14935,-8.335852,-0.49839422,-1.2872401,-1.1945555,-0.49910194,0.14988586,0.28924888,-0.6596643,-0.10125135,0.025542293,1.0523221
14936,-6.444569,-0.03188138,-1.2749054,-0.78928405,-0.25287724,-0.04652064,0.44528377,0.04060418,-0.25425413,0.9247977,0.304609
14937,-5.769617,-0.23004863,-1.3049625,-0.9246118,-0.4505533,0.49130535,-0.14483128,-0.4929864,0.18397784,0.5552636,0.4903825
14938,-4.918995,-0.25620455,-1.2640302,-0.47862303,-0.107805826,-0.06704506,-0.3545378,0.028956432,-0.1405073,0.43658093,0.3070121
14939,-6.3851604,-0.5179833,-1.0456403,-0.8601796,-0.7882569,-0.06974596,0.41141647,-0.02947387,-0.14869662,0.51421034,0.5990056
14940,-7.65114,0.13371648,-1.9986298,-0.6174629,-0.27611628,0.070193194,-0.14549945,-0.20680231,-0.26260453,0.300538,0.5696988
14941,-5.4258924,-0.2585858,-1.1976941,-0.7083011,0.008719511,-0.03803146,-0.06453632,-0.13802156,0.13936494,0.6365656,0.2368876
14942,-6.7823234,-0.21014361,-1.2107956,-0.7163988,-0.1431238,-0.32520586,0.17343117,-0.31096396,-0.33448386,0.13302244,0.31343955
14943,-5.152618,-0.015398669,-0.82572377,-0.4701829,-0.32787403,-0.2815643,0.4093499,-0.02440164,0.022183353,0.12848301,0.476656
14944,-5.676923,-0.1241758,-1.3525817,-0.37692717,-0.10539378,0.18447034,0.15975115,0.11553733,-0.00598868,0.5683145,0.31265318
14945,-8.356627,-0.4308744,-1.7513862,-0.2046315,-0.195753,-0.18701316,0.050051104,-0.3217154,-0.3030025,-0.27171445,0.75041604
14946,-6.1787224,-0.45788708,-1.0352407,-1.0129191,-0.5444524,-0.04680801,-0.13031594,-0.09939006,-0.019771127,0.690299,0.44396442
14947,-6.0931053,-0.27423674,-1.5110141,-1.1286969,0.27143827,0.14887439,-0.3096281,-0.0648767,0.17659114,0.3399429,0.30809668
14948,-6.2703156,-0.0323004,-0.95904917,-0.6988555,-0.31234303,-0.30997777,-0.2708226,-0.16123913,-0.061327778,0.21087034,0.45356366
14949,-5.038912,-0.1359447,-0.95222974,-0.4878254,0.057239395,-0.203645,-0.083133146,-0.39310586,-0.06246581,0.072580114,0.10388874
14950,-7.4759445,-0.15190144,-1.1524719,-0.7188188,0.060059372,-0.054202933,-0.05294299,-0.22310998,-0.34885156,0.30173397,0.3654786
14951,-5.432257,-0.3646905,-0.9863556,-0.20400956,-0.5483799,0.3543409,0.2700608,-0.41309774,-0.3456259,0.5077092,0.4441422
14952,-7.86193,-0.30528635,-1.6117153,-0.84083045,-0.5137563,-0.28864133,0.17605248,-0.027463684,-0.12510775,0.7311947,0.5515412
14953,-7.221621,0.023980118,-1.4635279,-0.72488964,-0.52536374,-0.17271996,-0.09857637,-0.18230818,0.25213972,0.67795134,0.8019785
14954,-5.1171274,-0.036751114,-0.9421886,-0.5813514,-0.19445887,-0.26788038,0.21647945,-0.1807387,0.061049215,0.63690084,0.4979532
14955,-7.0923877,-0.4906974,-1.621483,-0.29025134,-0.13800535,-0.507323,-0.12422506,-0.20915914,-0.20423716,0.410293,0.41553342
14956,-6.6518183,-0.47262788,-1.3778677,-0.87131083,-0.24836579,0.44767863,0.18121915,0.33006173,0.50415033,0.95116216,0.99686617
14957,-4.114916,-0.13466197,-0.8629935,-0.040904533,0.004798872,-0.034422882,0.1953054,0.035217404,-0.16153485,0.1287107,0.36943126
14958,-7.656203,-0.4479327,-1.3465464,-1.0298625,0.046635527,-0.04860396,-0.081560984,0.010553986,0.09886312,0.6269663,0.043705557
14959,-4.85325,-0.0033322945,-0.999924,-0.52987653,-0.043653414,0.17059557,-0.09150577,-0.11107212,-0.2567152,0.21032465,0.26080918
14960,-6.3278894,-0.37143272,-1.2781571,-0.6314432,-0.29876596,0.7513626,-0.28548956,-0.51760906,0.41417176,1.1864768,0.19109209
14961,-5.686665,-0.18303473,-0.86375904,-0.72667074,-0.43906718,-0.24371876,0.075535014,-0.18523005,-0.0960535,0.6239283,0.58948225
14962,-5.4845433,0.053391177,-1.2295691,-0.5923605,-0.5020082,-0.10616185,-0.0036342116,-0.4428719,-0.23670526,0.6463674,0.35265076
14963,-6.2804613,-0.10599547,-1.250931,-0.8638704,0.10736174,-0.35865444,0.018418044,-0.25468433,-0.040695578,0.22525218,0.20428458
14964,-5.395116,-0.4390247,-1.4989883,-0.3389859,-0.04808098,0.16656284,-0.45193693,-0.11434281,-0.32220697,0.7866202,0.33953938
14965,-4.5868316,-0.25416508,-0.7697455,-0.78511494,-0.37146392,-0.18880947,-0.0012725666,-0.35926223,-0.026637236,0.45686775,0.6037798
14966,-6.696837,0.037104324,-1.3712535,-0.8263045,0.25826108,-0.26449817,-0.39834386,0.16992275,0.08899186,0.6070642,0.21787244
14967,-4.745961,-0.11842376,-0.58597374,-0.5310861,-0.25740272,-0.36674958,-0.025260791,-0.23145103,-0.055301107,0.6196159,0.03609307
14968,-6.4311743,-0.16374701,-0.9922733,-0.97002375,-0.34293064,0.20803326,0.085692644,-0.43075383,-0.28188416,0.34269217,0.5185166
14969,-4.981075,-0.3863461,-1.2529073,-0.61663306,0.031477176,-0.03039797,0.46903044,0.27864173,-0.18399808,0.5830536,0.36515924
14970,-6.232611,-0.2272316,-1.2205987,-0.9893423,-0.07400802,-0.0047496688,0.20081496,-0.390949,0.094302796,0.5310742,0.20753057
14971,-6.697814,0.038442023,-1.2992604,-0.5775376,-0.09107362,0.110233694,0.12527816,0.23729953,-0.3571796,0.46745118,0.5571963
14972,-7.031154,-0.45401525,-1.7036592,-0.33737758,0.08756872,-0.0033901911,-0.027854428,-0.24872252,-0.2321222,0.3996994,0.49069193
14973,-4.953569,-0.04369429,-1.0214171,-0.7077232,0.21691461,0.16980405,-0.2278934,-0.3881557,-0.013759119,0.1483133,0.07421725
14974,-4.476917,0.035459828,-0.820098,-0.59668326,0.054614153,-0.24083759,-0.05607617,-0.3319732,-0.20721641,0.5148432,-0.018505324
14975,-5.7826586,-0.11844425,-0.9562972,-0.49379975,-0.25151283,0.27489924,0.037150126,-0.33633113,-0.053535983,0.5895294,0.31932816
14976,-4.421767,0.21129595,-1.0641454,-0.43015307,0.018631816,0.5123643,0.15049985,-0.20718019,-0.08578105,0.24560246,0.32185143
14977,-6.2250385,-0.04951803,-0.7652793,-0.78156656,-0.23477046,-0.073848106,0.08763222,0.08762685,-0.16613244,0.53615606,0.72729135
14978,-5.652797,-0.15970232,-1.0602597,-0.4683293,0.34291348,-0.012631992,-0.018013168,-0.40760857,-0.058129184,0.089779906,0.30397558
14979,-6.9786563,-0.10588637,-1.3145006,-0.7685113,-0.56033224,0.055586506,-0.22406934,-0.25821,-0.13714533,0.2247873,0.43955284
14980,-4.938247,-0.03601696,-1.0091937,-0.6682111,-0.2643716,-0.10740848,0.15714908,-0.14445561,-0.056248263,0.34049273,0.3621868
14981,-6.398531,-0.14266852,-1.1707867,-1.00037,0.22875805,-0.06264737,-0.22684672,-0.38461527,0.21068582,0.4661158,0.01906967
14982,-4.665607,-0.17669193,-0.9692407,-0.37698057,-0.13780433,-0.096113995,-0.09590073,-0.11934898,-0.15438639,0.19290307,0.3167675
14983,-4.1323404,-0.12624444,-0.7143434,-0.36751243,0.006457734,-0.005074869,-0.14755522,-0.18189839,-0.08181556,0.16336109,0.037569724
14984,-4.786097,-0.010165605,-1.1534989,-0.65066254,-0.18767725,0.044635084,-0.092183255,-0.56859213,0.1318767,0.45269486,0.30847228
14985,-6.0618534,-0.70145786,-1.106402,-0.8012793,-0.08430283,-0.19575377,-0.15274781,-0.022820795,-0.05350253,0.720685,0.40265587
14986,-5.715301,-0.029509008,-0.9502239,-0.7710877,-0.39046058,-0.18806012,0.047296938,-0.14004727,0.1392011,0.41191503,0.4972823
14987,-4.9371257,-0.07682687,-0.8293629,-0.3080107,-0.38313714,0.17700602,0.08089924,-0.5157623,-0.46575993,0.8658275,0.3278019
14988,-5.257148,0.33754858,-1.1244615,-0.2573336,0.09991131,-0.006390838,0.07341895,-0.24756387,-0.23922287,0.06400679,0.19701314
14989,-4.134371,-0.17573127,-0.7031804,-0.32634524,-0.23109917,0.110190116,-0.06564257,-0.41105747,-0.25368235,0.35195416,0.26623902
14990,-7.0575747,-0.0943523,-1.4552213,-0.84647316,-0.08997418,-0.24488722,-0.26001897,0.1354579,-0.047630236,0.42363653,0.42907017
14991,-6.1267166,-0.032629974,-0.89453465,-0.51964235,-0.19201167,-0.04309378,0.25506628,-0.22599049,-0.23179175,0.54366213,0.43652
14992,-6.5852995,-0.12448664,-1.1662194,-0.24267232,0.19340768,-0.08754486,-0.22092953,0.31244907,-0.16374704,0.32189983,0.31507927
14993,-6.543886,-0.2591469,-1.8286433,-0.61839265,0.52805096,-0.04207588,-0.27579275,0.18602088,0.057648264,0.47537148,0.06770327
14994,-4.7585487,-0.0077921664,-0.9641987,-0.35029525,-0.41196743,-0.09882122,-0.06769073,-0.028197257,-0.03197348,0.38806087,0.61848414
14995,-6.091686,-0.2005916,-0.99468297,-0.5840618,-0.16781066,0.009500626,0.15778568,0.0714234,-0.27060118,0.77571815,0.430421
14996,-5.6431313,-0.026129723,-1.2083206,-0.7309717,-0.27783194,-0.039740033,-0.11540403,-0.22620033,-0.14889191,0.60241616,0.45443207
14997,-6.0339503,-0.0776794,-1.3634319,-0.3568117,-0.14536488,0.35732764,0.21532282,-0.38071987,0.083245136,0.67851764,0.116308905
14998,-5.6142826,0.003445825,-0.7258523,-0.7963945,-0.44228292,-0.17567109,-0.07709171,-0.17265207,0.1248652,0.36930388,0.52793276
14999,-6.8454013,-0.2950577,-1.4960264,-0.5633592,0.17852959,0.012223482,-0.080422014,-0.016048798,-0.0060036164,0.026319876,0.5531947
15000,-4.695797,-0.19903994,-1.2802286,-0.82957816,-0.011096824,-0.0860829,-0.30831277,-0.50198525,0.04717063,0.5398872,0.33182135
15001,-8.10879,-0.12717225,-1.1451347,-0.6792725,-0.07131241,-0.209735,0.20679633,-0.39937615,-0.3660614,0.29636002,0.6983031
15002,-5.167692,-0.18088429,-0.9374327,-0.28485674,0.11867498,0.3191707,-0.045152504,0.12717405,-0.03505624,0.407215,0.52475137
15003,-5.8036695,-0.33750075,-1.0099988,-0.8022402,0.014198098,0.18953791,-0.010459813,-0.19730534,0.168994,0.44070503,0.33904192
15004,-5.7231646,-0.16257404,-1.027789,-0.8560591,0.14209831,-0.23217838,-0.064839706,-0.057683878,0.15145004,0.13265818,0.5633973
15005,-7.0429573,0.20544046,-1.2146171,-0.61685383,-0.02984568,-0.23751095,0.10769793,-0.19877511,0.005857503,-0.046574198,0.39028782
15006,-6.295187,0.0079269875,-1.4109163,-0.99817693,0.12218208,-0.5936023,-0.1967919,0.04554321,0.13426746,0.36700314,0.1951385
15007,-5.8910923,0.12037351,-1.3932403,-0.7102102,0.30956775,-0.2906224,-0.19471012,-0.10661292,0.21344072,0.45611525,0.039990056
15008,-4.6524673,-0.21212305,-0.9638793,-0.44335112,-0.15463056,0.009657436,0.12497732,0.18213181,-0.23624147,0.38519198,0.2136893
15009,-6.501717,-0.12225801,-1.0578716,-0.7179173,-0.098977976,0.2799527,0.07901137,-0.055495128,-0.064596534,0.41716328,0.49516326
15010,-5.196076,-0.034334347,-0.93738675,-0.49060047,-0.15268897,-0.113381006,0.012332718,-0.118733905,0.105119586,0.4908898,0.17383423
15011,-6.114924,0.123208195,-1.4394604,-0.4559714,0.47057745,-0.10377218,-0.43315563,0.108711764,0.057572067,0.29736975,-0.025322966
15012,-6.2852454,0.078462325,-1.335991,-0.7724477,-0.471645,-0.18974122,0.41328958,-0.22834322,-0.1872546,0.42085838,0.6147439
15013,-5.456979,-0.43536648,-1.5196432,-0.33334544,0.44676524,-0.09387712,-0.19412786,0.084894255,-0.1371647,0.31526306,0.0957817
15014,-5.8317738,-0.13083257,-0.8987042,-0.73510754,-0.67321,-0.07510195,0.33100232,-0.3007568,0.12730478,0.32968494,0.62805873
15015,-7.2719703,-0.23320527,-1.5568936,-0.6720741,0.37079602,0.14818157,-0.55417955,-0.32589462,-0.0727564,0.6645107,0.15182664
15016,-5.734251,-0.22159857,-1.181913,-0.5453102,-0.2491692,-0.00288733,0.15747824,-0.11298808,-0.12810624,0.4397291,0.5212596
15017,-4.947144,-0.029555574,-1.5204027,-0.30480513,0.40366113,0.14830048,-0.11692033,-0.22396518,-0.1738035,0.04980656,0.27214685
15018,-7.7108517,-0.27859357,-1.5501658,-0.9711225,0.43888307,-0.19280557,-0.25162485,-0.42316666,-0.09808928,0.6237076,-0.21904175
15019,-3.421698,-0.17376903,-0.9327862,-0.40174195,-0.06705717,-0.11754803,-0.033231203,0.03666655,-0.16692817,0.2894621,0.17322281
15020,-5.125387,-0.0054291096,-0.86599857,-0.53602386,-0.1568416,0.03339386,-0.13814166,-0.113723285,-0.02531244,0.28675732,0.20211196
15021,-4.701291,-0.009968991,-1.0572892,-0.5691803,-0.15154599,0.06928628,-0.037084837,-0.20583528,0.041121103,0.3719725,0.0873321
15022,-5.408729,-0.31437302,-1.3661672,-0.65045184,-0.4510084,0.021131242,-0.008334783,-0.2813746,-0.06597991,0.57051337,0.56763256
15023,-5.3256783,-0.01903867,-0.7933601,-0.49761236,-0.11335296,-0.23288636,0.18166971,0.29397708,-0.2623097,0.4914188,0.20790838
15024,-5.211388,0.021543078,-1.0831131,-0.5581131,-0.103766,0.31888074,-0.07056357,-0.004685156,-0.1934858,-0.10955749,0.16819538
15025,-6.453673,-0.26419103,-1.0808299,-0.8921944,-0.6568647,-0.19038285,0.16700554,-0.43437916,-0.2171044,0.12393037,0.41924295
15026,-3.8518002,-0.2270261,-0.8207528,-0.58424234,-0.07755205,-0.018293848,-0.26190105,-0.33087584,0.120931126,0.37065643,0.24482743
15027,-6.2149415,-0.051331535,-0.9125847,-0.48770767,0.028859088,-0.5080559,-0.40074956,-0.26470935,-0.32272276,0.20864372,0.45907432
15028,-6.477911,-0.4170597,-1.0162641,-0.6491542,-0.291171,-0.10154634,-0.454782,0.087021396,0.11463357,0.7373781,0.62535924
15029,-5.578827,-0.16636692,-1.0308596,-0.7179898,0.04070241,-0.20850463,0.13230817,-0.78722537,0.12119474,0.10349093,0.35524508
15030,-5.028899,0.042946942,-1.182769,-0.8323045,-0.05510908,-0.052864395,0.036387704,-0.44790602,0.07723382,0.13110372,0.40331027
15031,-4.5426054,-0.018419765,-0.68984646,-0.646638,-0.29134354,0.21114987,0.08653441,-0.3413785,0.04675324,0.46561515,0.3731874
15032,-5.7380724,-0.18756498,-1.1482403,-0.88824254,-0.3530188,-0.064340286,0.06585562,-0.33629295,-0.16356401,0.5713406,0.24781322
15033,-6.7909303,-0.09486152,-1.4625205,-0.6291782,-0.4555999,-0.076409325,0.12919267,-0.56511563,-0.012286227,0.4799805,0.7457331
15034,-6.8195357,-0.3166778,-1.2115359,-0.730403,0.33634454,0.2715482,-0.058323167,-0.14782004,0.07742609,0.53887814,0.3094886
15035,-4.1140018,-0.06720258,-0.5961544,-0.3869546,-0.120062865,-0.026682887,-0.0885911,-0.5200782,-0.03984049,0.4180701,0.06501717
15036,-5.940829,0.10201646,-1.0593475,-0.6946294,0.04733436,0.0031777616,0.0794259,-0.33908233,0.05282867,0.33463448,0.01774682
15037,-4.5827675,-0.059017804,-1.0162851,-0.58691424,-0.08860495,-0.051770102,-0.069512606,0.012712139,-0.29702213,0.3150789,0.104713514
15038,-5.7465825,-0.3687207,-1.0275599,-0.48928106,-0.14725749,0.31340986,0.06929819,0.14076366,-0.18070778,0.68648976,0.30306178
15039,-5.5331407,-0.25772008,-1.1809014,-0.7727413,-0.203164,0.349634,0.10640047,-0.21007559,0.21549192,0.5455445,0.4672447
15040,-6.43683,-0.31405446,-0.9897977,-0.6198205,-0.78761226,-0.24873681,0.30355746,-0.145362,-0.0055228956,0.59390134,0.644463
15041,-4.508888,-0.21283388,-0.5722052,-0.49181926,0.15149006,0.018627929,0.23091567,-0.12968676,-0.25727823,-0.014643489,0.47832438
15042,-5.1730065,-0.074314006,-0.70668966,-0.24215052,-0.74045575,-0.21532321,0.20058623,-0.26714858,-0.22729464,0.34863296,0.52350414
15043,-4.73268,-0.25523093,-0.5107487,-0.54389894,-0.21502846,-0.06416267,0.46962512,0.10137925,-0.12921341,0.2662605,0.30460605
15044,-5.96647,-0.4139681,-1.2279018,-0.3096279,0.3821507,0.19511664,-0.18854849,-0.19434588,-0.3026825,0.40341872,0.17735793
15045,-4.9348564,-0.10129019,-0.9561955,-0.40528774,-0.050233975,-0.27901685,-0.03313316,-0.13665073,0.05267612,0.39103484,0.34375942
15046,-6.180447,-0.6542157,-1.1864706,-0.84465784,-0.41799363,0.13825727,0.28958017,-0.0655779,0.0977318,0.42947114,0.55939955
15047,-5.3066907,-0.12983726,-0.82020164,-0.23395988,0.06527672,0.009036706,0.06949331,0.23358464,-0.14441451,0.5261461,0.17852706
15048,-5.7374396,-0.05598903,-0.80420303,-0.407524,0.026716512,-0.11911543,0.115351975,-0.26211515,-0.34419656,0.19404191,0.46590528
15049,-5.2082267,-0.114547275,-0.9318662,-0.58580536,-0.73080075,0.11985836,0.24778235,-0.36271814,0.13826272,0.45377225,0.57337385
15050,-5.4026823,-0.18532906,-1.0231873,-0.90403694,-0.07897622,0.2987249,-0.014688103,-0.07208834,0.15717526,0.43858662,0.710885
15051,-5.7066946,-0.19786426,-1.025973,-0.48678097,-0.23078398,-0.11455166,0.18152481,0.12812348,-0.1778132,0.3018893,0.37926224
15052,-7.459934,0.21879065,-1.4212112,-0.89384747,-0.4620039,-0.21516755,-0.3200653,-0.027711721,0.017373426,0.7501526,0.35344815
15053,-5.9956374,-0.13319524,-0.887681,-0.17315583,-0.16180497,-0.67644143,0.03524518,0.08691695,-0.31715444,0.39578998,0.58235294
15054,-5.91186,-0.022539224,-0.9787588,-0.6916409,-0.54926175,0.002501891,0.12994717,-0.3884762,0.012144996,0.5818495,0.5203104
15055,-6.320355,-0.097123526,-1.2829163,-0.5668652,0.10080656,0.11638794,-0.13187692,-0.40294725,-0.06331117,0.5539045,0.48156232
15056,-4.863722,-0.15483698,-1.0758454,-0.43475208,-0.20649078,0.37298614,-0.13461253,-0.20843245,-0.07947166,0.29598072,0.48742515
15057,-4.6119604,-0.11887872,-0.9199335,-0.6884056,-0.1565674,-0.038562335,-0.0711599,-0.15641446,0.007921542,0.34600496,0.016288158
15058,-4.208439,-0.036153704,-1.0508417,-0.32868183,0.1265056,0.21700233,-0.18321855,-0.26687908,0.112036265,0.31966814,0.020130023
15059,-6.028285,-0.21014996,-1.2644788,-0.86090696,0.027535347,0.3187979,-0.0097725345,-0.4858731,-0.029958842,0.38159594,0.21165317
15060,-4.4537187,-0.047838334,-1.2597929,-0.2421624,0.09066341,-0.028516863,-0.21731302,0.2140852,-0.113328665,0.18658803,0.37871194
15061,-6.7732606,-0.19210333,-1.5069481,-0.55864114,0.08293181,0.4482885,-0.16877925,-0.07548376,0.01830652,0.47679678,0.14599477
15062,-6.888192,-0.085828036,-1.2679713,-0.9247913,-0.41170037,0.009186761,-0.04014312,-0.20308186,0.059711218,0.8149237,0.43869126
15063,-4.3070574,-0.18676096,-0.7327399,-0.52167606,-0.21497223,0.19709946,0.06733363,-0.27505618,0.19839671,0.476634,0.3125212
15064,-6.2030573,0.10142035,-1.1630211,-0.48082247,-0.34584042,0.046747524,0.22940537,-0.28776014,-0.15659434,0.14901032,0.48385742
15065,-8.185675,0.12490038,-1.5031183,-0.44861776,0.6468693,-0.1387438,-0.3324292,-0.04352124,-0.009626497,0.4933853,-0.04266267
15066,-5.427044,-0.32399434,-1.1889064,-0.9196867,-0.06758234,-0.016048107,-0.1339178,-0.24172547,0.019284721,0.40783274,0.23655398
15067,-4.708377,-0.0781083,-1.0245962,-0.5358102,-0.27681077,-0.23703982,0.25160244,-0.21894105,-0.0060219187,0.34216124,0.2463129
15068,-7.1042943,-0.30140173,-1.5290918,-0.79178876,0.43378836,0.04753632,-0.07051039,-0.06823527,0.15554297,0.8420065,-0.011697692
15069,-6.550443,0.06746373,-1.5433136,-0.63410145,0.35606197,-0.10757698,-0.082562715,-0.18801673,0.13811463,0.21217911,0.2134449
15070,-6.8590183,0.015539506,-1.3393248,-0.9962158,-0.071364366,-0.33124232,-0.34553266,0.025907028,-0.15709795,0.4989489,-0.03816283
15071,-6.9733634,-0.2667021,-1.6693904,-1.0647274,-0.35254028,0.5675148,-0.18931201,-0.4313274,0.12274278,0.5760866,0.37669843
15072,-5.4343934,-0.3473147,-0.9010138,-0.9672502,-0.2191297,0.04661704,0.4377954,-0.23007692,0.122564524,0.5228074,0.4153879
15073,-5.8189325,0.015573788,-1.1981119,-0.6528943,0.11226993,0.23400609,0.1965,0.047893554,0.10418859,0.34404746,0.45428386
15074,-3.9268053,-0.049623728,-0.7410296,-0.267391,-0.18226527,-0.05529251,-0.4021856,0.18176955,0.011238896,0.36880746,0.0063360417
15075,-4.9294605,-0.18430223,-0.8758806,-0.68741643,-0.19983765,-0.028998815,0.16239485,-0.32155085,0.067133605,0.42131406,0.28710112
15076,-5.778339,0.0037580095,-1.0341536,-0.6810213,0.15971458,-0.27283627,0.039853726,-0.16753606,0.11520364,0.13664547,0.1574225
15077,-5.4941645,-0.031305496,-1.4671714,-0.30981666,0.30255893,0.41659617,-0.08226233,0.06297038,0.15175164,0.4352594,-0.006164047
15078,-7.060098,-0.097124845,-1.4579066,-0.8057448,-0.34965974,0.64685893,0.13807343,-0.35382602,-0.2197583,0.82972616,0.504177
15079,-7.0354776,-0.45870405,-1.6854744,-0.34826893,-0.46783715,-0.012422493,0.030881133,-0.11585013,-0.40357003,0.29040086,0.4378652
15080,-6.503621,-0.28779036,-1.025831,-1.2192985,0.11652622,-0.31250143,-0.53219765,-0.30364776,0.112773366,0.4625857,0.3471741
15081,-6.8607235,-0.24060224,-1.5296429,-0.47600722,-0.2515641,-0.023596201,0.01696351,0.027034642,-0.02243265,0.43694803,0.3697177
15082,-5.9996123,0.039168235,-0.97711664,-0.36312968,-0.03065371,0.35877728,0.06461845,-0.13998142,-0.01863079,0.74235976,0.5465834
15083,-6.605479,-0.13599014,-1.2648716,-0.6141182,-0.077540934,-0.0028329697,0.11515705,0.11806361,0.27933556,1.1055036,0.2778647
15084,-5.889445,-0.53047293,-0.9654464,-0.5619063,-0.4748173,0.055519022,-0.09909179,-0.41362947,-0.37017143,0.5711117,0.47343093
15085,-7.4577894,-0.054584306,-0.8452373,-0.71710134,-0.3423542,0.22852744,0.17451228,-0.025718356,-0.07956094,1.1225065,0.1721741
15086,-5.766795,-0.1137363,-1.2199166,-0.2852147,-0.053507,-0.17240262,0.09474188,-0.5484458,-0.11240719,0.8178823,0.18259992
15087,-6.339629,-0.22176282,-1.3687775,-0.5411712,-0.42973018,0.08473645,-0.3816899,0.21738721,-0.21404724,0.8865712,0.45109284
15088,-6.054976,-0.014955367,-1.323168,-0.67817366,0.017056057,0.2982167,-0.24461557,-0.36429325,0.08808283,0.3185944,0.06305984
15089,-5.954588,-0.30417806,-1.2157594,-0.6628758,0.016237868,0.101676606,-0.03235916,0.029856626,-0.06997081,0.27751777,0.4714229
15090,-6.629864,0.083085634,-1.3531301,-0.39616355,-0.039787196,0.046409763,0.013494881,-0.21514854,0.101776876,0.5054015,0.047626954
15091,-5.859626,-0.15322171,-1.0685607,-0.5297947,-0.38692448,0.13160053,0.21455732,-0.008919431,-0.15977836,0.5278835,0.16678073
15092,-5.731098,-0.19586265,-1.0176965,-0.46593186,-0.11159476,0.29541028,-0.39557797,-0.21070364,-0.21396972,0.16812368,0.023058217
15093,-4.802422,-0.23910618,-0.8763809,-0.7206291,-0.16005932,-0.15420197,-0.11841474,-0.2098667,0.18294126,0.4595432,0.42817557
15094,-6.481824,-0.049119186,-1.1288633,-0.83700126,-0.05682859,0.021258302,0.18501517,-0.22655833,-0.0426507,0.64301026,0.42381305
15095,-6.0584273,0.22663619,-1.0178888,-0.78363085,-0.22718346,-0.26268333,-0.37862733,-0.31712955,0.08372981,0.49757826,0.11352954
15096,-4.6647496,-0.33834097,-0.83160317,-0.32947123,-0.07691987,0.00691541,-0.17967953,-0.27350664,-0.33065954,0.4438228,0.3840267
15097,-5.2136583,0.030515209,-1.0192543,-0.27776602,0.15264186,0.025916433,0.010686644,-0.021851702,0.08920719,-0.02011117,0.38178533
15098,-5.969975,-0.2674343,-1.2731311,-0.77093816,-0.4311698,-0.50454855,0.33349964,0.09356031,-0.29907197,0.47392628,0.4915037
15099,-5.698816,-0.24321286,-1.5823228,-0.5091706,0.39840215,-0.22325748,-0.2580252,-0.0906735,0.08732996,0.23367089,0.36455914
15100,-5.882539,-0.026856422,-1.2990407,-0.6430557,-0.65824974,-0.08562876,0.4035445,-0.15543659,-0.28060484,0.65795785,0.596181
15101,-5.3607764,-0.16874808,-1.0033351,-0.41887853,-0.40333834,-0.25800902,0.30207422,0.044886075,-0.32279333,0.33719006,0.60426384
15102,-6.181341,0.09414257,-1.1508164,-0.63181174,0.051201724,0.28035194,-0.36632138,-0.54350644,0.23738231,0.35484475,0.087354966
15103,-4.8807154,-0.30506492,-0.70483655,-0.6584315,-0.20687556,0.092377275,0.054957733,-0.15505132,0.12433772,0.49324498,0.7671172
15104,-4.725643,0.03900828,-0.8442082,-0.59045935,0.022950156,-0.13873214,-0.051518276,-0.19771844,0.18650067,0.38513228,0.31531534
15105,-5.94228,-0.3243268,-1.3576325,-0.82056755,0.22114018,0.02197447,-0.22323728,-0.33690706,0.26816267,1.0075253,0.054702755
15106,-5.22618,-0.15177213,-0.7957329,-0.4386455,-0.17943206,-0.06657387,0.11567982,-0.07017775,-0.24809898,0.44120938,0.37201896
15107,-5.5193167,-0.009542973,-0.9680072,-0.43416074,0.09598892,-0.047693484,-0.18795118,-0.17106996,0.08982558,0.5965034,0.26202205
15108,-5.1428275,0.08608272,-1.1860698,-0.7547963,0.087603554,-0.0042982716,-0.3552818,-0.09927608,0.0032927394,0.21035665,0.17640452
15109,-4.1879377,-0.039123487,-0.8882212,-0.36084643,-0.56308514,0.150923,0.12589397,0.13044506,0.055184804,0.5320427,0.22024436
15110,-6.260115,0.11405624,-1.4365923,-0.38382396,0.08769969,0.036053766,0.3273993,0.23009212,0.037124287,0.5557657,0.31267056
15111,-4.943871,-0.15245058,-1.1839236,-0.57855767,-0.011128608,0.09520818,-0.056550056,-0.06612698,-0.046797127,0.5830541,0.008291774
15112,-5.950672,-0.19195183,-1.3871281,-0.51682043,0.23270577,-0.0138190035,-0.21584707,-0.29344168,-0.13668473,0.6207856,-0.059752166
15113,-6.1770234,-0.3209372,-1.2569803,-0.5482444,-0.3003637,0.035741672,0.083255865,0.0034468644,-0.050920688,0.5185397,0.43312073
15114,-4.877103,-0.076509885,-0.7832517,-0.49351805,-0.19117431,0.032815762,0.019513158,-0.40366074,0.0040138895,0.3287154,0.39998984
15115,-4.527967,-0.019356657,-1.1370653,-0.5160182,0.14379159,0.31534958,0.00959967,-0.34417424,0.22371091,0.34059054,0.22699726
15116,-5.0247927,-0.027309008,-1.0379941,-0.6675841,-0.044131126,0.26146597,-0.21391067,-0.2679977,0.09472919,0.70577216,0.18696958
15117,-5.691754,-0.09434762,-1.1922679,-0.5605698,0.573527,0.014988994,-0.4325557,-0.28593242,0.034654744,-0.14963578,-0.09337465
15118,-5.6087947,-0.16982517,-0.8168275,-0.609671,-0.35579062,-0.03411694,0.070993535,-0.21016319,-0.14537707,0.47402024,0.46372706
15119,-5.1482615,-0.109780446,-0.9107656,-0.44057256,-0.33816722,0.17988645,0.1536577,-0.018692533,-0.08193701,0.5784909,0.37591806
15120,-5.046322,-0.049307156,-1.1140658,-0.4394695,0.08541913,-0.17342779,0.052215,-0.43518403,0.072781645,0.43460065,0.54412943
15121,-5.8560467,0.18402527,-1.521913,-0.66305494,-0.6310724,0.10546236,-0.020498537,-0.3467842,-0.13001902,0.5250953,0.5535459
15122,-5.179536,-0.03837277,-1.2677436,-0.33144465,0.35567713,0.41730154,-0.2693648,-0.087845735,-0.017973533,0.33610907,0.25502303
15123,-6.2604156,0.0977699,-1.1005656,-0.5758433,0.122273535,-0.14678288,-0.0934458,-0.12253698,-0.36189008,0.7607944,0.33762324
15124,-6.3804193,-0.26961976,-1.1000961,-0.22059354,0.48626742,0.092477314,-0.2286374,-0.3197939,0.00049888995,0.7460073,0.21872821
15125,-6.139333,-0.17262135,-1.2121365,-0.7504823,0.06174454,-0.4021933,-0.058016926,-0.30872285,0.14312153,0.39313775,0.48783153
15126,-5.2632713,-0.23217113,-1.2461733,-0.58688724,-0.12219977,0.3938855,0.175372,-0.0198988,-0.121231794,0.65617734,0.38650835
15127,-4.103661,0.080850996,-0.6087479,-0.5685863,-0.13043316,-0.28718174,-0.16701433,-0.11808235,-0.012511713,0.35133642,0.081966825
15128,-4.761053,-0.20818825,-0.7925678,-0.4981972,0.18120474,-0.39371753,-0.04854145,0.15531316,-0.023806354,0.41607523,0.1596524
15129,-4.3952513,0.060828075,-0.96493345,-0.2869134,0.1677207,-0.019477192,-0.14248417,0.15984456,-0.1008559,0.3380651,0.14743423
15130,-5.5537343,-0.021839995,-0.9229389,-0.34292108,-0.033818696,-0.18368289,0.00087991543,-0.24366853,-0.11099686,0.19281092,0.2543886
15131,-4.830683,-0.23190743,-0.68733585,-0.766835,-0.4078455,0.114591986,0.12475911,-0.11073088,-0.08284114,0.37125817,0.5517658
15132,-5.8875704,-0.3456166,-0.9690176,-0.6183988,-0.40145677,0.14362966,-0.23326753,-0.29493305,0.0641344,0.3259987,0.57438225
15133,-5.0568438,-0.074885786,-0.59554356,-0.5696248,-0.22760403,-0.17340043,0.09036075,-0.085103236,-0.28362244,0.2077743,0.29906029
15134,-5.0842752,-0.13465151,-1.1686246,-0.7048624,-0.30026218,0.004392078,0.0056013316,-0.28291675,0.07038276,0.4060504,0.58733505
15135,-5.7368884,-0.27775073,-1.2669321,-0.39679444,-0.29808483,-0.04934608,0.30747694,0.2131909,-0.101798944,0.56621957,0.6488302
15136,-6.6057367,-0.10042214,-1.0117624,-0.46710923,-0.085255556,0.02198651,-0.24394147,-0.40434572,-0.06933307,0.45766574,0.13151503
15137,-5.497875,-0.14979985,-0.8839208,-0.3589362,0.03083194,0.11982377,-0.1460739,-0.4145133,-0.13845742,0.28180203,0.042551238
15138,-6.0669794,-0.5826515,-1.0788431,-0.6288535,-0.5596607,0.17718741,0.09843622,0.07520297,0.014436236,0.5945016,0.543121
15139,-5.3724656,-0.091856554,-1.0352731,-0.38832253,0.111411504,0.25821316,-0.14087747,-0.15249565,0.29769248,0.701814,0.11996771
15140,-3.3872328,0.031295847,-0.4318672,-0.41519287,-0.22775127,-0.0756625,0.033506326,-0.27388757,0.01255128,0.2925776,0.120677926
15141,-5.432654,-0.067406684,-0.8076043,-0.37165245,-0.22866702,0.27933127,-0.099903174,-0.117752574,-0.020915417,0.34492445,0.2898569
15142,-6.082723,-0.09880831,-1.296294,-0.6609551,0.2800019,-0.15149671,-0.3181254,0.084193684,0.21586609,0.5625418,0.22042046
15143,-6.6793585,-0.077303365,-1.2803403,-0.6589526,-0.026489312,-0.556586,0.24750514,0.10818034,-0.10125085,0.51928484,0.20998672
15144,-5.8166556,-0.19349939,-0.71832275,-0.38560268,-0.099268496,-0.3999158,0.17619453,-0.35641927,-0.1652141,0.2876652,0.307064
15145,-5.5791135,-0.040815905,-1.143742,-0.4914685,0.11172139,-0.1627476,-0.25073966,-0.726481,0.10841837,0.34718868,0.46392262
15146,-5.5847096,0.06502917,-0.9418052,-0.35288233,0.15821902,-0.31449956,-0.039191265,0.2407094,-0.27297753,0.31772915,0.339195
15147,-6.5332036,-0.2272633,-1.3337423,-0.27839634,-0.5845163,0.024747582,0.29648533,-0.022129362,-0.34802026,0.29452085,0.58965546
15148,-4.308972,-0.17742851,-0.77030516,-0.4955393,0.059276685,-0.06570512,0.08746254,0.02418707,0.077601396,0.1817501,0.30420595
15149,-5.4391727,-0.24357073,-1.0155492,-0.6465587,-0.07981515,-0.19366014,-0.24974798,-0.19109884,-0.12707134,0.38034192,0.16335675
15150,-5.1212955,0.064158745,-1.2774435,-0.68398756,0.07042454,0.06242831,-0.32432452,-0.3872447,0.13030274,0.20932618,0.19108944
15151,-5.966979,-0.1597772,-1.1770152,-0.99861026,0.14248827,-0.126566,-0.07525753,-0.48622143,0.45885012,0.3009501,0.342181
15152,-4.0434465,-0.2097551,-0.59318525,-0.545526,-0.6408023,0.08745352,-0.15224753,-0.26452708,-0.09258997,0.3210855,0.35398236
15153,-5.241611,-0.32788616,-1.1823264,-0.5491535,-0.42601037,-0.115960196,0.2802915,-0.087383814,-0.23362306,0.3549426,0.38302028
15154,-5.420466,-0.21856494,-1.2777972,-0.3256416,0.17046493,-0.34419507,-0.24315299,-0.19526339,-0.21634674,-0.07454375,0.3760829
15155,-6.080856,0.2777222,-1.098356,-0.5428927,0.1782906,-0.057674475,-0.073614106,0.5977171,-0.3167352,0.19033605,0.24450684
15156,-5.773222,0.1471147,-0.88343185,-0.6202851,-0.17245407,-0.1300883,0.17125481,-0.5227618,-0.0074476246,0.45228168,-0.07268825
15157,-6.003224,-0.22294791,-1.1776743,-0.9937693,-0.66670865,-0.15566424,0.025673155,-0.18360423,-0.104569875,0.46496987,0.29999396
15158,-4.3314514,-0.07980516,-1.2262667,-0.81246024,-0.41827315,0.28143895,0.038648114,-0.31850085,0.24521811,0.5819645,0.0863065
15159,-4.9133143,-0.13612786,-0.71419436,-0.38434434,0.034642898,-0.15861173,-0.22024117,-0.30589056,-0.21760067,0.7708954,0.19238706
15160,-6.16895,-0.060798164,-1.2425553,-0.38809842,0.089149654,0.041037776,-0.1993482,-0.17353308,-0.3880474,0.44005442,0.051994774
15161,-5.017345,-0.11486304,-0.7548445,-0.38341272,-0.4904734,0.060793303,-0.108967096,-0.25797707,-0.17000024,0.41586804,0.49165747
15162,-5.0517297,-0.10193197,-0.8199533,-0.36700404,-0.30705535,0.06483275,-0.028622054,-0.63582635,-0.17522204,0.47395268,0.27098322
15163,-5.9420958,-0.049740046,-0.904776,-0.44543046,-0.27169088,-0.41907138,0.17929055,0.07134302,-0.4368774,0.43396327,0.50466555
15164,-6.1376286,0.012455119,-1.0973825,-0.62713325,-0.30315584,-0.14658102,-0.0044477405,-0.12021171,-0.057656966,0.70422983,0.2403811
15165,-5.285746,0.019884726,-1.1691624,-0.7526683,-0.46682885,-0.076356895,0.010010124,-0.49601325,-0.17963678,0.72281814,0.5287255
15166,-4.9891796,-0.1802884,-0.9952348,-0.69479364,0.12415026,-0.13364749,-0.06458247,-0.28353712,0.09702167,0.21869546,0.289756
15167,-4.8130097,-0.12054016,-0.79146266,-0.6677483,-0.22281419,0.11432337,0.39684066,-0.041012794,0.11440848,0.4804939,0.49528655
15168,-6.450292,0.09426537,-1.1810967,-0.83868647,-0.09809794,-0.26022422,-0.19432947,-0.03927698,-0.030591698,0.54071766,0.2675026
15169,-5.59579,-0.20616795,-1.1921667,-0.21672317,0.36147952,0.11891217,-0.14776511,-0.21054567,-0.01688801,0.5022817,-0.21071166
15170,-7.3441586,-0.29181543,-1.2954266,-0.42427132,-0.100130014,-0.26656872,0.110453345,0.2889957,-0.06512427,0.52139515,0.578626
15171,-5.22415,-0.2636361,-0.8564765,-0.48834825,-0.2090761,-0.22688664,0.15931496,-0.13613278,-0.047693565,0.3127905,0.11700941
15172,-5.109458,0.028390683,-0.7722712,-0.47796592,-0.21611124,-0.10930627,0.09616832,-0.3263352,-0.10633418,0.6855664,0.24228248
15173,-6.6025014,0.14700367,-1.4321582,-0.9193352,-0.39952865,0.26341856,0.0574709,-0.17042929,-0.025609558,0.7619925,0.75548697
15174,-5.9315996,-0.45243993,-0.8072878,-0.9259037,-0.3358037,-0.11415795,-0.06684693,-0.4550222,-0.038431108,0.2108998,0.42966598
15175,-5.2073536,-0.100662455,-0.82351506,-0.6560067,-0.445075,-0.070638016,-0.34695023,-0.18597388,-0.29980695,0.12100275,0.16485171
15176,-5.983002,-0.29295743,-1.1831229,-0.6011671,-0.16562974,-0.55864215,0.012123858,-0.3381131,-0.113895506,0.45279908,0.09913774
15177,-6.369012,-0.30570662,-1.3263762,-0.5656392,-0.7473699,0.0487446,0.36937267,-0.04430878,-0.23783185,0.70935005,0.71109176
15178,-4.4068894,0.029687598,-0.93042594,-0.46028003,-0.1426396,-0.108075365,-0.030624144,-0.31482905,0.053312585,0.33097008,0.4296057
15179,-5.9353504,0.050400183,-1.2230272,-0.25300425,-0.08465114,-0.08654307,-0.008581345,-0.39053947,-0.08511529,0.49363977,0.23618935
15180,-6.093101,-0.050242282,-1.2367712,-0.7754677,0.057377633,-0.22449045,0.07510874,-0.22738174,0.04011748,0.39540064,0.11953043
15181,-6.646972,-0.16487475,-1.1438941,-0.6124808,-0.9126547,-0.18079422,0.24567114,-0.014705084,-0.340346,0.51114696,0.6331933
15182,-5.974624,-0.110574566,-1.0432004,-0.6420809,-0.38459152,0.06459323,0.40814328,-0.04576558,-0.013951423,0.52668184,0.38251978
15183,-4.7274284,-0.051951226,-0.69470155,-0.58899283,0.27712035,-0.20597507,-0.12735905,-0.37991187,0.20940337,0.5720439,-0.049446456
15184,-5.9322066,-0.26191783,-1.1061639,-0.8779156,-0.062329076,-0.18990049,0.2270224,-0.10128588,-0.13368107,0.404777,0.21160492
15185,-5.9394403,-0.09596086,-1.3587819,-0.586018,-0.35823312,-0.13468483,-0.25795338,-0.24532795,-0.588035,0.34660935,0.2243401
15186,-6.4278164,0.19014156,-1.1353773,-0.7258969,-0.08591233,0.31440866,0.032807566,-0.5970619,0.079611965,0.34539935,0.39932552
15187,-6.4264507,-0.1275595,-1.359547,-1.2115188,0.2961133,-0.24382882,-0.22948158,-0.43547863,0.3199138,0.68109375,0.026262712
15188,-4.832323,0.024979208,-0.70746696,-0.5685236,-0.22802787,-0.037274037,0.21847609,-0.22571082,-0.10217875,0.30040494,0.6359736
15189,-4.5103383,-0.33731872,-0.87273,-0.41891262,0.007585394,-0.112040855,0.19198637,-0.056396484,-0.08240785,0.1372463,0.44801927
15190,-6.3204827,-0.17792839,-1.4323041,-0.73877096,0.34234408,0.09353676,-0.34420654,-0.5525805,0.1636281,0.06966317,0.26146233
15191,-5.0779624,-0.27147633,-1.0007336,-0.88044095,0.017451331,0.17605454,-0.14664292,0.058820114,0.171607,0.8505907,0.13542354
15192,-5.5826554,-0.054116998,-1.0739386,-0.6435988,-0.49108654,0.074502155,-0.34361386,-0.30173555,0.286036,0.7306664,0.09043586
15193,-5.9440913,-0.031314522,-1.4713507,-0.56856996,0.034021523,0.40760094,-0.0827227,-0.20660546,0.02791798,0.41238016,0.29391232
15194,-6.75931,0.1080229,-0.9477616,-0.77371615,-0.37201092,0.017024564,-0.3320427,-0.6646606,-0.12607305,0.20161414,0.110648274
15195,-4.4873567,0.009642703,-0.7314739,-0.3216992,0.013483133,-0.19438511,-0.23986353,0.17736177,-0.06360569,0.38773814,0.3137365
15196,-6.481914,-0.22912416,-1.3957995,-0.8681238,-0.089324005,0.26386023,-0.1091916,-0.2138032,0.054030187,0.10842952,0.2574628
15197,-7.3227534,0.05169659,-1.4294312,-0.53282917,-0.5232793,0.09283947,0.012896355,0.19679773,-0.13683507,0.41920656,0.65034676
15198,-5.9407783,-0.034312926,-1.4633707,-0.68141615,0.014671423,-0.08609673,-0.04787403,-0.27157518,-0.14284264,0.43216816,0.319769
15199,-6.600274,0.22063458,-1.4017386,-0.42536515,0.16974601,-0.28929746,0.32240704,0.11981859,-0.24413325,0.09794977,0.33968264
15200,-4.968548,-0.18180199,-1.2771617,-0.37859935,-0.15808314,0.21827541,0.4711722,0.01446132,-0.06914796,0.4757085,0.37331215
15201,-4.150232,-0.28700542,-0.68461174,-0.75183904,-0.3763434,-0.19501828,-0.027767517,-0.17782034,0.12221832,0.5998439,0.4385155
15202,-5.394116,-0.121432394,-1.5673467,-0.76765853,-0.22613432,-0.055703744,-0.13314295,-0.15128829,0.05802533,0.5294419,0.46119225
15203,-7.4070635,-0.091506906,-1.4678329,-0.88055354,-0.55982953,0.28314483,-0.2747653,-0.64664024,-0.030887933,0.4768772,0.80629015
15204,-5.107426,-0.101517215,-1.1274397,-0.8687056,-0.28235468,0.050236035,-0.104970075,-0.2404516,0.2560888,0.5432242,0.45341253
15205,-6.4647326,0.101403184,-1.4915326,-0.49136573,-0.13545804,0.33440328,0.091885835,-0.6447013,-0.15291747,0.41676155,0.18869935
15206,-5.8087497,-0.13978364,-1.0279529,-0.5579842,-0.2867844,-0.0068830308,0.18109553,0.04090557,0.028024971,0.82456815,0.84948295
15207,-4.98861,-0.3068984,-0.8353681,-0.55695283,-0.2472156,0.1482958,-0.16923183,-0.12034582,0.3122318,0.5955722,0.41823262
15208,-6.0887585,0.0745489,-1.7594507,-0.39050138,0.14612713,0.19208722,-0.24662508,-0.1737659,-0.015081739,0.07051586,0.04402208
15209,-6.746849,-0.2531776,-1.4425598,-0.5413728,-0.7120368,-0.1961146,0.42533708,-0.18265085,-0.5011007,0.4966306,0.46280798
15210,-5.5513554,0.23857254,-0.55034894,-0.58692634,-0.18451342,-0.43957883,0.18386072,0.012697424,-0.3814951,0.33134067,0.36548877
15211,-4.3575807,-0.2840355,-0.70402217,-0.40950224,-0.103015006,-0.048847333,-0.015299539,-0.30473807,0.064004906,0.3988161,0.41635722
15212,-4.0366116,-0.033773914,-0.6087353,-0.1359835,-0.42979965,0.058285143,0.2105665,-0.15458371,-0.18304943,0.3237436,0.14099589
15213,-6.4981837,-0.31752244,-0.8515496,-0.83627087,-0.2581022,0.12232312,-0.1073976,-0.7576897,0.22113852,0.27940115,0.5273705
15214,-5.30607,-0.19355784,-0.9788154,-0.54020655,0.22628124,0.24399021,-0.13931341,-0.12020444,-0.045953408,0.1914888,0.18325856
15215,-4.827388,0.055958677,-0.60986394,-0.57153136,-0.5807069,0.3645196,-0.09386055,-0.638317,-0.12316327,0.49922997,0.34902298
15216,-5.9294887,-0.37726295,-1.1392667,-1.0172211,-0.49645585,-0.121231526,0.27738973,-0.17488444,-0.013777027,0.49518514,0.37601724
15217,-5.436971,-0.22658461,-1.1214875,-0.50119525,0.2326618,0.41341758,-0.012279519,-0.2686195,0.21147104,0.6418245,0.26126096
15218,-4.947599,-0.04067705,-1.1542274,-0.69638765,-0.10830072,-0.016553583,0.0187325,-0.4450976,-0.018303914,0.58095294,0.105178356
15219,-7.7826147,0.08571273,-1.793064,-1.1038332,0.176572,-0.022325369,-0.25705856,-0.6616411,0.43524247,0.5579848,0.4372201
15220,-5.7191133,-0.041698467,-1.0220796,-0.4138468,-0.17311463,0.04443131,0.33877662,-0.16706699,-0.12638967,0.34197998,0.39663044
15221,-5.708423,0.06280488,-1.3018097,-0.6753598,0.43567055,-0.030271798,-0.36916384,0.07108376,0.30191833,0.5033873,-0.04661473
15222,-4.909213,-0.29831052,-0.92586213,-0.3075088,-0.076106876,0.24140668,-0.10431565,-0.06438514,-0.338859,0.42482874,0.35119244
15223,-5.9295716,-0.21936022,-1.6310998,-0.68900186,-0.026782902,-0.29346603,-0.030386988,-0.13382874,-0.10851465,0.3326218,0.2116966
15224,-6.1490498,-0.011017255,-1.126488,-0.37269908,0.21573566,-0.1402028,-0.26849756,0.039843947,-0.32384136,0.19104704,-0.009417581
15225,-4.810213,-0.04726657,-1.1087819,-0.23897767,-0.4647851,0.010107905,0.22128624,-0.11229433,-0.091806486,0.50335604,0.3087872
15226,-3.4016805,-0.16776693,-0.6643011,-0.15914214,0.17191617,0.16345935,-0.010955916,-0.090369426,-0.20755202,0.20519951,0.114624135
15227,-5.0213666,-0.056154203,-1.3101544,-0.6115043,0.06919116,0.090454325,-0.24896632,-0.094166756,0.040019758,0.19259703,0.15793219
15228,-7.6452794,0.00055733323,-1.1583526,-0.93655014,0.020086696,0.012470651,-0.03438274,-0.04665494,-0.14228857,1.0014856,0.7655074
15229,-6.1044393,-0.025968008,-0.940875,-0.5674836,0.17097157,-0.2568155,-0.17242916,-0.0014131572,-0.0700291,0.7244512,0.21950525
15230,-6.2546954,-0.053996246,-1.2111598,-0.79294026,-0.53971124,0.04651583,0.24615897,-0.20130816,0.056775756,0.6828267,0.69633067
15231,-6.6813626,-0.25736535,-1.1704535,-0.9122934,-0.13476697,0.18036088,-0.15430032,0.28596458,0.14408523,0.7579813,0.29138616
15232,-6.737272,-0.016050331,-1.6220201,-0.8626632,0.15466706,-0.19256541,-0.15247029,-0.18554889,0.013286218,0.1727113,0.14079878
15233,-6.3266478,0.09602928,-1.1944691,-0.67028177,-0.10768871,-0.14388539,0.21922041,-0.06468414,0.007904813,0.10214488,0.2297279
15234,-5.9801927,-0.1819597,-1.4738208,-0.69735026,-0.5332311,0.22633576,0.3153452,0.1380048,-0.11166534,0.50798166,0.6937737
15235,-5.747336,-0.2833996,-1.1117542,-0.44962597,-0.103993796,-0.017316533,-0.105369285,0.15037945,0.020239217,0.8118737,0.1305531
15236,-7.9861794,0.20573074,-1.3433242,-0.6637069,-0.014344038,-0.009578211,0.14370988,-0.43837854,-0.7012867,0.56983846,0.100932226
15237,-6.5848885,-0.22218387,-1.3107458,-0.85326475,-0.3215903,0.37217087,0.18565476,-0.24607676,-0.16632932,0.2415976,0.5672671
15238,-3.577865,-0.13359016,-0.7567915,-0.31219885,-0.2390676,-0.20064884,-0.02180557,-0.011144277,-0.14767636,0.21289788,0.24726883
15239,-5.249251,0.12301391,-1.1421726,-0.47399488,-0.17224436,0.19018607,-0.048313767,-0.15129961,0.2548991,0.27460775,0.2565081
15240,-3.8748226,-0.20640948,-0.7375033,-0.65114903,-0.120887585,-0.022850908,-0.25821704,0.045189023,0.11763351,0.5497746,0.03463025
15241,-6.486763,0.14560468,-1.0488739,-0.5534661,-0.12703632,-0.4148686,0.24817772,-0.09856677,-0.28444442,0.15301412,0.41899318
15242,-5.026659,-0.0126433885,-0.98596865,-0.6480811,-0.03491897,0.090811305,-0.33371967,-0.47776237,0.102747515,0.24007228,0.25380585
15243,-4.504362,0.007489097,-1.044244,-0.25786793,-0.036137387,-0.03006991,0.14413476,-0.4497121,-0.1792082,0.28375235,0.12725191
15244,-5.0550275,-0.13789934,-0.8808191,-0.4935196,-0.17333376,-0.007105494,0.12389654,0.029554456,-0.059161566,0.42952564,0.39968523
15245,-6.1996703,-0.1633301,-1.1919615,-0.59958225,-0.5509056,-0.09403556,0.57941383,0.2858343,-0.18792574,0.6343174,0.70722264
15246,-4.307675,-0.18261547,-1.2077773,-0.3257814,0.027041396,0.1821433,0.04635157,-0.08452986,-0.022191988,0.29894772,0.30589715
15247,-5.4574957,-0.20955943,-0.9122638,-0.67288977,-0.044779144,-0.17592715,0.1403716,0.2777311,0.07861079,0.6543699,0.16895802
15248,-6.151944,-0.009728645,-1.1433165,-0.8197196,0.31981334,-0.0128582325,-0.030579556,-0.3377475,0.06755021,0.40460142,0.428236
15249,-7.8651133,-0.08408963,-1.5091461,-0.51563984,-0.33775526,-0.0018176548,-0.2562193,0.11936418,-0.34686187,0.21656889,0.43494597
15250,-4.96336,0.053771015,-1.0244532,-0.4419307,-0.29635766,-0.28173804,0.2650956,0.1070232,-0.42463002,0.34755495,0.32553604
15251,-4.9333615,-0.3199,-0.94662577,-0.5477231,0.056059893,-0.07927006,-0.08362202,0.0892795,-0.3502682,0.6708938,0.17334172
15252,-4.487958,-0.16347094,-0.7567631,-0.5613756,-0.29621363,-0.17452152,0.1762134,-0.118941344,-0.097576894,0.22921637,0.5681972
15253,-5.833839,-0.32119316,-0.9506589,-0.6535756,-0.43181452,0.024016637,0.10758974,-0.08657471,-0.07605619,0.22974846,0.65516454
15254,-5.7588787,-0.35131216,-1.0423001,-0.41954204,0.2192434,0.13556868,-0.17043622,-0.2614791,-0.054295845,0.2714129,0.22573636
15255,-5.724256,-0.03034461,-0.99677736,-0.26358667,-0.25917974,0.07230772,-0.017383456,-0.347952,-0.25537255,0.528222,0.40691853
15256,-7.072463,0.040408004,-2.2370925,-0.8089927,-0.42445466,-0.12318173,0.12014564,-0.019798042,-0.03569924,0.66860324,0.7440524
15257,-5.515795,-0.09104935,-1.0503719,-0.65229905,0.012665341,-0.10111019,0.056694876,0.0043279435,-0.07548195,0.41558862,0.1568191
15258,-7.3127184,-0.06933207,-1.3432772,-0.8862987,-0.43086022,0.42947584,0.15704077,-0.34568152,0.14074248,0.62874365,0.82147175
15259,-5.06797,0.091786474,-0.81989616,-0.44805598,0.10282083,-0.106599174,0.08333025,-0.35740134,0.06559112,0.33415937,0.37210554
15260,-5.3189545,-0.077816516,-1.0522045,-0.6618463,-0.08635108,0.09902038,-0.0998873,-0.4174626,0.0020803837,0.22664437,0.32696828
15261,-4.6092153,-0.1772525,-0.8842429,-0.56270677,0.07411323,0.046321288,-0.28505993,-0.11743037,-0.02640854,0.7103511,0.14221358
15262,-4.4974437,-0.41207182,-0.9490545,-0.57420474,-0.31941187,-0.12971088,0.070073694,-0.2056154,0.15160087,0.30854377,0.8091029
15263,-5.501711,-0.25793466,-1.303503,-0.7494653,-0.2769037,0.35575992,0.23398174,-0.41095465,-0.14444964,0.17052408,0.35648504
15264,-4.3467526,-0.109951265,-0.805821,-0.3918448,-0.07141825,-0.026085317,0.12417637,-0.36372352,0.07307342,0.25226045,0.33879775
15265,-5.933862,-0.034522686,-1.2932417,-0.43587857,-0.24995294,0.120848864,0.22043963,-0.25945088,-0.10537269,0.2834341,0.29730245
15266,-8.072439,-0.014645371,-1.3515794,-0.78985804,-0.12269638,0.20049396,-0.05730214,-0.09166958,0.23061655,0.76083255,0.5982645
15267,-6.232877,-0.17975362,-0.9410457,-0.8362995,-0.6969528,-0.23928578,-0.03674743,-0.38721818,-0.0845796,0.27176902,0.6733392
15268,-5.5502615,-0.091699965,-0.9535929,-0.6429942,-0.38118175,-0.286057,-0.2078839,-0.3438141,0.02283493,0.31378365,0.20451763
15269,-7.5321984,-0.025703568,-1.5482955,-1.1521431,-0.20138605,-0.3552727,0.29094025,-0.80408794,0.1423481,0.28175646,0.5011671
15270,-7.561098,-0.07632332,-1.5212482,-0.8727359,0.118501715,0.058410335,-0.16662279,-0.33663633,-0.044143617,0.20959176,0.07639427
15271,-5.93981,-0.018763661,-1.1681283,-0.62872994,-0.14024577,0.26589382,-0.11626216,-0.23222058,0.34782088,0.637266,0.05152205
15272,-4.323066,-0.041078284,-0.7978657,-0.48963046,-0.10491754,-0.23638254,-0.015046575,-0.18885475,-0.11754742,0.19610333,0.20946382
15273,-6.214902,-0.20967418,-0.6770555,-1.0552641,-0.2164701,-0.48391992,-0.17090413,-0.29442307,0.05565814,0.45436335,0.83758533
15274,-5.204355,-0.40833297,-0.78046995,-0.54733276,-0.0009653112,0.07415708,-0.25014,-0.18394835,-0.012069194,0.58524686,0.566945
15275,-5.4897037,-0.16247906,-1.0505776,-0.32806823,-0.5103537,-0.1285611,0.06931667,-0.22738026,-0.11717276,0.21449162,0.6671913
15276,-6.174238,-0.25633648,-1.5644486,-0.5395555,0.100912474,0.16183302,0.07858977,0.17491336,0.00621094,0.38512778,0.41533738
15277,-5.609664,-0.21072441,-0.8758599,-0.6920887,0.26718354,-0.09692456,-0.38090724,-0.51738244,0.1147026,0.22713903,0.019366922
15278,-5.26408,-0.09268379,-1.0633053,-0.6152454,0.0686568,0.333892,0.07925557,-0.12919301,0.06277461,0.5054358,0.30890974
15279,-6.7898097,-0.30110034,-0.8721232,-1.2030169,-0.5945384,0.27563924,0.2103442,-0.48905867,-0.23511158,0.28857335,0.6790425
15280,-6.035575,0.019572984,-1.3544468,-0.6182744,0.4620117,0.24305288,-0.016948313,-0.24144992,0.12256835,0.5474842,0.18672857
15281,-5.345315,-0.1837455,-0.8883478,-0.55438447,-0.23858,-0.1673109,0.009858614,-0.17618911,-0.25792626,0.34174827,0.2782634
15282,-5.0577154,-0.1205198,-1.1315229,-0.41567972,0.28184184,0.050642107,0.12787178,0.0584319,0.07983754,0.517105,0.2077566
15283,-6.654229,-0.25458547,-1.8766497,-0.93863076,0.069635585,0.40564895,-0.41517806,-0.5580964,0.34077772,0.4738396,0.25843924
15284,-5.7584887,-0.14720742,-1.1802458,-0.7246471,-0.18292667,-0.14945272,-0.21741089,-0.018305145,-0.040657274,0.8613616,0.41757268
15285,-4.4097624,-0.29333544,-0.89459014,-0.057411663,-0.15098761,0.3158695,-0.1199327,-0.22947331,-0.21726587,0.26351938,0.3845014
15286,-6.1828537,-0.23989953,-0.9819903,-0.6168962,-0.106651954,0.08168835,0.12540357,0.13865067,0.11395153,0.6655475,0.57906014
15287,-6.5426946,-0.19037251,-1.0428504,-0.9740718,0.020165702,-0.038066432,0.028697032,-0.30241385,0.07610081,0.3765952,0.70810896
15288,-6.239362,-0.13638224,-1.610014,-0.754373,-0.1391122,0.24054752,0.19808498,-0.4099056,-0.027594047,1.0252491,0.30567753
15289,-4.4002123,-0.072479196,-0.9119568,-0.25094852,0.05896376,0.10435127,0.049306378,-0.17833795,-0.17789155,0.027327348,0.3457464
15290,-6.1191983,-0.25397483,-1.1522037,-0.80076575,-0.26231572,-0.13156238,0.10889932,0.09384367,-0.1266831,0.55033684,0.3025058
15291,-3.9778788,0.060056526,-0.59052306,-0.6184384,-0.024813376,-0.05049392,-0.12703945,-0.45998552,0.02526946,0.28919095,0.16151339
15292,-6.5433855,-0.13229176,-1.1773621,-0.747933,-0.17536864,-0.08010456,-0.15170218,0.14289238,-0.27128807,0.6110438,0.56836784
15293,-7.272696,-0.17815895,-1.4130723,-0.9592862,-0.39049643,-0.08085555,-0.04098098,-0.48311025,0.034678206,0.22648731,0.83550113
15294,-7.4253078,0.20604219,-1.4412236,-0.45664984,0.32208052,0.07601368,-0.49098292,-0.07423595,-0.3092697,-0.03709533,0.093584955
15295,-5.2123685,-0.072799414,-0.7263788,-0.5498672,0.05310483,-0.14318004,0.21481311,-0.026468406,-0.23263533,-0.06971798,0.45927498
15296,-5.458256,-0.37341207,-0.9156276,-0.61125106,-0.38966918,-0.055431634,-0.07815377,-0.48078412,0.08805655,0.45658568,0.712739
15297,-7.9035635,0.0737068,-1.6360137,-0.6622613,-0.14532354,-0.13405912,0.18952847,-0.451232,-0.24777631,0.25629714,0.47533125
15298,-6.9282866,-0.34152633,-0.9686709,-0.4200748,-0.48546588,0.07427802,0.4073368,-0.47649398,-0.45393705,0.41008094,0.63171035
15299,-6.6392016,-0.2045766,-0.9659487,-0.49720854,-0.04142535,0.39873666,0.06807958,0.02389864,0.08909388,0.28273785,0.07833342
15300,-5.3752284,0.17764355,-1.2928376,-0.48983693,0.18441217,0.040951326,-0.13667712,-0.33079568,-0.06797203,0.16715024,0.1259299
15301,-6.409534,-0.042336468,-1.1543039,-0.54045624,-0.625464,0.104951985,-0.18168908,-0.2850799,0.00021297485,0.30210766,0.5949316
15302,-4.543572,-0.19245541,-1.0507848,-0.5578291,0.105688855,-0.15726072,-0.19409847,0.18406072,-0.14522387,0.4305008,0.20957813
15303,-5.0051565,-0.14967757,-0.86520225,-0.765956,-0.20014746,-0.037452195,0.24026714,-0.2864185,0.19267875,0.5789204,0.13537872
15304,-4.043746,-0.019990806,-0.7592953,-0.6124527,-0.19717753,0.08984714,-0.03280977,-0.5987799,-0.010823987,0.15416618,0.21537727
15305,-4.753858,0.05525003,-1.1435527,-0.556721,-0.15186471,0.3295012,0.10505437,-0.3576251,-0.0028341226,0.20482323,0.35092255
15306,-4.6626663,0.14068387,-0.9484143,-0.40876132,0.19792967,-0.029539257,0.0073054773,-0.20790671,0.0070848307,0.29262352,0.19839348
15307,-6.545001,-0.50321335,-0.9741976,-0.75739586,0.24869986,-0.46609056,-0.01399009,-0.086224295,0.055987783,0.7323857,0.17010084
15308,-6.3222427,-0.17122984,-1.1813838,-0.4434109,0.28482497,-0.17492387,-0.037638243,-0.08631103,-0.05337719,0.55449516,0.14835504
15309,-6.037246,-0.18117173,-1.125745,-0.5473132,0.004352914,-0.0621104,-0.20930749,-0.054750897,0.086810805,0.59367305,0.37822574
15310,-4.640502,0.119096674,-0.76087755,-0.2508972,0.16767393,0.07963703,0.012742914,0.10585042,-0.08512566,0.31530264,0.13100827
15311,-5.1052465,-0.1535599,-1.1587912,-0.6850297,-0.22307052,0.006947652,0.050985195,-0.14821611,0.17916456,0.38844532,0.5445559
15312,-5.9362407,-0.22060461,-1.08596,-0.552931,0.035668317,0.2350125,-0.25501135,-0.18483366,0.11370702,0.9579936,0.21678434
15313,-5.305864,0.047042392,-0.9053852,-0.46668395,-0.33968207,-0.037598316,0.46732202,-0.3373386,-0.06830799,0.24378994,0.29278815
15314,-6.950365,-0.34020802,-0.8931137,-0.58298415,-0.39768216,-0.36616158,0.14653093,-0.13175252,-0.3750462,0.5642209,0.6468056
15315,-5.2583656,-0.26770934,-1.0817704,-0.68341666,0.18290943,0.56317705,-0.14708422,-0.39157295,-0.09756875,0.03222529,0.16126885
15316,-6.2646875,0.0065464815,-0.7358973,-0.64333314,-0.024986021,-0.15013836,0.083524115,-0.2958618,-0.36116132,0.21726993,0.6997629
15317,-6.2099104,0.07381291,-1.1551234,-0.8542437,-0.569415,-0.45018917,0.09029189,-0.12474524,-0.16369382,0.22354382,0.7186771
15318,-7.7584443,0.13186944,-1.7186322,-0.7925799,0.17364612,-0.14710395,-0.12476661,0.031771906,-0.088283055,0.86256325,0.42474955
15319,-5.658012,-0.40323144,-1.3884983,-0.5845091,-0.27174702,-0.040879484,-0.20482752,-0.10200349,-0.2030154,0.42355445,0.5699408
15320,-4.7086997,0.024676027,-0.9292952,-0.3344351,0.2285691,-0.13540924,-0.09036144,-0.4162708,-0.12939987,0.24275278,-0.01830848
15321,-7.0082364,0.16840264,-1.175977,-0.5118255,-0.12581247,-0.116651066,0.029667366,-0.6556052,-0.47226492,0.27253124,0.16618966
15322,-6.31211,-0.32087302,-1.5345001,-0.3242748,0.32282603,0.5002407,-0.25827894,-0.29976186,-0.13090673,0.24550812,0.4127789
15323,-5.1151915,0.050919686,-1.1576104,-0.5045501,-0.010066075,0.003229797,0.080094665,-0.022301706,0.15541844,0.31133795,0.33623725
15324,-5.6303034,-0.0932441,-1.3362722,-0.6999363,0.2501936,-0.19791941,0.01418491,-0.10480584,0.29101503,0.4752873,0.11364336
15325,-3.7745051,-0.01710501,-0.85074574,-0.5604355,-0.20350689,-0.08359485,0.07647621,-0.2922672,-0.025386048,0.20889652,0.13390528
15326,-7.736096,0.114043474,-1.4084328,-0.70433915,-0.14176202,-0.2419547,-0.36196646,-0.38257504,-0.032035224,0.09396397,0.41595885
15327,-6.798608,0.11466616,-1.6264334,-0.7720279,0.22556636,-0.25241762,0.39238173,0.13866733,0.29163414,0.6081118,0.17221485
15328,-5.8880315,0.029767562,-0.988009,-0.5203993,0.19945285,-0.11759348,-0.37583792,-0.20638895,-0.36882246,0.41471434,0.16319732
15329,-8.524509,-0.4219996,-1.6956025,-1.2383394,-0.25694668,-0.18696173,0.16700923,-0.8160575,-0.32136694,0.5513837,0.5119433
15330,-5.06962,-0.2604915,-1.1164438,-0.49697566,0.11298621,-0.078121796,0.07343561,-0.14289916,-0.2774105,0.6678123,0.026436348
15331,-6.246273,-0.2125392,-1.041696,-0.35395816,0.2425318,-0.03307962,-0.07599558,-0.118159465,-0.02835861,0.82086974,0.39730343
15332,-3.6866422,-0.16987973,-0.5898359,-0.3208455,-0.088538475,0.109694205,0.060417373,-0.38641214,-0.08048416,0.23432857,0.20100251
15333,-7.004066,-0.11559214,-1.337645,-1.024933,-0.002019009,-0.49403542,-0.04207533,-0.013840171,-0.31388006,0.38613963,0.37146652
15334,-4.96172,0.054657295,-1.0751382,-0.715541,-0.2648028,-0.08700714,0.28408983,-0.111949906,-0.0003881082,0.27341694,0.38106006
15335,-6.003571,-0.22136207,-1.4588133,-0.035444487,0.34317437,0.10387652,-0.17379624,0.21677756,-0.14869736,0.12046292,0.350298
15336,-5.6159515,0.11920738,-1.089714,-0.381763,-0.2261261,0.37411398,0.1723095,-0.55089116,0.04144247,0.34305447,0.35869524
15337,-5.5079823,-0.31716645,-0.8987275,-0.38827804,-0.34263238,-0.31345886,0.10168158,-0.094588175,-0.11377798,0.36563578,0.03831235
15338,-6.3928385,-0.14221199,-1.3775609,-0.6831335,-0.56535053,0.05988102,0.16006885,-0.49647942,-0.2867556,0.34577155,0.83210367
15339,-5.6303067,-0.09238833,-1.3161817,-0.04532389,0.4275739,0.17873059,-0.19441319,-0.14348619,-0.25626683,-0.21048819,0.26799145
15340,-6.919041,0.24018641,-0.98680276,-0.2993302,0.11405755,-0.4895994,0.047940098,-0.10896972,-0.45776886,0.11567444,0.50148916
15341,-6.5759683,-0.4524127,-0.82998395,-0.7093907,-0.41754988,-0.393152,-0.08322286,-0.3825074,0.12241775,0.6055992,0.64203656
15342,-5.13226,-0.03242191,-1.03216,-0.47624508,-0.1432951,0.2100183,0.1345845,-0.015887653,-0.07491551,0.5228789,0.21385308
15343,-6.484172,0.10753157,-1.5669545,-0.7828666,0.1869374,-0.08236691,-0.25829956,-0.08527057,0.07765471,0.49491328,0.21563368
15344,-5.8252864,0.0005984232,-1.2343836,-0.57631415,-0.15989038,0.30400187,0.08818032,-0.17210187,-0.17688201,0.08885449,0.27169803
15345,-5.3173475,-0.18222275,-1.1061553,-0.51043636,0.10919664,0.3404904,0.045117117,-0.097472094,0.13601369,0.3856491,0.18172054
15346,-5.322721,-0.1509709,-0.96778226,-0.330562,-0.043764982,-0.06795543,-0.13125226,0.037246898,-0.11009677,0.66017264,0.1587709
15347,-5.1311617,0.095377795,-1.0757166,-0.6198356,-0.10445507,-0.21721521,0.09041725,0.035027288,0.008411188,0.46668565,0.4735525
15348,-4.5042353,0.07277013,-1.0799863,-0.43809387,-0.28592896,0.11455753,0.03067049,-0.4848214,-0.15432315,0.3481968,0.15535332
15349,-6.8018956,-0.05082164,-0.6366694,-0.4838265,-0.15611985,-0.34400105,0.21676834,-0.46292555,-0.3634402,0.053484753,0.33172062
15350,-6.279253,-0.048153713,-1.33777,-0.22872251,0.20132735,-0.035094358,-0.57539755,-0.3248752,-0.4576515,-0.051478107,-0.117181666
15351,-3.9633818,-0.11882347,-0.714162,-0.3865467,-0.009301359,0.12305821,0.025822785,-0.14213516,0.010207716,0.30149665,0.3361767
15352,-5.472018,0.049152516,-0.75042975,-0.6810497,-0.09834813,-0.07941738,-0.057130344,-0.23410106,0.07678054,0.38350058,-0.005834355
15353,-6.7882957,-0.12244667,-1.4430497,-0.7842014,-0.0074845706,-0.24086511,0.21328653,0.255716,-0.3161574,0.46571386,0.3019794
15354,-5.9208403,-0.16687566,-0.85741657,-0.8338368,-0.12013676,0.3817979,-0.34551638,-0.41492,0.09427726,0.9731539,0.22876725
15355,-4.2189565,-0.09565915,-0.7903018,-0.34415814,-0.21012978,0.29947996,-0.05066231,-0.28916523,-0.123454034,0.55800134,0.105743915
15356,-4.1081533,-0.06737878,-0.8060738,-0.5619155,-0.40957606,0.069262065,-0.09775971,0.14185844,0.07777268,0.42470244,0.28876913
15357,-5.0430713,0.1135532,-1.1253606,-0.77361655,-0.020813528,-0.18944445,0.012622917,-0.25595033,0.118263766,0.25770137,0.0285813
15358,-6.1828713,-0.25121737,-1.3952354,-0.79278266,-0.023273367,0.34964633,0.05037095,-0.20423071,0.05753678,0.5043077,-0.07626088
15359,-5.743073,-0.18084943,-1.3864636,-0.64551175,-0.013729654,-0.1305466,-0.22162773,-0.3826533,-0.1398822,0.44730213,0.302992
15360,-5.54439,-0.106970035,-1.2338684,-0.42214596,-0.023388801,0.10573438,-0.13258694,-0.36058983,-0.25142616,0.17996593,0.08810716
15361,-3.5669334,-0.20718409,-0.61942387,-0.67723554,-0.41246882,-0.06456546,0.050711088,-0.1327563,-0.009454038,0.3432478,0.53935516
15362,-6.2436824,0.13182825,-1.009362,-0.49445993,0.06395736,-0.397435,-0.42455098,-0.25343898,-0.25584114,0.15137029,0.23092277
15363,-4.3993907,-0.17238577,-0.5208185,-0.3699388,-0.3300868,0.055250164,0.116115384,-0.31851488,-0.2753959,0.17943653,0.35954458
15364,-5.949912,-0.14849558,-0.9960471,-0.9340004,-0.22907187,-0.103892356,-0.07442605,-0.32160014,-0.086980596,0.6032263,0.2197812
15365,-6.4302998,-0.36441624,-1.6978816,-0.7071829,-0.42522544,-0.38252592,0.017369581,-0.31633797,-0.120665446,0.54751277,0.6561768
15366,-6.57004,-0.12753397,-1.73859,-0.9877061,-0.06192501,0.18382646,-0.16425219,0.028892245,0.5634498,0.8659533,0.25561193
15367,-7.3830147,-0.044733543,-1.8319951,-0.7134567,0.31141567,0.015784532,-0.16650257,-0.23233938,0.26093158,0.46435776,0.41167828
15368,-6.449192,-0.09857447,-0.8687969,-0.44940373,-0.56904376,0.05331108,0.35890716,-0.59911907,-0.21092303,0.29668155,0.43331447
15369,-6.18536,-0.29336736,-1.4371945,-0.752769,-0.3304864,0.059595976,0.40412632,-0.10457233,-0.07160825,0.44261447,0.6050421
15370,-4.077393,0.09241863,-0.83822465,-0.3417542,0.10118189,-0.1361767,0.084990956,0.16005251,0.014009938,0.35566378,0.2778095
15371,-7.8540854,-0.056006674,-1.3614101,-0.6887007,0.07323738,-0.40598798,-0.23810552,-0.051622696,-0.33597413,0.54715854,0.2395163
15372,-4.800951,-0.11810227,-0.6629112,-0.24579608,-0.112664364,-0.08195712,-0.3210231,0.028495576,-0.17693375,0.35283998,0.102020726
15373,-4.736739,-0.11955276,-0.90056205,-0.18412538,-0.1329538,-0.1581245,0.047543183,-0.1437096,-0.21172845,0.25899437,0.340969
15374,-9.009354,-0.1493904,-1.5517752,-0.9472901,0.040444303,0.5498389,0.2301641,-0.28833523,0.06575357,1.0603306,0.5857808
15375,-7.3420577,-0.36232626,-1.8034635,-0.40969896,0.28118867,0.011119283,-0.29631114,0.044730164,-0.1372554,0.5352302,0.4786025
15376,-4.072141,-0.16843934,-0.56775165,-0.49152094,-0.49657583,0.09466887,0.14720361,0.008115799,0.0653827,0.46235386,0.29718873
15377,-6.707721,0.09190988,-1.1574049,-0.72215337,-0.33687288,0.056908913,0.048491873,-0.38185552,-0.12997442,0.4841774,0.067748114
15378,-5.0661902,-0.009770001,-1.0167254,-0.59248024,0.22761993,0.07892966,-0.14123914,-0.2765828,0.121228136,0.28174785,0.43385383
15379,-4.1455135,-0.1794181,-0.6390298,-0.44720972,-0.4623314,-0.0663835,0.044364218,-0.049547017,-0.15409648,0.46962762,0.10537688
15380,-5.744163,-0.17207175,-0.88298625,-0.5363335,-0.11188107,-0.15273684,-0.004673465,0.04568979,-0.378905,0.24847046,0.64884007
15381,-6.4035826,-0.30497518,-1.3179672,-0.7222871,0.1405017,-0.17399521,0.025238179,0.07104648,-0.11753379,0.23821744,0.38209188
15382,-6.510613,-0.2928775,-1.433131,-0.75652236,0.1908285,0.010514867,-0.095876165,-0.3464415,0.30868068,0.5857354,0.1833573
15383,-7.7265816,-0.24526249,-1.6634318,-0.8853092,0.38926384,0.021148741,-0.28691906,0.0018727072,-0.16008194,1.0531762,0.4580894
15384,-6.895816,-0.28451246,-1.7627102,-1.0582671,-0.06371701,-0.12464456,-0.20231877,-0.18108398,0.018258333,0.6669931,0.12829396
15385,-6.259393,-0.062885635,-0.967071,-0.7609449,-0.67552555,-0.09375788,0.24172023,-0.35538504,0.036208775,0.35187167,0.7198062
15386,-6.864345,-0.07130013,-1.4815961,-0.88780975,-0.1986129,0.2732191,0.43874612,-0.7145513,0.089264646,0.47140646,0.36128622
15387,-5.322195,-0.22725004,-0.88878304,-0.78828114,-0.8148507,-0.08715523,0.25387377,-0.11265154,0.02965672,0.42686087,0.5654806
15388,-5.1152077,-0.031876348,-0.9802127,-0.42595226,-0.49672347,-0.11956245,0.08632832,-0.17896353,-0.0036060605,0.40091652,0.37936154
15389,-6.7853947,-0.08552167,-1.439833,-0.64801645,0.0314726,0.2602675,0.15288588,-0.19238748,0.021137344,0.28792045,0.36995262
15390,-7.5831885,-0.3724061,-1.2735915,-0.74053675,-0.11366368,-0.25428605,-0.015621769,-0.2672253,-0.14171332,0.27888617,0.46587285
15391,-6.3974967,-0.2918327,-1.0980922,-0.83657247,-0.02652814,-0.16037403,-0.22370312,-0.16946454,-0.1582868,0.16172068,-0.10932861
15392,-4.66687,0.13696453,-0.7761675,-0.35084978,-0.43725142,-0.07461697,-0.16761476,0.12542315,0.010879262,0.47226468,0.17936154
15393,-4.8114862,0.20386241,-1.0368516,-0.44293043,-0.124161966,0.08891863,0.18567958,-0.057026625,-0.16883451,0.1486481,0.26790968
15394,-5.802664,-0.24024248,-1.1080244,-0.5460841,0.170578,-0.098344475,-0.15199733,-0.21521032,0.077560134,0.48087674,0.22938664
15395,-4.7183657,-0.19151431,-1.0749706,-0.26094422,0.2782489,0.42371553,-0.20681316,-0.2785186,0.051577576,0.3998309,0.040584255
15396,-7.8841734,-0.13483696,-1.5429239,-0.7337389,-0.42106855,0.15259287,0.5593119,-0.11050806,-0.44897547,0.6679201,0.7814806
15397,-6.824344,0.20921104,-1.529778,-0.73775417,0.095857374,0.2057153,-0.34004688,-0.24474499,0.06646524,0.5141134,0.24132995
15398,-6.3499665,-0.37609273,-1.1259729,-0.8024194,-0.06198535,0.32560754,-0.04778882,-0.51371044,0.04441803,0.3457099,0.38545057
15399,-6.140603,-0.19237477,-1.5240982,-0.47026,0.25974333,0.10948775,-0.18173903,-0.15921567,-0.04233449,0.37972915,0.20725377
15400,-6.4510603,0.032660097,-1.2676176,-0.6055293,0.046268698,0.38152105,0.13591827,-0.08169587,-0.0008896664,0.4410934,0.34126437
15401,-8.789205,0.06987044,-1.3062093,-0.6799526,-0.2445601,0.037848167,-0.20745148,-0.5562427,-0.5972732,0.9151946,0.4468372
15402,-4.7002892,-0.04398327,-0.77722174,-0.671283,0.103467666,-0.17630252,0.13988538,-0.1241247,-0.107302286,0.09239464,0.08287703
15403,-5.9479485,0.22146441,-1.5613583,-0.6338888,0.10653284,-0.06416055,-0.008456874,-0.13351803,0.20428856,0.4926123,0.09255499
15404,-6.737685,-0.28355798,-1.3477055,-0.89470786,-0.34838566,0.09218501,-0.042673204,-0.5331491,-0.09500467,0.36304694,0.2682393
15405,-5.960243,-0.35662395,-1.1868988,-0.9662543,-0.6443262,-0.07864583,0.37330776,-0.3725472,-0.15635733,0.73168844,0.5227426
15406,-6.2885647,-0.30652994,-1.7162513,-0.9236428,0.43077457,-0.13862114,-0.29680142,-0.2114902,0.2952977,0.567579,-0.03666825
15407,-4.555254,-0.14376326,-0.9152784,-0.32389855,-0.32935363,-0.20202368,0.07987568,0.16766557,-0.2729502,0.29302883,0.16931838
15408,-4.7129793,-0.46654698,-0.8193563,-0.5894826,-0.4478719,-0.13873194,-0.13028525,-0.3298498,0.04427514,0.657206,0.35841835
15409,-6.9164934,-0.13250552,-1.3567125,-0.862455,0.07338167,0.5447615,0.059128072,-0.433351,0.050028495,0.40987447,0.6181047
15410,-6.463306,-0.04491495,-1.2174722,-0.7794816,-0.2561482,-0.38358414,0.023557141,-0.2856966,0.14437018,0.29412213,0.39168143
15411,-7.0977073,-0.2611957,-1.2321885,-0.20255195,0.31195208,-0.051527772,-0.2690024,-0.14508851,-0.06446732,0.21915531,0.26409364
15412,-6.8416233,-0.08037541,-1.6091859,-1.1623476,0.07448577,0.07350892,-0.1698607,-0.69016117,0.2482764,0.5180471,0.6369004
15413,-5.8201523,-0.4646362,-0.9835675,-0.76355296,0.014236154,0.18176778,-0.08890572,-0.16572675,0.17903608,0.93704647,0.19223596
15414,-5.295737,-0.30418178,-0.7133395,-0.43684375,-0.05630514,-0.50262004,0.082702346,0.24801278,-0.17185475,0.49695414,0.3246676
15415,-5.370234,-0.18087156,-1.1152551,-0.6511454,0.19228773,0.12876445,-0.5020229,-0.163446,0.20044845,0.51891327,-0.11179359
15416,-5.7015395,0.13026214,-0.8954159,-0.38497832,0.26904935,-0.040877864,-0.117568634,-0.14888334,-0.22593954,-0.06263913,0.21988735
15417,-4.9957814,-0.1223284,-0.94557387,-0.5035438,-0.47532988,-0.05998955,0.13360846,-0.45013288,-0.09922496,0.486277,0.24216016
15418,-6.4773917,0.14725362,-1.415828,-0.74531895,-0.19938083,-0.38636422,-0.09380999,-0.0016862759,-0.12357855,0.36184645,0.5500401
15419,-6.624966,0.04165849,-0.8987381,-0.8655037,-0.31179282,-0.09555086,0.065785974,-0.49617133,-0.29643548,0.5142748,0.6487222
15420,-4.209236,-0.20093098,-0.93330145,-0.29810074,0.00789455,0.09876799,0.082371525,0.07376958,-0.11869353,0.42167026,0.44351226
15421,-4.160627,-0.05312198,-0.99054176,-0.7652312,0.009730799,-0.14762837,-0.20008662,0.008956672,0.16317554,0.3814177,0.057565037
15422,-5.520555,-0.22864248,-1.1884888,-0.6106303,-0.0772062,-0.083996,0.053327873,-0.16946767,-0.011799615,0.2884815,0.0884892
15423,-5.178511,0.010253467,-1.107258,-0.42549896,-0.24208991,-0.039454237,-0.09149997,-0.1939391,-0.17680451,0.14208321,0.21283703
15424,-5.853072,-0.060020324,-1.316951,-0.43592516,0.14271578,0.15847215,-0.0042039547,0.2597163,-0.10759736,0.2889553,0.13017003
15425,-8.070682,0.18161179,-1.5693319,-0.9128156,0.0497902,0.26916027,-0.4679498,-0.19104704,-0.17022665,0.42676705,0.19644451
15426,-5.5376663,-0.3469429,-1.4876298,-0.40061292,0.13077654,-0.2513553,-0.292073,-0.22186811,-0.12543432,0.38009563,0.52550197
15427,-5.6874785,-0.12556791,-0.94147617,-0.36231413,-0.19377768,0.037601262,0.35404423,-0.30482543,-0.355163,0.5532272,0.3861743
15428,-5.9834924,0.079392225,-0.9134784,-0.2814942,-0.0433357,0.29825073,-0.06487743,-0.31202897,-0.037817813,0.4100405,0.3960914
15429,-4.72169,0.039821412,-0.9694527,-0.31659046,0.009270748,-0.056150585,-0.07096918,-0.10623431,-0.24947856,0.17593497,0.036902543
15430,-4.5645213,-0.11892575,-0.91258925,-0.7983472,-0.32298523,0.41727483,-0.02753381,-0.40008485,0.35375792,0.5899734,0.5981006
15431,-6.699685,-0.0129693365,-1.5218432,-0.7521617,0.2829243,-0.07500518,-0.16869633,-0.14600378,-0.079615444,0.45025226,0.25220323
15432,-5.2593923,0.21890107,-1.1573232,-0.3194181,0.19972834,0.06831886,-0.23582944,0.03170126,-0.17404126,0.15710062,0.33245048
15433,-4.568239,-0.12201947,-1.2186892,-0.49399602,-0.14501041,0.15012206,-0.17990996,-0.2548217,-0.0007143207,0.55403286,0.39859167
15434,-6.650778,-0.32363978,-1.2613523,-1.1679116,-0.48893344,-0.010370033,0.4000324,0.26217282,-0.14338696,0.71294194,0.7940457
15435,-7.0340986,-0.059954662,-1.0014346,-0.94225425,-0.52649295,0.12449772,0.14518215,-0.1454675,-0.09791653,0.3542755,0.42510554
15436,-5.602061,0.0006352877,-1.4475384,-0.38812664,0.4800263,0.003417709,-0.45247722,0.016514163,-0.1889849,0.14098212,0.2127332
15437,-5.1491656,-0.30503348,-1.1060188,-0.5795198,0.17064103,-0.16396424,-0.19749244,-0.0214985,-0.22057453,0.32726312,0.02561644
15438,-5.3026643,-0.07698803,-1.254738,-0.50755477,-0.16133301,0.17582437,-0.25684592,-0.017006423,0.028094769,0.42801997,0.13457987
15439,-7.0948887,-0.13531555,-1.41732,-0.9400644,-0.07306048,-0.22958297,-0.17319877,-0.050747342,0.06366901,0.4822267,0.17635925
15440,-5.6193204,0.07995353,-0.9545754,-0.79881203,-0.13920301,0.015896544,-0.059126236,-0.07501293,-0.028238794,0.3927854,0.3892895
15441,-5.651198,0.11187973,-1.2811917,-0.5771879,-0.16276489,0.17094174,-0.23050748,-0.25345716,-0.07754673,0.1632177,0.35032126
15442,-3.9640105,-0.28326923,-0.75584453,-0.4220105,-0.07271547,-0.13784716,0.021288106,0.008588436,-0.011416329,0.33664352,0.2862518
15443,-5.795235,0.16324206,-0.9871823,-0.63938165,-0.211354,-0.16380705,0.010719223,0.024214009,-0.08953625,0.2828374,0.33899918
15444,-4.8458805,-0.3484845,-0.7824298,-0.5741473,-0.23910236,-0.17568234,-0.016660538,-0.29235858,-0.0497543,0.5422085,0.60019493
15445,-5.872413,-0.29272953,-1.013923,-0.3084249,-0.4271306,0.3875087,0.2628347,-0.4662788,-0.07895177,0.26011994,0.6205635
15446,-6.026792,0.10289216,-0.98134935,-0.70097095,-0.39003947,0.026434401,-0.15420124,-0.17242472,-0.018495733,0.42537722,0.22576393
15447,-6.5221887,-0.30172753,-1.1222671,-0.9210676,-0.5529838,-0.42844564,0.3334626,-0.10328874,-0.22124368,0.55440646,0.73017937
15448,-5.6482673,-0.14140429,-1.0981253,-0.874564,-0.0016993075,0.14816242,-0.14185792,-0.37161744,0.5260479,0.81256264,0.35527733
15449,-6.8448186,0.14065872,-1.4077924,-0.56473047,0.1133746,-0.054208983,-0.3726515,-0.54459405,-0.022855842,-0.108354636,0.4085764
15450,-5.55326,-0.28737894,-1.2433636,-0.92017215,-0.2447303,0.22715259,0.17154434,-0.22187582,0.08009165,0.42220864,0.747584
15451,-4.805192,0.038723942,-0.7709329,-0.37588692,-0.42726985,0.15878624,0.057154223,-0.46967247,-0.21955672,0.35834846,0.1560743
15452,-6.5472193,-0.23376803,-1.1442392,-0.8352935,0.11456306,-0.31735158,-0.22262214,-0.2616996,0.31259456,0.4961829,0.30802366
15453,-4.774903,-0.3906929,-1.0799297,-0.5220246,0.22402228,-0.082752556,-0.24254416,-0.23487534,0.03978797,0.4048889,0.33485088
15454,-5.761339,0.017007116,-1.2643815,-0.34773728,-0.26665244,-0.009912662,-0.15696853,0.28376412,0.07064369,0.4183333,0.30416134
15455,-5.38996,-0.32610112,-0.5944096,-0.90895563,-0.20616096,-0.29488534,0.06132807,0.02593322,-0.12361644,0.42383865,0.59216195
15456,-4.598002,-0.07615645,-1.0722171,-0.7764372,-0.16127172,0.08255596,0.17217651,-0.39363644,0.25577018,0.28371373,0.50238353
15457,-5.5339403,-0.07558517,-1.0596,-0.46737695,-0.22466348,0.2623018,0.23454614,0.11128555,-0.07814516,0.35817257,0.16365388
15458,-6.4783096,-0.09926221,-1.215883,-0.59230804,-0.19539842,-0.10433231,0.1920588,0.038536757,-0.18899286,0.43029082,0.554779
15459,-5.4071674,0.098883286,-1.0398296,-0.5951635,-0.11535784,0.14486004,0.106091015,-0.41336527,0.24775286,0.38599682,0.3281431
15460,-6.01099,-0.27776355,-1.412188,-0.5088934,-0.18082896,0.3140549,-0.5421725,-0.19321853,-0.20969054,0.56276345,0.32580298
15461,-5.145131,-0.24158178,-0.8161139,-0.64964134,-0.368181,0.023487028,-0.08572045,-0.56191033,0.10866373,0.52979225,0.2699093
15462,-5.238672,-0.1503735,-0.87814766,-0.44857827,-0.07890476,-0.017730976,-0.43524963,-0.3775937,-0.23648529,0.15373917,0.06987661
15463,-5.208024,-0.1399556,-1.0028075,-0.6618375,0.14275958,0.26989144,-0.41854492,-0.15406592,0.040642392,0.5330032,0.13116829
15464,-5.48363,0.034888476,-0.83948404,-0.7106416,0.011643635,-0.0023166481,-0.30093592,-0.7865231,-0.13075785,0.077394105,-0.15458375
15465,-7.1762166,0.01905391,-1.2755996,-1.0587993,0.022644483,-0.0727975,-0.0659817,-0.42131454,-0.11691092,0.98772717,0.13077737
15466,-9.155264,-0.32318503,-1.562635,-1.0422139,-0.25121242,0.41129744,0.09026774,-0.83754474,-0.106607094,0.5173408,1.0025907
15467,-6.313372,-0.3002866,-0.95111483,-1.0373998,-0.48521456,-0.0832965,0.20510584,-0.14999072,-0.04405217,0.6130353,0.8159464
15468,-4.6993504,-0.13290863,-0.74472994,-0.68192065,-0.5776668,-0.02168619,0.1034877,-0.046037793,0.21713416,0.43043423,0.26170507
15469,-4.751413,0.061188113,-1.1691188,-0.7062991,0.039814144,-0.055424526,-0.091332674,-0.23918867,0.18990779,0.6139998,-0.008498932
15470,-6.3183026,0.036766525,-1.0636296,-0.5481594,0.17462727,0.0011457964,-0.006205798,0.19614695,-0.097103305,0.62634623,0.37873888
15471,-4.079635,0.23749004,-0.66723204,-0.26100034,-0.0155014,-0.14539085,0.17237695,-0.27814135,0.0020009754,0.352595,0.31546387
15472,-5.2499323,-0.17752658,-0.99648136,-0.8814103,-0.45300668,-0.13271685,0.053777672,-0.17865388,-0.06193746,0.23208345,0.47421944
15473,-5.208804,-0.17506546,-0.65593284,-0.75542676,0.020148292,0.18169224,0.08608736,-0.04983633,0.09843356,0.74945235,0.4753275
15474,-7.310834,-0.13050495,-1.4948828,-0.54496235,0.38787803,-0.018780753,-0.119358756,-0.2154331,-0.030522225,0.38851455,0.42512733
15475,-4.5722265,-0.41177636,-0.8465897,-0.51489526,-0.39440724,-0.10458683,-0.23355995,-0.42417577,-0.10572752,0.5190872,0.5426634
15476,-5.804193,0.07557161,-1.2526624,-0.66045403,-0.16186436,-0.10267528,-0.49217668,-0.15588906,0.17760578,0.26771808,0.015430197
15477,-5.2378125,-0.062181275,-1.0517374,-0.62719756,-0.24204282,0.32379645,-0.14023778,-0.27895376,0.06496567,0.65621823,0.081310004
15478,-6.277368,-0.28759393,-0.97653,-0.6912586,-0.24342234,-0.106876776,-0.08263883,-0.3809968,-0.1924112,0.3637378,0.6569571
15479,-5.452163,0.13970132,-1.3611014,-0.32608208,0.16665494,-0.11932154,-0.32322586,0.07155128,-0.18214612,0.2904549,0.3701189
15480,-4.5727935,-0.21981208,-1.0003258,-0.7168441,-0.41028032,0.05665282,0.12114094,-0.43663388,-0.08703691,0.24166958,0.6834114
15481,-3.2242708,-0.189915,-0.7526644,-0.3490326,-0.1857405,0.10733094,0.16130015,-0.09690584,0.020995244,0.49352932,0.25556493
15482,-6.9366465,-0.1972627,-1.2006481,-0.5550759,0.3664134,-0.18628809,0.043656137,0.16033332,-0.08592472,0.32119536,0.4858993
15483,-5.067481,-0.17327304,-1.1612607,-0.50790024,0.11331821,-0.14157681,-0.29885826,0.2146113,-0.012876594,0.46392885,0.019486384
15484,-5.255475,0.10932082,-0.6587553,-0.6709952,-0.14164945,-0.26249486,-0.14924408,-0.22290261,-0.17166351,0.65493053,0.3884199
15485,-6.37232,0.08114524,-1.2923721,-0.34155387,0.19871801,0.19214848,0.07389928,0.23995739,-0.12463817,0.39861232,0.12480046
15486,-5.5780215,-0.13444613,-1.6109735,-0.64415514,-0.036488347,-0.16345756,0.029031806,0.19554202,0.015646026,0.60340184,0.38823053
15487,-4.9665384,-0.2681494,-0.96886826,-0.6180441,0.20751958,-0.23236966,-0.41265613,-0.094659865,-0.040738717,0.47170734,0.017288636
15488,-6.724517,-0.31067914,-1.1798368,-0.910388,-0.681251,-0.019604204,0.03092276,-0.06611621,0.17463817,0.6159679,0.41231415
15489,-6.591426,-0.20930989,-1.4213736,-1.0757451,-0.33218262,0.18501331,0.022448458,-0.54004073,0.033792954,0.4971792,0.6669626
15490,-5.0595593,0.0136476755,-1.0542723,-0.4558658,-0.31208405,-0.27809697,0.10579844,0.06175209,-0.18226528,0.2567444,0.33113253
15491,-7.650973,-0.01572343,-1.7839441,-0.4420159,0.35580662,-0.20897184,-0.051968962,0.30000597,-0.15320088,0.16573149,0.5534769
15492,-5.3878174,-0.16283004,-0.67914164,-0.6863923,-0.19011244,0.079089984,0.07666913,-0.18886605,-0.06916149,0.2129124,0.17761628
15493,-5.7478085,-0.29892075,-1.1313556,-0.61532986,0.4127181,0.00041083712,-0.27449483,-0.22152561,0.03721524,0.702546,-0.004516843
15494,-5.409846,-0.087734215,-1.2918007,-1.1067451,-0.3374789,-0.17945579,-0.01011577,-0.5672228,0.34433842,0.49142396,0.4046519
15495,-6.9661508,-0.19287397,-1.6690146,-0.64501727,0.1563229,0.31469804,-0.008437035,-0.12370593,0.3304308,0.7423434,0.26701242
15496,-4.92364,-0.044860266,-0.92762715,-0.40034264,0.09194334,0.20069455,0.053074587,-0.40979493,0.04831338,0.7431956,0.29070362
15497,-4.1838994,-0.04491514,-0.9364861,-0.7932869,-0.28421292,0.0044282367,-0.1077427,-0.27655905,0.20301187,0.40352777,0.43148008
15498,-6.00137,-0.1102216,-0.9986308,-0.7192916,-0.6732677,-0.25538898,-0.04725412,-0.40998912,-0.099614285,0.26955855,0.5410688
15499,-5.762669,-0.1283515,-0.77860665,-0.5234839,-0.32469636,-0.065186575,0.20282939,-0.17892547,-0.07683487,0.28189158,0.3770284
15500,-7.829481,-0.107536934,-1.5559356,-0.65203315,0.09613815,-0.23069282,-0.25122723,-0.3072658,-0.17549245,-0.19259882,0.67766184
15501,-5.1896987,-0.022791874,-1.0159967,-0.56765914,-0.3842769,-0.32805306,0.10839175,-0.15381351,-0.105490774,0.35991594,0.33819294
15502,-3.457656,-0.09619901,-0.71012646,-0.31337768,-0.08849062,-0.029963672,0.1347717,0.013726261,-0.11083184,0.23013277,0.31962287
15503,-5.8592687,0.10792582,-1.2838382,-0.46496832,0.27823493,-0.18774197,-0.13226332,-0.17549361,0.11178555,0.18202952,0.034461647
15504,-4.994687,0.0075645405,-0.9466265,-0.57424515,0.31899515,0.015616262,-0.23878835,-0.24118918,0.04440424,0.4625965,0.14006725
15505,-4.136883,-0.011556794,-0.70643395,-0.377423,-0.39980164,0.18792155,-0.17304143,-0.1278466,-0.077098615,0.40657687,-0.094763406
15506,-6.7711463,-0.12034474,-1.2909622,-0.45339882,-0.014587164,0.072124496,0.18324557,0.08958461,-0.12635407,0.60167134,0.2607846
15507,-5.2675486,-0.048101366,-1.2076478,-0.48015848,-0.19738664,0.17044173,0.03061296,-0.47083598,0.024895245,0.13461839,0.4717083
15508,-4.3521194,-0.06273805,-0.7217526,-0.5650612,-0.20077936,0.049907044,-0.076552555,-0.36495778,0.16864343,0.3286146,0.2317359
15509,-4.8163915,-0.25874445,-0.95196414,-0.6839321,-0.48928782,-0.119238585,-0.06524358,-0.2373761,-0.0369516,0.7443016,0.32221046
15510,-6.231805,-0.08340948,-1.0453826,-0.5559287,-0.063597865,0.23753701,0.2741756,-0.21862745,-0.16161238,0.44527543,0.31962654
15511,-4.301811,-0.09233973,-0.967594,-0.40815738,-0.19747216,-0.0010709111,0.095238514,-0.22627124,-0.10665136,0.037862964,0.29279494
15512,-5.631,-0.07969435,-1.1669022,-0.64149016,0.065350406,0.39995444,-0.28275022,-0.5984864,0.050397232,0.058840137,-0.009432147
15513,-6.1844854,-0.011642103,-1.4733038,-0.4961568,-0.35299674,-0.21294971,0.082131885,-0.117263354,-0.10161838,0.22518626,0.77131647
15514,-5.031605,-0.012510593,-1.0004594,-0.6389751,-0.20138384,-0.12940508,-0.018569369,-0.38873228,-0.20507085,0.31266117,0.4309277
15515,-5.0566382,-0.049558092,-1.0122164,-0.79390883,0.17916267,-0.036215622,0.03517802,-0.32247713,0.28016496,0.3186573,0.36192998
15516,-5.123381,-0.032959096,-0.87780595,-0.51385313,-0.2077907,0.22796577,0.07905549,-0.18683863,0.06800041,0.22057377,0.26259494
15517,-5.1258364,-0.07211479,-0.76127774,-0.53459543,0.092152774,-0.02016046,-0.20835774,0.2996661,-0.20968919,0.37758178,0.21048269
15518,-4.6685824,-0.1633028,-1.0031788,-0.4728891,0.11474123,-0.0023333225,-0.06863013,0.048395857,-0.04115943,0.31468242,0.06195123
15519,-6.2307982,0.029227402,-1.0803299,-0.58241135,0.030162686,0.5511106,-0.14789481,-0.19418645,-0.101664476,0.3554055,0.16458522
15520,-5.6060376,-0.104842216,-1.2032408,-0.5286925,0.1271976,-0.23309144,-0.12137904,-0.20779194,0.06437797,0.30535546,-0.123969205
15521,-4.6683517,-0.044307746,-1.0874879,-0.52775717,-0.015525725,-0.034905948,0.23365627,-0.08398756,0.12641016,0.6850427,0.07057128
15522,-5.6307907,-0.029258545,-1.0520159,-0.65019405,-0.09110964,0.26600677,-0.010972711,-0.3470541,-0.12110312,0.013837035,0.14821222
15523,-7.246963,-0.2498311,-1.5979277,-0.8978505,-0.35508195,0.22331753,-0.23749839,-0.41313717,0.03194903,0.56614447,0.804116
15524,-6.2488065,0.33838075,-1.4088167,-0.6029148,-0.16738169,0.48630625,-0.23347697,-0.27954322,-0.042028695,0.24064888,0.022518704
15525,-6.007504,-0.4864088,-0.97270495,-0.6076257,-0.22652479,0.03162001,-0.18746391,-0.20429891,-0.123779505,0.50381166,0.28597122
15526,-4.5937486,-0.2694469,-1.0965377,-0.79024774,-0.049807057,0.15832558,-0.08357401,-0.24066028,0.18299204,0.9414944,0.43201113
15527,-5.668809,-0.25881833,-1.0918064,-0.51459974,-0.020082984,-0.10934857,-0.0918362,0.10949655,-0.075131685,0.32787213,0.049924374
15528,-6.4720817,0.11656913,-1.5820091,-1.0827484,0.36259258,0.03625266,-0.42517012,-0.049291737,0.16307573,0.590831,0.42835537
15529,-7.3531327,0.2467451,-1.5185466,-0.6881113,-0.062289126,0.47376835,0.2581912,0.082966335,-0.1475953,0.531786,0.57424647
15530,-5.739442,-0.08511051,-0.9258853,-0.24949473,-0.6524255,-0.16834126,0.43806633,-0.023249919,-0.5789612,0.36222365,0.48645878
15531,-5.680981,-0.10085834,-1.4843082,-0.24040776,0.09650918,0.6975597,0.02735911,-0.31561986,-0.096670195,0.072953425,0.33000714
15532,-5.342291,-0.092309855,-0.60959846,-0.48639575,-0.22220616,-0.08964191,0.009160101,-0.32680437,-0.10895933,0.5935664,0.09743751
15533,-4.3957653,-0.09018121,-0.96129864,-0.5739266,-0.004687875,0.12336042,-0.008176812,-0.2514556,-0.056493327,0.6471338,0.46353072
15534,-6.4831376,-0.130573,-0.8364704,-0.62492603,-0.2309746,-0.04914842,-0.3290352,0.1398506,-0.15681355,0.4772676,0.2296082
15535,-6.030924,-0.004447367,-1.3364879,-0.48109147,0.26514363,0.25070864,-0.19739336,-0.043756507,-0.097946435,0.6485369,0.33879012
15536,-5.1196647,-0.31376842,-1.0696093,-0.6614445,0.18795438,-0.19076039,-0.17678447,-0.09912308,0.15316088,0.39807948,0.29042605
15537,-6.493735,-0.34143186,-1.1977679,-0.5295922,-0.4337688,-0.030598342,-0.04109099,-0.35307494,-0.19810182,0.6234486,0.51544034
15538,-6.1645617,-0.19519645,-1.3756709,-0.9469787,0.2635109,-0.1883893,-0.30944118,-0.12142586,0.27579662,0.4239066,0.16798379
15539,-4.9179616,-0.21287195,-0.82125175,-0.7473031,0.09870698,-0.042193808,-0.19836713,-0.24249557,0.18273614,0.39398104,0.18190455
15540,-5.884252,-0.24408482,-0.81635916,-0.64622504,-0.3516033,0.19317247,0.18913315,-0.1168518,-0.060044236,0.37753424,0.2573362
15541,-5.692006,-0.17292522,-1.4742826,-0.7054892,0.32879925,-0.09303898,-0.12107689,-0.2422063,0.20989557,0.17729579,0.37409064
15542,-4.8614674,-0.16126694,-0.92924863,-0.6812507,-0.33836043,0.16467439,0.22786573,-0.30803072,0.09590409,0.5066141,0.41447487
15543,-6.6608706,-0.08816769,-1.4404398,-1.0605543,0.020025572,0.15483615,-0.16902365,-0.16681373,0.023110308,0.45888594,0.18643348
15544,-6.2728267,-0.15737748,-1.1656034,-0.82811266,0.15819725,-0.2373208,0.03898548,-0.37174797,-0.06757683,0.2632873,0.108308874
15545,-5.3490825,-0.18679178,-1.0149888,-0.601193,0.35099614,0.029439468,-0.23437732,-0.1975279,0.21700232,0.4285576,0.17006035
15546,-7.427108,0.015194703,-1.3010341,-0.8630698,0.06617429,-0.16587847,-0.32069054,-0.13619314,-0.03910722,1.1722478,0.1415791
15547,-6.062511,-0.2757333,-1.4179838,-0.84588385,-0.0971353,0.02355826,0.23318401,0.014615953,0.2782536,0.73570913,0.31348655
15548,-7.149477,-0.36877397,-1.4082414,-0.8665867,-0.4084252,0.31710476,0.53951204,-0.12750797,-0.05490402,0.84693086,0.37417006
15549,-4.7411127,-0.06782411,-0.95824754,-0.7186351,-0.21021904,0.47107995,-0.30105206,-0.46366334,0.18542945,0.4839892,0.34507337
15550,-3.927868,-0.11217711,-0.96420586,-0.36888567,0.37560666,-0.079448305,-0.11472861,-0.027164897,-0.010663915,0.23890015,0.098616906
15551,-5.320339,-0.20255058,-1.007764,-0.59306437,-0.6505842,-0.21813513,0.2461655,0.32980984,-0.15956293,0.54967916,0.70063543
15552,-5.3620787,-0.43977332,-1.1927661,-0.65770274,-0.05027703,0.1517322,-0.09024287,-0.15327229,0.19340873,0.5008314,0.62858987
15553,-5.4474087,-0.07087568,-1.1270255,-0.5082167,-0.2802709,0.38484412,-0.40058804,0.017992392,-0.13308945,0.45519266,0.0057175215
15554,-5.7741084,-0.47320208,-0.8075714,-0.8095122,-0.094586246,0.2805401,-0.19750203,-0.43827018,0.13231342,0.56350875,0.19456889
15555,-4.298309,-0.10753681,-0.71944547,-0.54449946,-0.25975794,0.27861875,-0.096201494,-0.26266357,0.06648243,0.6858535,0.15900546
15556,-7.0863233,-0.07061594,-1.7147045,-1.0933826,0.46993858,0.23512827,-0.34959126,-0.26551652,0.03250268,0.60901976,0.007357986
15557,-6.3901973,-0.35010767,-0.95284784,-0.83510786,-0.3440672,0.06527052,0.28170946,-0.053065285,-0.07335048,0.88430357,0.29689583
15558,-5.382536,-0.21962829,-1.0939548,-0.2006398,-0.2343626,0.53868574,0.049411993,-0.26351768,-0.09968605,0.6254384,0.4384461
15559,-8.638472,-0.083255865,-1.6303971,-0.4960842,0.55354977,0.084819734,-0.09354435,0.028857235,-0.15662472,0.49352667,0.5272194
15560,-4.32165,-0.3045992,-0.8707329,-0.23930842,-0.11261758,-0.26071936,-0.24033828,0.20651308,-0.17171292,0.45772496,0.182965
15561,-8.478252,-0.048633378,-1.8684055,-1.0825658,0.5240744,0.8916043,-0.34450248,-0.6329986,0.39394152,0.7547769,0.37426698
15562,-4.5801454,-0.09149449,-1.0969725,-0.74374384,-0.25932917,0.13485843,0.08084747,-0.0840108,0.22033076,0.54246914,0.47865316
15563,-4.791443,-0.17464425,-0.94924927,-0.6411674,-0.26782516,-0.00921867,0.15056314,-0.1326589,0.19124778,0.32770336,0.4875666
15564,-6.2896876,-0.009231701,-1.1454586,-0.5281201,-0.11885042,0.19769348,-0.02048698,-0.26310337,-0.2756292,0.14274919,0.35966143
15565,-5.0802517,-0.26571968,-0.97237414,-0.53241605,-0.2534709,-0.4213487,0.027131725,-0.3638887,0.13719246,0.37430406,0.616246
15566,-6.137192,0.015052842,-1.2539872,-0.61384755,-0.39606962,-0.07336269,0.48215026,-0.36093107,-0.2516628,0.27859306,0.68773377
15567,-4.5537744,-0.16858721,-0.77480835,-0.2886525,-0.010589022,0.008668747,-0.14464411,-0.3478784,-0.19737636,0.3883192,0.3997513
15568,-5.115783,-0.44734412,-0.73359764,-0.85122347,-0.38974622,0.24626704,0.037110496,0.038500164,0.06824384,0.6722936,0.37283084
15569,-4.6867146,0.1424711,-0.9789244,-0.5002043,0.1966838,0.2341235,0.023263935,-0.40572608,0.21191193,0.07596566,0.03908098
15570,-6.1259,0.055031,-1.5923083,-0.776926,0.16043893,0.2678914,-0.12448763,-0.6061497,-0.11170171,0.68631876,0.17138973
15571,-5.1431513,-0.05142106,-1.1064684,-0.4677108,-0.33372116,-0.093836255,0.14282246,0.0633503,-0.110823765,0.43331954,0.5026086
15572,-6.7818403,-0.25083265,-1.9931607,-0.75971144,-0.29234383,0.34459883,-0.07610464,-0.3857803,-0.0038557276,0.29139665,0.6397183
15573,-5.178771,-0.028556727,-1.2460992,-0.7017923,-0.04956163,0.28045136,0.12549877,-0.33734584,0.02094145,0.21849963,0.3158659
15574,-5.279818,0.045961507,-0.9891102,-0.6975682,-0.11182952,-0.31653672,-0.270695,-0.1047746,-0.035318382,0.3340127,0.4469638
15575,-5.9263506,0.1877868,-1.6442093,-0.3453018,-0.13984154,-0.0014910959,0.09260811,0.11119604,-0.26650664,0.23338017,0.50779426
15576,-5.2722764,-0.45174566,-0.7424545,-0.52780795,-0.099921495,-0.2640053,-0.2786881,-0.28572097,-0.12496357,0.17701279,0.23254752
15577,-4.229751,-0.14197788,-0.71256244,-0.5422497,-0.60312515,-0.039235737,0.18667765,-0.27983117,-0.14513595,0.2808883,0.28055656
15578,-6.7015724,-0.048609048,-1.381278,-0.9414216,0.25073752,-0.37428802,0.011940976,-0.42573395,0.011768559,0.24881046,0.25481278
15579,-5.863269,-0.23582491,-0.89114755,-0.8329669,-0.6305301,0.027340638,0.103679456,-0.3233218,-0.012382863,0.6042022,0.05755019
15580,-4.6351533,-0.079637386,-1.0315762,-0.68079406,-0.39961833,-0.12013021,-0.09985224,-0.17258134,-0.08116468,0.31904042,0.29583272
15581,-6.152541,-0.26308006,-1.5976827,-0.5883027,-0.26983294,-0.045252256,-0.02659097,0.16052842,-0.17320052,0.9316271,0.5313036
15582,-6.9911103,-0.054801155,-1.1050533,-0.93931,-0.39246997,-0.059042238,-0.1827697,-0.3514364,-0.024289241,0.85535306,0.10466492
15583,-4.7675056,-0.15274762,-1.0350928,-0.45983934,-0.14363395,-0.18555559,0.16222028,-0.100884385,0.13367864,-0.009384372,0.24196693
15584,-5.986231,-0.5818671,-0.7576829,-0.3062766,0.017346648,0.01597095,-0.15037782,-0.43757203,-0.31863546,0.12745184,0.2862431
15585,-4.3893833,-0.30219465,-0.8608296,-0.49979013,-0.03048859,-0.16881612,-0.32736453,0.1406085,-0.13120101,0.4615297,0.16533971
15586,-6.820007,-0.11615558,-1.3697244,-0.76362675,0.15338613,0.014833672,0.08921838,-0.4116912,-0.09175748,-0.19883907,0.12779053
15587,-7.175988,0.027908254,-1.4364026,-0.8238243,-0.4939047,0.371782,0.41887936,0.03863454,-0.180944,0.74336874,0.5624988
15588,-7.3489075,-0.36356044,-1.8264447,-1.1144828,0.37953985,0.14254045,-0.367847,-0.11658882,0.23366585,0.5047317,0.4364109
15589,-5.980697,-0.037988305,-1.1751062,-0.6458604,-0.07729021,-0.06092693,-0.23652211,-0.2935816,0.13841233,0.48484242,0.5313951
15590,-4.4173875,-0.12076533,-0.645263,-0.41735274,-0.49327728,-0.122070774,0.22866881,-0.58503646,0.023229454,0.2974141,0.5881544
15591,-5.1659293,-0.14158203,-1.0744591,-0.33479452,0.20661667,0.36917603,-0.07366304,0.06070192,0.16969016,0.47564414,0.14753334
15592,-5.0386863,-0.31230795,-1.0230207,-1.0020394,-0.29805338,-0.1369091,0.062215723,0.12865733,0.07923484,0.5148701,0.37493014
15593,-6.542776,0.051156852,-1.121162,-0.7659771,0.08116139,-0.20857267,-0.33131132,0.15650706,-0.032106206,0.7070636,0.23183443
15594,-4.6362934,0.13260259,-1.3522133,-0.6456604,-0.16336332,0.18599278,0.034830537,-0.15388593,-0.022258306,0.37499475,0.31650993
15595,-5.4224653,-0.15899579,-1.2775929,-0.67624825,-0.11429621,0.11675464,0.119454734,-0.38625255,-0.35079673,0.5490707,0.3927507
15596,-5.50894,-0.0743784,-0.9966524,-0.6673569,0.29761782,0.11196977,-0.18451756,-0.29498067,0.13085487,0.36977312,0.31507456
15597,-7.124361,0.08653269,-1.8862755,-0.15387768,0.09751248,0.13827178,-0.0905675,-0.20387973,-0.48505718,0.6719575,0.3494225
15598,-6.11171,-0.1831728,-0.9896549,-0.6284984,0.03272176,-0.4217674,-0.11791851,0.30781263,-0.06012111,0.42043453,0.24829213
15599,-5.612559,-0.17674439,-0.99945456,-0.35220107,-0.11868767,0.18370357,0.02152834,0.06892111,-0.264563,0.54396886,0.5059314
15600,-6.3018637,-0.12035127,-1.2095896,-0.7253875,-0.40626937,0.31252056,-0.045154985,-0.052805707,-0.027828166,0.2654625,0.5991575
15601,-5.334968,-0.2553016,-0.8416206,-0.6345228,-0.47709084,0.030457545,0.45878604,-0.015319627,-0.034816317,0.36952013,0.65368336
15602,-4.776428,-0.27791446,-0.67819196,-0.49969643,-0.021482253,0.41512764,0.39365163,-0.28763595,0.08535529,0.4948399,0.26924518
15603,-5.6018,0.042331193,-1.325448,-0.5653386,-0.25954896,0.38851315,-0.013501517,-0.36339736,0.21615796,0.50273436,0.22498742
15604,-5.6576877,-0.031298738,-1.0736496,-0.33733308,-0.43110403,-0.32875866,-0.14771675,-0.40591955,-0.29714128,0.43052623,-0.0012566177
15605,-4.601835,-0.37182805,-0.9967703,-0.42587736,-0.23226775,-0.33201337,0.08733674,-0.17842415,-0.24570136,0.24251758,0.27041134
15606,-5.9181786,-0.075997524,-0.8938052,-0.5881262,-0.34085214,0.037024178,0.03766135,-0.21846366,-0.12530026,0.85296994,0.5391745
15607,-7.184067,0.32547987,-1.1388439,-0.40759093,-0.101522446,-0.1942505,0.025266554,-0.36356053,-0.06388402,0.16470927,0.32766291
15608,-6.757881,0.09621736,-1.0324645,-0.4029635,-0.03819206,-0.051572926,0.114268705,-0.36355817,-0.24303462,0.19034266,0.51162875
15609,-5.0640078,-0.10215638,-1.1578528,-0.37230775,-0.18245128,-0.096891455,0.05874261,-0.004270938,-0.10270584,0.40104422,0.35856238
15610,-4.436673,0.0513479,-0.9824449,-0.66974825,-0.16487503,0.20241536,-0.12976383,-0.09264237,0.07550777,0.27045855,0.27443662
15611,-5.723082,-0.18620439,-1.3466743,-0.72916883,-0.27161792,-0.73118836,0.25326613,0.1952847,-0.099767834,0.20501724,0.38891828
15612,-7.7585773,-0.1105618,-1.3568187,-0.8981236,-0.4366433,0.025976107,-0.13752753,-0.025744097,-0.51213,0.86748576,0.2958205
15613,-5.64526,-0.21567704,-1.3472562,-0.5121561,-0.11781629,-0.35460407,-0.022208411,0.20533901,-0.25969237,0.23922506,0.22966309
15614,-5.7807,-0.2525253,-1.3284435,-0.74261737,-0.22977823,0.36276263,-0.06749782,-0.25208053,0.4940722,0.86937857,0.20405464
15615,-4.170366,-0.13556936,-0.7755343,-0.8045426,-0.22006293,-0.13045716,0.13035226,0.08956919,-0.025237137,0.6018155,0.17425016
15616,-4.6704187,-0.20145303,-0.74339706,-0.6820424,-0.5011455,-0.013417706,-0.027336892,-0.42014027,-0.06300855,0.26740944,0.5577409
15617,-4.7468543,0.0398439,-0.8963189,-0.7594907,-0.26114625,0.01947108,0.1633363,-0.24766272,-0.0015543811,0.2968147,0.28969973
15618,-5.9808316,-0.03561129,-1.052398,-0.80643415,-0.27797705,0.16220126,-0.15541074,-0.22319725,0.11166425,0.4226062,0.82817584
15619,-5.625519,-0.01538998,-1.3540236,-0.38074213,0.37611416,0.17232215,-0.1993955,-0.38213474,-0.07367639,0.32235694,0.09174964
15620,-4.278425,-0.10366981,-0.7931742,-0.45693806,-0.31479207,0.24563241,0.19628762,-0.4164482,-0.04076104,0.38859317,0.49744236
15621,-6.5083666,-0.050034918,-1.2257043,-0.21024561,0.28268647,0.5190686,0.12479119,-0.46189907,-0.1726479,0.38494673,0.06861631
15622,-5.8178816,0.025817279,-1.2041484,-0.58206505,-0.14079896,0.113229126,-0.07137462,-0.1640011,-0.055937126,0.4284478,0.11580165
15623,-4.971637,-0.10816343,-0.8049094,-0.37657246,0.07424556,-0.10381083,-0.114878945,-0.46937162,0.071750894,0.17448695,0.506652
15624,-4.8967834,-0.14855102,-0.7368453,-0.3796369,0.055343524,-0.27952707,-0.04036368,-0.14295155,-0.34559122,0.07959467,0.24902262
15625,-5.908543,-0.36696652,-1.0354403,-0.65416634,-0.803496,-0.15959162,0.60027117,0.040161833,-0.3358042,0.5751071,0.6906422
15626,-5.2833276,0.04806003,-1.2646042,-0.63225824,0.15139803,-0.16229042,-0.22636852,0.18018478,-0.17486969,0.6626509,-0.061235793
15627,-6.2525744,-0.01974807,-1.6202542,-0.41255057,-0.24617112,0.07757943,0.033310466,-0.056640178,0.18387006,0.3539139,0.50077426
15628,-5.2560534,0.14614508,-1.1985164,-0.4724791,-0.2805025,-0.111932606,-0.18213326,-0.018405452,0.08253987,0.4670169,0.30516183
15629,-6.1333327,-0.09728538,-1.4420004,-0.7659817,0.44929406,-0.24439321,-0.30156222,-0.042320743,0.17303124,0.5179204,-0.18898988
15630,-7.4908676,-0.09006215,-1.2536064,-0.77174425,0.18677926,-0.019755963,-0.09347203,-0.12617636,0.15075512,0.87876016,0.5998219
15631,-8.580377,-0.16472505,-1.6117013,-0.6365357,-0.16255893,0.47465426,-0.14675148,-0.52059406,-0.15037926,0.53801477,0.25918782
15632,-6.5922666,-0.017740913,-1.110206,-0.78824085,-0.5607969,-0.186522,0.018484684,-0.12540802,-0.09819158,0.7571571,0.09226688
15633,-5.697374,-0.2211782,-1.2395428,-0.68713355,-0.030971238,0.070858784,-0.38356757,-0.2107928,-0.093320966,0.59435,0.29005808
15634,-5.9941316,0.064227834,-1.6645914,-0.71284205,-0.17166138,0.07282171,-0.14194246,-0.053914458,-0.09360955,0.4324384,0.30186486
15635,-4.7959056,-0.21672818,-0.9316348,-0.5049946,-0.12283478,0.31892914,0.20572901,-0.3963271,0.037134394,0.4418349,0.38499632
15636,-5.404098,-0.2009669,-0.81136805,-0.38480437,-0.11500348,0.17610046,0.060786463,-0.42268667,0.006681811,0.2935678,0.09880913
15637,-3.5357575,-0.18508154,-0.7461733,-0.33239686,-0.14343908,0.15688328,0.14688423,-0.13044047,0.083617486,0.34095255,0.36440325
15638,-5.089395,-0.26601967,-0.9500051,-0.8212189,-0.39700866,0.3139261,0.16819261,-0.16893905,0.24324279,0.6298843,0.5043434
15639,-5.5078607,0.25533664,-1.2682855,-0.4041746,-0.05351257,-0.275168,-0.11547158,-0.3582636,-0.16954088,-0.03807671,0.27692553
15640,-6.0645604,-0.22626787,-1.0540303,-0.57020026,-0.07840959,-0.03219851,0.103644766,0.13914888,0.010308355,0.34302297,0.5057622
15641,-4.566917,-0.09266864,-0.7584123,-0.55511963,-0.4271539,-0.22428863,0.17399524,-0.10033414,-0.417888,0.40621883,0.37666234
15642,-6.5473566,-0.24136354,-1.5060182,-0.86259127,0.10454339,-0.1549073,0.019596916,-0.28986323,0.23377146,0.68194366,-0.00575081
15643,-4.8384967,0.061046433,-0.9449609,-0.5870016,0.043370005,-0.10480369,0.10360847,-0.21491669,-0.019432278,0.07808834,0.102180295
15644,-5.7444534,-0.32593387,-1.1892409,-0.66604626,-0.45302647,-0.104244865,0.2710434,0.03428165,-0.031355567,0.35591274,0.9150069
15645,-6.2542777,-0.24903475,-0.9480569,-0.8072753,-0.30190915,-0.06567308,-0.023507528,-0.70113534,0.005205039,0.0020401357,0.6412626
15646,-5.5417953,-0.104358494,-1.2722855,-0.4053088,-0.42874858,-0.017137704,0.2610815,-0.25772807,-0.019978346,0.67693514,0.55001295
15647,-4.3256483,-0.12645519,-0.9928079,-0.5061926,0.11650141,0.08459223,0.053458106,-0.13490066,0.04636708,0.12640566,0.3624428
15648,-5.1056743,-0.31517875,-1.1067816,-0.2881005,-0.22415394,0.04742068,-0.2273007,-0.0847491,-0.17693749,0.6655739,0.11332753
15649,-6.0012183,-0.33546343,-1.3198448,-0.46117327,0.08709191,-0.05440355,-0.29155523,0.18150805,-0.045647196,0.57213545,0.015822157
15650,-5.9448643,-0.07379135,-0.98755944,-0.47170377,-0.27252132,0.07129946,0.44503847,-0.31927478,-0.22889978,0.39307773,0.14041518
15651,-5.514407,0.106490016,-1.1266193,-0.39056432,-0.04301259,0.17630877,-0.35360867,-0.026491443,-0.054147728,0.26290733,-0.005603404
15652,-5.703805,-0.113915324,-0.9523675,-0.9818033,-0.19990891,-0.05778493,-0.18939227,0.06420094,0.050733373,0.22524875,0.31973577
15653,-4.470412,-0.098505,-0.8669573,-0.37608612,-0.035276677,-0.06467025,-0.057464518,-0.04274392,0.15964748,0.47128722,-0.11096781
15654,-3.8129642,-0.2808556,-0.9678154,-0.25290617,0.05533633,0.2068832,-0.3129511,-0.09418209,-0.08461305,0.36008617,0.08381857
15655,-4.944146,0.1448457,-0.89537966,-0.5358105,-0.18891717,-0.025108453,-0.043767773,-0.21545844,0.004781614,0.2610297,0.26795116
15656,-4.9262185,-0.21012864,-0.74166006,-0.34568954,0.0762505,0.17715624,-0.32163623,-0.33253756,-0.1609393,0.045511615,0.012740634
15657,-6.815402,-0.05656356,-1.2891735,-0.82734287,-0.42398003,-0.23310591,0.25990573,-0.24104652,0.16121762,0.5378076,0.94185406
15658,-4.9507504,-0.25999767,-1.0625339,-0.8443666,0.15617746,0.0734293,-0.13189341,-0.11232683,0.21122475,0.10536679,0.06972794
15659,-5.2367334,-0.12306993,-1.3399999,-0.49340087,0.13190317,0.08803425,-0.31044844,-0.18630785,-0.11224568,0.40316468,0.17890124
15660,-6.707362,-0.17217861,-1.5997288,-0.8702787,-0.5679772,0.11714703,0.092047326,-0.29658392,0.05607655,0.24122898,0.7260062
15661,-5.8513956,-0.03056508,-1.3784697,-0.7368879,0.039335337,0.033627227,-0.21502551,-0.3591697,0.08142505,0.40399924,0.22350416
15662,-4.7611747,0.09562299,-0.8878958,-0.448426,0.0183732,0.30094385,0.106713146,-0.17559515,-0.20566393,0.05810279,0.26080218
15663,-5.7966123,-0.33425918,-1.3960955,-0.72730047,-0.48271096,0.70236415,-0.15760583,-0.39870477,0.13579902,0.57050437,0.44648108
15664,-6.260605,-0.25548258,-1.2756313,-0.8483372,-0.6055001,0.06062512,0.06788102,0.018963566,0.16408938,0.6412402,0.5628694
15665,-5.3658695,-0.10333904,-1.2506055,-0.6779259,0.12265931,-0.0077721654,-0.16169573,-0.2756587,0.023008922,0.072100356,0.3118292
15666,-4.2955775,-0.197663,-0.74491775,-0.2891246,-0.088555835,-0.06526724,-0.10255415,-0.20628071,-0.169555,0.35826683,0.19983444
15667,-6.549265,0.06430684,-1.1930674,-0.80183756,-0.22580871,0.045675885,-0.19950496,-0.36153454,-0.057460427,0.78458357,0.42370412
15668,-5.4644136,-0.15049103,-1.2599595,-0.6923271,-0.13161822,-0.06679614,-0.09669591,-0.089452565,-0.14297162,0.6339664,0.19026957
15669,-4.4736843,-0.1148369,-0.8909196,-0.3742857,-0.27698895,0.33684343,-0.057114817,-0.2869726,-0.26784503,0.22476348,0.2114679
15670,-5.9816866,-0.058078807,-1.1831276,-0.55604166,-0.3056536,-0.21944956,0.4887986,-0.014520125,-0.11597893,0.6118444,0.12761086
15671,-6.726215,-0.25633124,-1.5685656,-0.61212826,0.28426367,0.1507556,-0.25518525,-0.1797803,0.023247512,0.4035865,0.028975215
15672,-4.235565,-0.19629262,-0.62730825,-0.44414958,-0.44608343,0.1371816,0.13910672,-0.2621304,-0.18210597,0.08797978,0.44910112
15673,-7.24223,-0.124316856,-1.7361523,-0.57334507,0.20584385,0.078250825,-0.097001724,-0.005214123,-0.05466433,0.8189538,0.46154386
15674,-4.5996647,-0.19989339,-0.8515397,-0.4810703,0.16586047,0.19655599,-0.19806802,0.0094735855,-0.19764768,0.34581554,0.20025173
15675,-6.495573,-0.29471457,-0.9899982,-0.89084053,-0.13578285,0.14608334,-0.11917297,-0.27002096,0.2312993,0.701106,0.16942903
15676,-3.591475,-0.10847401,-0.9295781,-0.5588746,-0.3433123,0.08624192,0.26789382,0.11801581,0.0014537368,0.46404594,0.51804584
15677,-6.0500526,0.22123893,-1.2351611,-0.47106877,-0.26109695,0.24959518,0.060563695,-0.39263037,-0.04976462,0.47332036,0.30187201
15678,-5.937358,-0.04902855,-1.3055458,-0.3633303,0.19722237,0.09883753,-0.3681849,-0.18736027,-0.27730855,-0.13829042,0.36999187
15679,-5.867114,0.0858618,-1.3406597,-0.83878416,-0.25358307,0.005940618,0.2577246,-0.05723528,-0.035841748,0.41661477,0.3158285
15680,-6.635023,-0.17164716,-1.2734945,-1.0898944,-0.13708958,0.3907708,0.09197916,-0.080433205,-0.0187203,0.7239999,0.67226666
15681,-6.2135844,-0.026463099,-0.8228177,-0.26476666,-0.3086661,-0.09512953,-0.13194565,0.36553133,-0.18167241,0.38257432,0.410322
15682,-7.4189477,-0.18694201,-1.5756037,-0.9941188,0.27962685,0.1501346,-0.1159383,-0.10435976,0.07391683,0.3211897,0.37656042
15683,-6.5181193,-0.30629432,-1.3284534,-0.96989423,-0.2586555,0.07837192,-0.062725976,-0.37763676,-0.13132557,0.4268692,0.5882506
15684,-5.0484443,0.014414089,-1.1086831,-0.43941724,-0.051448584,-0.2296921,0.11262812,-0.42743823,-0.31551516,0.51302606,0.16470186
15685,-5.0975947,0.0565931,-1.046143,-0.710151,-0.11897083,-0.009409834,-0.06479675,-0.17489673,-0.072752155,0.5595052,0.07874868
15686,-4.948231,0.11189183,-1.0550634,-0.72730434,-0.1215375,-0.10696087,-0.037461646,-0.19396216,-0.116903245,0.20334832,0.09162698
15687,-5.375416,-0.083797,-1.0640448,-0.44080898,-0.3998131,-0.0024632495,0.31309307,-0.070177704,-0.46683758,0.45541817,0.38739833
15688,-6.897426,-0.01613579,-1.2736477,-0.80125576,-0.52272326,0.38899642,0.27114752,-0.41426802,-0.07205148,0.21050733,0.44368145
15689,-6.0973625,-0.2132424,-1.3989464,-0.38942742,0.263383,0.07758884,-0.27808273,-0.15438858,-0.14883988,0.39885473,0.06648566
15690,-5.407654,0.20486751,-0.8828024,-0.6797991,-0.15201245,-0.2482289,-0.004960091,-0.3623731,-0.018017719,0.4318064,0.32957792
15691,-5.76851,-0.10480503,-1.0795151,-0.36030552,-0.23438175,-0.08524908,-0.16286486,-0.028007047,-0.3993332,0.57439286,-0.012671615
15692,-5.009153,-0.17318991,-0.9947299,-0.4730265,0.031084184,-0.13298073,-0.103723906,-0.018477907,-0.10624807,0.57286596,0.0015126187
15693,-4.9805813,-0.17714554,-0.6954718,-0.56466436,-0.2084365,0.19102287,-0.22012082,-0.46287397,-0.06877168,0.48167133,0.18847358
15694,-3.983166,-0.0650926,-0.97073925,-0.31315312,-0.1508117,-0.06077102,0.11649994,0.075414754,0.16476108,0.284334,0.2986584
15695,-5.593372,-0.050605044,-1.0489388,-0.20891115,0.08780037,-0.04315049,-0.11542397,-0.26502663,0.002201288,0.44072142,-0.023339942
15696,-5.4068785,-0.23963732,-0.8402074,-0.5347956,0.357519,0.16439243,-0.14424494,-0.1118438,-0.13408422,0.58424675,0.24240644
15697,-6.241522,-0.4996759,-1.2279822,-0.91018873,-0.5481106,0.2941671,0.16315965,-0.52877206,0.04749456,0.7550003,0.63237816
15698,-6.185523,-0.23972358,-1.2205056,-0.49507266,-0.35541078,-0.5462838,-0.124010555,0.20753515,-0.48161092,0.5271455,0.0810319
15699,-6.3187733,-0.29381108,-1.55136,-0.81835634,0.2821385,0.18878667,-0.27451614,-0.22033714,0.30608228,0.6389676,0.27553406
15700,-6.289035,-0.13678849,-1.325175,-0.9507647,-0.15742847,-0.2129387,-0.30726647,-0.22820015,-0.039380707,0.2855465,0.029671825
15701,-6.3899364,-0.12421955,-1.261693,-0.8301525,-0.41645405,0.3102898,-0.09838618,-0.32194468,0.1419612,0.48689687,-0.017776351
15702,-4.189402,-0.036855787,-0.80155563,-0.47392097,-0.109163575,-0.27918833,0.18612607,-0.15662247,-0.16834216,0.35177734,0.31889898
15703,-7.0428944,-0.30060643,-1.4397984,-0.21840881,-0.121598445,-0.2561232,0.09666418,0.08851138,-0.42461112,0.44683328,0.21999876
15704,-5.5063176,-0.13023522,-0.98132503,-0.7805059,-0.21763015,-0.22497784,0.05769698,-0.27352166,0.0040327646,0.6126061,0.1644696
15705,-6.476389,-0.1610957,-0.932533,-0.78980184,-0.22522734,0.14451936,-0.039119437,-0.08601534,-0.11475551,-0.0811584,0.44813597
15706,-5.937866,-0.19610699,-1.3345867,-0.7117202,-0.25877893,-0.37141305,-0.0516539,-0.0018911548,0.017674103,0.4195793,0.20050874
15707,-5.231758,-0.14049411,-0.9229205,-0.38680106,-0.0003712778,0.19227548,0.11182574,-0.20215917,-0.22043614,0.04030613,0.2953787
15708,-5.5172796,0.044755343,-1.0233672,-0.49879563,-0.3205772,-0.11222038,-0.07826409,-0.38637814,-0.10577305,0.46421525,0.3173753
15709,-7.770805,-0.6506945,-2.0554247,-1.049246,-1.0262991,-0.49132597,0.62262416,0.21766034,-0.21800007,0.41590786,0.9718944
15710,-3.9158247,0.015158221,-0.7696606,-0.23275653,0.0060582645,-0.13992932,-0.08257845,0.14457464,-0.2251872,0.132441,0.05823228
15711,-6.4735456,-0.06441345,-1.3904223,-0.39244327,0.5185311,-0.08940351,-0.19626474,-0.014618481,-0.061924174,0.52986366,0.22648482
15712,-7.1041956,-0.5094199,-1.0841004,-0.7614481,-0.26906806,-0.29721218,0.16193694,0.340446,0.025948618,0.39036092,0.16581799
15713,-5.269194,0.06495479,-0.95598656,-0.33109364,0.1455641,0.100020684,-0.3547333,-0.62654346,-0.09744025,0.29924107,-0.10060553
15714,-4.779897,-0.16070788,-0.85602635,-0.5296623,0.018605115,-0.15185027,-0.17918321,0.076863885,-0.09690122,0.42656764,0.20449284
15715,-5.805086,-0.08051862,-1.2329595,-0.28012553,-0.20800652,-0.09204243,0.4205346,-0.13123566,-0.28903037,0.39090648,0.23635478
15716,-5.776396,0.030022614,-0.7861044,-0.6486474,-0.40415195,-0.0047587575,-0.1550389,-0.31317803,-0.34470025,0.19213182,0.25143597
15717,-5.3056645,-0.10975696,-1.1807661,-0.5137848,0.2643517,-0.14574473,-0.07196137,0.05332782,-0.2919056,0.18945338,0.016440501
15718,-6.1692333,-0.15380333,-1.4166946,-0.3807324,-0.00041053724,-0.054020025,0.14337957,-0.41860786,-0.30657417,0.005046443,0.35880476
15719,-3.759761,-0.06606753,-0.82660365,-0.24566686,-0.12693718,0.016876213,-0.0025575124,-0.28635922,-0.038719676,0.34438923,0.08903999
15720,-5.2051125,-0.22690876,-1.1099616,-0.54533273,-0.27724364,0.2066651,0.11212334,-0.42526793,-0.14698185,0.4513142,0.47268623
15721,-4.509798,-0.26249167,-0.8424385,-0.58317965,-0.13072494,0.005169647,-0.016964886,-0.13423114,0.14272554,0.4939782,0.33550507
15722,-5.2980957,-0.22385626,-0.79555964,-0.38990718,0.44815502,0.2918322,-0.4449735,-0.035304807,0.10065128,0.2832106,-0.09569846
15723,-6.3074646,-0.052637,-0.79514986,-0.8013827,-0.71333444,-0.02499402,-0.022598147,-0.33587483,-0.12070936,0.38378936,0.58614475
15724,-6.1414037,-0.32792908,-0.9132724,-0.7856487,-0.16588707,-0.2539866,0.077071376,0.09562757,-0.038484365,0.7559757,0.34272075
15725,-6.977585,-0.18549462,-1.4793153,-0.83606005,-0.21412951,-0.31764352,-0.03654418,0.069204636,0.33293277,0.71988076,0.22398968
15726,-6.5142565,0.10036769,-1.3429043,-0.34715444,-0.011076797,0.054613203,0.068463504,-0.094303235,-0.08630725,0.7734662,0.20709494
15727,-6.873006,-0.15393029,-1.2438293,-0.8507588,-0.55595404,-0.09406805,0.22631459,-0.32512182,-0.053753883,0.14549065,0.659456
15728,-5.4983687,-0.14625385,-1.0049663,-0.29794163,0.060617838,-0.226317,0.012672632,-0.046957955,-0.13519786,0.18477653,0.45277014
15729,-6.34099,-0.08488765,-1.1250247,-0.8354368,-0.15363811,0.20438132,-0.36025187,-0.70676893,-0.002520265,-0.08912015,0.26146048
15730,-7.3959894,-0.25472835,-1.7128069,-0.5026133,-0.049155496,0.11749279,-0.2150414,-0.6261676,-0.24218474,-0.0022979202,0.47185257
15731,-6.035682,-0.004906116,-0.9986097,-0.60093117,-0.2169022,-0.10996719,0.12974413,-0.5637841,-0.2760527,0.21035168,0.09455137
15732,-6.08066,-0.18896538,-1.0948023,-0.49550027,0.14079538,-0.15262817,-0.22980803,0.100078836,-0.009711944,0.60000515,-0.033863038
15733,-4.6539807,-0.1713801,-0.72091794,-0.6053349,-0.30939957,0.002861964,-0.054320663,-0.17510346,-0.00049503706,0.5440042,0.16275279
15734,-7.215888,0.10067464,-1.8585049,-0.9083735,-0.1331751,0.2051814,-0.38681397,-0.15373273,-0.20975089,0.1801367,0.45642158
15735,-5.3926873,-0.3931633,-1.1859627,-0.7515598,0.18163572,0.024553427,-0.37210515,-0.41344494,-0.03512226,0.108045585,0.045556065
15736,-5.949307,0.15403667,-1.0578108,-0.7452929,-0.090822324,-0.39913613,-0.15005074,-0.28915194,0.14359759,0.3479862,0.49483633
15737,-5.6962304,-0.1574034,-1.4312289,-0.543418,0.34837848,-0.15828449,-0.2501199,-0.20658535,-0.05855865,0.2595241,0.28408286
15738,-5.483296,-0.3422951,-1.5794617,-1.1605662,0.19814926,0.08519107,-0.26128337,-0.15495335,0.56054944,0.42574883,0.33486578
15739,-5.6049566,0.05791093,-1.3034548,-0.5321389,0.23029077,0.007650679,-0.18733649,-0.42985627,-0.000223713,0.0986904,0.46743405
15740,-5.932629,-0.11145473,-1.2829894,-0.7171061,-0.07922748,0.006087348,0.21099374,0.13612038,-0.021866454,0.6636987,0.12329667
15741,-5.4358883,-0.13341048,-1.2275944,-0.6029556,-0.08148246,0.11272717,0.09490704,-0.49033245,-0.11174668,0.50129205,0.15751229
15742,-4.387303,0.0070149605,-0.73769313,-0.7298852,-0.09154943,0.042348906,0.31405628,0.054088287,-0.0059663597,0.21678914,0.34467027
15743,-7.9822555,-0.48287046,-1.7142719,-0.76129556,0.08623988,0.3013625,-0.012405527,0.2457469,0.093896985,0.48695326,0.33997923
15744,-5.356779,-0.20866516,-0.7662167,-0.7083306,-0.2707402,-0.040317822,-0.06489635,-0.15891954,-0.09175911,0.2717347,0.39905885
15745,-5.8634887,-0.14810498,-0.9894613,-0.4097865,-0.09347018,-0.051893134,-0.04517001,0.044673532,-0.0793319,0.4408385,0.27790463
15746,-5.35315,-0.29411727,-1.1617492,-0.21635072,0.036387675,-0.019911766,-0.30109376,0.27275994,-0.12646276,0.24628523,0.11790651
15747,-5.491616,-0.22703257,-1.3631094,-0.6075636,-0.108652696,0.30157483,0.05138633,0.041486144,0.10605509,0.4478221,0.33492067
15748,-6.080061,-0.055182848,-1.5198956,-0.8163586,0.38642693,-0.027486268,-0.29687476,-0.13856763,-0.060138687,0.6433929,-0.11020332
15749,-4.5446596,-0.07311284,-1.1260003,-0.6140736,-0.09275416,0.21009733,-0.02473288,-0.26756802,0.13064753,0.23828998,0.24799313
15750,-5.343941,-0.09942836,-0.9365521,-0.5737554,-0.062295437,0.047618035,0.2098002,-0.3383909,-0.00711512,0.21470423,0.51646817
15751,-7.064713,-0.080987774,-1.7042468,-0.84612155,0.01883596,-0.19188413,0.08349416,-0.15457372,-0.057604045,0.6424488,0.24899319
15752,-6.5481677,-0.6273961,-0.88692695,-0.5292342,-0.13824588,-0.25022256,-0.14441527,0.15204649,-0.032812737,0.748677,0.1931388
15753,-6.845899,-0.020831231,-1.2064724,-0.62156034,-0.19175534,0.42948943,0.102025926,-0.3068053,-0.018204028,0.5711208,0.47422183
15754,-4.5492973,-0.388715,-1.0414083,-0.44918165,0.27757213,-0.02209614,-0.18490857,-0.21502806,-0.066075094,0.17027932,0.10423924
15755,-6.0336103,-0.4579932,-1.518464,-1.0360188,0.19550464,-0.21665607,0.0608586,0.32077667,0.21456529,0.82970834,0.27994907
15756,-4.7610893,-0.3114092,-0.9054328,-0.5326809,-0.5038646,-0.07521139,0.08474269,-0.20896815,-0.1839553,0.40464216,0.13860796
15757,-5.7765455,0.01814568,-1.3665824,-0.6058969,-0.052993823,0.21925314,0.13964634,-0.29388672,0.15428856,0.57730615,0.23316018
15758,-7.38839,-0.35300222,-1.2385691,-0.867303,-0.7661567,0.027138775,0.5786313,-0.06183303,-0.31307513,0.66767,0.7733481
15759,-6.8756304,-0.18464713,-1.4032699,-0.5298263,0.11741357,-0.14228357,-0.056943193,-0.031086152,-0.16940393,0.58080596,-0.003924192
15760,-7.3703833,-0.20338008,-1.653542,-0.97284806,-0.378516,-0.48466504,0.257178,-0.018496372,0.07631715,0.6439829,0.37296045
15761,-5.4786663,0.022156537,-1.4328103,-0.63923067,0.18206877,0.07765656,-0.20550635,-0.44653127,0.032124586,0.2667258,0.25167298
15762,-6.833171,0.13565156,-1.2701659,-0.7416504,-0.121210374,-0.104916066,0.02898001,-0.09782695,-0.0125622805,0.63549423,0.07364652
15763,-6.123973,0.041297555,-1.1936113,-0.5107314,-0.20595984,0.090205066,-0.0194068,-0.52568835,-0.21575417,0.104933135,0.2935622
15764,-5.9281297,-0.115501784,-1.0467517,-0.49085027,-0.16247612,0.17494379,-0.08585707,0.20926456,-0.018034613,0.46549478,0.5604723
15765,-4.41217,-0.22465076,-0.99916905,-0.62309384,0.3602306,0.07946053,-0.37533143,-0.17931157,0.1935302,0.10529394,0.10584284
15766,-5.646738,-0.2772771,-0.8532773,-0.43747902,-0.017942969,0.5284807,-0.32018027,-0.6535062,0.0066948254,0.15411802,0.095952205
15767,-6.2309875,0.01173761,-1.2229975,-0.8303515,-0.123211555,-0.037837178,0.04579102,-0.26137123,-0.15683022,0.30528033,0.6613961
15768,-5.5392528,-0.047301885,-1.0180038,-0.55637413,-0.11389635,-0.41842246,-0.2459514,-0.1675551,0.12386181,0.37682432,0.21938096
15769,-5.0624576,-0.0528037,-0.94781506,-0.3473284,-0.13712737,0.075781666,0.12826157,-0.13280167,-0.18146266,0.5183603,0.48466238
15770,-5.2268577,0.05032136,-0.91001004,-0.54961014,-0.24725872,0.0451944,0.21936491,-0.29931992,-0.15852411,0.6804423,0.4211254
15771,-6.488625,-0.3800299,-1.2428356,-0.7474928,-0.6616902,0.970499,0.07030345,-0.11972616,0.008036503,0.9892131,0.79239887
15772,-5.821003,-0.072539516,-1.445573,-1.1104754,-0.16168484,0.17159958,-0.023594346,-0.25037333,0.5190132,0.5421601,0.6520067
15773,-5.323255,-0.173885,-1.2099733,-0.81743884,0.19306102,-0.16600075,-0.045302615,0.028825916,0.1862638,0.57241696,0.19253956
15774,-5.3913617,-0.17318766,-1.3203131,-0.6569462,-0.23897335,-0.19980061,-0.048497364,-0.2571014,0.021171724,0.9313821,0.34621555
15775,-5.70167,-0.28593767,-1.1853323,-0.84341186,-0.07666255,0.024528146,-0.29564628,-0.052568957,0.12589371,0.75125813,0.03841564
15776,-6.837379,-0.14560565,-1.498589,-0.81458575,0.3938447,-0.19135661,-0.079746276,-0.55269194,0.1942344,-0.03817482,0.2659548
15777,-4.531648,-0.07492627,-1.068352,-0.14205343,0.088400066,0.17207271,-0.11001236,-0.29414955,-0.0752967,0.38429737,0.044192802
15778,-5.09961,0.078814,-0.89102477,-0.6616438,-0.070199825,0.11033736,0.2772116,-0.26317406,-0.17503858,0.2917464,0.09582622
15779,-5.977653,-0.16681944,-0.8117912,-0.8899162,-0.5514871,0.13906617,0.38157323,-0.3938345,-0.014876178,0.17696953,0.6323584
15780,-7.287878,0.049673174,-1.0942028,-0.3786134,0.1539279,-0.0971941,-0.043525193,-0.25092787,-0.17124705,-0.15780227,0.061667945
15781,-6.7597065,0.00025264733,-1.5357999,-0.4742905,0.19821554,-0.13766937,-0.220635,0.2603338,-0.007572651,0.73592967,0.15497518
15782,-6.5657043,-0.37140974,-1.4216253,-0.8541753,-0.3958805,0.22571205,0.079402186,-0.63609046,-0.12584849,0.2987335,0.44755697
15783,-5.4471564,-0.082196705,-1.0923841,-0.6547899,0.068184674,-0.28741378,-0.28227404,-0.15984644,-0.14231081,0.12939847,0.41913208
15784,-9.814798,-0.35130295,-1.4998312,-1.3836664,-0.73758894,0.49064654,0.14293413,-0.98659295,-0.25324106,0.21505639,1.3293427
15785,-5.5997524,-0.068219826,-1.1513741,-0.48247084,-0.092914656,0.3229226,-0.17068121,-0.4013857,0.21503238,0.6832078,0.2035486
15786,-5.627006,-0.12826857,-1.201633,-0.668014,0.05012457,0.021580303,-0.026723847,-0.44064257,-0.054223493,-0.018294737,-0.04055444
15787,-5.1410227,-0.3795128,-0.95420474,-0.7741055,-0.61789656,-0.05121404,0.2867394,-0.1300151,-0.23077527,0.26370695,0.40005574
15788,-6.5966845,0.47128025,-1.5098761,-0.52020884,0.020535624,0.42877382,0.08977503,-0.34892666,-0.02783919,0.635141,0.21652657
15789,-4.8136168,-0.048850503,-0.7123602,-0.43947718,0.0735084,-0.17081554,-0.19773404,-0.23083177,-0.20559354,0.00861972,0.30858415
15790,-5.892341,0.10186332,-1.2181255,-0.6411922,-0.21996473,0.24089842,-0.28942415,-0.13572083,0.0038867388,0.34354648,0.07197778
15791,-5.4284477,-0.5122662,-1.0177017,-0.9891744,-0.48118788,-0.06845427,-0.042096112,-0.39202744,0.19726568,0.5359612,0.68998295
15792,-4.8122196,0.015023049,-1.1167129,-0.22931367,-0.07697073,-0.040493455,-0.16657074,-0.025741583,-0.108565114,0.00089001935,0.08269863
15793,-4.720345,0.11581228,-0.4747504,-0.32912022,-0.0769673,-0.07781291,0.06906173,-0.15816,-0.1888102,0.22646914,0.180699
15794,-4.422022,-0.10257652,-0.9179533,-0.71721756,0.015781257,-0.28347254,-0.18466274,0.007563339,0.053966932,0.47275886,0.09396226
15795,-8.55828,0.12275999,-1.9509556,-0.5868742,0.7822882,-0.08489816,-0.404713,0.13582337,-0.079337776,-0.109325275,-0.037380137
15796,-7.946195,-0.15817116,-1.5981368,-1.0056034,-0.062789604,-0.322047,0.08031295,0.0071550813,0.15182726,0.32634214,0.5705117
15797,-6.882352,0.05696453,-1.411054,-0.8381007,-0.309339,0.15204059,-0.106702864,-0.2738348,0.15794644,0.608253,0.43944347
15798,-5.7201877,0.09088162,-1.2091677,-0.9185272,-0.10439033,-0.18326041,-0.07028279,-0.026577378,0.21324085,0.6934507,0.5437335
15799,-4.836433,-0.042407118,-0.62653166,-0.48268917,0.14519246,-0.19538277,-0.12639199,-0.18462129,-0.04905363,0.2535403,0.040489063
15800,-4.4949756,-0.08383473,-1.2380073,-0.5360215,0.2862413,0.14870644,-0.2393496,-0.05412721,0.20681635,0.4062726,0.044135
15801,-6.2947373,0.06789848,-1.295448,-0.49112922,0.20569767,-0.1517532,-0.3199943,0.016411511,-0.11831783,0.5085363,0.21672116
15802,-5.401776,-0.27842334,-0.95588475,-0.7839606,0.07676697,-0.43920577,-0.48098856,-0.17370541,0.12063793,0.5623904,0.28183994
15803,-4.8720493,-0.0017213924,-0.75241524,-0.53210825,-0.38551414,-0.21817157,0.1398926,0.14216603,-0.037228696,0.4143391,0.49894533
15804,-6.298967,-0.45548183,-1.6348723,-0.9927622,0.026136592,0.024935622,-0.18011644,-0.28707778,0.084549695,0.5586357,0.102515064
15805,-5.439968,0.02378247,-1.1234535,-0.52101815,-0.44999102,0.03019282,-0.078613296,-0.4235408,-0.17784618,0.31093225,0.2833086
15806,-6.1334634,0.15304933,-1.3310258,-0.35700738,-0.09617344,-0.06302523,0.30055952,-0.5120038,-0.34614474,0.19673537,0.29790515
15807,-4.6911263,-0.15520014,-1.054886,-0.58496827,0.2479778,0.06314452,-0.030931953,-0.09857535,0.22913478,0.47003558,0.12265246
15808,-5.2044506,-0.13858068,-0.9420326,-0.17127796,0.0467491,-0.052572634,-0.3678649,0.10853185,-0.30680493,0.3517819,0.29769665
15809,-5.3139396,0.028611213,-0.84731025,-0.51954746,0.05678599,-0.31569552,0.17130788,0.30964637,-0.027474718,0.4861093,0.2169179
15810,-6.093549,-0.24645297,-1.1242876,-0.73088247,-0.12795778,-0.21205986,-0.19126482,-0.23139629,-0.025496079,0.3485671,0.14309329
15811,-4.622578,-0.23602886,-0.9954793,-0.7797186,-0.05514772,-0.119112715,0.016215477,-0.2652257,0.16881762,0.60169816,0.36964372
15812,-7.617147,0.18853854,-1.5866458,-0.9444795,-0.30248764,0.19736211,-0.14235057,-0.44775224,0.36680713,0.7019532,0.14085342
15813,-4.8997746,-0.07771613,-1.1675534,-0.48477268,-0.29772168,-0.24584861,0.18235594,-0.017320033,-0.067525,0.44783348,0.18788485
15814,-4.752055,0.04833999,-0.9857538,-0.94951814,-0.21198668,-0.102626584,-0.080908865,-0.25836626,0.21242468,0.33713076,0.44479305
15815,-6.1125865,-0.022429064,-1.0805033,-0.5493165,0.0469907,-0.40451437,-0.16369808,0.11949661,-0.13597853,0.37729445,0.4934862
15816,-4.208899,0.04084086,-1.1177139,-0.64428574,-0.2656485,0.07337451,0.040426232,-0.27868077,-0.010958608,0.29773316,0.49047706
15817,-7.030457,-0.06381844,-0.91444695,-0.9943434,-0.28658488,-0.2693063,-0.120513,-0.033275552,-0.10614772,0.54379755,0.49067307
15818,-4.944701,-0.13439974,-0.87977105,-0.6667271,-0.08524707,-0.13451469,-0.19605465,-0.2410211,-0.062652245,0.54316556,0.08230973
15819,-7.598514,-0.009284188,-1.4432714,-0.98163843,-0.6897945,-0.15813124,-0.07106197,-0.26550874,0.13529307,0.7394817,0.8123171
15820,-6.791006,0.057346676,-1.2734803,-0.46670246,-0.7018505,-0.30029482,0.36136046,-0.14092883,-0.46032244,0.3085614,0.5779915
15821,-4.7068033,-0.017573223,-0.9263393,-0.62147534,-0.20181799,-0.19877928,-0.019816067,-0.35127088,-0.12898262,0.017171063,0.20050563
15822,-5.4084797,0.19198442,-0.86745226,-0.35584202,-0.06644556,0.037994027,0.2596939,-0.21420628,-0.23790632,0.20210865,0.22327006
15823,-4.878173,-0.144487,-1.1239843,-0.34719118,0.15936685,-0.06621018,-0.17021535,-0.17066237,-0.09158051,0.068058245,0.18733582
15824,-6.2035785,0.15242289,-1.3060744,-0.35675317,-0.35228395,-0.0025840625,0.13406976,-0.09479126,-0.19769247,0.36729744,0.051934883
15825,-4.962766,-0.15609804,-1.0064204,-0.7626037,-0.6007796,0.077906005,0.081520826,-0.06369389,0.11738973,0.46417436,0.5258344
15826,-7.8786516,-0.23874994,-1.5984412,-0.7366081,-0.26229864,0.19767012,0.059798304,-0.11435606,-0.058751002,0.5532853,0.9674539
15827,-4.2510457,-0.12566985,-0.9597546,-0.2399657,-0.13145122,-0.3644269,0.33101398,0.29220966,-0.18325591,0.20563985,0.35020313
15828,-6.0465064,-0.5031317,-1.3800292,-0.66672456,-0.17502666,0.15415604,-0.0133234495,-0.26291096,0.13676131,0.62163395,0.34333804
15829,-4.599854,-0.19131102,-1.0355505,-0.5117415,-0.1295244,0.10902263,0.29220983,-0.31959674,-0.061823517,0.2096067,0.33709127
15830,-5.446582,-0.13404799,-1.1556065,-0.919782,-0.16892669,-0.110037036,0.07276384,-0.37326735,-0.070049,0.14125513,0.24918415
15831,-5.710906,0.16342954,-1.2403013,-0.6550964,-0.112521626,-0.43859255,0.2542342,-0.15455942,-0.010623204,0.49208343,0.2150622
15832,-5.8673544,-0.30159292,-1.2028654,-0.71802187,-0.24561411,0.39055836,0.20750883,-0.1835917,0.022301387,0.18559219,0.17251384
15833,-6.0459905,-0.2667834,-0.88297784,-0.81488705,-0.2453751,0.13564198,0.36018923,0.0127106765,-0.21630855,0.30410787,0.7186567
15834,-6.54195,-0.36674473,-0.87948483,-1.0783442,-0.24684006,-0.02698826,-0.18553631,-0.77485985,0.013013417,0.26572466,0.49152368
15835,-7.1860256,-0.46488994,-1.3541696,-0.6858252,-0.51103055,0.357733,0.17778191,-0.14611615,-0.03528955,0.9353277,0.982633
15836,-5.841289,0.08271951,-1.8107051,-0.8448665,-0.10539344,0.03638473,-0.2510489,-0.500761,0.19968271,0.34095535,0.3188848
15837,-5.140357,-0.019577462,-0.852802,-0.58768123,-0.41967887,-0.34540355,0.5095892,-0.0998859,-0.40786937,0.32569844,0.25364977
15838,-6.770712,0.08599302,-1.5229758,-0.68741924,-0.55710053,0.5747779,-0.08140583,-0.22031002,0.34468943,0.9326219,0.54679406
15839,-3.2780678,-0.19487043,-0.92069227,-0.48419237,0.03567228,0.048151527,-0.11794346,-0.4128263,0.15258068,0.28888792,0.39305013
15840,-4.7531867,-0.08142471,-0.7939247,-0.12558566,0.12970534,-0.11401741,-0.07871013,-0.13875645,-0.21544726,0.34525433,0.12997173
15841,-5.624028,0.09766616,-0.9275314,-0.32340938,-0.20819253,-0.1287221,0.077140555,-0.34913906,-0.388896,0.45126393,0.42586696
15842,-5.1126046,-0.16104569,-0.8985826,-0.45316324,0.15228844,-0.26555246,-0.07905199,0.029907012,-0.06850987,0.5407695,0.22783785
15843,-5.600934,-0.020874605,-1.3794737,-0.71987313,-0.43517208,0.032636136,0.07926544,-0.23756781,0.06608915,0.37044698,0.47411925
15844,-5.2801285,0.05610887,-1.2131796,-0.70021296,0.07645125,0.374771,-0.12867159,-0.60828656,0.11120586,0.18656978,0.31313872
15845,-5.3304024,0.056227636,-1.0257714,-0.22945818,-0.031645574,-0.21189283,-0.42043588,0.2056975,-0.25601956,0.21821818,0.21503772
15846,-5.742343,0.22503452,-1.384127,-0.775121,-0.3022751,-0.50578797,0.017400611,-0.4538904,-0.06761662,0.552777,0.8224582
15847,-5.0105834,-0.10805149,-0.86349773,-0.5529784,0.14397648,-0.09218095,-0.19326891,-0.2516503,0.009388745,0.22808294,0.22161646
15848,-5.5745196,-0.17506705,-1.256982,-0.3271394,0.15838452,-0.0643719,-0.26569277,-0.17241144,-0.13376181,0.45803162,0.1208146
15849,-6.7509513,0.04941115,-1.6523691,-1.0695564,-0.113457136,0.26355594,0.101587236,-0.4144718,0.15036386,0.31412748,0.526524
15850,-6.651321,-0.12545332,-1.1047028,-0.7567044,-0.42402837,0.24335122,-0.12358075,0.01912905,-0.19388472,0.5992042,0.50712943
15851,-5.0381517,-0.25392178,-0.9875975,-0.9535205,-0.4493289,-0.056393474,-0.25769457,0.014810596,0.053824954,0.69358915,0.17116399
15852,-6.637388,-0.22512053,-1.1948739,-0.6906733,-0.4445735,-0.20503242,0.077791184,-0.22577836,-0.010699987,0.28410852,0.50994736
15853,-7.3295665,-0.26241058,-1.1737427,-0.9727232,-0.015033871,0.14048603,-0.0985125,-0.49690637,0.11219244,0.054823514,0.3591887
15854,-6.7757926,0.10209623,-1.5625038,-0.7388857,0.2357617,0.19632858,-0.37182084,-0.36355618,0.096712396,0.37791827,0.07752155
15855,-4.615591,-0.2767109,-0.8092432,-0.86845046,-0.44657215,0.19961931,0.13128069,-0.20487727,-0.08506623,0.35367313,0.6184224
15856,-6.361804,-0.16307843,-1.6212666,-0.74242264,-0.36644974,0.25149578,0.26291886,-0.22252648,0.090638734,0.54612327,0.40674165
15857,-5.413519,-0.29339615,-1.3365734,-0.5914915,-0.3485622,0.053676717,-0.06130524,-0.09770678,0.016081963,0.5272391,0.14712681
15858,-5.218993,-0.09773327,-0.485457,-0.7554536,-0.20700416,-0.16706045,-0.018088326,-0.59583193,-0.06095571,0.24804337,0.24911089
15859,-6.8195586,-0.4832488,-1.240325,-1.0892495,-0.87133104,-0.125699,0.5297271,-0.2510115,-0.014614817,0.21283782,0.6851884
15860,-5.256918,-0.03653182,-1.1821622,-0.759105,-0.06335843,0.07551295,-0.25527823,-0.58542407,0.017539566,0.6771972,0.10721774
15861,-4.657029,-0.10884524,-0.7853163,-0.42848322,-0.021390013,0.1596596,-0.009741222,-0.020293478,-0.08235043,0.23932344,0.31424075
15862,-5.8481526,-0.28464013,-0.82883877,-0.9901941,-0.09460355,-0.009289324,0.03228013,-0.30033973,0.31286758,0.42466545,0.4848723
15863,-5.1848803,-0.31821197,-0.9125017,-0.95447564,-0.5768325,0.08250594,0.121582985,-0.05116178,-0.058523484,0.6841955,0.39716667
15864,-4.9862056,0.20529443,-1.1397088,-0.5584438,-0.2961969,0.2334434,0.05313083,-0.36003542,0.08052763,0.36698115,0.2723756
15865,-6.132474,-0.22152947,-1.4225528,-0.5723595,-0.21448319,-0.028577086,0.0076182075,-0.12235821,0.18477686,0.52302945,0.67228645
15866,-5.440995,-0.05355392,-0.8761997,-0.8974239,-0.2300278,-0.008395368,0.15360321,-0.0333374,-0.053528726,0.4652583,0.22465411
15867,-4.634442,-0.23481601,-1.0490057,-0.83337396,0.05232355,-0.10710181,-0.27113643,0.023865547,0.22932261,0.42224628,0.1821401
15868,-5.583081,-0.030478988,-0.93050534,-0.74901605,-0.12274935,-0.03124129,0.034616385,-0.18039763,-0.053874046,0.43648273,0.10014719
15869,-6.381816,-0.17238033,-1.3437529,-1.0243161,0.08016104,-0.27419955,0.20702468,-0.066862956,0.21592869,0.47760344,0.3305037
15870,-5.434607,-0.24846669,-1.0756803,-0.6391828,-0.16315563,-0.27798492,0.15030129,0.04544568,-0.001945138,0.5489521,0.009234332
15871,-7.231375,-0.27910855,-1.2314609,-0.92910373,0.34276155,0.2485453,-0.41054708,-0.37184343,0.23673443,0.43340677,0.6426632
15872,-6.817837,-0.331568,-1.5007035,-0.87718236,0.21147177,-0.5099034,-0.07437831,-0.075067535,-0.05116906,0.8102782,0.10622936
15873,-4.8376603,-0.20751014,-0.8940104,-0.54735017,-0.21071708,-0.036320377,0.099798515,-0.02647988,-0.02990525,0.49599692,0.37375706
15874,-5.8209076,-0.28848964,-1.0541111,-0.9479035,-0.5211178,-0.21053354,-0.1520823,-0.5797204,0.23192416,1.1006147,0.028174955
15875,-4.8298798,-0.15695989,-1.1494162,-0.4621583,-0.3569562,0.28255093,-0.057585523,-0.42355412,0.02036156,0.22157441,0.09396382
15876,-4.898082,-0.028966412,-1.0026984,-0.38204938,0.3816121,-0.13452719,-0.49682924,-0.1309738,-0.27098066,0.45634264,-0.086789384
15877,-5.787221,-0.079401895,-1.2604307,-0.88037986,-0.2572008,0.15562794,0.035058316,-0.19676186,-0.04476501,0.5501622,0.42460045
15878,-4.7907233,-0.28135103,-1.0312893,-0.4964609,0.311738,-0.09780527,-0.20179863,0.13950585,-0.007976621,0.30104497,0.1830869
15879,-5.608217,-0.25307366,-0.8716483,-0.59189385,0.016402414,-0.32388645,0.14901146,-0.21704215,-0.083614245,0.333492,0.23371975
15880,-5.465666,0.044608515,-0.8074374,-0.34508243,-0.15537424,0.0918643,0.087644234,-0.5239328,0.22174753,0.59765226,0.15203121
15881,-5.224473,-0.0732615,-0.95829237,-0.8426341,-0.24291772,-0.106889784,0.024428207,0.1393167,0.062364876,0.63703465,0.27182588
15882,-5.5812616,-0.2668279,-1.2750231,-0.55181694,0.07808714,0.5161591,-0.16080195,0.271352,0.00040289015,0.6181739,0.6636601
15883,-5.324403,-0.3251622,-1.2006938,-0.5022954,-0.18551138,0.0306981,-0.06070319,-0.389293,-0.014161706,0.31541556,0.06296434
15884,-5.4447765,-0.3630802,-0.8777255,-0.633264,-0.3389298,0.07687389,0.24348068,-0.20904486,-0.034289345,0.41427338,0.377672
15885,-5.5562525,-0.08599453,-1.0130442,-0.76784104,-0.17225489,0.15142235,-0.05525399,-0.26655477,-0.18386249,0.450626,0.15360746
15886,-4.71625,-0.1303127,-1.1785482,-0.6515979,0.31767046,-0.16736501,-0.32763937,0.18889286,-0.0351912,0.38338515,0.045535464
15887,-6.9020605,-0.28258908,-1.5517617,-1.222614,-0.08619245,0.10750245,0.04217639,-0.51895905,0.1355065,0.42215356,0.3468426
15888,-5.164016,-0.4718775,-0.73288524,-0.73426676,-0.4392207,0.15783022,0.1548558,-0.095111325,0.074515864,0.40547928,0.7137506
15889,-4.9828773,-0.30149984,-1.0355136,-0.4405865,-0.43823907,0.2241437,0.0021464052,-0.08855433,0.22483806,0.5652152,0.8323752
15890,-5.42131,0.075361036,-0.9490344,-0.63361895,-0.27883303,0.1145026,-0.19736987,-0.09965252,0.025647946,0.5718504,0.22243708
15891,-4.8288064,-0.16614851,-0.9646703,-0.195442,-0.16938229,0.27205575,0.14139241,0.060133055,-0.27442047,0.42883936,0.46849868
15892,-6.0817204,0.2645429,-1.1243337,-0.21436629,0.16265851,-0.110625654,-0.040976826,-0.17232141,-0.30893508,0.06670188,-0.054438263
15893,-4.423184,-0.16314875,-0.6919325,-0.43091968,-0.22060804,0.15284276,-0.31934705,0.040284585,0.09116957,0.62643987,0.08629334
15894,-4.1258373,-0.36375338,-0.8500785,-0.15289941,-0.21851082,0.26507735,-0.017016102,-0.34993675,-0.21073557,0.4269911,0.26122874
15895,-3.7055175,0.1478685,-0.71696526,-0.4274946,-0.09498363,-0.051051166,-0.017135072,0.13926402,-0.07626236,0.1520654,0.3276193
15896,-6.546222,-0.4011531,-1.1641306,-0.8505774,-0.22030275,0.3877064,-0.16228536,-0.20171928,-0.02169021,0.40434998,0.9156788
15897,-5.421639,-0.37374592,-0.6346093,-1.0965327,-0.16832829,-0.064886525,-0.019527078,-0.34271228,0.25921232,0.2895199,0.38032642
15898,-6.888904,-0.2132261,-1.4710785,-0.6911891,0.40935576,0.21193595,-0.2672919,-0.77516305,0.19121082,0.45124072,0.3856781
15899,-5.0451455,-0.14358672,-0.8920024,-0.31495,-0.44144136,0.017972205,-0.15222535,0.07044592,-0.10575903,0.3499483,0.026490286
15900,-5.7413526,0.07543979,-1.2155838,-0.61887294,-0.22060649,0.13324347,0.26890162,-0.39742202,-0.017594876,0.39453974,0.55293167
15901,-6.398572,0.13333523,-1.175412,-0.7027966,0.16686964,0.02734476,0.22296733,-0.08854471,-0.08839124,0.18568441,0.50686735
15902,-5.2549767,-0.3036888,-1.1005515,-0.40052578,-0.12580235,-0.048588436,-0.16420263,-0.3455628,0.0016193595,0.63246787,0.60240865
15903,-6.055228,-0.19464806,-1.0063654,-0.96516186,-0.052527957,-0.1506335,0.2546187,-0.46416792,0.2480041,0.07361867,0.64262575
15904,-4.879674,-0.19643904,-0.9865394,-0.2534046,-0.12334628,-0.023212388,0.28538743,0.050265543,-0.33987957,0.076705255,0.40855008
15905,-4.729542,-0.0872042,-1.050513,-0.65149516,0.06390497,-0.028812356,-0.24077447,-0.14986648,-0.10836811,0.63551027,0.025444655
15906,-4.498039,0.06342157,-1.0785687,-0.56694657,-0.1510756,0.019658929,0.42989388,-0.057166338,-0.11298671,0.53757805,0.51218134
15907,-7.5421686,0.10242668,-1.29162,-0.3990655,0.32226247,0.13316855,-0.09450605,0.029492743,-0.21001157,0.26145875,0.1760779
15908,-6.9334865,-0.31308362,-1.2992862,-1.0918576,0.13446459,-0.116961256,-0.32501945,-0.30307642,0.40857974,0.6446376,0.6026794
15909,-5.4398613,-0.20225856,-1.0693109,-0.44666046,-0.04506284,-0.093139805,-0.06488035,-0.065829106,-0.13025759,0.53736424,0.5049625
15910,-5.3396544,-0.10635359,-1.3833222,-0.5439186,-0.1738318,-0.43090945,-0.0005937964,-0.33246875,-0.24855186,0.41183236,0.30606687
15911,-6.2773232,-0.39273658,-0.7966165,-0.8225958,-0.62528795,-0.29054523,0.14710997,0.16199094,-0.2971431,0.52620614,0.7998209
15912,-5.3785653,-0.06918723,-1.5993366,-0.60821646,0.09308841,0.25888056,-0.18089026,-0.08374923,0.25708616,0.60352826,0.10931996
15913,-5.2002115,-0.09462617,-0.8071863,-0.22721615,-0.4883877,0.3768533,0.09025228,-0.46853325,-0.07036839,0.6279688,0.2817141
15914,-5.810444,-0.40321416,-1.1014488,-0.9726516,0.24497625,-0.0033164034,0.12916595,-0.24662188,0.4105718,0.74041456,0.36074737
15915,-4.6254206,-0.10308686,-0.7214798,-0.53359556,0.020383516,0.032225557,0.018313153,-0.12735991,-0.09845341,0.28008977,0.23754579
15916,-7.8778234,-0.09315399,-1.7585012,-0.8580127,0.26861593,0.1404079,-0.4146573,-0.5025258,0.31646654,0.7982247,-0.16318433
15917,-5.471545,-0.15073632,-0.896353,-0.5249832,-0.032773893,-0.111486815,0.25046542,-0.05177831,-0.0024641063,0.4764359,0.112076886
15918,-5.3668942,0.021729581,-0.9736241,-0.3088896,0.07026142,-0.009214794,-0.21149817,-0.23593155,-0.102232404,0.37237707,0.20105478
15919,-5.8056517,-0.15883672,-0.77155477,-0.60146266,-0.09588273,0.02381885,-0.06971287,0.16367015,-0.008946059,0.7449553,0.62814826
15920,-5.5632114,0.07464119,-0.8608133,-0.47620618,0.013976701,0.06621757,0.22372629,-0.34293756,-0.2096836,-0.13203228,0.3372476
15921,-6.6504664,-0.04312984,-1.377625,-0.8003143,-0.002181603,0.38517326,0.13824593,-0.75287133,0.1639146,0.39106277,0.49643895
15922,-4.730528,-0.013735023,-0.7770338,-0.21738568,-0.05215899,-0.31146014,-0.21363443,-0.17407534,-0.19170658,0.40604955,0.1513193
15923,-4.600847,-0.07335895,-0.66269624,-0.3246447,0.17866509,0.055305164,-0.22012573,-0.36996493,-0.33927742,0.5696406,0.07467289
15924,-8.02995,-0.26574403,-1.467074,-0.9050922,-0.55046374,0.306163,0.12064568,-0.33346158,-0.15623698,0.22689745,0.6517322
15925,-5.7786975,-0.08378336,-1.6626939,-0.75920695,0.021650009,-0.09079178,-0.14336997,-0.26223016,-0.05123654,0.4468505,0.3568569
15926,-6.022412,-0.49546608,-1.3537883,-0.552586,-0.4055118,-0.049828026,-0.18601982,-0.46412495,-0.24196418,0.30331987,0.5209937
15927,-6.660288,0.05352976,-1.5902807,-0.5347136,-0.016244175,-0.27006721,-0.39153367,0.03672606,-0.16885032,0.26416796,0.2862478
15928,-5.916415,0.10209553,-0.76484007,-0.29343808,-0.21411386,-0.37754136,0.17635286,-0.1849862,-0.3527262,0.37301353,0.6283531
15929,-5.6087337,0.007845822,-1.2859979,-0.59116364,-0.11930143,0.18455233,0.14683802,-0.41059044,0.023570687,0.12752916,0.42441234
15930,-5.472708,-0.15772928,-1.3334603,-0.52819496,-0.3823007,0.089426905,0.69336915,-0.26224598,-0.13338923,0.23188274,0.3370167
15931,-5.0649443,-0.38432038,-0.7996089,-0.5788094,-0.5447913,-0.11725449,0.37902156,-0.078241445,-0.1808057,0.14457653,0.6058885
15932,-5.977185,-0.5658309,-1.1850841,-1.0633458,-0.8457969,0.8693537,-0.14337605,-0.4062685,0.30846423,0.9286331,0.7474163
15933,-4.749268,0.03438516,-0.8695486,-0.55748814,0.14253178,0.10436565,-0.088001646,-0.25604603,-0.07359961,0.14832729,0.36298183
15934,-6.392449,-0.040569425,-1.1593859,-0.2666729,0.21687785,0.06714113,-0.23668273,-0.26728868,-0.14058846,0.34102356,0.023996787
15935,-6.6613345,0.00047115143,-1.4128935,-0.6624053,-0.3532765,-0.44923818,0.18824978,-0.18858615,-0.45779783,0.30599698,0.09289759
15936,-7.9194674,0.20106545,-1.9163606,-0.8779339,-0.104858436,0.16482924,-0.16084537,-0.8749856,0.29132327,0.16502562,0.6637057
15937,-5.089187,-0.31606007,-0.6003158,-0.16217321,-0.3597381,-0.1765545,0.11692306,-0.36019084,-0.36670634,0.32676256,0.4186304
15938,-6.1374416,-0.21344455,-1.2019567,-0.6559811,-0.058554985,0.049816873,0.16024965,0.0011212686,-0.15263508,0.75940406,0.0123887155
15939,-4.894872,-0.27619326,-1.3633829,-0.43551287,-0.028118623,-0.17092669,0.09226332,-0.039827026,-0.102632165,0.39121684,0.24817915
15940,-5.91149,-0.3427308,-1.0153121,-0.4827225,0.11243238,-0.24080688,-0.082582116,-0.12003774,0.09306838,0.5525038,0.10795963
15941,-5.867842,-0.16029066,-1.1581867,-0.9198688,-0.07129579,-0.2298659,-0.14163709,0.3309778,-0.0046080817,0.5185791,0.40114012
15942,-6.348659,0.10214973,-1.5070211,-0.7998079,-0.00029078638,0.17730558,0.14563471,-0.05335065,-0.07582859,0.30504474,0.14175393
15943,-5.931855,-0.17091078,-0.9386816,-0.35776135,-0.033673376,-0.2348696,-0.057050213,-0.06780076,-0.2999988,0.45794633,0.23182075
15944,-7.3074603,0.09636983,-1.0546781,-1.0284829,-0.6337671,0.114199586,-0.7409339,-0.8242024,-0.14015593,0.4442591,0.16296454
15945,-5.3051205,-0.40246806,-0.65265954,-0.5997025,-0.002476566,-0.058459878,-0.23570432,-0.538937,0.018422153,0.5077552,0.5509182
15946,-4.362452,-0.06849515,-1.078921,-0.44978642,-0.54141057,0.13785006,0.11936086,-0.32664168,-0.14099832,0.35793325,0.5248827
15947,-5.793981,-0.10849701,-1.1309457,-0.5435497,0.120464705,0.06144765,-0.36050752,-0.09223366,0.1451577,0.55426013,0.25877312
15948,-6.136788,0.13760936,-1.4143324,-0.92854047,-0.111723796,0.023824038,-0.14331482,-0.0071141124,-0.021893708,0.771257,0.40231466
15949,-6.656292,0.16562441,-1.6381772,-0.45486745,-0.25060767,-0.34058547,0.0054879645,0.28495145,-0.24173816,0.38680902,0.36986893
15950,-5.1143913,-0.3246034,-1.3241149,-0.39430615,0.038275078,-0.0577932,-0.31231445,-0.032827646,0.15970889,0.679106,-0.03478015
15951,-4.056182,0.03962481,-0.9211177,-0.49038875,0.09603458,-0.110527016,0.088690646,-0.14923503,0.017803395,0.296605,0.20899984
15952,-4.515298,-0.0670912,-0.85989535,-0.56934625,0.21672477,-0.21491292,-0.108881585,-0.09696546,0.025446802,0.45962372,-0.046126712
15953,-6.4694514,-0.3680015,-1.6918794,-1.0890685,0.20937958,0.11024778,-0.3575718,-0.03249751,0.69787616,0.81509775,0.11506404
15954,-4.4637313,-0.005484433,-1.0460217,-0.26021233,-0.20099378,0.20451978,0.23009723,-0.1827571,-0.116454005,0.22995737,0.34524918
15955,-4.0485125,-0.051638573,-0.9102114,-0.70658565,0.017433347,0.20207322,-0.09704862,0.030266982,0.19673827,0.31359372,0.23374286
15956,-5.169532,0.12742616,-0.86725694,-0.30790812,-0.09417089,-0.30420256,0.0870137,0.06944144,0.009090472,0.4189966,0.2945167
15957,-3.9404857,-0.061953094,-0.8475899,-0.27741572,-0.15530516,0.048242472,0.06992222,-0.027246078,-0.11820866,0.26793763,0.13196126
15958,-5.0663996,-0.19091834,-1.1073912,-0.8038366,-0.0036755693,0.35856497,-0.25225246,-0.51584774,0.24713646,0.57244563,0.20682532
15959,-5.4709315,0.26781413,-1.3588009,-0.7621153,-0.05069095,-0.55534333,0.049396697,0.12979224,-0.24895234,0.2280904,0.40975866
15960,-6.4430633,0.084965944,-1.4468861,-0.7109434,0.07138692,0.38804424,0.27200463,-0.37714854,0.21068951,0.41847175,0.13632342
15961,-5.05363,-0.29741192,-0.9333474,-0.6560886,-0.50314987,0.0021741083,0.23459955,-0.39084917,-0.08857813,0.5655656,0.2985227
15962,-5.383663,-0.3172292,-1.2436391,-0.87076205,-0.31977293,0.4131202,-0.2225097,-0.60782933,0.29442647,0.42980075,0.52438086
15963,-6.2633867,0.018911686,-0.99674696,-0.42560124,0.11975985,-0.08760133,0.04569575,-0.35995823,-0.058020644,0.11109793,0.5008742
15964,-4.895654,-0.28878614,-0.9774394,-0.79006743,-0.3558717,-0.19352506,0.14141381,-0.24289158,0.051884852,0.2809527,0.31611997
15965,-4.5233526,-0.38348097,-0.724509,-0.48056844,-0.37381846,0.10986928,0.1207276,-0.20089877,-0.02382104,0.39284778,0.31969047
15966,-6.3933964,-0.1268892,-1.4445394,-0.7697397,0.24323045,0.009790335,-0.017957985,-0.20351543,0.11200193,0.49986166,0.33710515
15967,-7.444305,-0.23729263,-1.3901626,-0.84547746,-0.1847338,0.46497858,0.05585672,-0.36321512,0.09418494,1.3549317,0.37888762
15968,-5.798255,-0.10411782,-1.0648984,-0.7277126,-0.35906237,-0.21549658,0.32142845,-0.33508778,0.0963203,0.48214385,0.50198114
15969,-4.564871,-0.24362259,-0.5735534,-0.66280925,-0.3035299,-0.04866703,0.1841241,-0.10204006,0.13197045,0.416031,0.40961125
15970,-5.4208474,-0.047476932,-1.3113744,-0.6110731,0.18026952,-0.09196081,-0.026713125,-0.13297164,0.28240624,0.35182297,0.5968572
15971,-5.386819,-0.46280593,-0.78517175,-0.7470313,-0.018047236,0.28628176,-0.033650734,-0.28172067,0.27244037,0.76796955,0.23354046
15972,-6.8360662,-0.18980436,-0.897192,-0.96356976,-0.071944594,-0.16216415,0.14187333,-0.39173082,-0.042184487,0.32327563,0.3576985
15973,-5.019189,-0.090605006,-1.0196315,-0.108454995,-0.0946876,-0.100473106,0.14868543,0.016809048,-0.2891068,0.23346762,0.38566175
15974,-6.5094433,-0.52851427,-1.3087387,-0.44152382,-0.03578265,0.69410354,-0.11026613,-0.3995481,-0.02503316,0.65137243,0.46767735
15975,-4.129142,-0.34088996,-0.9181144,-0.44799998,-0.07808722,0.13580842,-0.030986361,-0.4077385,-0.015253993,0.34039798,0.06740518
15976,-5.72258,-0.28633818,-1.1203077,-0.53786814,0.058491167,0.23398282,0.050885305,-0.021732932,-0.18754815,0.62232774,0.24865131
15977,-6.443146,0.0041598063,-1.1100574,-0.48452953,-0.55399144,-0.39740384,0.30430686,-0.031490803,0.033032697,0.41023538,0.5595759
15978,-5.2392125,-0.03309913,-1.4285742,-0.6334578,0.13882114,0.16970183,-0.2285582,-0.19142024,0.22537878,0.36172614,0.24195673
15979,-4.1983457,0.045814943,-0.9440383,-0.80723906,-0.31464478,-0.06538235,-0.16491245,-0.23433946,0.13287906,0.29957673,0.32737377
15980,-6.1707673,-0.064985946,-1.0646458,-0.589863,-0.17557254,-0.10529997,-0.16540495,-0.15017775,-0.24970977,0.50076604,0.3858195
15981,-5.4895244,-0.24010226,-0.9405447,-0.3645798,0.09800911,0.08520013,-0.14684397,-0.13955556,-0.2796138,0.53982395,0.3141149
15982,-5.4942694,0.11053074,-1.0392379,-0.36794692,0.2136364,-0.27448964,-0.34301805,0.10485736,-0.039208762,0.9178618,-0.06990616
15983,-5.442903,-0.24542163,-1.0195003,-0.86325,-0.08490571,0.4083249,-0.02793073,-0.30746296,0.27498895,0.7547024,0.44992653
15984,-6.3092985,-0.09412148,-1.4894729,-1.0294567,-0.580613,-0.07644765,0.34263027,-0.18289101,0.04238952,0.3541072,1.0003815
15985,-5.2871604,-0.16724287,-1.2246698,-0.8425223,-0.10415267,0.10441627,-0.34436464,-0.23578379,0.27343014,0.42915103,-0.00090978574
15986,-5.7950845,-0.2635639,-1.2272974,-0.7952206,-0.38479975,0.4398412,0.19389725,-0.35212645,0.035121903,0.52736354,0.44879428
15987,-5.309606,-0.37184063,-0.9284742,-0.82551926,-0.5879699,0.09797766,0.063313276,-0.25882545,0.12765186,0.34469262,0.5230887
15988,-6.918568,-0.21620479,-1.670805,-1.0632566,0.32685515,0.14573903,-0.39464402,-0.60183847,0.17472027,0.6304185,0.4013494
15989,-5.790092,-0.2235174,-1.6222823,-0.906216,-0.027704014,0.33299112,-0.42965183,-0.5021589,0.3190061,0.16486226,0.29668984
15990,-5.3800163,0.029427163,-1.0585771,-0.49048513,0.116677426,0.035032205,0.09249091,-0.093483075,-0.2365145,0.15360224,0.20383821
15991,-6.071483,-0.08132662,-1.2413088,-0.8861273,-0.18514799,-0.0009883326,0.057498716,-0.5044673,0.27771682,0.5773024,0.23949005
15992,-5.0814548,-0.14795087,-0.921851,-0.5827613,0.3152749,-0.001229546,0.13147171,-0.31999636,0.307017,0.44155848,0.20696531
15993,-5.0224504,-0.19431199,-0.702868,-0.38644102,-0.41854087,-0.3447827,0.021789547,-0.090715036,-0.12269764,0.67687756,0.16968332
15994,-5.5569773,-0.035218664,-1.154968,-0.61240643,-0.23909153,0.05552693,0.04551088,-0.054987557,-0.13134846,0.4286616,0.59684813
15995,-4.838939,-0.2351163,-0.8301852,-0.76951337,-0.12208072,-0.22335674,-0.074475236,-0.09325732,0.0012585772,0.55247843,0.2868691
15996,-6.294638,-0.06452291,-1.0146836,-0.95028126,0.19128437,0.14563449,0.0047918884,0.19468342,-0.14012402,0.7853938,0.6127093
15997,-4.6015997,-0.042501893,-1.2789232,-0.44498408,-0.26258507,0.21742523,-0.034330465,-0.25804183,-0.14955984,0.6129788,0.34458625
15998,-5.720563,-0.26535815,-1.0727739,-0.5092348,0.14262322,0.1369692,-0.15552758,-0.13484986,-0.21639946,0.20587544,0.23352216
15999,-5.7976947,-0.006934901,-1.0279512,-0.5322772,-0.11180894,-0.3085286,0.015170661,-0.123927735,-0.24172534,0.6282617,0.31462598
16000,-5.1708164,-0.093243286,-1.0324398,-0.55018055,0.016725685,-0.19100718,-0.12619354,-0.15134233,-0.17901057,0.5148998,0.021072807
16001,-6.3602037,-0.21054046,-1.1461931,-0.6809853,-0.093431026,0.48445928,-0.058729738,-0.7457269,0.20704326,0.8669626,-0.14810225
16002,-4.939763,-0.16204365,-0.7985201,-0.30101442,0.2516418,0.045625024,-0.27659056,-0.35331467,-0.17007113,0.09318557,0.22313218
16003,-4.421576,-0.21568511,-1.1069568,-0.6419943,-0.07086352,-0.004723507,-0.09333838,-0.11014997,0.21495488,0.539145,0.33409232
16004,-5.278907,-0.006851482,-0.82829994,-0.7066123,-0.51919264,0.013296969,-0.13205148,-0.2036258,0.023362577,0.3473297,0.30104816
16005,-7.4310527,-0.469412,-1.4430403,-1.4093223,0.035219397,-0.44775063,-0.31181005,-0.44667175,0.5340171,0.7924152,0.21560875
16006,-5.579984,-0.2024939,-1.2913787,-0.2728602,0.3433178,-0.033575326,-0.10631544,-0.11313282,-0.14884369,0.08722053,0.042275716
16007,-5.715916,-0.15861955,-1.1839074,-0.07101329,0.035477288,0.19658111,-0.09603851,0.08050176,-0.1261886,0.5333609,0.19625191
16008,-6.845954,-0.19288842,-1.5168674,-1.1866884,0.1263149,0.18424568,0.09865123,-0.5546606,0.2967491,0.46517882,0.063859954
16009,-6.0628114,-0.11435461,-0.7814444,-0.8635003,-0.27709702,0.116344094,0.23988914,-0.05763842,-0.12863399,0.68595576,0.6341412
16010,-6.0249114,-0.40888205,-1.2575496,-0.48029435,-0.42799982,-0.0016999654,0.18950519,-0.36934313,-0.24105637,0.6548102,0.29891518
16011,-7.1604433,-0.055947404,-1.6651958,-0.8043406,0.022639323,0.09304854,-0.3483801,-0.5848194,-0.06381365,0.057324953,0.35015038
16012,-5.4457674,-0.09649539,-1.0664244,-0.7231843,-0.06281666,-0.21529773,0.35062915,0.017054442,0.08568871,0.4163714,0.20000404
16013,-6.658764,-0.14251795,-1.1231303,-0.70193875,-0.14550854,0.42366755,-0.43068227,-0.45900264,-0.27326062,0.13765827,0.11114194
16014,-4.695363,-0.044336885,-0.52475774,-0.6509616,-0.28007787,-0.26513046,0.028627843,-0.25341582,-0.112004116,0.25304964,0.3893346
16015,-6.6601543,0.0860901,-1.0972509,-0.63523954,-0.1137797,-0.17330262,0.03412346,-0.22211121,-0.46229872,0.37981042,0.3424262
16016,-7.1000557,-0.010914934,-1.0722806,-0.32477,0.17481431,-0.23721018,-0.33814722,0.12605457,-0.5352605,0.47984385,-0.036503565
16017,-3.411256,-0.28244773,-0.4904289,-0.40760738,-0.11399368,-0.1046127,0.031998742,-0.14814332,0.08597772,0.5175302,0.19491103
16018,-7.9275904,-0.03244915,-1.1636935,-0.44599742,0.24439803,-0.005742356,-0.33149713,-0.40867412,-0.3047646,-0.13005887,0.7101967
16019,-7.06202,-0.11367659,-1.4474101,-0.88946414,-0.36705655,-0.3141837,0.021842664,-0.04475318,-0.078928314,0.624095,0.2758051
16020,-5.272436,-0.2684865,-0.88886607,-0.35280883,-0.14241137,0.14327957,-0.09891861,-0.28407422,-0.16245693,0.13390301,0.2982736
16021,-6.030512,-0.081259035,-1.0571213,-0.5898962,0.16567497,0.18096916,-0.10303695,-0.24172735,0.11371867,0.49854058,0.2950621
16022,-6.4016767,-0.02620326,-1.1599936,-0.9023726,0.035889942,0.441846,-0.39104164,-0.6755161,0.15538283,0.9261925,0.46004522
16023,-6.066973,-0.40965208,-1.2694718,-0.84545076,-0.14844878,-0.44740224,-0.16141616,-0.3354909,0.005138984,0.42998818,0.28384924
16024,-4.76469,-0.3972393,-0.8180567,-0.7225999,-0.48190778,-0.10056888,0.17551894,-0.37959167,0.09811533,0.5604202,0.19029705
16025,-5.7611346,-0.24202083,-1.5229621,-0.7520475,0.104829155,0.1835892,-0.19502932,-0.2419174,-0.10083526,0.68466663,0.48240212
16026,-6.624737,0.039307557,-1.5065701,-0.67273897,0.1306515,-0.006904687,0.10349203,-0.3075418,-0.012546174,0.2574596,0.054826893
16027,-4.207213,-0.41463545,-0.50360864,-0.5216753,-0.33602655,-0.19442302,-0.066843405,-0.1484264,-0.2290011,0.22795527,0.3255947
16028,-5.7113457,0.16618651,-1.3289343,-0.6663135,0.09819649,-0.12300137,-0.14987484,-0.4472248,0.01819265,0.62569654,0.09765046
16029,-5.3340917,-0.18356484,-1.028408,-0.7093421,0.0722833,-0.0010531107,-0.07216005,-0.15817136,-0.020427538,0.37830922,0.11177201
16030,-5.185416,-0.19865967,-0.7747264,-0.27860457,-0.05110241,0.04918418,-0.39220184,-0.12982541,-0.2406544,0.19745153,0.060048208
16031,-6.050523,-0.12049301,-1.1510265,-0.93038195,-0.4879658,-0.06857462,0.07143118,-0.12349629,0.19205034,0.6194249,0.6839221
16032,-3.8950765,-0.1214785,-0.7683917,-0.40983996,-0.039118968,-0.34203207,0.10400962,0.23207165,0.04755509,0.21686308,0.12349873
16033,-6.2904696,-0.22088447,-1.4293301,-0.72191113,0.09482448,0.18494013,-0.3696985,-0.154607,0.21941784,0.53764915,0.23090366
16034,-4.509056,-0.09600881,-0.8631168,-0.56061715,0.35349494,0.2660824,-0.10984784,-0.23455401,0.20356162,0.62314844,0.19946447
16035,-5.8361945,-0.43702042,-0.78131324,-0.5409701,-0.53587073,-0.46616518,-0.008331913,-0.1924,-0.37189826,0.4996976,0.7948135
16036,-5.3952746,-0.10331669,-1.4527868,-0.69917834,0.43848604,0.08344011,-0.4030849,-0.14655757,0.16633688,0.45181006,0.26623783
16037,-4.7136626,-0.11084313,-1.1402377,-0.35709128,0.15785612,0.13713321,-0.24391638,-0.26768717,0.095656134,0.30253786,-0.025502674
16038,-4.6268377,0.05383038,-0.94405,-0.33139488,0.16176113,-0.11901432,-0.20028172,-0.3021647,-0.13465329,0.06803211,0.20834577
16039,-3.865064,-0.20767182,-0.7327077,-0.2739398,-0.14857693,0.23350066,0.091110215,-0.1665434,-0.004932478,0.27417132,0.15699579
16040,-6.622252,-0.02907218,-1.3333926,-0.59654903,0.3677925,-0.37019348,-0.25386605,0.10732841,-0.2655749,0.20172979,0.10360862
16041,-5.9060454,-0.09388739,-1.2224245,-0.88224167,-0.10827422,-0.042406876,-0.08314182,-0.095161155,0.10937886,0.5322696,0.5693397
16042,-6.2067914,-0.21495707,-1.0658351,-1.0460824,-0.01222313,0.24974263,0.25739458,-0.22719617,-0.06362748,0.30317977,0.7879368
16043,-6.4538827,0.03735928,-1.6089152,-0.39893648,0.29137284,0.32831687,-0.013650578,0.13457184,-0.062695324,0.2591156,0.038408834
16044,-7.285636,-0.20936875,-1.155392,-1.1390934,-0.72967297,-0.055236362,0.14521433,-0.3779667,-0.1917622,0.45662603,0.7267336
16045,-5.4540544,-0.3168315,-1.2299854,-0.6774515,-0.24964324,-0.035875548,0.19705296,-0.11801659,-0.061235264,0.46132103,0.5361329
16046,-4.833963,-0.31970823,-1.1255809,-0.55501413,0.23762275,0.14736418,-0.1638656,-0.16803229,0.18793228,0.7020814,0.14147986
16047,-6.323268,0.14434269,-1.4560511,-0.46309927,0.20860161,-0.061729178,-0.35934067,-0.17995021,-0.15408352,0.10961532,0.058605652
16048,-7.069027,-0.079405144,-1.3039747,-0.8047459,-0.49018174,-0.25814253,0.15168138,-0.08897198,0.06228447,0.51889175,0.57142836
16049,-5.2426133,-0.23791222,-0.8026114,-0.5151415,-0.17135414,0.15710987,0.266478,0.12398666,-0.3407769,0.28770754,0.5217043
16050,-4.741764,-0.1557393,-0.8346987,-0.48278603,-0.2295463,-0.18351212,-0.16790077,-0.06804013,-0.24512748,0.24706973,0.064119525
16051,-4.9070897,0.10164082,-0.8511611,-0.49988472,-0.12704813,0.17149588,-0.40033248,-0.46243867,-0.15714371,0.13337879,0.19880734
16052,-3.5685089,-0.20512725,-0.42857635,-0.25480503,-0.3904004,0.010879592,0.032031644,-0.1821374,-0.063159704,0.407757,0.25888267
16053,-5.704041,-0.34070903,-1.4243135,-0.6583443,0.3601255,0.042089444,-0.3489226,-0.0362221,-0.0134760365,0.26265785,-0.026167411
16054,-7.3499193,0.06679634,-1.5271902,-0.50042474,-0.0115449,-0.021446727,-0.31467816,-0.65763015,0.13118325,0.41223636,0.4923069
16055,-5.7774487,-0.09151685,-1.2205384,-1.0581797,-0.29984412,0.36557,0.06933462,-0.19039433,0.39499024,0.3800052,0.350868
16056,-5.198398,-0.15128012,-0.9834794,-0.2914386,-0.26749647,-0.08225314,0.13278452,-0.38005304,-0.429699,0.66768587,0.20834364
16057,-6.507396,0.26630896,-1.4320829,-0.07760586,0.16526659,0.21516636,-0.35302716,-0.057128966,-0.09876034,0.34527737,-0.10769305
16058,-6.4407973,-0.007964342,-1.3647165,-0.82435596,-0.43792704,0.033612024,-0.23325506,-0.1782281,-0.11382741,0.07214921,0.61885124
16059,-5.889484,-0.11770359,-1.1914839,-0.81964296,-0.45344552,0.037562795,0.24798617,0.1800478,-0.16345824,0.8557627,0.79509985
16060,-6.173336,-0.12013644,-1.4071597,-0.6661177,-0.2582157,0.17609675,0.1769125,-0.4389025,0.040888056,0.4150918,0.3954106
16061,-5.634583,-0.17199849,-0.9661657,-0.7267624,-0.3140818,-0.025438167,0.105793245,-0.16055527,0.16742836,0.41101012,0.50450146
16062,-4.837454,-0.09223449,-1.3801526,-0.6371625,0.016185233,0.07603967,-0.31249163,-0.2860176,0.10442014,0.22542232,0.23879872
16063,-4.825339,-0.08582366,-1.3494135,-0.8182389,0.014948148,-0.109168775,-0.14987998,-0.08957984,-0.09334778,0.43339387,0.30095586
16064,-6.254623,-0.21598706,-1.5403246,-0.9966736,0.36970988,-0.25336063,-0.21135505,-0.06138899,0.25533953,0.49695668,0.123557255
16065,-7.800883,-0.35222343,-1.3195025,-0.9153328,0.0328141,-0.29217607,0.040849503,-0.16900049,-0.55275935,0.47206017,0.1437263
16066,-4.850258,0.099199995,-0.79191303,-0.6514108,0.14422204,-0.17694625,-0.16189806,-0.14334765,-0.17784737,0.11332272,0.10991332
16067,-3.8496747,-0.035443213,-0.8446638,-0.5421699,-0.054532845,0.04025962,-0.02546138,0.10793066,0.17306189,0.5245549,0.19373961
16068,-5.1977754,-0.3083695,-0.8886019,-0.643189,-0.32641616,0.028763179,-0.067467384,0.030364823,0.18032098,0.57280535,0.26170987
16069,-8.131061,-0.31639877,-1.4624016,-0.9894081,0.013765011,0.403643,0.1211338,0.09694175,0.21458,0.8617508,0.6080025
16070,-7.449854,0.17127421,-1.6511807,-0.43592742,0.058258265,0.09539239,0.57321215,0.125294,-0.29194957,-0.0065243887,0.4348069
16071,-4.658591,-0.24137364,-0.942219,-0.41520375,0.028031027,0.0058117756,-0.24482785,-0.11606931,-0.06868748,0.53181094,0.31057668
16072,-4.991663,-0.24033701,-0.9516791,-0.6165664,-0.025820667,-0.064426444,0.30039355,0.34611985,-0.20889191,0.33083746,0.34213004
16073,-5.294103,-0.1686917,-0.9853833,-0.25733036,-0.38925487,-0.386068,0.09770977,0.09913712,-0.17585826,0.32849103,0.29856846
16074,-4.7884336,-0.116796136,-1.2895762,-0.3930494,0.15981622,0.015423017,-0.27955565,-0.21161151,-0.2032987,0.6529763,0.08065294
16075,-4.556551,-0.08666981,-0.83148026,-0.36576027,-0.48603916,0.28115833,0.035980187,-0.6285317,-0.17095295,0.31003678,0.2658489
16076,-5.0870805,0.03831439,-1.1132963,-0.39886224,-0.1908271,0.23366328,0.22737844,-0.49574062,-0.19548878,0.19580348,0.11080174
16077,-5.5895243,-0.32072896,-1.2555296,-0.37137333,0.3636677,-0.14335163,-0.23405185,-0.11155717,-0.09414283,0.43040562,-0.17497867
16078,-5.311032,-0.0744375,-1.1699107,-0.29590526,-0.27145338,-0.0291515,-0.09796452,-0.0857123,-0.18026176,0.4068522,0.09865513
16079,-4.6278434,0.24413183,-0.98647404,-0.46351126,0.08956471,0.09239849,-0.2930751,-0.34649426,0.028713653,0.19563814,0.032280058
16080,-4.896893,0.25494802,-0.9386759,-0.6766153,-0.31681246,-0.19737138,-0.1861339,-0.51136845,-0.25380522,0.44326177,0.17087531
16081,-4.788427,0.009354398,-0.90570605,-0.36943385,-0.10425933,-0.22036682,0.020729627,-0.16003871,-0.12425296,0.26934448,0.18276575
16082,-4.972128,-0.24949677,-1.2976043,-0.56944174,-0.1049267,-0.30335432,-0.21280204,-0.21557693,0.03421817,0.42492363,0.50323784
16083,-4.5746098,-0.057555046,-0.87549686,-0.43349895,-0.10214863,0.13021256,0.23585795,0.267615,-0.20345457,0.56437236,0.3541769
16084,-5.652501,-0.07569373,-0.9202266,-0.30301756,0.24417461,0.29316187,-0.1430212,0.24813403,-0.060546786,0.3207092,0.21024506
16085,-5.3007326,-0.057709824,-1.1905836,-0.06017326,0.37609226,0.080369,-0.41093215,-0.36495468,-0.5303479,0.37395778,-0.17487614
16086,-6.094505,-0.08732258,-1.2645327,-0.3482024,0.21894602,-0.29161322,-0.091131605,-0.09233577,-0.29703736,0.044389237,0.28174403
16087,-5.769298,-0.14977731,-1.0277172,-0.7014762,-0.03193436,-0.19560805,-0.014125555,0.024534915,-0.2405471,0.49778658,0.040512808
16088,-4.644085,-0.014977648,-0.835496,-0.56393,0.08213522,0.16993149,0.11414542,-0.10829169,0.15670437,0.47646672,0.28981283
16089,-8.150906,-0.30594826,-1.6230886,-0.714461,-0.17663479,-0.4054892,-0.17754063,-0.36455506,0.08966763,0.3851026,0.61937934
16090,-7.522619,0.16080554,-1.8865883,-0.7213063,0.4486957,0.23551981,-0.33598626,-0.26804462,0.1434461,0.10765303,0.07871235
16091,-6.3098164,-0.05570251,-1.4165394,-0.69738203,0.22973087,-0.041085,0.12128553,0.060036823,0.2092797,0.63405627,0.24371971
16092,-5.2003365,-0.38989168,-0.6788806,-0.7568798,-0.5016683,0.15268528,0.16533855,-0.18882787,-0.28890884,0.30673048,0.36440697
16093,-6.3648233,-0.37449574,-1.3786939,-0.58093536,-0.5607942,-0.4612661,0.3015836,0.10550424,-0.21995486,0.52293646,0.43088573
16094,-5.2842073,-0.31285483,-0.9681022,-0.47636825,0.039165426,-0.17745517,-0.09413215,-0.11357569,-0.22781731,0.31092727,0.021214481
16095,-3.9838583,0.113261275,-0.7913036,-0.3077011,-0.21852012,-0.1107168,-0.19916828,0.08074176,-0.30982268,0.17494446,-0.018187102
16096,-7.1575184,-0.047468714,-1.1984224,-0.6976774,0.061443444,-0.3357123,-0.11894392,0.062023304,-0.07393778,0.7421896,0.20626307
16097,-4.1292863,0.1504768,-0.87015086,-0.71439,-0.15965071,0.009916098,-0.023560584,-0.22388962,0.12607823,0.26470432,0.44778514
16098,-6.119977,-0.21851167,-1.0193187,-0.75803185,0.29530337,0.025590027,-0.16020042,0.113642745,-0.15314063,0.538031,0.43492913
16099,-6.7170477,0.06516565,-1.4227302,-0.6415716,0.21505256,0.07473774,-0.5489912,-0.57061315,0.062366165,0.26656505,0.06184227
16100,-6.29511,-0.35105267,-1.3161952,-1.2987374,-0.12239858,0.05400183,-0.03635966,0.019908663,0.24218376,0.44981888,0.5799002
16101,-3.8903146,0.14202951,-0.73440146,-0.30344948,0.104971915,-0.19351164,0.01549132,-0.16144302,-0.21612345,0.11516029,0.17544535
16102,-5.2445407,-0.33032095,-1.1260428,-0.653286,0.15282163,0.21419844,0.17741494,-0.13491774,0.28144616,0.7569357,0.015982656
16103,-7.065249,0.07433185,-1.4287423,-0.52787846,-0.080093026,0.17886606,0.009851708,-0.5963532,0.181797,0.11248674,0.28326777
16104,-5.6942587,-0.45185906,-0.8194203,-0.82044953,-0.3363592,0.30165315,0.33228308,-0.0106253475,0.18128563,0.77858067,0.48280227
16105,-5.33861,-0.29161388,-1.1837808,-0.5768406,0.07820144,-0.3776803,-0.14975332,-0.18572795,-0.10263374,0.4855284,0.08633012
16106,-7.155837,0.07808726,-1.082551,-0.88432336,-0.41373423,-0.19387949,-0.23995654,-0.26322716,0.019100074,0.63460976,0.58482605
16107,-5.0967546,-0.11148356,-0.67052823,-0.48944056,-0.057397127,-0.11800128,0.02040318,-0.061460607,-0.18615726,0.16782583,-0.16157426
16108,-5.300352,-0.26235798,-1.024214,-0.7211777,-0.38041344,0.28582478,-0.04344093,-0.32283866,0.13308437,0.5174323,0.3842849
16109,-6.5518937,0.15461475,-1.7320778,-0.9630413,0.018712353,0.34376717,0.124539286,-0.059132308,0.2745263,0.54339635,0.5703206
16110,-5.8547497,-0.18093027,-1.0186241,-0.3632342,-0.42758927,-0.05977913,-0.049225494,-0.29572642,-0.010393618,0.57209414,0.17638893
16111,-6.5844517,-0.15788245,-1.3478498,-0.8936689,-0.5947842,-0.149791,0.24556172,-0.047736287,-0.09401058,0.34386227,0.9829095
16112,-5.026699,-0.11159695,-0.4225973,-0.38297027,-0.15688927,-0.18647423,0.036233768,-0.12599625,-0.24626304,0.3021552,0.18824701
16113,-6.0040803,-0.2785091,-1.1771132,-0.5016001,-0.65794456,0.06610061,0.09862269,0.1426968,0.070263326,0.5559284,0.45995188
16114,-6.0394945,0.25905988,-1.1761343,-0.34623393,-0.30749914,0.20565683,0.022909462,0.2194107,-0.13413684,0.635662,0.10443219
16115,-5.4490647,-0.21200287,-1.098488,-0.9077921,-0.33473983,-0.22541559,-0.38229728,-0.3277369,0.12565881,0.47751072,0.32520282
16116,-4.5877633,0.07782579,-0.6611255,-0.22865559,-0.05441243,0.027568769,-0.08634064,-0.108694084,-0.008818852,0.20528716,0.24457762
16117,-7.3336225,-0.026115242,-1.6027195,-1.1336775,0.14906614,0.17148316,-0.052315593,-0.30456597,0.42384464,0.5986344,0.40092614
16118,-4.665184,0.004755708,-1.0087191,-0.7248092,-0.27915773,0.041000374,0.3883434,-0.49749336,0.08186811,0.6285911,0.29351467
16119,-4.5250015,-0.017515637,-0.7729741,-0.39613315,-0.31261966,-0.2042578,0.045639772,-0.03586278,0.09096564,0.24261072,0.5587438
16120,-6.8509736,-0.5809929,-1.1674023,-0.82884896,-0.4448532,-0.1405115,0.13228983,-0.47909528,0.082764976,0.11328727,0.80820477
16121,-5.656006,0.08547152,-1.0499266,-0.49368542,-0.10529472,-0.14138399,-0.3287198,-0.0019596647,-0.14364286,0.008736877,0.29471856
16122,-4.96746,-0.22135197,-1.1454858,-0.8472856,0.014741862,-0.28574932,-0.0556257,-0.28931746,0.17702644,0.2922225,0.2982808
16123,-6.111627,0.1955265,-1.0137433,-0.33155978,0.26418152,-0.23777266,-0.16805924,-0.200213,0.012732539,0.2958795,-0.101698086
16124,-4.730388,-0.27435988,-0.9973274,-0.7701301,-0.21130948,0.13703081,-0.09814528,-0.57818186,0.23401922,0.27257377,0.6846564
16125,-7.7323275,0.026782747,-1.6183778,-0.6898615,-0.32692355,0.3772214,0.7005684,0.26586282,-0.0021036454,0.5120361,0.7341893
16126,-5.664948,0.05569419,-1.1520094,-0.5014441,-0.23202151,0.097582236,0.1071887,-0.30288097,0.1041399,0.36155596,0.6181423
16127,-5.1107373,-0.11495579,-1.3389475,-0.5188622,0.06821187,0.024851952,-0.2532784,-0.24931175,0.30353782,0.48491472,0.056727346
16128,-7.710443,-0.3002659,-1.4492408,-0.905188,0.45893383,0.7706736,-0.57243234,-0.54307485,0.307697,0.45521575,0.039769012
16129,-6.445124,-0.17176078,-1.3177774,-0.74042016,0.259128,0.5246091,-0.3599665,-0.0918435,0.12459729,0.45526472,0.11414263
16130,-5.462051,0.018656492,-1.0818974,-0.31331223,0.15467584,0.12458719,-0.14699806,-0.3327766,-0.19559301,0.25344515,0.12157908
16131,-4.304118,-0.3182106,-0.89669555,-0.38886693,-0.49392366,-0.017859837,0.28028888,-0.16497368,-0.113128036,0.3569009,0.31740353
16132,-5.880464,0.19507441,-1.285037,-0.52732176,0.32870257,0.047878504,-0.26727283,-0.4541695,-0.06510823,0.24294722,0.07572762
16133,-6.4443755,-0.27896005,-1.3684561,-0.252803,0.41028893,-0.16286542,-0.09367706,0.18978599,0.06790687,0.30754027,0.1808478
16134,-6.370578,-0.07912998,-1.1968788,-0.6891653,0.42655236,-0.053575028,-0.15432528,0.10760409,-0.050630882,-0.016234562,0.0821672
16135,-7.1136384,0.057350576,-1.2780561,-0.663141,-0.5091532,0.0004823883,0.14668559,-0.0016885931,0.0066428185,0.46867105,0.41046545
16136,-5.7774887,-0.06592216,-1.2669061,-0.6400331,-0.15500611,0.26149082,0.17865354,0.23728803,0.12063469,0.40304178,0.69371414
16137,-6.4388046,-0.35351723,-1.3235755,-0.93189937,0.3698209,0.56182903,-0.053909585,-0.32680494,0.21108358,0.60585445,0.4263324
16138,-5.0463057,-0.0003323853,-0.80542386,-0.5001189,-0.37404585,-0.06578768,0.068798214,-0.29706964,0.013370231,0.5938736,0.27525485
16139,-5.474877,-0.15535821,-1.2922517,-0.962322,-0.13140005,0.18810737,-0.18373789,-0.5656043,0.06116554,0.33897486,0.3158956
16140,-6.0489697,-0.22816472,-0.7938696,-0.5920654,-0.11606218,-0.1355394,0.17736325,0.23657924,-0.122986555,0.5910599,0.51158786
16141,-4.2092285,0.058760453,-1.0472107,-0.27968276,0.08330652,0.037929907,-0.12257434,-0.16738524,-0.22210585,0.12192173,0.031614922
16142,-4.298276,-0.23193307,-0.7681951,-0.58376026,-0.18906082,-0.032734543,0.16683689,0.253888,-0.0071358047,0.5446554,0.4029758
16143,-7.520488,0.09302718,-1.8178729,-0.77015835,0.026680984,0.097249694,-0.013359145,0.26289776,-0.06715646,0.4466556,0.5191599
16144,-5.9869637,-0.057294745,-0.9952683,-0.49470526,-0.030296234,-0.14090505,0.2662353,0.092750624,-0.25736454,0.5811176,0.2677848
16145,-6.4586644,-0.2125397,-1.3328435,-0.85713106,0.10263445,0.40775895,0.0026913611,-0.43943617,0.07408204,0.58958775,0.4103064
16146,-7.457018,-0.32046655,-1.3576334,-1.0983264,-0.90789497,0.00889278,-0.286004,-0.10490593,-0.16128346,0.72329545,0.60032684
16147,-5.1810336,-0.25621617,-1.0807053,-0.681497,-0.17761083,-0.31287122,0.16938011,-0.23090324,-0.30301347,0.47056127,0.24261521
16148,-6.4339423,-0.28779283,-1.3273542,-1.0048035,-0.060777687,-0.06567716,0.011091713,0.30671155,0.44305778,0.7334011,0.38146347
16149,-5.0616493,-0.29823115,-0.67445034,-0.57287896,-0.3605795,-0.16984619,0.17652829,-0.18190399,-0.18965654,0.14769712,0.32991266
16150,-4.794539,-0.050412502,-1.036992,-0.53304625,0.15469362,0.066008605,0.07044626,-0.28590342,0.18934682,0.29150268,-0.046169322
16151,-5.034562,-0.3558003,-1.2468064,-0.8126604,0.3606631,-0.16800797,-0.30535454,-0.2017873,0.21110202,0.31924978,0.5707234
16152,-4.543634,-0.2982064,-0.99304396,-0.5442118,0.13545637,-0.23967828,0.009285224,-0.14864734,-0.050540075,0.34415907,0.28194094
16153,-4.808283,0.103143215,-0.89467824,-0.75876987,-0.36861634,-0.11760028,-0.03342776,-0.37025818,-0.043983273,0.41761312,0.50036675
16154,-7.2696705,-0.10967726,-1.4213184,-0.30795375,0.55804574,0.13371941,-0.2895033,-0.30026406,-0.23427124,0.2604158,0.061392143
16155,-6.2585645,0.17095354,-1.571859,-0.9863629,-0.07591498,-0.2639985,-0.32571644,0.11747182,0.09381622,0.6018949,0.47658545
16156,-5.7147083,-0.22940026,-0.72066563,-0.84567946,-0.19060698,-0.0111607425,0.10733845,-0.4136603,0.013651793,0.45387974,0.23846887
16157,-5.9836674,0.06965149,-1.1388747,-0.4722562,0.1949056,-0.04027967,-0.24250324,-0.43038267,0.0036366042,0.2907168,0.5046696
16158,-5.0564027,-0.05560747,-0.85326666,-0.405211,-0.3234842,0.4999073,-0.25998598,-0.42554903,-0.26654875,0.7790825,0.11224973
16159,-5.118647,-0.3559554,-0.93957084,-0.8986654,-0.017905375,-0.15363508,-0.13242193,-0.21863076,0.43119925,0.47414812,0.20566948
16160,-5.896259,-0.056512836,-0.97755677,-0.5953736,-0.44428572,0.049106367,0.4244167,-0.21074142,-0.11999349,0.38315645,0.5204194
16161,-6.050486,-0.15733454,-1.0971717,-0.7770478,0.102638885,0.2055536,-0.012563878,0.3966257,-0.0045290627,0.38008603,0.5741473
16162,-5.371455,-0.09129892,-1.3125502,-0.7533252,-0.46282357,-0.20292325,-0.055884086,-0.33679548,0.2701135,0.6949858,0.7305562
16163,-5.105951,0.009717232,-1.1827308,-0.9144651,-0.1323944,-0.024200015,0.16825809,0.051335946,0.00395599,0.7491204,0.43486315
16164,-4.369246,-0.2795825,-0.9734781,-0.39394188,-0.31855768,0.21483202,-0.10174219,0.045799494,0.09670252,0.5094642,0.641979
16165,-6.5597725,-0.3861208,-1.4350618,-1.1119398,-0.10270401,-0.10682673,0.03545166,-0.48468888,-0.054743297,0.08254783,0.39286026
16166,-5.666218,-0.2268557,-1.0098271,-0.6817364,-0.6494798,-0.25459135,0.2668497,-0.0604121,-0.0134126395,0.53027207,0.56208456
16167,-5.437883,-0.27671665,-1.3078518,-0.40333033,-0.071097955,-0.028682645,-0.029772684,0.057609394,-0.16952227,0.40051302,0.63463426
16168,-4.2398195,-0.034215577,-0.70016515,-0.4409192,-0.64379644,0.02956613,-0.0020162081,-0.3773453,0.005685387,0.45260125,0.359621
16169,-5.746002,-0.031157307,-1.0019249,-0.65602124,-0.083305,0.24883822,-0.04375827,-0.19321544,0.012332333,0.5178265,0.33745053
16170,-5.8456516,-0.046737682,-1.5817031,-0.92845184,0.286046,-0.13622168,-0.61803514,-0.20398715,0.28504586,0.18928666,0.2765769
16171,-6.5407066,-0.41534963,-1.6337218,-0.86527294,-0.5262725,-0.2352358,0.12125957,-0.39185435,0.097001046,0.835724,0.07217913
16172,-6.4890203,-0.2765659,-1.3771813,-0.71630216,0.015625887,0.36545938,-0.20870364,-0.44086185,0.11802331,0.4445707,0.6985194
16173,-5.848433,-0.25422087,-1.3452002,-0.40363663,-0.40153393,-0.1353594,-0.16251826,-0.14686832,-0.12848924,0.2809338,0.23992945
16174,-4.872521,0.053373836,-1.1032268,-0.4735317,0.31523564,-0.13231434,0.0234782,-0.24227855,-0.22911851,0.035450067,-0.065464176
16175,-6.253538,-0.17610708,-1.4374859,-0.91347474,-0.051085204,0.1759637,-0.19846837,-0.29919884,0.081187874,0.3981796,0.29410642
16176,-4.851274,-0.18579702,-1.1040497,-0.072593726,-0.2974379,0.37410086,0.2877934,-0.30635494,-0.34814855,0.3422143,0.30554894
16177,-5.211571,0.09183461,-0.964056,-0.4275031,0.26009998,-0.040719133,-0.145365,-0.030911846,-0.15351805,0.3386097,0.46292692
16178,-5.9966598,-0.2388722,-1.0004956,-0.61667186,-0.49068576,-0.29907757,0.15052748,-0.20776379,-0.33038664,0.32106182,0.38559175
16179,-4.873139,-0.13245206,-1.2155296,-0.29383582,-0.12476473,0.013514439,-0.13243395,-0.31761244,-0.12877028,0.53412336,0.13978788
16180,-7.429059,0.15298866,-1.2398828,-0.74711424,0.4952857,-0.0077067725,-0.29327708,-0.26396525,0.04525376,0.32295328,0.062193684
16181,-4.2564507,-0.26564825,-0.88308454,-0.42434528,0.008011673,0.020025576,-0.31831884,-0.35039958,0.044205174,0.45016667,-0.00045673735
16182,-6.1329083,-0.2883283,-1.2156067,-0.75850976,-0.26378798,0.01350346,-0.10001014,-0.22496827,0.2193216,0.32508773,0.5228653
16183,-5.741291,-0.28713664,-0.9778076,-0.64938664,-0.050044227,-0.033663865,-0.28352627,-0.21151437,-0.19492947,0.2643836,0.49785864
16184,-5.599636,-0.23568231,-1.6533567,-0.733205,-0.057526007,0.039363112,-0.17813051,-0.3203964,-0.035534844,0.4271797,0.3314649
16185,-4.0855494,-0.13461274,-0.7450075,-0.017641678,0.08317322,0.02627967,-0.13133663,-0.3236222,-0.3282232,0.40634847,0.10661109
16186,-4.3986964,-0.18832345,-0.95483357,-0.2711118,-0.26297283,-0.058693595,0.21611929,-0.0063933134,0.0889387,0.37070036,0.25644314
16187,-4.973976,0.07591447,-1.0731738,-0.57072395,0.14725323,0.11865801,0.01000598,-0.14203075,0.26966548,0.19249824,0.23727988
16188,-5.096685,-0.2086793,-1.3825183,-0.6135398,-0.3944422,0.04287989,-0.11193229,0.3104494,-0.046697542,0.6767331,0.46434328
16189,-7.4100723,0.00054220203,-1.2187985,-0.4260246,0.35169953,-0.04922263,-0.40607056,-0.32436645,-0.06324612,0.3253064,0.52694315
16190,-6.3779283,-0.12274474,-1.1497442,-0.6530965,-0.021066234,-0.29976994,-0.10253114,-0.31124994,-0.3204877,0.28318572,0.09074729
16191,-5.6335793,-0.093262404,-1.0732576,-0.5849601,-0.09738466,0.058704194,-0.07806076,-0.17279574,-0.29972884,0.08341851,0.2889069
16192,-6.5113816,-0.29340124,-1.1841171,-0.61662716,-0.021983465,-0.048558395,-0.15874515,-0.30105922,-0.13109532,0.22934219,0.3105963
16193,-5.686411,-0.1691406,-1.1514033,-0.5909536,-0.543042,0.16207491,-0.03738096,0.07584007,-0.016411765,0.49083164,0.6225464
16194,-5.5954137,-0.0016369205,-1.2748134,-0.6111465,0.0050122566,-0.07273928,0.24425688,-0.0872708,-0.1310914,0.04867024,0.39305586
16195,-7.438978,-0.24746011,-1.2310306,-1.0757937,-0.20182756,0.42590803,-0.48825634,-0.26178348,-0.09047819,0.60058916,0.32545507
16196,-4.937551,-0.38717395,-0.84891474,-0.497693,-0.18979816,0.037121255,0.028225522,-0.42133996,-0.07755752,0.74504596,0.3812194
16197,-5.850546,-0.0534381,-0.8970406,-0.7149246,-0.23817639,-0.061707906,-0.05298394,-0.15496884,-0.0014140643,0.44180188,0.4911225
16198,-5.976338,-0.21510841,-1.2312057,-0.7078251,-0.021873979,-0.0056511024,-0.087610655,-0.21038362,0.15998557,0.49844638,0.45755693
16199,-5.101087,-0.28516668,-0.9945585,-0.43281874,0.06430068,0.3619135,-0.12858097,-0.45998314,0.034807295,0.22472925,0.2480894
16200,-8.113048,-0.0073268292,-1.8015212,-0.48093554,-0.41123763,-0.017997254,-0.17635079,0.001975758,-0.0054720584,0.4735831,0.6334962
16201,-4.471801,-0.26193854,-0.7589249,-0.49993598,-0.21981089,-0.07006945,-0.16189225,-0.12223544,0.08670328,0.44868833,0.13665077
16202,-7.673047,0.17157376,-1.7983316,-0.45017377,-0.34754696,-0.06393267,0.41734412,0.053220466,-0.25349435,0.54817605,0.4894561
16203,-6.7239127,-0.27620372,-1.4231988,-0.7548541,0.36275482,-0.3033679,-0.19364779,-0.23145133,0.07300004,0.2294134,0.5231847
16204,-8.371001,0.24725956,-1.6056722,-1.4931552,-0.44638819,-0.15730712,-0.1467251,-0.32624757,-0.23812695,0.69082814,0.33281738
16205,-5.125812,-0.06434676,-1.4475414,-0.41757295,-0.16885754,0.2814896,0.07537357,-0.3999621,0.17177393,0.20156397,0.13536873
16206,-6.8646054,0.10422901,-1.5283879,-0.71222615,-0.25359935,-0.112651475,-0.21985607,0.29242736,-0.097551376,0.29966468,0.21323846
16207,-6.057424,0.14713372,-1.1349992,-0.58083844,-0.30918777,-0.09447106,-0.1936468,-0.5742,-0.11476421,0.30752212,0.46582562
16208,-5.668804,0.0647238,-1.042624,-0.34965315,0.06994252,0.03422586,-0.19371493,0.264278,-0.079090685,0.40952405,0.19245364
16209,-6.0217156,-0.28037962,-1.0703981,-0.70693815,0.049435873,-0.14137635,-0.058026247,-0.38481784,-0.11007513,0.43983802,0.20767018
16210,-5.5894327,-0.2220328,-0.9993995,-0.39169392,-0.22195062,0.58776176,0.09269168,-0.33531928,-0.18953879,0.3662604,0.24911948
16211,-6.1664104,-0.06692485,-0.6616043,-0.9206109,-0.1476303,-0.35464954,0.07705976,-0.16422962,-0.5680761,0.1724488,0.35620442
16212,-5.7678213,-0.16760547,-1.0045992,-0.6849506,-0.16040893,0.28445423,-0.043795917,-0.62866193,0.15283552,0.42181876,-0.06101547
16213,-5.0231843,0.17319624,-1.1740735,-0.6844528,-0.43587792,-0.24168108,-0.16078955,-0.28008965,-0.035387173,0.5806864,0.12997133
16214,-5.9939957,-0.08413583,-1.0376878,-0.7829077,-0.5746648,0.07565234,0.1581212,-0.3815717,0.17291641,0.22127086,0.82723343
16215,-6.2498946,0.0649077,-1.3381752,-0.4394828,0.30158275,0.27552074,-0.024445795,-0.21246828,0.015485411,0.017317133,-0.076691106
16216,-5.8196845,-0.1715854,-0.6800996,-0.7521416,-0.7636158,0.14253247,0.15721735,-0.16580702,-0.09070341,0.51599675,0.7670082
16217,-5.41246,0.077488445,-1.3722111,-0.71418875,0.068274304,0.2282845,-0.2167299,-0.567653,0.028808612,0.38831943,-0.08924853
16218,-4.8354244,0.09300481,-0.9286553,-0.4904756,-0.1208835,-0.15828344,-0.014744802,-0.44348732,-0.035354726,0.08697755,0.39318717
16219,-7.1569,-0.22601834,-1.2335631,-0.7735427,0.080457695,0.49773943,0.09619098,-0.55018604,-0.17559351,0.27549452,0.34490475
16220,-4.7622995,-0.2678635,-0.94542736,-0.49719757,-0.36523646,-0.13511005,0.2615173,-0.05032812,-0.20947546,0.40205035,0.17622079
16221,-3.4358044,0.025998157,-0.96470356,-0.4640705,0.019685663,-0.17766912,-0.08735897,0.034567952,-0.07654626,0.31796283,0.1377948
16222,-6.9138064,0.18049721,-1.536826,-0.636124,-0.076532155,-0.1893704,0.21015005,0.14154626,-0.14459202,0.7264679,0.5954023
16223,-4.23144,-0.028778352,-0.9364939,-0.5346789,0.16990684,-0.112260185,-0.0074050734,-0.11101127,-0.049932383,0.04280465,0.35576186
16224,-6.495866,0.040725477,-1.242404,-0.81499237,-0.32878086,0.005466857,0.023519631,-0.31711748,-0.13599104,0.34166306,0.10916209
16225,-5.436716,0.007705299,-1.2387564,-0.6241538,0.014972156,-0.3205387,-0.2449493,-0.14484243,0.3210674,0.3387407,0.18455392
16226,-7.622421,-0.21544875,-1.7390956,-1.4134909,-0.5525186,0.22667661,-0.121568345,-0.37764302,-0.15663695,0.7305886,0.53553045
16227,-5.9149413,-0.2176692,-1.1004556,-0.70880014,-0.43764263,-0.2301937,0.14010587,0.05521694,0.005863905,0.64955723,0.3679751
16228,-5.552169,-0.28470227,-1.1081625,-0.7139993,-0.56662935,-0.15593329,0.21824737,-0.012465039,0.017574763,0.53038013,0.56884557
16229,-4.7197857,-0.028298121,-1.0861248,-0.49510568,0.19285008,-0.1165106,-0.18230808,-0.31128576,0.07939754,0.15963314,0.42275062
16230,-6.2450423,-0.19560777,-1.6081915,-0.65177655,0.24636967,0.35226864,-0.41282633,-0.2405411,0.06965087,0.39635658,0.3583867
16231,-3.7149746,0.10269466,-0.8753561,-0.30955008,-0.040291972,0.42610127,-0.06907596,-0.13102196,0.040799536,0.4219341,0.21541603
16232,-6.9356894,-0.39181384,-1.1536624,-0.50177443,0.13088055,0.018449314,-0.4076037,-0.16301642,-0.38598794,0.30909118,0.11816218
16233,-5.610076,-0.073181,-1.1263319,-0.36394283,-0.09377163,-0.2325318,0.3799173,0.18198293,-0.08626106,0.44351652,0.30469784
16234,-6.2212677,-0.27564415,-1.2106934,-0.76247376,-0.17603613,0.26860112,0.09025423,-0.13099904,0.051973596,0.29586348,0.43746844
16235,-5.4459085,-0.17438003,-1.0998709,-0.6767308,-0.28436124,0.016397199,0.10269316,-0.17352132,0.14604451,0.44396314,0.2595914
16236,-5.9613585,0.19889033,-0.97963774,-0.57065886,0.0020952364,0.05421291,-0.061617307,0.04294634,-0.31320685,0.28717008,0.34343594
16237,-5.202246,0.3457586,-1.2671149,-0.6451184,-0.16379932,0.084379606,-0.11801296,-0.3674348,0.081549436,0.4384315,0.27117783
16238,-7.0268774,-0.40399814,-1.5403571,-1.1091093,0.48908013,-0.16920283,-0.4472483,-0.825217,0.605348,0.9096365,-0.03457339
16239,-5.9681563,0.15520155,-0.8954662,-0.7555568,-0.26157972,-0.12810771,0.0044958727,-0.20504329,0.044184122,1.034469,0.237635
16240,-6.4651103,-0.13166656,-0.91436446,-0.61067605,-0.5287229,0.3773626,0.27892527,-0.29403692,-0.106827945,0.55281025,0.49781835
16241,-5.580632,-0.07589137,-1.4465498,-0.5538116,0.17607138,-0.20175579,-0.1848823,-0.21234056,0.018061057,0.37213805,0.28283316
16242,-3.9231455,0.057090696,-0.7525703,-0.09583177,-0.008017713,-0.27287346,0.105376124,0.15809302,-0.2752582,0.15349169,0.24787001
16243,-6.393814,-0.16725492,-1.2935711,-0.4121074,-0.21048333,-0.2684173,0.16915016,0.22859219,-0.082404934,0.44907317,0.48345
16244,-7.0110607,0.073585145,-1.5424353,-0.72767526,-0.19450144,-0.098793976,0.26282293,-0.5713786,-0.32397667,0.6940979,0.5531473
16245,-5.622681,-0.45937866,-1.3684051,-0.529887,-0.14245418,0.0058724005,0.23028627,0.2298798,-0.33980197,0.6601031,0.23709676
16246,-4.161601,-0.1374119,-0.8846453,-0.25439337,0.048641805,0.12834612,-0.08570011,0.0010560444,-0.18968877,0.4158691,0.055377323
16247,-6.9199157,-0.21107017,-1.1562893,-0.28195384,-0.49010825,-0.23215236,0.3093304,-0.3449476,-0.31299004,0.23573801,0.644003
16248,-4.6326156,-0.03924091,-0.76112396,-0.581454,-0.19800833,0.20729576,0.07901647,-0.70884186,-0.11978415,-0.038678247,0.29295984
16249,-6.2523293,-0.36155662,-0.8604492,-0.53042823,-0.4757928,0.0039024292,-0.0584658,-0.3790449,-0.042077437,0.4067339,0.3575134
16250,-6.5661473,-0.07984162,-1.1623027,-0.6142653,-0.10835347,-0.0539589,-0.27036288,0.08778447,0.050405703,0.6093104,0.36210316
16251,-6.3870955,-0.2698247,-1.1529227,-0.6719439,-0.21254976,0.34529412,-0.43914413,-0.15701619,-0.17591143,0.69019073,0.27497333
16252,-5.9979877,-0.16161518,-1.3364732,-0.6501459,0.07349724,0.16064493,-0.16671214,-0.07404719,0.07107505,0.55167884,0.23571537
16253,-6.02091,-0.109184295,-0.91678756,-0.98736227,-0.34302452,0.30789006,-0.017502915,-0.27788976,-0.2632815,0.77401143,0.3781436
16254,-5.128126,0.07540342,-0.88510805,-0.5904754,-0.047512576,-0.28405535,0.026866756,-0.5236162,-0.10171769,0.5009751,0.3037039
16255,-5.8391294,-0.17182563,-0.8652437,-0.6259033,0.28790575,0.48270202,-0.1397957,-0.22461067,0.32140118,0.56756586,0.10217111
16256,-4.6474795,-0.30111474,-0.818739,-0.57218516,-0.31949598,0.21610372,0.09564809,-0.33864346,0.29846308,0.53821015,0.19690478
16257,-5.248707,-0.12233657,-0.838051,-0.47055772,-0.2687202,-0.21350388,0.019765334,-0.19027892,-0.29286665,0.20111176,0.30863297
16258,-5.0014305,-0.35023525,-0.9508378,-0.35875922,-0.21657802,-0.20502481,-0.23468366,0.08552089,-0.3386047,0.79424745,0.24384165
16259,-5.044481,-0.05653199,-0.99567205,-0.44920334,-0.24947774,0.09346174,0.10930354,-0.18629706,-0.09922006,0.43686607,0.28720364
16260,-4.7924423,-0.22337817,-1.12286,-0.625452,0.29774204,-0.07348681,-0.19854721,0.008229518,0.07238836,0.33102515,0.33808863
16261,-7.9700537,-0.133174,-1.705669,-1.0186265,0.23300244,-0.32681787,-0.39779955,-0.1827389,0.084537834,0.7323638,0.37727755
16262,-6.4024587,-0.29716918,-1.0497915,-0.89658535,0.015127614,-0.27222985,-0.009085874,-0.14005187,0.26941812,0.3603589,0.5583437
16263,-7.632238,-0.49224523,-1.4752628,-1.172275,-0.20687497,-0.12657307,-0.14267384,-0.040996984,0.29338467,0.79364556,0.15195327
16264,-3.954732,-0.220831,-0.88010997,0.075797155,0.011749364,0.105536565,0.3652848,0.013197026,-0.13833433,0.20279819,0.12383917
16265,-6.8528485,-0.27608868,-1.5861996,-0.4092235,0.4129232,0.379251,-0.28324643,0.12778085,-0.068215996,0.12851372,0.027331002
16266,-7.9011602,-0.36684313,-1.2929294,-1.012014,-0.5672516,0.61829144,-0.24405898,0.00521797,0.038365312,0.792506,0.54778475
16267,-6.259325,-0.29584447,-1.1115718,-0.62723124,-0.11856191,0.47357535,0.107114464,-0.096839465,0.024887513,0.9202525,0.6162187
16268,-4.944802,-0.11175026,-1.4129812,-0.7989569,-0.4412047,0.18839492,0.01932268,-0.22271396,-0.04171276,0.39823452,0.27608997
16269,-4.542378,-0.17617446,-1.2447677,-0.32047525,-0.13437085,0.36367834,-0.018117465,-0.32665536,-0.016083064,0.38179407,0.34412003
16270,-6.5140467,-0.17619513,-1.0341289,-0.67687714,-0.4801093,-0.14077455,-0.091521956,-0.15620828,-0.20043626,0.37396178,0.28366145
16271,-4.7622705,-0.34035102,-1.0886084,-0.28766644,0.3888561,0.14373729,-0.07925847,-0.44066897,0.124630265,0.35400742,0.36724287
16272,-3.477673,-0.07456427,-0.5746568,-0.4177797,-0.14382888,0.04327308,0.05562849,-0.23091063,6.976724e-05,0.43518844,-0.096608736
16273,-7.2670593,-0.35383466,-0.79634005,-0.68681335,-0.5318974,0.055260304,0.10478373,-0.37272513,-0.21270847,0.11020621,0.626525
16274,-4.6586227,-0.34243733,-1.2567346,-0.52791375,0.12371746,0.11970935,0.18985349,0.10711738,-0.038306445,0.547278,0.33285168
16275,-5.5872235,-0.40768474,-0.8428888,-0.91590947,-0.38907626,0.030527955,0.12895489,-0.10292504,-0.18382967,0.44824404,0.6808037
16276,-6.899665,-0.39707255,-1.1302083,-1.0339913,-0.1913413,0.30605,-0.18474938,-0.5427656,-0.029479811,0.45393273,0.7192023
16277,-6.4808893,-0.33871055,-0.9769815,-0.78446525,-0.5796328,-0.19972529,0.33195716,-0.30228865,-0.18535703,0.5085905,0.6486098
16278,-4.715078,0.12152483,-0.6714566,-0.59177834,-0.17654817,-0.3240611,-0.13755363,0.0035672644,-0.062852316,0.4807068,0.23930416
16279,-5.1388006,-0.26833257,-1.0577257,-0.79045826,0.112183824,-0.043624178,-0.38498935,-0.22703272,0.24080744,0.6784949,0.55825037
16280,-4.2965217,-0.1854093,-0.86492485,-0.70790935,-0.26984715,0.28409272,-0.037941057,-0.25440204,0.1485511,0.23354791,0.5274647
16281,-7.5011215,-0.15886489,-1.6028247,-0.6027105,0.25881132,0.330904,-0.52748984,-0.105951995,0.09224099,0.96884227,-0.13351503
16282,-6.8313885,-0.48129222,-1.2084063,-0.9756113,-0.5165271,-0.33693027,0.10582693,-0.2339833,0.051753305,0.4206938,0.97114056
16283,-5.51401,-0.11763647,-0.7996583,-0.7653659,-0.08977518,0.0856807,0.0667059,-0.13484123,-0.046312533,0.5359477,0.72309285
16284,-4.696317,-0.07961126,-0.96812904,-0.47561407,-0.18071885,-0.021869134,-0.18799707,-0.4386223,-0.006093705,0.30444467,0.120713055
16285,-6.5113764,-0.19264877,-1.3286742,-1.3085977,0.051970977,-0.17900677,-0.11288929,-0.31384182,0.35412455,0.8232367,0.42998454
16286,-6.2473235,-0.16027842,-1.1598486,-0.35984498,-0.067210436,0.22103548,-0.26225647,-0.30582812,-0.18488881,0.4778103,0.014123058
16287,-5.66885,-0.26563695,-1.0790876,-0.74641585,-0.191738,0.06256999,0.03195228,-0.3061273,0.28414938,0.70065886,0.4232205
16288,-5.4505973,-0.2547017,-1.454562,-0.515462,0.21277729,-0.19804499,-0.15445748,-0.10437146,0.15926912,0.262312,0.33342627
16289,-5.153898,-0.21892484,-1.4517835,-0.8184467,-0.4529782,-0.19857125,0.10995571,-0.2856023,-0.14410613,0.4079113,0.35989258
16290,-5.9980483,0.03797589,-1.2417073,-0.43317798,0.18547142,0.33921748,-0.18550794,-0.25230864,0.30288455,0.46375486,0.0015549446
16291,-5.837344,-0.18589725,-1.42404,-0.75258094,-0.2834445,-0.06828411,-0.068527125,-0.05543486,0.25220641,0.8433188,0.032351635
16292,-4.6017566,-0.21468137,-1.0600224,-0.38934782,-0.22051497,-0.23092252,-0.08596043,-0.009153346,-0.007642202,0.29070786,0.034765948
16293,-5.3938136,-0.27871126,-0.9209829,-0.5233059,-0.40160313,-0.15377326,0.13783611,-0.07033423,-0.045765318,0.49486816,0.45110947
16294,-8.164345,-0.07160159,-1.8656768,-0.8938038,-0.0061156857,0.33685642,-0.010352614,-0.11012007,0.13196106,0.6951014,0.6710683
16295,-4.765163,-0.18905509,-1.114169,-0.48596564,0.060145494,0.27476424,0.11733747,-0.01658819,0.15877204,0.8196918,0.32192785
16296,-4.79304,-0.14129777,-0.8991644,-0.5999798,0.093408875,0.1626723,-0.3247907,-0.35347947,-0.097777404,0.1804599,0.013529412
16297,-7.188716,0.18904622,-1.8796883,-0.52758455,0.38817847,-0.24136473,-0.052526064,-0.17336757,-0.058722563,0.29624116,0.23846659
16298,-5.8081813,-0.14549018,-0.99523044,-0.3752743,0.33822697,0.08072805,-0.15697713,0.003014075,-0.05947295,0.41380543,0.44370788
16299,-7.0402117,-0.32682702,-1.4515066,-0.86862165,0.25741878,0.20397839,-0.49819896,-0.2023868,-0.057461835,1.1024386,0.30404943
16300,-6.0088253,-0.08138597,-0.9993753,-0.87194544,-0.15050372,-0.049918555,0.1899873,0.034347713,-0.15674624,0.2410027,0.42155
16301,-6.179188,-0.049464647,-1.0918331,-0.9120843,0.05256941,0.0023258892,0.014703527,0.0095919985,0.18128335,0.71904635,0.76403075
16302,-4.973111,-0.42288804,-0.9619298,0.0035877014,-0.12231342,0.36865503,-0.041772168,-0.4108314,-0.060144335,0.27865553,0.07498501
16303,-5.8569713,0.2327868,-1.1946063,-0.38154832,0.057331223,-0.27702528,-0.2457173,-0.25055006,-0.46495387,0.1989663,-0.036228996
16304,-5.134442,-0.106966875,-1.2383617,-0.74994385,0.18086654,0.13021865,-0.12376451,-0.58912575,0.26687938,0.6486804,0.120642155
16305,-5.461223,0.04819154,-0.97702396,-0.41438034,-0.08597569,-0.0111290645,-0.0003398219,-0.044469297,-0.11560321,0.12320796,0.25226602
16306,-6.6684785,-0.18267183,-1.3696709,-0.62259316,-0.33547384,0.07281519,0.010220547,-0.5466841,-0.522897,0.6595467,0.29852453
16307,-6.901204,-0.08689168,-1.4349275,-0.93783945,-0.18900259,-0.34014314,-0.15387316,-0.0125739295,0.08403004,0.8847753,0.5190698
16308,-7.0077558,0.008322753,-1.0946454,-1.0351437,-0.32463926,0.25231037,0.058209028,0.035722278,-0.08011355,0.44159347,0.62808836
16309,-5.045542,0.07856715,-1.4740673,-0.37097666,-0.11179506,0.024360467,0.13877127,-0.17048454,-0.13169596,0.42573315,0.36650646
16310,-6.7768865,-0.062353034,-1.2233566,-0.653436,-0.14048739,0.3799504,0.47348237,-0.12418515,0.009989677,0.46748346,0.6355732
16311,-6.513434,-0.24647267,-1.0698578,-0.9421426,-0.17260462,0.0029117456,0.09347264,-0.5574374,-0.11718412,0.99495095,0.49565837
16312,-6.284714,0.019052561,-1.3646139,-0.16525063,0.11862959,0.07160443,0.098489545,-0.07486512,-0.21170565,0.1709459,0.1872711
16313,-5.216723,-0.1902604,-1.6660237,-0.726427,0.18227717,0.076692656,-0.15038322,-0.12109975,-0.10742827,0.28793073,0.12915681
16314,-6.4124446,-0.030427657,-0.85221696,-0.5367796,-0.5787438,0.115107104,-0.11238557,-0.4003705,-0.1771946,0.046562996,0.37606406
16315,-4.308911,-0.07777367,-0.82493806,-0.5636398,-0.110315815,-0.014784455,-0.20330891,-0.064648435,-0.20449352,0.3463062,0.1109112
16316,-4.8562374,0.0771825,-0.86005324,-0.4429573,0.26556367,-0.11822559,-0.53566843,-0.17918336,-0.17849177,0.7330962,-0.08658976
16317,-5.806364,-0.2559846,-1.2794139,0.06885027,-0.2605145,0.55816996,0.12820786,-0.48771942,-0.06114216,0.45224327,0.37412956
16318,-5.187314,-0.049261194,-0.77223784,-0.69450074,-0.571941,-0.22596747,0.18846673,0.032601513,-0.35534304,0.3828352,0.49825358
16319,-4.344844,-0.20357499,-0.7366741,-0.34058028,-0.24442339,0.32048237,0.0010233251,-0.39719626,-0.1806127,0.53934795,0.19276665
16320,-4.474261,-0.25086778,-0.7604769,-0.15047282,0.06711495,-0.34419626,-0.13900693,0.32790315,-0.34563395,0.523702,0.10656055
16321,-6.1948867,0.16310832,-1.1131035,-0.4855299,-0.39714155,-0.110803455,0.05398144,-0.4028962,0.047470562,0.33085647,0.4646614
16322,-4.4848943,-0.18325752,-0.9644751,-0.1430809,0.16529843,-0.04897526,-0.32800746,-0.2570436,-0.42478427,0.6891112,0.04911621
16323,-6.7048397,-0.08206479,-1.5902265,-1.0359184,0.26035658,-0.0995903,-0.410642,-0.15469214,0.031901993,0.2219289,0.0034824312
16324,-5.127004,0.044294655,-1.033239,-0.72412205,-0.22303845,0.3333761,0.1515008,-0.7454671,-0.026087487,0.5479523,0.4843263
16325,-6.7258945,-0.17794539,-1.298338,-0.7677151,0.57050526,0.3238263,-0.044901386,-0.6920439,0.24840741,0.47165576,0.508015
16326,-4.8237634,-0.38571712,-1.1151451,-0.51276344,-0.4570671,-0.118094,0.046660423,-0.07728995,-0.06959435,0.4230728,0.26363212
16327,-4.7697525,-0.03233289,-1.3178403,-0.7273814,0.21760172,-0.010851607,-0.3684148,-0.017664474,-0.00834889,0.3123945,0.1872362
16328,-4.636127,-0.031408265,-0.98452914,-0.48097208,-0.0039449534,0.26782614,0.13555779,-0.19351557,-0.058978222,0.17684597,0.26954833
16329,-4.370051,0.04939199,-0.85826904,-0.4476333,-0.03516757,-0.07152263,-0.26196876,0.060223095,0.029518869,0.35553956,0.08063899
16330,-6.1135235,0.26369023,-0.9749934,-0.5486539,-0.25650424,-0.07398077,0.24984004,-0.19207674,-0.043272592,0.29323795,0.4631228
16331,-4.339104,-0.1712711,-0.9037629,-0.6125223,0.15053745,0.16983896,0.016743528,-0.33608216,0.021182675,0.27850637,0.06554199
16332,-5.4510574,0.016663281,-1.3670274,-0.6198427,-0.31921908,-0.1809087,0.22657019,0.0021976945,-0.19072276,0.23389146,0.42407298
16333,-5.4354534,0.11713947,-0.97764546,-0.6370307,-0.12647437,0.006868202,0.045360252,-0.08077191,-0.3018312,0.2952953,0.5527969
16334,-5.2288485,-0.2800973,-1.5143465,-0.2382077,0.2082742,0.04136788,-0.0340525,0.10364553,-0.16114762,0.39532748,0.31417614
16335,-7.2974663,-0.64141273,-1.696697,-0.9454434,-0.34325486,-0.054902494,-0.010418125,0.11027952,0.36717653,0.92277277,0.60934734
16336,-5.931766,-0.05605046,-0.97612125,-0.7574128,-0.043227382,-0.13907541,0.18324985,-0.4048557,-0.14757958,0.363015,0.18805532
16337,-6.312547,0.2162112,-1.1669879,-0.8101861,-0.468088,-0.44624692,0.16860388,-0.068773165,0.1790114,0.48360467,0.53788924
16338,-4.833291,0.207877,-0.86067545,-0.63935196,0.039396413,-0.009750359,0.17607766,-0.37869066,0.17717308,0.20619212,0.3701992
16339,-4.6040707,-0.18370713,-0.6312766,-0.50285494,0.060887884,-0.04102094,-0.13091941,-0.07675232,0.09728765,0.40586206,0.23338877
16340,-5.1988115,0.20011589,-1.1059567,-0.58951104,-0.002396111,-0.07607176,0.20622952,-0.04213793,-0.10641323,0.4171975,0.39982766
16341,-4.487015,-0.35751227,-0.8236852,-0.4217386,-0.08688372,-0.16034554,-0.029588979,-0.213389,0.020136202,0.4224179,0.17040452
16342,-5.912965,-0.07697819,-0.9506352,-0.63629645,0.018087085,-0.30382115,0.15645933,-0.15236458,-0.24858962,0.6150243,0.33374396
16343,-5.5113907,-0.19221964,-1.3614339,-1.0279384,-0.15028591,-0.03163284,-0.27694762,-0.11210297,0.10075814,0.44293702,0.6380449
16344,-4.7369657,-0.09480671,-0.9971419,-0.2797348,-0.46904263,-0.13225089,0.31942526,-0.05279307,-0.06800119,0.42194545,0.19018604
16345,-5.3220625,-0.27929518,-1.2111161,-0.5305846,-0.13303617,-0.21801646,0.083519824,0.20894067,-0.009623289,0.45576358,0.5075186
16346,-6.17173,0.15496336,-1.241191,-0.49701446,0.19478609,-0.058646224,0.029317912,-0.25953808,0.003391549,0.3498824,0.116773486
16347,-4.9012423,-0.21894497,-0.8952683,-0.45096764,-0.67275566,0.2328112,0.17675634,-0.065941475,-0.11875154,0.53857964,0.5209996
16348,-4.3292394,-0.15273267,-1.0217791,-0.5454619,-0.10395643,0.11633058,0.1214299,-0.400299,-0.08835314,0.27973035,0.13935179
16349,-5.145934,-0.13033773,-0.8481885,-0.8277175,-0.16988884,-0.00611974,0.40288255,-0.03647919,0.08967355,0.24079075,0.2811
16350,-5.9261913,-0.19974425,-1.6337711,-0.95311034,0.3333345,-0.06260463,-0.36658487,0.041359432,-0.04361944,0.2660596,0.037443426
16351,-5.6417613,-0.15892376,-1.3933601,-0.63924944,0.14040272,-0.080123365,-0.12065197,-0.10731537,0.14867708,0.4731437,0.09546215
16352,-4.8589277,-0.081538014,-1.0614583,-0.43315902,-0.026701873,-0.42286885,-0.039769184,0.050378412,-0.171276,0.2860099,0.15364674
16353,-5.920606,-0.041248724,-0.7765252,-0.65894294,-0.18337946,0.11510297,0.014305242,-0.23103495,0.23196109,0.609121,0.23424216
16354,-5.6210093,-0.18812414,-1.6004212,-0.81256384,-0.4940464,0.05662141,0.11833934,0.066777185,-0.19001035,0.5178269,0.66334194
16355,-5.449815,-0.11798927,-1.222852,-0.40364048,-0.18316595,0.2148004,0.34492797,-0.13174683,0.022695765,0.57549125,0.40144303
16356,-8.288184,-0.27034923,-2.0140893,-1.1990414,-0.85735595,-0.16860536,0.16761014,0.0076241707,-0.18790366,0.78101164,0.6674062
16357,-6.9021893,-0.38724685,-1.3994495,-0.90005046,-0.010494931,0.18835439,-0.48729688,-0.569054,0.20402339,0.6153792,0.5743884
16358,-4.6280756,-0.1435304,-1.0693581,-0.2823647,0.0736845,-0.13557747,-0.19032337,-0.29683474,-0.09183883,0.24110232,0.083879374
16359,-5.0762525,0.0014173454,-0.57484263,-0.4989429,-0.29044008,-0.25142926,0.18638878,0.1407049,-0.09843164,0.53487885,0.33841696
16360,-7.835935,0.35398823,-1.3690972,-0.9212367,-0.22105037,-0.30023652,0.21606162,-0.5205235,-0.14596674,0.6821831,0.5726061
16361,-6.1756926,-0.29778782,-1.1662698,-0.7200226,-0.72641057,0.01519751,0.43886536,-0.05951883,0.07209939,0.601165,0.8998954
16362,-5.383204,-0.03226799,-0.81035066,-0.48897552,-0.056377098,0.17952263,0.041616667,-0.046655983,-0.24202259,0.15323475,0.10526693
16363,-5.5405335,-0.45223278,-0.8780754,-0.48313296,-0.7465475,-0.4956721,-0.05168112,-0.098367214,-0.4096236,0.38271767,0.29047537
16364,-4.6129427,-0.18060882,-0.59601843,-0.631256,-0.13071828,-0.15247104,-0.29450628,-0.4368446,0.058877975,0.37497434,0.3165337
16365,-5.1841955,-0.16192847,-0.98005456,-0.62287277,-0.31296894,-0.16835964,0.34288982,0.2904678,-0.055279,0.38538522,0.7145934
16366,-6.630242,-0.41778883,-1.0549102,-0.8389724,-0.5015421,-0.19399816,-0.034666203,-0.31427348,-0.056587406,0.7616136,1.0238137
16367,-5.300994,-0.14412612,-1.120377,-0.73934877,-0.39730185,0.17295052,-0.22973795,-0.40523115,0.13208625,0.24375756,0.16740106
16368,-4.461269,-0.07954842,-0.94819754,-0.5442241,0.16912906,-0.06907714,-0.26511735,-0.05235534,-0.1977423,0.36203468,-0.24040201
16369,-4.705657,-0.042855963,-0.8835325,-0.47093368,-0.57235056,-0.121099725,0.18747623,0.07329802,-0.2559858,0.5053244,0.40161568
16370,-4.3621573,-0.27014816,-0.8945921,-0.5565431,-0.041837458,0.076376446,-0.32003596,-0.2685599,0.032854915,0.31680086,0.10471018
16371,-4.2765493,-0.12664704,-1.014388,-0.35010764,0.19254948,0.026588485,-0.19936131,-0.15454262,-0.19268364,0.27971962,0.25083706
16372,-6.4039025,-0.14112985,-1.2302543,-0.7703023,0.11916627,-0.052448954,-0.17618671,0.1071294,0.013827508,0.6860748,0.25656015
16373,-6.6453257,0.0047185374,-1.5582879,-0.27911636,0.02186086,0.101396315,-0.22687167,-0.2989382,-0.124907166,0.14312996,0.023234457
16374,-5.4265327,0.120005935,-0.85793906,-0.47451532,-0.42960235,-0.053051673,-0.00550484,-0.19763073,-0.35437056,0.38100556,0.14241122
16375,-3.4960496,-0.19972306,-0.43796286,-0.3865075,0.038051486,-0.0949965,-0.0017128019,-0.013490252,-0.19662075,0.20864187,-0.061253667
16376,-4.5359097,-0.04663552,-0.9716963,-0.63821185,-0.17691389,-0.10962114,-0.022699319,-0.46185777,0.16972817,0.4262793,0.2059281
16377,-4.640793,-0.18880467,-0.83017474,-0.6873868,-0.08314781,-0.1536757,0.02212499,0.07181498,-0.23186895,0.35266113,0.2264891
16378,-5.29903,-0.35193616,-0.9218136,-0.22854494,0.057151794,0.25576043,-0.30322963,-0.040524326,0.036968827,0.15113418,0.10274117
16379,-6.3740683,0.04274393,-1.5406644,-0.3976912,0.44133314,-0.103893794,-0.5086136,0.017813127,-0.26117098,0.32210943,0.23168732
16380,-4.4835515,0.15616128,-0.8706026,-0.36290035,-0.17048201,-0.21068512,0.18095468,-0.319859,-0.16216393,0.24059503,0.292078
16381,-6.3173804,-0.31729522,-1.0873181,-0.6600555,0.21542852,-0.020644676,-0.3667526,0.075831234,-0.13927287,0.57147783,0.37933236
16382,-5.534145,0.020632207,-1.1750412,-0.665818,-0.14559475,0.02902892,0.011267334,-0.1629604,0.047193535,0.43268338,0.08050262
16383,-5.3295836,-0.1359531,-1.1838766,-0.57196134,-0.14860338,0.12589762,-0.067796566,-0.2851836,-0.16169685,0.7664407,0.17236729
16384,-6.1018906,-0.25692835,-1.61496,-0.4562468,0.20310162,-0.11807063,-0.10875226,-0.16219848,0.013014106,0.34834227,0.58605355
16385,-6.1850905,-0.0547734,-1.3535442,-0.5154659,-0.09821654,0.23608084,-0.21146591,-0.43237197,0.03721199,0.27108306,0.091230825
16386,-7.2967634,-0.268556,-1.4557873,-0.49761415,0.20089266,0.5270635,-0.28559807,-0.65597075,-0.03227748,0.29565293,0.075769775
16387,-5.1564307,0.017655626,-1.2152596,-0.97791535,0.20176221,0.06316756,-0.118492775,-0.3918502,0.093526796,0.1781645,0.21375385
16388,-4.845532,-0.30910015,-0.946367,-0.8616352,-0.33176544,-0.16786243,-0.081137024,0.18151031,-0.010010552,0.471156,0.52589536
16389,-4.15692,-0.023391351,-1.0607691,-0.5727803,-0.022235729,-0.18158516,-0.20469938,0.009262247,-0.044382654,0.22603716,0.2514208
16390,-4.182785,-0.17069033,-0.76523125,-0.23744869,-0.35275012,0.22277951,-0.08389866,0.14445038,0.011813281,0.3435665,0.3627356
16391,-5.3230777,-0.37471822,-1.2604597,-0.31493375,-0.20439394,-0.012808025,-0.100172214,0.08888116,-0.09407044,0.3658507,0.25076765
16392,-4.8548627,0.20395112,-1.2730122,-0.45099765,-0.10457886,0.06554252,-0.10320519,-0.07746488,0.06724448,0.2932269,0.09582483
16393,-4.3990974,-0.048803665,-1.1318513,-0.5750624,-0.0144257415,0.14574791,-0.07573915,-0.34494945,0.10745101,0.30295622,0.26550326
16394,-5.029266,0.07661512,-0.82477385,-0.41315448,-0.36576867,0.10136235,0.15287533,-0.4594121,0.07266332,0.45380273,0.19483408
16395,-6.389962,-0.07394233,-1.4260617,-0.5095474,-0.053580787,0.2642336,-0.3960759,-0.1566945,0.25600603,0.45824474,0.18281367
16396,-4.4937234,-0.24813084,-1.3777057,-0.5067868,0.090401925,-0.11931129,-0.16697161,0.17956474,0.035478838,0.4024611,0.13903354
16397,-6.390778,-0.39337015,-1.306016,-0.5450321,-0.41360727,0.5101343,0.26983637,0.23049852,-0.17145002,0.7920817,0.7139643
16398,-5.174463,-0.30731925,-0.97640425,-0.7229046,-0.47971457,0.14038824,0.13791837,-0.056921013,0.001132722,0.2150088,0.5686509
16399,-4.480983,0.0015222589,-0.7900126,-0.3235476,-0.27437624,-0.038881917,0.027033087,-0.0788416,-0.17392518,0.4708785,0.24876961
16400,-4.911706,-0.23849636,-1.1030738,-0.8398995,-0.51540816,-0.106968194,0.17080696,-0.051733024,-0.029317083,0.40420592,0.18230137
16401,-5.8779807,0.32547548,-1.0935129,-0.2969283,0.015661692,-0.2062452,-0.17631224,0.006233544,-0.11638753,0.3951765,0.22961526
16402,-4.5023055,-0.27859193,-1.102504,-0.6007042,0.007643132,0.23192002,-0.009237419,-0.060445964,0.1309196,0.4226073,0.41260538
16403,-5.615334,-0.27097908,-1.2392114,-0.34072098,-0.3991433,-0.26786166,-0.043550167,-0.43818972,-0.25893843,0.44843453,0.23908094
16404,-5.0499773,-0.28875983,-0.8727737,-0.719634,-0.12142836,-0.23082885,-0.06577433,-0.018012626,-0.18628484,0.27777627,0.41349918
16405,-6.512893,0.051636934,-1.1667979,-0.9903592,0.107398555,0.19259886,-0.36123943,0.0013440102,0.21234857,0.639724,0.38237035
16406,-6.360283,-0.16818178,-1.0721838,-0.9452318,0.035798933,0.077902734,-0.17054974,-0.11950051,0.03765069,0.21450023,0.58628875
16407,-5.0007176,-0.07726915,-1.1477867,-0.4144204,-0.17999497,0.23817882,-0.020084213,-0.47653887,-0.0068099033,0.2520348,0.16009288
16408,-6.7837815,-0.030245662,-1.3707918,-0.8455198,-0.07689974,0.23304124,-0.041874595,-0.58529633,-0.11625175,0.25249687,0.5288995
16409,-6.530063,-0.32499897,-1.2640349,-0.8730809,-0.04197006,0.017366426,-0.12594327,0.041610524,0.15137172,0.60670364,0.06568504
16410,-5.0543623,-0.24152367,-0.9054663,-0.57662886,-0.24652272,0.22770779,0.02046332,0.048152536,-0.22429079,0.45347458,0.2880346
16411,-6.043055,-0.28111476,-1.3401394,-0.7730064,-0.27558318,0.25420386,-0.23481992,0.14475314,-0.09547647,0.877439,-0.0072871717
16412,-6.210127,-0.17209832,-1.7970989,-0.51443964,0.019256096,-0.06341655,-0.16372408,-0.41307703,-0.10145752,0.46437573,0.6382188
16413,-5.499713,-0.17727993,-0.8221082,-0.644932,-0.046850048,-0.00521418,-0.030400362,-0.23776713,0.0020997906,0.2269624,0.34494454
16414,-5.397056,-0.26856884,-0.8973793,-0.91015655,-0.4663659,-0.02179663,-0.14368992,-0.03691551,-0.11777635,0.44508398,0.42182398
16415,-4.3225317,0.1317156,-0.8304385,-0.23834507,0.026461015,-0.10786027,0.041664913,-0.3754566,-0.21695633,0.31489626,0.19782351
16416,-6.867041,-0.3849607,-1.1229125,-0.3952656,0.1624026,-0.039244384,0.04678374,-0.30175504,-0.14748403,0.25740197,0.37306473
16417,-4.9061174,-0.18239456,-0.9560564,-0.72539604,-0.559659,0.15335988,0.33587316,-0.13528736,0.12627958,0.30826703,0.51737237
16418,-6.330715,0.18252482,-1.1708276,-0.53639007,-0.24012254,0.0071781315,-0.14520162,-0.7141966,-0.13749531,-0.1286447,-0.028340451
16419,-5.582832,-0.2722134,-1.3475488,-0.053073466,0.036008034,0.005718965,0.0025274223,0.032741316,-0.14617121,0.021547586,0.40169403
16420,-5.847756,-0.11792059,-1.0860748,-0.649226,-0.15386526,0.3965941,-0.030835748,-0.5476899,-0.10676723,0.2506195,0.54625034
16421,-3.7059388,0.04575038,-0.62296927,-0.43459985,-0.28531975,-0.07215755,-0.0622129,-0.37606317,0.057437688,0.30575037,0.22611183
16422,-6.668418,-0.16924407,-1.5188044,-0.58384275,-0.2515678,-0.025024164,0.05357672,-0.36248818,-0.11828412,0.52241635,0.4732431
16423,-5.715615,-0.04679798,-1.3049533,-0.18181688,0.065233104,0.51237035,0.12970257,-0.19702962,-0.15504159,0.21943274,0.6173339
16424,-3.5967665,0.081396654,-0.9649346,-0.3072408,-0.08139075,-0.10204421,0.079941645,-0.23898481,-0.046461567,0.114062026,0.31013682
16425,-6.5464187,-0.011878119,-1.1336783,-0.6555228,-0.48286575,-0.121360436,0.0964846,0.2558767,-0.4861536,0.34771124,0.6737861
16426,-6.7708874,-0.21866335,-1.294628,-0.97078776,0.16615203,-0.44356215,-0.367011,-0.5595139,0.21521409,0.06096487,0.50307816
16427,-4.7906427,0.07512487,-0.7268009,-0.39402065,-0.19141866,0.03840191,0.05149453,-0.30232137,-0.09616778,0.38371515,0.29914927
16428,-5.8348336,-0.11184171,-0.93793863,-0.5895068,0.0934676,-0.31253934,-0.13102473,0.024032604,-0.31931004,0.35267887,0.19578655
16429,-6.453929,-0.10136959,-1.0747968,-0.7081039,-0.59723985,0.17151776,0.08202696,-0.18760218,-0.21233565,0.46272153,0.21318023
16430,-7.367404,-0.23175173,-1.8673028,-1.3289406,0.0811664,0.077224836,0.03067438,-0.2239064,0.16335598,1.1728132,0.543651
16431,-4.332947,-0.48131967,-1.0036385,-0.20202956,0.024848491,0.03529837,-0.19861966,-0.17907538,-0.03924287,0.45884386,0.27471733
16432,-5.606853,-0.10778371,-0.9189851,-0.4048845,0.06421616,-0.19488321,-0.00050225947,-0.3276595,-0.3327241,0.027966462,0.33386883
16433,-3.4882922,-0.17411382,-0.61586684,-0.2720372,-0.08452055,-0.051171392,-0.027313672,-0.19908595,-0.17282657,0.42344072,0.1266558
16434,-6.1387177,0.019586233,-1.5133941,-0.88185036,-0.14270225,0.7971749,0.06582575,-0.85716075,0.2533156,0.050763346,0.33817044
16435,-3.7156868,-0.12698695,-0.66776407,-0.5327581,-0.4021781,-0.07025245,0.0241113,-0.16850634,0.07651207,0.24248174,0.3092376
16436,-6.9764104,-0.090377286,-1.6181623,-1.1217456,0.06449886,-0.07817018,0.11927753,-0.10622879,0.26180094,0.6342491,0.02393036
16437,-6.185669,-0.065002196,-1.6540402,-0.5627065,-0.10790049,-0.06008412,0.061825946,-0.08437079,-0.15436734,0.42939702,0.428734
16438,-3.9170115,0.0058007124,-0.7347367,-0.6410547,-0.010371417,0.040919714,0.13784347,-0.13169192,0.10631622,0.3193588,0.22029991
16439,-6.3073297,-0.24579532,-1.5248383,-1.0581282,-0.22539291,0.18415065,-0.053901292,-0.0679872,0.4138223,0.99743664,0.476245
16440,-6.4145794,0.0993155,-1.140318,-0.24589655,-0.4256937,-0.1442457,0.087509,0.14794506,-0.33502877,0.70650697,0.27227223
16441,-5.294256,-0.21731696,-0.95949274,-0.46593252,0.084248595,-0.12671876,-0.058293566,-0.45249167,0.14907533,0.50518715,0.12818283
16442,-6.611178,-0.20025398,-1.5876588,-0.26471797,0.6405283,0.14436595,-0.27248418,-0.40842628,-0.010829501,0.036288835,-0.045092583
16443,-4.847973,-0.20396137,-1.0531765,-0.19961785,0.31818414,0.2084069,0.026556686,-0.03143911,0.12132329,0.30689627,0.3051193
16444,-5.653275,-0.14883228,-0.9462417,-1.071087,0.04163267,-0.025445212,0.07554058,-0.667844,0.24954563,0.29529533,0.47985065
16445,-5.044198,0.10514035,-0.83799744,-0.6663654,-0.041651934,-0.05078431,-0.3218009,0.041033383,-0.05997348,0.37248132,-0.040801078
16446,-4.918811,-0.34035707,-0.9533564,-0.38890162,0.041368153,0.0630057,-0.1456713,-0.22867747,0.07325629,0.14434972,0.30554575
16447,-6.5464034,-0.4202519,-0.771952,-0.6161144,-0.47632343,0.2583189,0.2992893,-0.54029584,-0.3461378,0.3305059,0.9706427
16448,-4.9864807,-0.12002227,-0.81983286,-0.419248,-0.17286028,-0.08674669,0.22053267,-0.250409,-0.04906866,0.31211197,0.3074422
16449,-4.9026527,-0.0009967666,-1.2477309,-0.32458133,0.14827533,0.24565427,0.19242486,-0.34564254,-0.42710412,0.26316172,0.07477531
16450,-5.5138645,-0.2163686,-1.1070374,-0.5308337,0.24170405,-0.09030606,-0.14391008,-0.16823088,-0.20016481,-0.10438337,-0.055242546
16451,-4.5642457,-0.0968678,-0.54554194,-0.4600964,-0.17969874,0.03768001,-0.18443245,0.012317435,-0.22171637,0.48434737,0.24166203
16452,-4.2664127,-0.1691095,-0.7248413,-0.4617616,-0.56393415,-0.0684946,0.014602855,-0.39853668,-0.11218387,0.41462138,0.51871645
16453,-5.3119307,-0.16443369,-1.165479,-0.68879694,0.17746931,0.35760581,0.1795551,-0.10523844,-0.07252621,0.3228618,0.4021149
16454,-4.9021854,-0.042393837,-0.80655366,-0.55371624,-0.093864694,-0.10188781,0.103776604,-0.26777443,-0.12258661,0.09470175,0.112999536
16455,-5.155922,-0.26971382,-0.8866791,-0.6621831,-0.56624115,0.1347016,0.13097596,-0.28790504,0.0053656325,0.32636964,0.43807232
16456,-6.570825,-0.04917836,-1.2770609,-0.38473853,-0.48402295,0.35408962,-0.20907362,-0.41032767,-0.2437859,0.53822196,0.16362016
16457,-6.837629,-0.19599141,-1.3155937,-1.0114113,-0.1540058,-0.43248147,-0.15114652,-0.2501448,-0.24914114,0.2462864,0.3812159
16458,-5.436693,-0.11965594,-0.99937624,-0.4782501,0.141056,-0.026971102,-0.060485564,-0.10261682,-0.13879038,0.50205386,0.34823197
16459,-7.382249,-0.0010740729,-1.3919973,-0.90478235,-0.4902705,-0.65167975,-0.24909864,-0.21328579,-0.23180442,0.69234216,0.54743236
16460,-6.438574,-0.36099228,-0.8841816,-0.69944173,0.021206614,-0.23684834,-0.058929697,-0.20866217,0.30704042,0.48495206,0.5494774
16461,-4.1483006,-0.21561724,-1.2218561,-0.54558975,-0.3627364,-0.16583154,0.13580956,0.0315819,0.15823619,0.43430895,0.47029072
16462,-6.0281982,-0.26056266,-1.025667,-0.6576291,-0.0663595,0.19874056,-0.35514486,-0.33257964,-0.09037778,0.3501101,0.14671434
16463,-4.8559337,-0.14168383,-1.4628173,-0.48262566,0.2620009,-0.0016367538,-0.13915695,-0.084463626,0.06861272,0.2471926,0.2955961
16464,-5.790802,-0.15180084,-1.0630928,-0.58750504,-0.2581528,-0.050126337,0.017216641,-0.05440744,-0.3506962,0.49570557,0.47461084
16465,-6.0267825,0.038255904,-1.4269555,-0.1372859,0.11045495,0.073483534,-0.19130124,0.010861696,-0.15707968,0.024022767,0.18444239
16466,-6.629367,0.20259887,-1.7960572,-0.38951603,0.0070617213,-0.44552398,0.15533602,-0.09374071,-0.37700677,0.18664782,0.55369025
16467,-6.4449363,0.22768435,-1.5099893,-0.7880965,-0.3070817,-0.22643337,-0.17578454,-0.48826754,-0.03618127,0.6697608,0.4919255
16468,-6.270099,-0.34513572,-1.3117071,-0.805526,-0.37793857,0.19079007,0.024601813,-0.2922369,-0.21422382,0.39359644,0.46773717
16469,-5.0230913,0.045135446,-1.5392164,-0.5581744,-0.081451625,0.002797959,0.06341094,0.09846007,-0.12129563,0.5481774,0.4947567
16470,-5.5017776,-0.12585904,-1.0731361,-1.0205712,-0.45779192,-0.0007753959,-0.057232678,-0.06332448,0.24680598,0.590032,0.40360785
16471,-4.80987,-0.018538147,-0.93961084,-0.44664752,-0.22023536,-0.18946934,0.06723073,-0.14515553,-0.16031069,0.46641663,0.34613895
16472,-6.606585,0.09086324,-1.4086778,-0.78651947,0.21412665,0.2569871,-0.19987567,-0.25161606,0.014500269,0.9351282,0.3228392
16473,-4.8869553,-0.1211392,-0.48075318,-0.43022636,-0.43601498,-0.41902137,0.12165905,-0.11019728,-0.36544955,0.35217303,0.36936215
16474,-5.476761,-0.20037812,-1.2408582,-0.8404805,-0.32570237,-0.24589215,0.19854449,-0.34617296,-0.03497529,0.4010511,0.3627833
16475,-5.713115,-0.41086012,-1.1029642,-0.9265853,0.02194064,-0.06538995,0.07072433,-0.28453112,0.30538666,0.5044321,0.5764803
16476,-6.4745126,-0.074465685,-1.4453582,-0.42759708,-0.496172,0.22253217,0.1288908,-0.64757764,-0.10010783,0.5072211,0.6516415
16477,-4.81631,-0.015918393,-1.0488567,-0.31301984,0.12704138,0.2604407,-0.15577604,-0.4713043,-0.022060623,0.67619306,0.25645086
16478,-5.1852703,-0.076499514,-0.9680361,-0.83800584,-0.5681356,0.07675365,0.17527914,-0.035433315,0.16411687,0.39395028,0.5799706
16479,-5.7651563,-0.20967108,-1.3118522,-0.7414346,-0.12775172,0.19057348,-0.07700629,-0.26516217,0.2725756,0.436158,0.27994165
16480,-3.8531976,-0.088646494,-0.7936348,-0.4001235,-0.0864006,-0.050864246,0.10964704,-0.18702929,-0.08220685,0.20665656,0.0010106107
16481,-5.628392,-0.055698577,-0.725257,-0.5119809,-0.4994647,0.094487816,-0.41238362,-0.44740131,-0.0017969981,0.27417415,-0.07363399
16482,-5.0004134,-0.33068404,-0.98794067,-0.91707873,-0.30837023,-0.12971042,0.017287143,-0.18357992,0.1788234,0.7246065,0.5770551
16483,-5.3004775,-0.27089345,-1.2158273,-0.46912438,0.20117441,0.30186212,-0.11221402,-0.21673535,-0.15965395,0.21060541,0.058853067
16484,-5.8229423,-0.24842562,-1.2353306,-0.5506145,-0.3644946,0.21075016,-0.091119684,-0.52319825,0.20608208,0.52115786,0.52278274
16485,-5.633256,-0.12745745,-1.2448328,-0.68362427,-0.23439622,0.09226351,-0.19327252,-0.22886492,0.038930252,0.2600352,0.35095665
16486,-5.642616,-0.08895961,-1.2425296,-0.7032915,0.29293603,0.071853355,-0.09351109,-0.01527546,0.24650317,0.8612258,0.25428438
16487,-7.357307,0.16421065,-1.233783,-0.6294705,0.005636024,-0.16424496,-0.05030983,-0.011082355,-0.3681752,0.6694977,-0.056561455
16488,-4.291979,0.09200075,-1.2651826,-0.68681854,-0.0937692,0.020412076,0.1194415,-0.42087603,-0.22010335,0.15450376,-0.0031273225
16489,-4.5998826,-0.17281692,-0.84733546,-0.46605504,-0.10811407,-0.013382278,-0.19258346,-0.09701565,0.046144776,0.38847846,-0.0018879771
16490,-8.170778,-0.46622807,-1.5043644,-0.98334223,-0.07057683,-0.48617,-0.104713134,-0.007822454,0.07032937,0.43072942,0.6860023
16491,-5.26149,-0.16872737,-1.0680139,-0.47725275,-0.15202528,-0.2878328,-0.14371976,-0.2701465,-0.014286617,0.594753,0.1595532
16492,-4.363399,-0.0424077,-0.80795777,-0.6864949,-0.30204615,-0.21077047,0.12100759,-0.29538187,0.19786046,0.5390759,0.34718558
16493,-6.4171824,-0.20764852,-1.1643165,-0.6542258,0.17733552,-0.17372033,-0.10350221,0.024422556,-0.23134224,0.43514514,0.16720763
16494,-5.726087,-0.051149435,-0.9219325,-0.6638098,-0.7006977,-0.07955354,0.23174514,-0.16014539,-0.14441648,0.9194166,0.29313722
16495,-5.1510673,-0.14350463,-1.055449,-0.771128,0.18018374,0.064189285,-0.33206186,0.067301005,0.19027698,0.73454106,0.39887002
16496,-4.474672,0.03778584,-0.7924981,-0.64426845,-0.282207,-0.2005375,0.058862578,0.05899114,-0.17125015,0.5601216,0.21708828
16497,-5.7981167,-0.028744023,-1.2575414,-0.79433966,0.18521664,0.022386182,0.29625472,0.094322205,0.276278,0.7285222,0.14566585
16498,-7.0034533,-0.33879203,-1.3460547,-0.63177156,0.010091365,-0.049639042,-0.28888568,-0.35109356,-0.18544656,0.25103715,0.18679968
16499,-5.982461,-0.24355541,-1.2545708,-0.53891563,0.03326902,0.15128316,0.3166893,0.057206213,-0.15384589,0.34474984,0.7158253
16500,-6.3019476,-0.19390464,-0.79259735,-0.5558357,0.16919142,-0.0024651503,-0.079431966,-0.3449578,-0.08619485,0.32127434,0.63738567
16501,-5.544671,-0.06191774,-1.1530184,-0.6619617,-0.13134798,0.21991736,0.3276878,0.27427533,-0.0022976957,0.43699262,0.54638
16502,-6.030266,-0.17341828,-1.1172788,-0.802711,-0.027640698,-0.03753414,-0.39222154,-0.19669351,-0.07015578,0.5111211,0.29296306
16503,-6.4465113,0.16219836,-0.98010427,-0.38428503,-0.04323706,-0.5338005,0.02787185,-0.25386685,-0.08198059,0.17492999,0.31052235
16504,-5.7511826,-0.19203584,-0.7618758,-0.68601555,0.004855356,-0.32527483,0.007152534,0.13317682,-0.24937357,0.2997482,0.4741467
16505,-5.7422338,0.030203056,-1.118566,-0.7316134,-0.0375108,-0.054656126,-0.47911903,-0.22851448,0.2522347,0.6648866,-0.0990157
16506,-3.3538556,-0.09407823,-0.8345111,-0.42609316,-0.19055375,-0.38638622,0.1286562,-0.014944408,-0.13862555,0.031650797,0.3083071
16507,-7.7262774,0.3037524,-1.8269926,-0.9931705,0.21334586,-0.19984135,0.07072153,-0.054649092,0.17398581,0.6121452,0.3429757
16508,-5.1886544,0.06548248,-1.0967435,-0.7348445,-0.15320447,0.045339305,-0.11307076,0.077782616,-0.01821624,0.17207298,0.6103383
16509,-6.696095,0.014620064,-1.2327415,-0.40500703,0.3531648,0.054796226,-0.19204286,0.22000779,0.10154044,0.64564395,0.22706594
16510,-4.941199,-0.11149698,-0.9532238,-0.67697823,-0.21678486,0.067887396,-0.06079665,-0.2719765,-0.034369305,0.14559045,0.32685697
16511,-6.7135696,-0.42874223,-1.049147,-0.8270421,-0.3347499,0.048858956,-0.118981116,-0.11069577,0.06621171,0.7373855,0.55980444
16512,-4.0137186,-0.062058877,-0.8119972,-0.41474247,-0.13314855,0.15812153,0.2611163,-0.1996134,-0.1978724,0.4590232,0.39221722
16513,-5.590379,-0.14318575,-1.3008666,-0.33178508,-0.35757443,0.036382396,0.099041805,0.15609859,-0.064428605,0.13153704,0.5730984
16514,-8.158969,0.024062706,-1.4329381,-0.53189087,-0.096194156,-0.36502796,0.104957044,-0.44415897,-0.64811754,0.46354,0.10479784
16515,-4.9709344,-0.19705983,-1.0255206,-0.47182658,0.2348335,0.11158555,-0.11711634,-0.07265274,0.09874751,0.49041286,0.52223176
16516,-6.185708,-0.1472044,-1.2824161,-0.6786141,0.025268631,0.0788054,-0.31185636,-0.32005736,0.021594197,0.2182993,0.09519852
16517,-6.1854725,-0.114894345,-0.6643203,-0.53885734,-0.45542642,-0.18735224,0.101126,-0.5056241,-0.224237,0.04631024,0.5860497
16518,-6.498651,-0.4897347,-1.8247654,-0.39450347,0.5281483,0.27121407,-0.14538676,-0.09448479,-0.083464466,0.3911482,0.4500883
16519,-6.1085215,-0.11636014,-1.0601206,-0.43192887,-0.1398204,0.3441437,-0.04312607,-0.035997972,-0.33584052,0.3139374,0.34247908
16520,-5.0634565,-0.059841853,-0.88543695,-0.6870837,-0.28383836,0.23450841,0.23983252,-0.25457913,-0.100801855,0.5021881,0.6457029
16521,-4.060615,-0.1635098,-0.7107185,-0.36907178,-0.11098558,-0.27530098,0.013532961,0.15998447,-0.03917417,0.45375252,0.14290813
16522,-5.971028,-0.2860244,-1.0329973,-0.41794735,-0.39755213,0.44765288,-0.06843949,-0.29999906,0.2417753,0.47422075,0.5775544
16523,-6.1037593,-0.1144855,-1.0956469,-0.65592456,0.17586815,0.24988806,-0.103950314,0.009461894,-0.12093873,0.42641252,0.3706289
16524,-5.97714,-0.13971171,-0.97377956,-0.72209775,-0.14907132,-0.02596993,0.0043619666,-0.10260237,-0.15087743,0.34509373,0.29186496
16525,-6.378472,-0.17779167,-1.0767946,-0.5578291,-0.33058587,-0.08884486,0.07128942,-0.60201395,-0.21138246,0.42754573,0.44225132
16526,-4.5519547,-0.1536655,-0.9304562,-0.5596518,0.2242723,-0.065414645,0.20115754,-0.094213605,0.055433452,0.097269006,0.31385136
16527,-7.329823,0.049384642,-1.6049935,-0.48805594,0.31241092,-0.31594622,-0.044408493,0.03841257,-0.09481815,0.23804669,0.14942464
16528,-7.591438,-0.22503218,-1.5047941,-0.81754136,-0.3250384,-0.49495637,0.061271865,0.39149234,-0.20211844,0.7730798,0.59638345
16529,-5.6604075,-0.22964153,-1.2902967,-0.6440374,-0.49583733,0.59239274,0.24970573,-0.38770896,0.10346221,0.33650076,0.43988067
16530,-5.643044,-0.20080474,-1.0848476,-0.653527,-0.16695474,0.38399082,0.2073511,-0.33689854,0.2629743,0.7764841,0.3531964
16531,-5.0094,-0.0042430917,-0.87978375,-0.49868572,0.011410009,-0.16825733,-0.058648176,-0.29155946,0.17112784,0.35530606,0.33577457
16532,-4.605622,-0.10093853,-0.85258186,-0.5718446,-0.1536017,-0.20012985,0.02507234,-0.08477372,0.091456726,0.37202808,0.2871095
16533,-5.3295116,-0.09053034,-0.87141603,-0.47788343,-0.17828219,-0.08609145,-0.09212118,-0.21813351,0.0042783245,0.44942582,0.2785472
16534,-4.682543,-0.19271214,-0.71241015,-0.39793217,-0.03995805,0.018126635,-0.13942946,-0.07732909,-0.007627476,0.5315463,0.16630124
16535,-5.7300754,0.07709993,-0.85529613,-0.54311126,-0.011751231,-0.19862098,0.048746567,0.022589155,-0.01508563,0.43434948,0.13014932
16536,-6.0129175,0.063363284,-1.2373203,-0.44388887,-0.15442884,0.2204494,-0.05509579,-0.10189268,-0.29135266,0.33320487,0.29198137
16537,-5.6343417,-0.17843339,-1.3175917,-0.6594756,0.13162781,-0.08163673,-0.3816276,-0.10286128,0.018615559,0.7376217,0.123279124
16538,-6.1297035,-0.1684255,-1.3298934,-0.85609746,-0.12542081,0.110302046,-0.070234194,-0.05226607,0.36375973,0.6318352,0.2544667
16539,-5.811345,-0.3650899,-0.7774264,-0.9651701,-0.12436033,-0.09333683,-0.15437841,-0.024161806,-0.15613902,0.27846467,0.2228275
16540,-4.689955,-0.3203485,-1.0917859,-0.39033398,-0.093962744,0.0944439,-0.08717738,-0.09588457,-0.19851324,0.23053053,0.47898906
16541,-6.3886294,-0.24417634,-1.1365066,-0.4668444,-0.3071324,0.3368742,-0.083203495,-0.6184481,-0.10660393,-0.069452405,0.31922686
16542,-5.549121,-0.20073655,-0.988012,-0.4345134,-0.04327267,-0.3920352,-0.3647784,0.34557652,-0.12704882,0.2613606,0.33280867
16543,-4.7954273,0.13111183,-0.70043516,-0.32513642,-0.3040278,-0.24906422,0.029218957,0.17367789,-0.09733012,0.4018607,0.2663735
16544,-5.797267,-0.26225194,-1.1757023,-0.7548236,-0.32532915,0.27968615,0.12436197,-0.16068585,-0.0061362125,0.31349477,0.50888574
16545,-6.837625,-0.49164793,-1.384953,-0.661116,-0.39185897,-0.32752,0.0059936997,-0.23476069,-0.079754345,0.25439417,0.80122626
16546,-5.528394,-0.24956162,-1.1429886,-0.68280995,-0.89118737,0.1670753,0.19500984,-0.053600498,0.05050119,0.27014315,0.68625736
16547,-6.6797075,-0.059811976,-1.2422423,-0.5586749,-0.05466219,-0.17005678,0.13604583,-0.3290937,-0.37783894,0.23850985,0.13503991
16548,-4.9873366,-0.040636156,-0.5920426,-0.3600067,-0.14929418,-0.04909746,-0.07712872,-0.38613483,-0.32676134,0.3973392,0.316563
16549,-5.1159687,-0.057266694,-1.3313621,-0.39065987,-0.007198335,0.072486825,-0.026145536,-0.115315504,-0.22182083,0.37656012,0.259992
16550,-5.137351,-0.2145173,-0.9732297,-0.8110818,-0.37665164,-0.00891152,0.25063565,-0.10806534,-0.16929981,0.42231885,0.4632489
16551,-6.9826508,-0.35119146,-1.4934034,-0.45859352,0.3080894,0.30909455,-0.39557377,-0.38096198,-0.062678665,0.60330826,0.2617573
16552,-4.690279,-0.35811135,-0.94377404,-0.5947198,-0.39548022,-0.056668736,0.058300953,-0.22056034,-0.12573946,0.3619042,0.5433151
16553,-7.178528,-0.44753426,-1.3834367,-0.6392362,0.04888201,0.79813755,-0.07784497,-0.61206776,0.019782089,0.50957596,0.54069704
16554,-5.290878,0.104760334,-0.92300886,-0.67048985,0.2783769,0.005331495,-0.13149412,-0.13763879,0.09886904,0.33519596,0.22774275
16555,-4.8826737,-0.13621488,-1.020212,-0.6554668,-0.44538757,-0.056043148,0.053394727,-0.08250482,-0.25374603,0.634593,0.5045056
16556,-5.9982634,-0.19211593,-1.1570635,-0.5222925,-0.006792784,-0.08281974,-0.11608259,0.01516933,-0.2293879,0.48662317,0.3710757
16557,-4.5496325,-0.14249295,-0.987072,-0.3449106,-0.5500397,0.46350706,0.093930654,-0.21265204,0.23313177,0.42977828,0.44694242
16558,-5.0601254,-0.107054554,-1.1305398,-0.5261136,-0.36378616,0.21070062,-0.112885796,-0.10988923,0.0064337403,0.6346187,0.10918206
16559,-5.858373,-0.18115643,-0.9734258,-0.24438414,-0.25851366,-0.11394952,0.0042385273,-0.36452162,-0.37975356,0.49549055,0.42572993
16560,-5.438751,-0.09127675,-1.1241621,-0.37157238,-0.32101622,0.36785048,0.2957415,-0.2695308,-0.18623206,0.4717714,0.27458617
16561,-5.2894554,-0.489167,-1.0424033,-0.6329075,-0.2506685,0.20092745,0.034766797,-0.14539425,-0.045840427,0.49997932,0.37324548
16562,-4.3122478,-0.1569614,-1.1117116,-0.6784175,0.17426986,-0.12688586,-0.085462,-0.30037925,0.14461772,0.61148745,0.18102911
16563,-6.7256427,-0.09879504,-0.82889843,-1.0444087,-0.28793955,-0.17742282,0.034218673,0.11814288,-0.13416214,0.8030952,0.57977355
16564,-5.8104568,0.08862336,-0.7130032,-0.16007249,-0.107196465,-0.27538973,0.07202337,-0.14750485,-0.34859535,0.1447419,0.36032495
16565,-4.721293,0.0026671696,-0.85670483,-0.8465996,-0.24720985,-0.29066437,-0.40816343,0.026948128,-0.12816425,0.28433916,0.15609425
16566,-7.3127847,-0.23513925,-1.3291241,-1.0407634,0.046575405,0.043058835,-0.29393497,-0.3768787,0.604047,1.0717303,0.25723606
16567,-5.313356,-0.15304124,-0.9712988,-0.45651108,-0.03851392,-0.19157219,0.021741588,-0.036973357,-0.110967636,0.5332273,0.29686034
16568,-6.3344326,-0.13909045,-1.3144194,-0.7190446,-0.42039573,0.05726698,-0.043493725,-0.033887014,-0.17752291,0.47208056,0.85580724
16569,-5.0078797,-0.18870686,-0.80702704,-0.55138016,-0.16017634,0.012469535,0.021852668,0.16545734,0.17784093,0.4109637,0.5829157
16570,-6.402648,-0.16113254,-1.3812652,-0.86992484,-0.048974082,0.14346196,-0.035190936,-0.045013644,0.43555844,0.8476188,0.090224035
16571,-5.37995,-0.22241993,-1.0033251,-0.7323258,-0.023033762,-0.054692764,0.117319524,0.06159187,-0.0151934605,0.47784203,0.2865273
16572,-5.3492646,-0.26029038,-0.81810564,-0.320669,-0.2882063,0.37114418,0.1441932,-0.35601485,-0.34607393,0.22442953,0.2987417
16573,-5.145944,-0.01686161,-1.009684,-0.66763604,0.12720789,0.48425323,0.18450503,-0.2036869,0.060090393,0.30173513,0.36556336
16574,-5.3670254,-0.15136494,-1.1269339,-0.7214957,0.027193395,-0.06877636,-0.06134119,-0.42435533,0.118444115,0.38853917,0.58830714
16575,-5.491968,0.12075331,-0.84865874,-0.432099,-0.19068128,-0.13438077,-0.026887737,-0.058240466,-0.24588506,0.15298733,0.20877254
16576,-6.028582,-0.25566128,-1.398349,-0.91182834,-0.4621333,0.14341328,0.20687656,-0.07769315,0.104227655,0.563121,0.65561235
16577,-8.02381,0.052818723,-1.7765006,-0.72568023,0.031726032,-0.31797886,-0.031418495,0.25673378,-0.1068082,0.46542338,0.36618555
16578,-5.0320296,-0.036233854,-1.1142431,-0.50087076,0.17215702,-0.00081363507,-0.03817175,-0.36758277,0.12912387,0.14187297,0.2034311
16579,-5.72605,-0.0058316337,-1.2789577,-0.4444488,-0.054846037,-0.032434206,-0.33126608,-0.2553718,-0.162404,0.31050363,0.113542765
16580,-5.221411,-0.25218627,-1.0123584,-0.50209737,-0.2079234,-0.21808845,-0.17123976,-0.13076396,0.0803098,0.6347619,0.25224513
16581,-4.985459,-0.36034015,-0.6028081,-0.91304016,-0.3452759,-0.057877585,-0.1163545,-0.3741564,-0.08847123,0.5081594,0.29400635
16582,-4.3518505,0.027342957,-0.84639186,-0.29370824,-0.0836595,0.19790249,0.046202537,-0.07008556,-0.17512906,0.45313185,0.258148
16583,-4.318286,-0.15214813,-0.8700534,-0.4365401,0.07985921,-0.19192116,-0.16832633,-0.0031986693,0.032108024,0.41243744,0.0616628
16584,-7.0424953,-0.044492252,-1.2867287,-0.8511194,-0.10930285,-0.6042485,-0.21814504,-0.121585764,0.1499806,0.42296773,0.5694062
16585,-7.8869586,0.07147254,-1.7777464,-0.72897685,0.12021444,0.29869336,0.015609561,-0.137308,0.19047427,1.0335714,0.32355452
16586,-4.6803846,-0.28162825,-0.70290333,-0.54649985,-0.15093657,-0.16139683,-0.006541035,0.012915712,-0.35388377,0.41255027,0.36214703
16587,-5.7178583,-0.23882094,-1.0876117,-0.9491184,-0.10722375,0.077406354,0.13532412,0.07279886,0.007705655,0.7797017,0.43685398
16588,-6.9742494,-0.10298734,-1.1157807,-0.96586233,-0.15257572,0.10877493,-0.08302378,-0.3063099,-0.08784054,0.48710462,0.29610962
16589,-4.8338847,-0.28369373,-1.1437424,-0.51793355,-0.07329433,-0.2715969,-0.08357295,-0.093158714,-0.1437912,0.2709665,0.1261075
16590,-4.8993654,-0.10069975,-1.0747652,-0.37431726,0.22660382,0.4302088,0.16504747,-0.39025486,-0.0908761,0.74956,0.39879382
16591,-6.7395096,0.23329227,-1.5676959,-0.59060407,0.25565332,0.15782522,-0.464912,-0.2111039,-0.096307874,0.50245875,0.2451417
16592,-5.2149186,-0.29925543,-1.1613693,-0.329678,0.11693005,-0.17320979,-0.17565416,-0.15272021,-0.041084416,0.12690926,0.39720425
16593,-4.2633386,0.08525839,-0.8630773,-0.4096408,0.09009204,-0.01329161,-0.020527083,-0.35304275,0.06309004,0.25304037,0.15763688
16594,-6.4319506,-0.10568599,-1.4534719,-0.8894448,0.027660687,0.006419505,0.1985344,0.18207224,0.1596067,0.69621134,0.5361318
16595,-6.492471,-0.051793624,-1.1756841,-0.60304797,0.57552755,-0.08460836,-0.335563,-0.31581038,-0.16200249,0.17288938,-0.034320865
16596,-5.4390516,-0.13450165,-1.0527322,-0.61774176,-0.21033117,-0.051657766,-0.094022155,-0.07420548,0.11574498,0.33675784,0.56307614
16597,-5.3599997,0.12520103,-1.4882736,-0.47651842,-0.14270143,0.046688113,-0.219568,-0.1425343,-0.031464502,0.27725193,0.3869903
16598,-4.7939453,-0.19922666,-1.3420739,-0.38176328,0.2699045,0.25972056,-0.44284508,0.08573979,-0.0017424822,0.30732626,-0.078457415
16599,-6.007631,-0.35884422,-0.9671818,-0.35934815,0.17405218,-0.05182274,-0.066367134,0.12772192,-0.10318401,0.28565425,0.35039955
16600,-5.079393,-0.15083238,-1.0325748,-0.50585896,-0.33323988,0.024970569,-0.09193475,-0.16761746,0.19890048,0.6172863,0.25223067
16601,-5.984507,-0.072780475,-0.74958277,-0.5072903,-0.26906842,-0.01462055,0.06098907,-0.3316285,-0.12768102,0.45584175,0.65036064
16602,-5.1414094,-0.023916554,-0.9262375,-0.71645594,-0.113215424,0.21335033,0.14545049,-0.04040408,-0.029349724,0.18316369,0.4039449
16603,-7.0879827,-0.26034403,-1.4366237,-1.1325539,-0.3558608,0.37097532,0.006779797,-0.36308336,0.34677517,0.8036805,0.77318203
16604,-7.9647136,0.03831551,-1.2190022,-0.8152305,-0.2868695,-0.23067486,-0.45425296,-0.40120807,-0.25595206,0.2034156,0.4920718
16605,-6.6788535,-0.055920515,-1.4691856,-0.8529358,0.115865774,0.1519276,-0.4120022,-0.5193847,0.122873016,0.25200132,0.2436651
16606,-6.499605,0.013364028,-1.0040442,-0.6015688,0.23183627,0.0900363,0.11963766,0.21143915,-0.12987567,0.19466145,0.41095492
16607,-7.76931,-0.16032857,-1.3955424,-0.6319759,0.5284965,0.23521279,-0.27705047,0.018595338,-0.06950315,0.8332124,0.45019343
16608,-5.930459,0.16136007,-1.1427433,-0.551787,-0.22122464,0.020493213,-0.06844452,-0.25091323,-0.22761236,0.24050187,0.41138422
16609,-4.957956,-0.18967128,-1.0593129,-0.47813085,0.005198516,-0.29407078,-0.0673265,-0.002901134,-0.16647054,0.46469784,0.078405984
16610,-7.8568163,-0.005741747,-1.6648585,-0.7999913,0.5386865,0.2170923,-0.58342934,-0.08126746,0.02587301,0.42018256,0.028097043
16611,-6.9615607,-0.25230056,-1.6151166,-0.9261646,0.15836217,-0.26227105,0.07766458,-0.17787987,0.24108496,0.8166925,0.09824293
16612,-6.299369,-0.3234427,-0.9930695,-0.77091795,-0.08027216,-0.1524621,0.046554103,-0.2683276,-0.1469581,0.30972016,0.5276707
16613,-4.463185,-0.036533184,-1.1293007,-0.53407604,-0.04320834,0.16749078,0.17738725,-0.26305974,-0.08158114,0.3802387,0.37033993
16614,-6.1954517,-0.032964118,-1.1017797,-0.4426775,-0.07768481,0.1579428,-0.18196234,-0.26492012,0.09813722,0.19275811,0.01646125
16615,-5.777467,-0.2295818,-1.179464,-0.71639985,0.24317583,-0.25171822,-0.3773979,-0.3862352,-0.12578686,0.37628776,-0.16072385
16616,-4.65058,-0.5057239,-0.9792026,-0.64232373,-0.0753257,-0.22757702,-0.025223695,-0.14735724,-0.15003867,0.31749883,0.124154925
16617,-6.1727276,-0.18849808,-1.2637366,-0.48287466,-0.0020659366,-0.22958562,-0.27177113,-0.098009974,-0.11035217,0.7050251,0.118041754
16618,-6.6357865,-0.32225507,-1.2436446,-0.8727433,-0.50657856,-0.17222708,0.32887638,-0.27567506,0.05411011,0.63759035,0.47428763
16619,-5.1138325,-0.028258432,-0.90322953,-0.51268464,0.07044776,-0.045354787,-0.18463019,-0.2714069,0.00012151711,0.011407865,0.24286577
16620,-4.754476,-0.048429586,-0.9805479,-0.5349555,0.1754598,-0.23546466,-0.31250975,-0.22632734,0.106204085,0.42050144,0.08477927
16621,-5.5681863,-0.085244484,-0.9539374,-0.87873936,-0.2547585,0.20442356,-0.09975501,-0.3045964,-0.058643237,0.9543604,0.62092304
16622,-5.0699925,-0.2292518,-1.0646679,-0.52382547,-0.35976896,0.01882638,0.10452124,0.052780136,0.070821494,0.55991733,0.51700914
16623,-4.964104,0.07962659,-1.2841039,-0.25776452,-0.5124583,-0.18109563,0.1228159,0.17284591,-0.17303255,0.13267834,0.6206916
16624,-5.1518526,-0.2886367,-1.2433071,-0.6692347,-0.1273345,-0.16094248,-0.088289395,-0.44769305,0.08855908,0.38766924,0.53506225
16625,-5.3150234,0.051865645,-1.0859799,-0.67731273,-0.14560929,0.12231457,-0.064543754,-0.35545537,-0.10672339,0.21376602,0.43690205
16626,-4.991081,-0.0715758,-1.1297992,-0.4981581,-0.3815837,0.20881045,-0.057940945,-0.14792328,0.06311306,0.78124225,0.19220152
16627,-4.845667,-0.19582687,-0.74646807,-0.29066405,0.18629014,0.07301554,0.14616442,0.02722818,-0.18031412,0.4589461,-0.3267222
16628,-7.2619762,-0.06570676,-1.4080787,-0.70588577,-0.6837784,-0.26433998,0.41480798,-0.30707788,-0.28936833,0.15919721,0.7707633
16629,-5.3353643,-0.096695885,-0.9221663,-0.65469027,-0.07032593,0.113585256,-0.109832495,-0.4789812,0.13552147,0.62693053,0.13035716
16630,-5.989779,-0.09258618,-1.2503222,-0.7317559,-0.38841227,0.15040837,-0.102684334,-0.62587523,0.115879804,0.12025505,0.3065771
16631,-5.3943954,-0.28686115,-1.2653252,-0.746978,-0.06272266,0.048377495,-0.01670355,-0.25872147,0.04528392,0.41606137,0.4504256
16632,-5.6019287,-0.20996666,-1.1453307,-0.6599009,-0.2191685,0.50948703,-0.18521854,-0.3214062,-0.1274211,0.7578278,0.56810725
16633,-5.9339743,0.30305496,-1.2689744,-0.6273068,-0.14407499,0.07784723,0.005176448,-0.43288082,-0.08566884,0.33353022,0.3319229
16634,-4.6615214,1.5602447e-05,-1.0404111,-0.4940216,-0.05596662,0.0054558464,0.26632297,0.17773564,0.122889325,0.39795113,0.31281257
16635,-4.392147,-0.13931361,-0.5444252,-0.42904276,-0.16254805,-0.093699515,-0.05506686,-0.25065115,0.00019543432,0.14538562,0.4796278
16636,-5.455111,-0.19458482,-1.2423022,-0.53373086,0.41310838,0.024573166,-0.25932875,-0.20433159,0.049673,0.7358945,0.25011617
16637,-6.668975,-0.1872933,-1.4499036,-0.86652935,0.13447453,0.009765038,-0.13450316,-0.5168078,0.20996912,0.40682602,0.36170474
16638,-6.9393983,-0.10761103,-1.6451584,-0.5287454,-0.4179186,0.32154012,0.3218131,-0.2094581,-0.1607435,0.4160058,0.56886315
16639,-5.300076,-0.2955628,-1.119735,-0.6075777,-0.09992152,-0.24358828,-0.06862268,-0.2140993,0.12729678,0.32668915,0.5444254
16640,-5.500122,-0.10881618,-1.1578606,-0.63016236,0.5636137,-0.029791284,-0.18362005,-0.16538544,0.10076381,0.6286856,0.050293814
16641,-4.086813,0.023513537,-0.97131234,-0.41043827,-0.022746518,0.1452756,0.019143052,-0.2668624,0.0039823037,0.10764873,0.31239542
16642,-5.468623,-0.016460042,-1.2289611,-0.7582225,0.1398767,-0.2828365,-0.04544749,-0.2844984,0.16757514,0.58712447,-0.021810412
16643,-7.271015,-0.29886347,-1.4463211,-0.9546851,-0.5641996,0.06921537,0.5633063,-0.3384741,-0.08668335,0.72615445,0.8677899
16644,-7.1628237,-0.033284675,-1.3062484,-0.95638996,-0.11812891,-0.27862203,-0.1859307,-0.06991672,-0.16002493,0.48393083,0.2265482
16645,-5.812941,-0.18669513,-0.8719021,-0.54771847,-0.317306,0.18853518,0.08317391,-0.47854635,-0.18727043,0.3083794,0.5714873
16646,-5.062168,-0.029102787,-0.98122054,-0.80999637,-0.18447903,0.067403525,-0.13379705,-0.20982301,0.08713035,0.4576794,0.2538747
16647,-4.597087,0.06505903,-1.0915989,-0.7109466,-0.0859668,-0.08424045,0.09191078,-0.100956954,0.10367779,0.11933538,0.18313444
16648,-7.802611,-0.3954304,-1.7988995,-1.322194,-0.07312257,0.15919778,-0.21590278,-0.5021642,0.40240443,0.93836844,0.21661973
16649,-6.1951156,-0.210162,-1.3864827,-0.3716409,0.27270013,0.16750778,-0.06498633,0.13956286,0.029687108,0.6094679,0.3912878
16650,-7.220354,-0.011517619,-1.3380165,-0.30735698,0.6329122,-0.12600948,-0.24505849,0.13121553,0.026000958,0.58996546,0.023547981
16651,-5.5422907,-0.12904677,-1.0599949,-0.59000945,-0.28414997,-0.049511954,0.008409116,-0.18473147,0.01684915,0.3760338,0.35053676
16652,-5.0010934,-0.08726674,-0.86875314,-0.43238285,-0.20558636,0.26537883,-0.07302744,-0.24769351,-0.05299837,0.1853938,0.30086
16653,-5.8263683,-0.22082679,-0.7870624,-0.5878184,-0.36456877,-0.05205766,-0.030845638,-0.3294181,-0.106154,0.550767,0.17951125
16654,-6.056305,-0.29992262,-1.400942,-0.7008912,0.32350782,0.13088079,-0.21977547,-0.11366931,0.08704789,0.6971274,0.15225136
16655,-4.2448616,-0.19529013,-0.75507873,-0.44519344,-0.1726538,-0.011265915,0.12840609,-0.22356462,-0.05134937,0.3846376,0.22925328
16656,-5.627144,0.10055407,-1.0200157,-0.703714,-0.29781252,-0.03856949,0.19026734,-0.37868947,0.0063356776,0.5463041,0.2656515
16657,-6.4021854,0.0030661095,-1.2568239,-0.49229008,-0.23823571,0.403974,-0.09165557,-0.58546036,-0.23828925,0.12437545,0.29499426
16658,-4.637431,-0.058150787,-0.8004444,-0.81461275,-0.4806534,0.11549961,0.07967173,-0.007830102,-0.07439059,0.46562847,0.6246312
16659,-4.941972,-0.09622648,-0.8259025,-0.5422063,-0.016328916,0.09790729,0.2929431,-0.25132954,0.052431017,0.6582014,0.13132183
16660,-5.565778,-0.31181026,-0.6945017,-0.7590203,-0.09240343,-0.2110492,0.31778342,0.11783718,-0.023163816,0.40318412,0.21473922
16661,-4.834485,-0.18590042,-0.7333246,-0.6797465,-0.082748525,0.46643478,-0.11742566,-0.42403147,0.116550624,0.2785236,0.2468762
16662,-3.922403,-0.23203605,-0.87138784,-0.43647954,-0.06030436,-0.059082896,-0.16876072,-0.08444007,-0.1557738,0.4659369,0.11572226
16663,-5.763591,-0.29638883,-1.309733,-0.93748575,0.12839323,-0.14790502,-0.1464827,-0.5160847,-0.10444413,0.8031883,0.08953617
16664,-6.114455,-0.24787678,-0.96495247,-0.68295336,-0.6154982,0.3262943,0.16935952,-0.41336122,0.034638245,0.73634857,0.31988326
16665,-4.5375867,-0.030324295,-0.79626536,-0.054417074,-0.002351035,-0.16508861,-0.06273456,-0.048095718,-0.5058104,0.2155278,0.00634338
16666,-7.5283337,0.27050832,-1.7049615,-0.677481,0.10776479,-0.14710176,-0.2586904,-0.60454655,-0.24433236,0.4312535,0.25348198
16667,-5.42003,-0.18823138,-1.1341685,-0.35380343,-0.1522946,0.27006602,-0.026821502,-0.60518765,0.08836951,0.36186576,0.24682719
16668,-5.482551,-0.34869117,-1.1550832,-1.1864572,-0.029437708,0.09029429,-0.21604638,-0.4229502,0.2593608,0.3671256,0.3069278
16669,-6.728677,-0.20817667,-0.91819507,-0.65398616,0.010614041,0.20272851,-0.13770734,-0.4394368,0.016593454,0.57116854,-0.063197576
16670,-4.78669,0.2033007,-0.7801076,-0.33022666,-0.053983353,0.013130922,-0.25341743,0.049296163,-0.40755466,0.4923272,0.24876599
16671,-4.0839834,-0.092010766,-0.8569166,-0.41917077,-0.06687201,-0.18280369,-0.005499962,-0.13393193,-0.1646214,0.049113695,0.30261818
16672,-5.841247,-0.2691738,-0.69477797,-0.4730462,-0.10843594,0.20886989,0.028639928,0.10736931,-0.24884517,0.2550003,0.3457344
16673,-5.427091,0.0045932666,-0.85051274,-0.40782622,-0.4475277,-0.115623504,0.15000632,-0.16653371,-0.41395414,0.6346352,0.39172417
16674,-5.786643,0.15365203,-1.1231741,-0.5062832,0.01593671,0.11413738,0.027416747,-0.21294741,-0.13949645,0.068263985,0.38942176
16675,-6.8243732,-0.12472166,-0.92828935,-0.5104868,-0.61790043,-0.23523127,0.52373916,-0.03667239,-0.14349894,0.54037297,0.43961084
16676,-5.3243027,-0.098719925,-1.1275305,-0.5765677,-0.48114115,-0.38788414,0.07935558,-0.20957692,-0.14258721,0.3538883,0.28393582
16677,-6.193057,-0.27980283,-0.94216126,-0.66243887,0.044926614,0.37274402,0.102111846,-0.53896576,-0.08575187,0.655612,0.41323265
16678,-6.057032,-0.13423985,-1.3222955,-0.6084246,0.30787697,0.30389607,0.20717831,-0.38636008,0.43752038,0.93149215,0.15367061
16679,-4.9130254,-0.30802292,-0.8620448,-0.6696861,-0.48315462,-0.34715694,0.026357025,0.0706955,-0.0033532716,0.5773344,0.70244163
16680,-4.7050185,-0.3889216,-1.0257905,-0.23527738,-0.23561993,-0.02468199,0.022215672,-0.111758634,-0.13167347,0.30329168,0.21144609
16681,-4.923647,0.08022207,-0.86836815,-0.5110715,-0.035994124,-0.0646845,-0.10381915,-0.19156317,0.119125426,0.6648752,0.37917653
16682,-5.0088468,0.01914271,-0.9754073,-0.6207828,-0.039121263,0.09959762,0.0675308,-0.22071886,0.014803031,0.39584196,0.12604037
16683,-5.3665037,0.20277514,-0.8417603,-0.24910244,-0.009579694,-0.090738155,-0.014642707,0.042571448,-0.2816209,0.19125867,0.19926907
16684,-6.878837,0.05101777,-1.7257438,-0.5965323,-0.1414053,0.06942754,-0.2548229,-0.24671188,-0.052761853,0.07527983,0.053634524
16685,-6.4757504,-0.09655903,-1.1577691,-0.9974476,0.15883361,-0.06743139,-0.4454574,-0.46137303,0.0795841,0.45060742,0.14550138
16686,-6.8849983,-0.039424125,-1.3079804,-0.82331836,0.09142281,-0.014074702,-0.28002086,-0.75295293,0.15028265,0.661982,-0.16607139
16687,-5.3562365,-0.038397122,-1.2177539,-0.70650744,-0.025463877,-0.13457601,-0.32872272,0.04603356,-0.02740941,0.45097542,0.09581323
16688,-4.8004637,0.1245159,-0.88336325,-0.23113154,0.21123838,0.13289288,-0.048511215,-0.1365894,-0.12049733,0.09971984,0.09379179
16689,-6.9831195,-0.00039112754,-1.0589131,-0.6210616,-0.27849424,0.0371567,0.24519375,-0.7643837,-0.3515682,0.24375492,0.32928744
16690,-5.606907,-0.40772334,-1.2677968,-0.6065814,0.06438222,0.10685224,-0.16122316,0.043546036,0.08211229,0.5042603,-0.021976963
16691,-5.705551,-0.2982377,-0.86534977,-0.7296722,-0.35351408,-0.10938684,0.23922572,-0.1882735,-0.11164874,0.37760386,0.62370497
16692,-7.0139236,0.02818416,-1.5261639,-0.6879106,0.14345898,0.4020629,0.027789712,-0.057599075,-0.1007919,0.8086177,0.3234631
16693,-5.5731373,-0.29507607,-1.5885794,-0.4211109,0.13894601,0.14446503,-0.023336686,0.2002416,-0.033014245,0.5363639,0.37259692
16694,-4.8361197,-0.35981894,-1.0568769,-0.46576938,0.17527328,-0.17103012,-0.11595381,-0.17209972,0.08430969,0.34495187,-0.06507763
16695,-5.9961786,-0.4144648,-0.7735711,-0.7219517,-0.15004577,-0.16635342,0.23389898,-0.24030402,-0.28428578,0.09536702,0.7478821
16696,-5.221731,-0.25092036,-1.0864193,-0.83607644,-0.2559648,-0.041992564,0.19256493,-0.025136055,0.29051107,0.42539367,0.46811154
16697,-5.4188523,-0.22653571,-1.0638906,-0.64210707,-0.23460531,-0.24135822,0.103698075,0.03808669,0.050523594,0.39917216,0.4808596
16698,-5.381125,-0.28759134,-1.1503682,-0.6651256,-0.15911904,0.1289854,-0.10339953,-0.27666193,0.17646082,0.68775386,-0.1289867
16699,-6.0182285,-0.16970602,-1.4406494,-0.7378087,-0.4739164,0.24611805,-0.18131693,0.039525114,0.01319826,1.262912,0.35061336
16700,-5.893615,0.02162717,-1.2035469,-0.4914552,0.13968536,0.21152754,-0.011338775,-0.22531098,-0.305829,0.34764925,0.21509197
16701,-5.9862037,-0.040667858,-1.019238,-0.5335987,-0.038038105,-0.2543674,0.26691648,0.06384362,-0.47443518,0.13960655,0.52051187
16702,-5.88229,-0.27648214,-1.0267013,-0.42374542,-0.28745613,0.01710895,0.118808,-0.31473857,-0.2629842,0.44455722,0.6799472
16703,-6.323983,0.03705511,-1.5729405,-0.56597924,0.029913703,-0.043852057,-0.13693514,-0.07974772,0.08265895,0.14152803,0.26541787
16704,-7.205833,-0.7361839,-1.2067906,-0.702702,-0.5145968,-0.07315686,0.34417993,0.23049171,0.0044527184,0.6521133,0.84040093
16705,-6.2727222,0.037407458,-1.5661498,-0.7887436,-0.2802649,-0.13438345,-0.058640234,-0.0060581993,0.13053901,0.41160476,0.29199448
16706,-6.8456297,-0.09471167,-1.3962239,-0.9390039,0.39825976,0.3260033,-0.061514653,-0.035172798,0.35013178,0.8794251,0.1651824
16707,-8.539257,0.076759696,-1.9246148,-1.0755739,-0.16527054,-0.15756463,0.08441929,-0.21160068,-0.30652663,0.6826981,0.25650436
16708,-5.5192947,-0.26475102,-1.2882689,-0.21373257,-0.123844154,0.010157221,-0.0061158435,-0.048590884,-0.20489952,0.17753825,0.54619366
16709,-5.884285,0.0754527,-1.1363443,-0.81249946,0.2623765,0.04206603,-0.20892403,-0.26282203,0.2634815,0.2985402,0.00947742
16710,-5.431477,0.10593215,-1.3400221,-0.45044523,-0.07371394,0.72673386,0.030710842,-0.48210692,0.2650846,0.49807903,0.27849147
16711,-7.3885517,-0.015307642,-1.1721302,-1.1404068,-0.39338812,-0.12063077,0.05337595,-0.27630132,0.023162592,0.7331061,0.17224987
16712,-4.6560802,-0.15717667,-0.9223832,-0.6329275,-0.26372683,0.28315818,-0.20421626,-0.39759046,0.20774148,0.6272336,0.38595083
16713,-5.7378902,-0.1927269,-1.2407336,-0.56012416,-0.24427634,0.004031636,0.0066613345,-0.50138,0.17899986,0.74613607,0.5427872
16714,-6.1642613,-0.1456146,-0.85081357,-0.4327551,0.07523207,0.27773094,-0.49623725,-0.4671317,-0.26970148,0.2283459,-0.12367573
16715,-6.4688663,-0.07817876,-1.1848713,-0.6756476,-0.0785848,-0.11863075,0.21840557,-0.049536467,-0.18646362,0.2702435,0.44946417
16716,-4.825114,0.013031317,-1.0050778,-0.34225637,0.11185032,-0.071996786,-0.15558097,-0.067022644,0.026625615,0.3121213,0.23479019
16717,-6.2277923,-0.047517434,-1.1751788,-0.7208386,0.021374254,-0.37566876,-0.09537512,-0.32034686,0.047648728,0.37540478,0.3675504
16718,-4.4977717,-0.12973855,-0.8438232,-0.7491829,-0.0929123,0.23760353,-0.12291985,-0.2749351,0.38907844,0.6408093,0.24893655
16719,-5.9913774,-0.014074055,-1.5227288,-0.9443035,-0.1513702,-0.36939615,-0.20386799,0.1496012,0.055283487,0.99874675,0.32523364
16720,-5.72498,-0.07282429,-1.0313145,-0.25224373,-0.56146353,-0.046447646,0.33065674,-0.03994868,-0.4170761,0.51153445,0.5652997
16721,-7.518606,-0.3080994,-0.9166012,-0.552399,0.041261617,0.5563643,-0.3154754,-0.40139627,-0.19828087,0.6402573,-0.10861146
16722,-4.358966,-0.06762477,-0.87027115,-0.6091735,-0.3273798,-0.19683403,0.1604245,-0.04348228,-0.17364909,0.5736249,0.29820767
16723,-3.983807,-0.095927775,-0.94296587,-0.53645754,-0.4869865,0.27175188,0.29559055,-0.39084455,0.07865801,0.42614478,0.47598585
16724,-5.2065134,-0.01904051,-0.8503409,-0.6719797,-0.0625289,0.14082219,-0.334753,-0.17733784,0.11993482,0.3766686,0.5472619
16725,-6.9915857,-0.4646787,-1.233097,-0.8371173,-0.5009573,0.04257817,0.31698734,-0.15544143,-0.4753518,0.3587489,0.59959644
16726,-6.7884636,-0.3200391,-1.2871419,-0.7764525,-0.5466101,0.74364907,-0.3292229,-0.42822713,-0.0033147633,0.6879287,0.098248266
16727,-4.4795966,0.028286982,-0.86240387,-0.5068499,-0.082107,-0.053198516,-0.097232044,-0.21918876,0.0736261,0.5576653,0.18704458
16728,-6.3495755,0.032278594,-0.8307423,-0.569655,-0.014343286,-0.26384276,-0.1296323,-0.053077646,-0.34795672,0.33302674,-0.063556425
16729,-4.137822,-0.21383753,-0.94672406,-0.35911858,-0.3890052,0.03810921,-0.18269257,-0.098596126,-0.062784985,0.55572563,0.36540735
16730,-6.2728434,-0.12108992,-1.7515422,-0.999197,0.08216632,0.062830076,-0.15449868,-0.23800907,0.047089003,0.05868304,0.05533189
16731,-6.4451814,0.07215411,-1.2090467,-0.56224674,0.6917918,0.17949116,-0.2768672,-0.12162689,-0.051905714,0.3293456,0.2604917
16732,-8.049708,-0.015330014,-2.2171104,-1.0027364,-0.39398324,-0.16454715,0.14061753,-0.09518264,-0.6097126,0.7404604,0.33601013
16733,-4.8765993,0.19362919,-0.82991797,-0.43563506,-0.029593645,-0.07315824,-0.07182167,-0.31023294,-0.22668055,0.08849045,0.16651933
16734,-4.700063,-0.36857575,-1.0532165,-0.390482,-0.034022015,-0.046874966,-0.20316237,-0.19286217,-0.1391357,0.5944116,0.12455856
16735,-4.5371714,-0.31510437,-0.80361116,-0.4624803,-0.39219722,-0.21560927,-0.04564258,-0.11511511,-0.09108323,0.57564855,0.52611923
16736,-5.3046026,-0.1750588,-0.98962855,-0.5352324,-0.53585017,-0.31638938,0.39951316,-0.0736401,-0.29048228,0.4050092,0.30123174
16737,-6.6279807,0.017819284,-1.3538035,-0.89226997,0.02695486,-0.12513208,-0.08368788,-0.28718376,0.18453833,0.44188297,0.31501934
16738,-5.7986794,0.13456874,-1.2862059,-1.0312055,-0.29508197,0.30156463,-0.12501748,-0.65514183,0.15634693,0.62099785,0.44842702
16739,-5.4315424,-0.05321962,-1.5298471,-0.6839416,0.34756103,-0.014995549,-0.5028384,-0.14135624,0.16322155,0.22921503,0.038440924
16740,-7.580682,-0.12162441,-1.2172457,-0.80289257,-0.6071763,0.14904048,0.71463543,-0.33776924,-0.34618768,0.40505472,0.5627705
16741,-8.266213,0.016480038,-1.1902492,-0.53032374,-0.11699962,-0.42647046,-0.022999585,0.1962572,-0.50840145,0.15443566,0.61086655
16742,-5.297495,-0.14610635,-1.1987919,-0.68064475,-0.12309166,0.3908279,-0.16265476,-0.21159557,-0.03367001,0.35520867,0.26316932
16743,-6.8734207,0.17874552,-1.6677434,-0.51115686,0.061723746,0.4184497,0.20273733,-0.29225588,-0.22009943,0.1657746,0.17890589
16744,-4.3752675,0.033555385,-0.9883242,-0.49812317,-0.05871264,-0.10841918,-0.14615582,-0.22409621,-0.016964117,0.21780136,0.28192484
16745,-5.103615,-0.1604281,-1.1201352,-0.6846226,-0.0035244976,0.0008673086,0.073602945,-0.57457113,0.15343948,0.29723522,0.085484415
16746,-5.540141,-0.38558352,-1.1947641,-0.93848234,-0.1024181,-0.3728702,-0.09079408,-0.17876938,0.14733447,0.38659683,0.54030424
16747,-5.010059,0.027076859,-1.0604335,-0.4608409,0.17526239,0.36045623,-0.15384248,0.005455396,0.102511555,0.5617555,0.42976743
16748,-5.554148,-0.1833386,-1.0829414,-0.5746241,-0.40134972,0.08418413,-0.0090513425,-0.44370964,0.05782962,0.70578706,0.525
16749,-5.106683,-0.18301791,-0.95106953,-0.58036333,-0.5193955,-0.08310186,-0.28336903,-0.5085768,-0.04707575,0.42000547,0.68929166
16750,-4.4873013,-0.26170355,-0.91416836,-0.43410644,-0.42751443,-0.06517929,0.2771519,-0.009812554,-0.24567486,0.3105586,0.4562058
16751,-3.9602146,-0.28484792,-0.69598895,-0.33876476,0.216591,0.1402802,-0.047408234,-0.19965121,-0.13061135,0.27336314,0.41626495
16752,-7.059514,-0.31313884,-1.3148701,-0.7298378,-0.6011845,0.024012255,0.20762189,-0.0063526873,0.020533383,1.1259985,0.49994174
16753,-6.1836243,-0.24406733,-1.3341944,-0.731582,-0.332126,0.04567701,0.43803227,-0.31951535,-0.11549279,0.5360992,0.09096184
16754,-6.126269,0.0053415988,-1.3447285,-0.54176813,-0.009855935,0.10008115,-0.038468212,-0.20400816,0.051128425,0.64205265,0.10922188
16755,-6.596227,-0.27350804,-1.2812926,-0.85759515,-0.057335965,0.109997496,0.30901563,0.41542578,-0.06355607,0.6517929,0.61505264
16756,-4.9517174,-0.081537,-1.1732275,-0.6458646,-0.062354438,-0.16991201,0.13614027,-0.15262203,0.21899197,0.5282157,0.23242567
16757,-4.878411,-0.28161734,-1.3965316,-0.5660892,-0.005278873,-0.0048245396,-0.14163813,-0.091139644,-0.11764167,0.42028287,-0.008387857
16758,-6.16915,-0.17217705,-0.94236016,-0.33162704,-0.219567,-0.18054728,0.43024257,-0.089021206,-0.41916692,0.3474592,0.11176553
16759,-5.3712687,-0.06881619,-0.9287977,-0.45298377,-0.3437867,0.09044234,-0.105211705,0.29502445,-0.26645276,0.32775208,0.26291162
16760,-6.7447367,-0.24078329,-1.5948503,-1.0238903,-0.034624852,0.20556368,-0.09041033,-0.3230351,-0.17059606,0.3942411,0.7548554
16761,-5.860045,-0.2445115,-1.2203778,-0.65998375,-0.2635528,0.31918204,-0.025395658,0.06737615,0.10545125,0.7788638,0.4826472
16762,-4.623131,-0.10020549,-1.0760758,-0.51980686,0.11281248,0.3966869,-0.14850855,-0.5119868,-0.063987836,0.17091563,0.04752131
16763,-5.9188995,-0.48309764,-1.091152,-0.81815094,-0.24449486,-0.2655936,-0.1973968,-0.1718829,0.14453402,0.61789507,0.14545555
16764,-6.6298647,0.090086736,-1.0998639,-0.67031544,-0.121906064,-0.38092953,0.052024733,-0.26517215,-0.10167205,0.506588,0.3498669
16765,-4.560718,-0.2668738,-0.6667495,-0.620622,-0.21807405,0.044003155,-0.044929262,-0.21335408,-0.010678062,0.65748125,0.08678846
16766,-6.165498,-0.28706297,-1.2303616,-0.7924745,-0.38971844,0.016658703,-0.52742547,-0.6139975,-0.005657604,0.60949916,0.27996036
16767,-6.0577064,-0.37040186,-1.0932096,-0.89495814,-0.17978367,0.17577553,-0.050683323,-0.35359734,0.31788048,0.5081044,0.50469494
16768,-6.8397565,-0.39186084,-1.0560313,-0.97107214,-0.3574443,0.072166845,-0.04557117,-0.034976967,0.16857265,0.64686114,0.80019957
16769,-4.813516,-0.09917279,-0.89321136,-0.54772586,-0.18424387,-0.1676286,0.2770151,-0.16652961,0.09871879,0.39879733,0.39622208
16770,-5.98361,-0.094199054,-0.9896206,-0.5091928,0.17637329,0.09593424,-0.01245721,0.020218814,-0.05885143,0.67847335,0.41325492
16771,-4.269513,0.16743873,-0.82727027,-0.38332337,0.06823248,0.036158253,0.0037840656,-0.24258581,-0.02354355,0.069427006,0.24686857
16772,-5.444068,-0.07222958,-0.89961547,-0.32495385,0.2058168,0.07102241,-0.042582862,-0.12326761,-0.18638155,0.21949002,0.2606231
16773,-5.7972,-0.17899512,-1.2461103,-0.73886526,0.53951615,0.24498819,-0.22346541,-0.51974803,0.1636307,0.7972752,0.29308754
16774,-4.158714,-0.23237108,-0.76978207,-0.27629092,0.18723786,0.27065206,-0.08288845,-0.06611843,-0.16492881,0.37683216,0.37826568
16775,-5.3135686,-0.10836643,-0.7925802,-0.42013186,-0.5064421,-0.23650536,0.23422192,-0.50523853,-0.31198156,0.40072775,0.36762196
16776,-5.9961004,0.036139842,-1.2461323,-0.75960743,-0.16718966,-0.011411667,-0.38479248,-0.4208639,0.2559132,0.5013809,0.19761182
16777,-5.604562,-0.18991323,-1.1272609,-0.37958536,-0.32750705,0.36984086,0.20579053,-0.38562712,0.31890488,0.40665945,0.30965674
16778,-7.054668,0.10465373,-1.7016166,-0.5009526,-0.019217655,-0.05011233,-0.015128634,0.13467903,-0.3286494,0.08692587,0.38912338
16779,-7.123147,-0.34845898,-1.5010872,-0.9009025,-0.22921015,0.4045484,0.18269369,-0.5466952,0.35127634,1.0082401,0.32621565
16780,-4.7393994,-0.1736705,-0.5785374,-0.3751319,-0.21933365,0.1530662,0.03990911,-0.59955823,0.09466175,0.45273012,0.32569116
16781,-5.237669,-0.18183218,-1.3218076,-0.50757986,-0.071434624,0.2867602,0.120223925,-0.4263282,-0.010819573,0.35426566,0.18015903
16782,-6.464202,0.06973482,-1.4987148,-0.5709638,0.1328829,-0.0478462,-0.08153209,-0.16952261,0.022907728,0.22536992,0.15171139
16783,-7.718144,-0.10718356,-1.5106595,-1.0216254,-0.43812722,0.08160597,-0.18903475,-0.35095814,-0.08255029,0.61269444,0.25261813
16784,-6.0485435,-0.00039923005,-1.1784064,-0.92360115,0.14760555,0.2345433,-0.1436004,-0.2851969,0.12489377,0.21929042,0.11870928
16785,-4.9575853,-0.19279957,-0.86383414,-0.5585276,0.17245187,0.0080926195,-0.21309441,-0.12613954,0.19188629,0.38974705,0.10172723
16786,-6.6105647,-0.15595382,-1.1409177,-0.8122217,0.25587627,-0.07625402,-0.039246004,-0.44741446,0.17262407,0.49792138,-0.16328548
16787,-4.242702,-0.1110194,-0.82407224,-0.41105002,-0.273022,-0.046980295,0.065792024,-0.12759885,-0.16442248,0.4226039,0.29854935
16788,-4.3383927,-0.058501046,-0.92959934,-0.82714826,-0.1718925,0.017436858,0.05133113,-0.2590769,0.076628506,0.40433034,0.19510776
16789,-6.342211,-0.24302618,-1.4313073,-0.68110067,0.12779438,0.7155466,0.08802461,-0.35786685,-0.038978294,0.27037156,0.65178823
16790,-4.144979,-0.16294108,-0.81023806,-0.44147837,0.19813259,0.1456773,-0.09355969,-0.28678834,0.21222907,0.40731505,0.13083498
16791,-4.862433,-0.12563093,-0.9790622,-0.342178,0.1475559,-0.2682554,-0.24101882,-0.071389765,0.0843493,0.3645679,-0.07245227
16792,-5.6736197,-0.20828815,-1.0925691,-0.52718556,-0.03252599,-0.10411167,-0.15660073,-0.32508013,-0.037429586,0.5661124,0.34067875
16793,-6.137768,0.20957294,-1.2668662,-0.5957122,-0.011748493,0.17518413,-0.022222009,-0.43744472,-0.039248586,0.19477955,0.26330036
16794,-7.3891926,-0.07197416,-1.174152,-0.46516985,0.117875196,-0.021620076,0.06291626,-0.3408255,-0.20703463,-0.043112665,0.63185465
16795,-6.0191975,-0.35123545,-1.4993753,-0.5879605,-0.07908905,0.17410956,-0.043061186,0.06412825,-0.32400835,0.99342495,0.54586476
16796,-6.7302876,-0.2770369,-1.7867151,-1.0411751,0.6026455,0.4080825,-0.55659384,-0.6441761,0.25144204,-0.2143626,0.22366238
16797,-5.7690997,-0.27022868,-0.8553052,-0.4552922,0.17228982,0.029993366,-0.07779107,0.19064425,0.0013669208,0.31375745,0.20740631
16798,-5.481413,0.03687449,-1.0909489,-0.43265682,-0.42933297,0.20085405,0.33343345,-0.12536837,-0.013413047,0.6169611,0.62378114
16799,-7.0088778,-0.09553464,-1.3153692,-0.62332183,0.0939996,0.46772182,-0.08621107,-0.47830537,-0.10907228,0.3239121,0.35731813
16800,-6.9094477,-0.1580644,-1.2638353,-0.8472495,-0.8577036,-0.11565829,0.35425085,-0.1324531,-0.19005202,0.2760689,0.64391696
16801,-5.8987207,-0.16840045,-0.99485475,-0.6923798,-0.21048586,0.50363696,-0.46102247,-0.5869565,-0.11709446,0.32452336,0.06756844
16802,-5.3929925,-0.1328067,-0.98733777,-0.45878783,-0.077368535,-0.03336938,0.004112117,-0.17516659,-0.15260018,0.44447982,0.22632654
16803,-5.235424,-0.1957383,-1.0519133,-0.40683472,0.02644399,0.21633425,-0.18244107,-0.22101746,-0.058035888,0.47326967,0.20144218
16804,-5.6913295,-0.49453774,-1.0427305,-0.8499965,0.0442097,-0.1419706,-0.18801263,-0.35269165,0.08037396,0.5636625,0.20334235
16805,-5.6646776,-0.02687857,-1.1744907,-0.35187116,-0.06897156,-0.27103198,0.20764396,0.059974283,-0.3816061,0.2261027,0.5097254
16806,-6.671177,-0.07464961,-1.0764211,-0.52198106,-0.62898946,0.5203633,-0.14898577,-0.41474983,0.17856234,0.5283162,0.6295104
16807,-6.036306,-0.019364178,-1.3064264,-0.6449216,0.18110564,0.10866029,0.16310443,0.007798116,0.024391456,-0.01740257,0.503255
16808,-5.1657467,-0.29171002,-1.0668216,-0.5834057,-0.28869903,-0.1989722,0.08542773,-0.2954186,0.19601396,0.42052072,0.22248282
16809,-5.6594787,-0.1407974,-1.0593115,-0.46976557,0.07181259,0.015677419,-0.17949812,0.26880643,-0.054295868,0.34450537,0.16312009
16810,-4.3999066,0.09560636,-0.6899778,-0.60865676,-0.4023407,-0.23939702,0.3525995,-0.25779977,-0.013524294,0.5353838,0.5418568
16811,-6.152657,0.008626598,-1.2351087,-0.28648618,0.3440616,0.31716,-0.22220151,-0.4676311,-0.10091167,0.1701628,0.13720842
16812,-4.832553,-0.3816645,-0.87237716,-0.43083352,-0.07441077,0.54991996,-0.1309362,-0.2781128,0.12827183,0.3992171,0.18070355
16813,-6.9440265,-0.10650517,-1.6118628,-0.6408094,0.33924738,0.41382158,-0.12279346,-0.17633317,0.10019169,0.02915937,0.24071619
16814,-5.5539837,0.024044603,-0.84613496,-0.655097,-0.26164678,-0.14141412,0.103045285,-0.107285835,-0.10525344,0.22031757,0.36140358
16815,-6.7001467,-0.29021573,-1.2677207,-0.24665663,0.45375386,-0.019076178,-0.5623487,0.24458075,-0.23590977,-0.008651623,-0.09906489
16816,-4.731872,0.07890575,-1.2617478,-0.6840333,0.039745566,-0.062342204,-0.14285418,-0.5570816,-0.08406508,-0.022706654,0.31609213
16817,-5.0306954,0.18463059,-0.87783957,-0.5009967,-0.0066585024,-0.006523463,0.25818968,-0.1428057,-0.07025911,0.4097813,0.32024196
16818,-7.3375225,-0.0800007,-1.4068379,-0.65069216,0.13868968,-0.22717202,-0.1156288,-0.3220562,-0.08881721,-0.055411074,0.35559297
16819,-9.008129,0.065694496,-1.1390707,-1.2016706,-0.4544581,-0.10335295,-0.17618996,-0.33405992,-0.30845076,0.6715793,0.36785698
16820,-4.567255,-0.020149514,-0.9201693,-0.32669085,-0.15441848,0.08839511,-0.07558508,-0.2417211,-0.18682016,0.1694075,-0.061635323
16821,-5.834805,-0.4287946,-0.7442207,-0.77136284,-0.18884712,0.14545466,0.004297494,-0.36914653,-0.023679746,0.098643325,0.4439411
16822,-6.551165,-0.34005448,-0.5796472,-0.5380371,-0.81467545,0.17357427,-0.16775398,-0.3187237,0.3491469,0.7319139,0.693775
16823,-4.199117,-0.017758906,-1.0356705,-0.35165408,0.06258023,0.0974133,-0.10038092,-0.19474006,-0.12770055,0.08682084,0.2696299
16824,-5.5384173,0.48322195,-1.395671,-0.28692594,-0.0054002977,-0.023190975,0.17843975,-0.2109198,-0.041828565,0.33415583,0.38072553
16825,-6.8584847,-0.41902858,-1.0251527,-1.4827477,-0.63228565,-0.06655112,0.29347965,-0.3896878,-0.1413927,0.7409279,0.4618584
16826,-4.8179617,-0.031660862,-0.67263883,-0.26603106,-0.21912101,0.045332346,0.041773777,-0.5054209,-0.4221521,0.3791613,0.15025797
16827,-5.2805934,-0.09269575,-1.1445423,-0.394921,-0.48791122,-0.14841188,-0.11316161,0.2097624,-0.14007634,0.6630297,0.2987014
16828,-4.928563,-0.040642012,-0.98178786,-0.59983325,0.36273012,0.08048724,-0.16570924,-0.21493658,0.14778979,0.5141214,0.32306686
16829,-3.2002385,-0.25544855,-0.70527977,-0.25886637,-0.26226872,0.042843007,0.071552515,-0.34353885,0.02171363,0.2452588,0.4319577
16830,-7.97874,-0.2930154,-1.4944093,-0.53757155,-0.32229707,0.105088055,0.16649215,-0.7639452,-0.26275206,0.09019763,0.4321327
16831,-5.5321307,-0.25988692,-1.2151506,-0.58112043,0.12421593,-0.484801,-0.12066943,-0.07245927,-0.00846168,0.44688067,0.21081488
16832,-5.0011063,-0.11464489,-1.0681086,-0.49532175,0.065941006,-0.20349452,0.02419624,-0.32599646,-0.10117803,0.44812486,0.2679635
16833,-6.988883,0.066946305,-1.3549048,-0.8941056,-0.19907786,-0.32981962,-0.1523726,-0.31144273,-0.028931974,0.53548515,0.32882637
16834,-6.639577,-0.55612075,-1.429519,-0.8434901,-0.5497518,-0.19474624,0.05932079,-0.12050297,-0.24812387,0.69043636,0.568886
16835,-5.0092006,0.16801941,-0.9664094,-0.58452356,0.0392176,0.018735941,-0.24532785,0.16082801,-0.05255732,0.12748045,0.1403279
16836,-5.3481307,-0.23102471,-1.1278113,-0.71634215,-0.22725306,0.13914973,0.27395576,-0.47719157,0.1638536,0.31408587,0.22197574
16837,-5.3287005,-0.0374689,-1.4981703,-0.6583205,-0.028302466,-0.29983288,-0.087775916,-0.13430269,0.12067642,0.41485533,0.25919968
16838,-6.1145167,-0.0233908,-0.86969894,-0.4685895,-0.45648018,-0.103547834,0.036202405,-0.19421059,-0.35106474,0.56001705,0.1292866
16839,-5.8636703,-0.3956497,-1.2087535,-1.1988904,0.016497359,-0.29447418,-0.3955152,-0.31262636,0.52195853,0.9045324,0.0128399255
16840,-5.8135104,-0.03665914,-1.1968726,-0.63703936,-0.04141757,0.5225213,0.27120218,-0.33773473,0.06509787,0.2005283,0.20501809
16841,-6.558307,-0.15277724,-1.0399159,-0.7499915,-0.16188264,0.4121387,-0.27045298,-0.3804252,0.14341001,0.56378144,0.1436889
16842,-5.5256696,0.013847249,-1.3735429,-0.5406626,0.29315668,0.16284281,-0.14476527,-0.020937743,0.032245636,0.31401628,0.12061359
16843,-4.871065,-0.025195926,-0.8935037,-0.7094626,-0.16433735,0.1655803,-0.17800252,-0.07125084,0.03265374,0.18746434,0.29117924
16844,-6.5730996,-0.31869277,-1.5089034,-0.63068944,0.1898199,0.43686265,-0.1829375,-0.5534866,0.12184137,0.18481934,0.1830283
16845,-4.713793,-0.07055907,-0.7488989,-0.68526864,-0.11196679,-0.22622816,-0.020786129,-0.34153286,-0.056963928,0.27613828,0.022887941
16846,-4.525265,-0.08331437,-0.9069713,-0.563709,-0.09049646,0.18562116,-0.041821793,-0.29734465,0.055870138,0.3665364,0.17898649
16847,-6.1413903,-0.24850945,-1.3209708,-0.4025672,-0.8632504,0.23814142,0.5322132,-0.107826956,-0.24384238,0.804622,0.5420857
16848,-7.382428,-0.33805594,-1.42822,-0.89782643,0.035840966,0.4438945,-0.069785945,0.08039105,0.35146287,1.0134995,0.51923287
16849,-6.848108,0.12821528,-1.5102926,-0.5888324,0.003339837,0.05877535,-0.23360287,-0.18099338,-0.3823633,0.5990298,0.26336265
16850,-5.8582587,-0.35367572,-1.3805325,-0.35018042,0.21017161,-0.020422118,-0.43288416,-0.039148726,0.029234141,0.561701,-0.09658171
16851,-8.355368,-0.3767284,-1.6409559,-0.58295196,-0.14182104,0.3142677,-0.053186767,-0.21120594,-0.17804495,0.88412297,0.018076291
16852,-5.2250285,-0.23389046,-0.93701065,-0.91493255,-0.072864264,-0.25791693,0.10882039,-0.2492199,-0.13114807,0.26584214,0.18719484
16853,-5.207892,-0.10852085,-1.0122998,-0.0036804443,-0.13968647,-0.17035805,0.0028417963,0.15661262,-0.21361639,0.33785704,0.4060075
16854,-5.707771,0.03251118,-1.528233,-0.69693893,-0.17033249,0.06593485,-0.074563846,-0.232014,-0.0117240865,0.41087055,0.2768376
16855,-8.730082,0.018193565,-1.6870854,-0.5305775,0.1189213,-0.4019708,-0.123638935,0.18818049,-0.5193447,0.64247936,0.39461195
16856,-6.5617237,-0.15273918,-0.91647947,-0.8455082,-0.5711516,-0.08162254,0.03227667,-0.3420136,0.05916541,0.6498656,0.30568394
16857,-4.966736,-0.2529028,-1.0770583,-0.58480746,-0.34833893,0.2804526,0.48137188,-0.14008391,-0.24603517,0.37780902,0.46577504
16858,-6.3557377,0.037673328,-1.3026322,-0.65279615,-0.036540247,0.13162993,0.13603236,-0.27528813,-0.19209936,0.14422192,0.35803702
16859,-5.739639,-0.30298325,-0.77627677,-0.33519256,0.13472907,0.008027452,-0.08226583,-0.11231646,-0.07425673,0.18046843,-0.036567397
16860,-5.922924,-0.11088707,-0.90359503,-0.611418,-0.326073,-0.39285076,0.2597531,-0.33693197,-0.24640207,0.29402167,0.41095394
16861,-5.707535,0.06305492,-0.8760103,-0.81552947,-0.54659384,0.050850455,0.21719785,-0.43499145,-0.16215307,0.35159978,0.6625682
16862,-4.139575,0.081975445,-1.2332765,-0.42934853,0.06538662,0.08042013,0.065871485,0.02437367,-0.01756254,0.1182733,0.18465947
16863,-7.221696,-0.27609372,-1.8410845,-0.7337497,0.042644408,0.27018744,-0.12191688,-0.39032516,-0.10721115,0.19849941,0.6409796
16864,-5.3008947,-0.034777794,-1.3130866,-0.46548292,0.10660218,0.341586,-0.32643977,-0.50399065,0.1241036,0.22339806,0.07891979
16865,-5.19658,0.087316,-1.2821968,-0.7176071,0.102595106,0.09128073,-0.05440539,-0.6456677,0.017856387,0.28429332,0.18968199
16866,-4.5415435,-0.10854863,-0.80861425,-0.436752,-0.19784625,-0.1406599,-0.0013848096,-0.22394486,-0.22469978,0.40255854,0.31488854
16867,-5.174499,-0.25045583,-1.1169609,-0.5218621,-0.17660084,0.32839358,-0.18588051,-0.28221282,0.19386451,0.27129227,0.07088429
16868,-5.0243864,-0.030069012,-1.164564,-0.79499805,-0.00022300193,0.22342908,0.2265773,-0.14782299,-0.04016003,0.53616184,0.44288552
16869,-5.4061627,0.11135182,-0.7019701,-0.45656198,-0.1629212,-0.15051737,0.06767227,-0.098704435,-0.26065776,0.28201634,0.34484088
16870,-6.7686753,-0.39940503,-1.6357316,-0.90969783,0.23343572,-0.6331672,-0.046124697,-0.16484946,0.08548228,0.7113223,0.050832435
16871,-3.8531322,-0.17198873,-0.6699864,-0.6034424,-0.1353977,0.116817124,0.17223808,-0.1477053,0.141418,0.17144378,0.27494472
16872,-5.5569677,-0.020481233,-1.2811146,-0.26963386,-0.13282615,0.33034128,-0.07914406,-0.10208325,-0.27071688,0.6494862,0.4201636
16873,-6.069832,-0.06984038,-1.1637363,-0.7525103,0.08872896,0.0555901,-0.27014318,-0.40807426,-0.1307089,0.7526827,0.20175801
16874,-5.9507856,-0.080719456,-1.5131583,-0.42901573,0.09636353,0.05920243,-0.13120258,-0.37275383,-0.10433682,0.6805283,0.30800527
16875,-5.4827356,0.08444841,-1.3174406,-0.45280778,0.2680712,0.022770155,-0.3500716,-0.21729971,-0.034749813,0.12872681,-0.020130847
16876,-4.7585,-0.12700768,-0.89120215,-0.5836922,0.22166461,0.11167914,-0.105649486,-0.3226157,0.18986666,0.35554263,0.11181897
16877,-6.4451547,-0.3390996,-1.0332749,-0.8253753,-0.46361622,-0.5567414,0.32735184,-0.16537246,-0.064284086,0.36288434,0.70694005
16878,-4.9418497,0.057690624,-0.7243834,-0.46397713,-0.18258184,0.22326793,-0.29652712,0.10661534,-0.122916445,0.56783426,0.043628372
16879,-6.306837,-0.044054575,-1.6597635,-0.6140484,0.314764,0.14031729,-0.0054049,0.25688377,-7.8398734e-05,0.70166594,0.2329133
16880,-5.361245,-0.16625471,-0.94634485,-0.63327795,-0.113710485,-0.06504576,-0.024060782,-0.33564535,-0.363817,0.17747359,0.45231685
16881,-6.2587147,0.06539565,-1.0612781,-0.2658316,0.5047946,-0.06631751,-0.31367254,-0.11040372,-0.28121445,0.57078624,-0.0762116
16882,-5.8006544,-0.4889002,-1.0512646,-0.85155636,-0.31730008,0.10729255,0.09895504,-0.3042056,-0.10824045,0.34502366,0.1741733
16883,-5.273736,0.078588165,-1.4838319,-0.3189381,0.45502734,0.1478088,-0.25461712,0.19937868,-0.008536873,0.08196316,0.46419862
16884,-5.2331924,-0.04250813,-1.0690889,-0.5357967,-0.18697192,-0.09607055,0.14738686,0.053479612,0.22046992,0.39360645,0.2861554
16885,-6.112901,-0.2986787,-1.1978939,-0.5871773,-0.21624789,0.053869832,0.21387865,-0.36730373,-0.058024913,0.0027575763,0.39130783
16886,-3.9594295,-0.011189931,-0.6960941,-0.6591433,-0.23267812,0.068334356,0.09783295,-0.11360261,-0.17549253,0.29405555,0.44843173
16887,-5.034211,-0.29082993,-0.7055466,-0.59944826,-0.17514908,-0.014773017,0.27452692,0.24527176,-0.17993094,0.15913464,0.08958035
16888,-4.404301,-0.09551302,-0.723621,-0.74870634,-0.16233473,-0.15272069,-0.1987163,0.20609742,-0.1264893,0.43144754,0.12669803
16889,-5.5575595,0.14985517,-1.5266292,-0.5771608,0.0016563502,-0.12521772,-0.04486035,0.1842457,-0.3063606,0.4522315,0.36648366
16890,-4.903408,0.05236147,-0.79016805,-0.80056494,-0.15881969,0.043758407,0.014870822,-0.4347766,0.11671292,0.78355056,0.4932199
16891,-5.6878424,-0.09231264,-1.2305226,-0.268657,0.22830904,0.094742075,0.20605671,0.061135292,-0.15621546,0.37938344,0.16193503
16892,-5.639495,-0.3869603,-1.1043348,-0.9270538,-0.22761092,-0.39512104,-0.03715371,-0.3014958,0.23493351,0.596143,0.38149425
16893,-6.545185,-0.36288056,-1.0515317,-0.7108735,0.24703212,-0.31244755,0.1153241,0.30048972,-0.3608021,0.249,0.37243134
16894,-5.738618,-0.06366356,-1.4622808,-0.8198787,-0.58048725,-0.025066387,-0.11220093,-0.27195546,-0.017499996,0.57991713,0.5819801
16895,-5.4735403,-0.15852632,-0.90680087,-0.544584,-0.70347935,-0.15493418,0.24979566,-0.3962411,-0.2057593,0.41957426,0.5793096
16896,-8.185148,-0.13651648,-1.7933344,-1.1631738,-0.03477811,0.64973265,-0.4223313,-0.43534628,-0.0029378794,0.50135404,0.4419957
16897,-5.941529,-0.20926628,-0.9957437,-0.5930412,-0.111710526,0.1935668,-0.08027458,-0.46413907,-0.3691754,0.29857472,0.211772
16898,-7.554552,0.006576409,-1.4659194,-0.7211452,0.063382566,0.47649533,0.10407924,-0.18767771,-0.094394326,0.2804381,0.74688995
16899,-7.2162676,-0.17017047,-1.3982967,-0.45722383,-1.2669513,0.0142808175,0.4338674,0.20968209,-0.18178758,0.44552726,0.61778086
16900,-4.729214,0.15137082,-1.0082594,-0.60128206,-0.2597443,0.19119598,0.116517924,-0.60332096,-0.09319684,0.38691172,0.37058377
16901,-6.1030617,-0.123771936,-1.27334,-0.6093927,0.3817468,0.18009157,-0.060987987,-0.037931763,0.19378139,0.6804945,-0.04784251
16902,-5.6538534,0.1039731,-1.1860911,-0.70979595,0.18306042,-0.10813089,-0.1265147,-0.103938386,-0.21558791,0.5811876,0.5124908
16903,-7.09822,-0.028248329,-1.1852509,-0.45306483,-0.39061096,0.012530748,0.14914663,-0.05563479,-0.29034814,0.63408095,0.43382403
16904,-5.353863,-0.17888923,-1.0789118,-0.99103284,-0.3937965,-0.056444846,0.2410023,-0.20357117,0.07173095,0.44590124,0.47832093
16905,-4.687765,0.1240697,-1.0803912,-0.36487815,0.017895382,0.2620989,-0.08153424,-0.38949898,-0.0146951955,0.12272945,0.34952968
16906,-4.700392,-0.1687736,-0.6919458,-0.57561123,-0.2800902,0.2216948,0.0090944925,-0.33290955,0.09647938,0.38642737,0.30001295
16907,-6.8079715,0.03812679,-0.9922343,-0.9484963,-0.31781647,-0.53573513,0.105233826,-0.10335614,-0.0059459284,0.5558169,0.4583392
16908,-6.507489,0.0064990195,-1.4493432,-0.5443662,-0.41841698,0.103857264,-0.004968688,-0.0055999877,-0.3961112,0.6761303,0.5638687
16909,-5.558193,-0.2816142,-1.0596924,-0.70628625,-0.15679449,0.0649304,0.223661,0.21017233,-0.09715218,0.74428105,0.2758233
16910,-5.115212,-0.12324759,-0.99131775,-0.6920305,-0.2781248,-0.30655646,-0.11312649,-0.10857883,0.061688177,0.3833102,0.07547061
16911,-4.9636984,-0.032334134,-0.95434844,-0.79362065,0.034861796,-0.17253976,-0.010750537,-0.122527264,0.07099263,0.5440078,0.06279543
16912,-5.094395,0.09536095,-1.1946514,-0.7159246,-0.43891677,0.047186345,0.17051654,-0.38426736,0.009734528,0.7268219,0.504551
16913,-4.549665,0.12984803,-0.892602,-0.426101,-0.21932663,-0.12369077,-0.24894716,-0.16950713,-0.25099584,0.27621093,0.2798119
16914,-3.8640249,-0.032321755,-0.7958999,-0.51768225,-0.28133473,0.09752247,0.095754765,-0.20477572,0.04008829,0.22151259,0.12979876
16915,-5.523868,0.05213068,-0.8708998,-0.39077967,-0.12731604,-0.15701269,-0.031916287,-0.23745908,-0.14303556,0.4255992,0.4569075
16916,-4.068392,-0.12742549,-0.79603857,-0.6607754,-0.15335631,0.14434054,-0.00022456981,-0.20750384,0.014989128,0.47452325,0.3727587
16917,-5.8137403,-0.27466357,-0.9738345,-0.8361459,0.058269143,-0.33798552,0.062922314,-0.35932314,0.25860372,0.49790832,0.3830619
16918,-5.5120573,-0.406447,-0.81679595,-0.86428654,-0.5818543,0.23643978,0.0062511954,0.092478655,0.059208475,0.53127104,0.4549202
16919,-6.296944,-0.25979188,-1.2339325,-0.6504908,-0.47741458,-0.10510794,0.16382477,0.009167417,-0.20565972,0.32417405,0.3739052
16920,-4.673835,0.08498295,-0.99629694,-0.6634494,-0.18206064,0.18422025,-0.165103,-0.0016050488,0.089268744,0.4153924,0.42215466
16921,-5.3442173,-0.3121419,-1.029262,-0.4285858,0.116095476,-0.21907225,-0.03610386,-0.22675946,-0.04602711,0.45351622,0.049805734
16922,-5.6347604,0.021439122,-0.9105663,-0.38889027,-0.30263972,0.03160763,0.11879954,-0.025125103,-0.17406872,0.08198748,0.2014556
16923,-6.1593204,-0.29855344,-1.2018526,-1.202658,-0.19734444,-0.037515216,0.11077289,-0.27263224,0.29147813,0.6495495,0.5994241
16924,-7.009285,-0.22887954,-1.1406617,-1.0478868,-0.6044333,-0.1487494,0.24349727,0.029229194,0.15546171,1.0382705,0.34859335
16925,-4.8637576,-0.09089532,-0.97907156,-0.44423136,0.1501757,0.014270008,-0.07404581,0.14815709,0.053627595,0.71746045,-0.014095881
16926,-4.782253,-0.024502646,-0.9497512,-0.35809842,-0.5425293,-0.15083924,0.3136661,-0.081953526,-0.16786046,0.25507742,0.43463582
16927,-5.888226,-0.3180626,-1.0063949,-0.6440961,-0.20721693,0.011586878,-0.09006084,0.14309636,-0.04372859,0.42331845,0.48566228
16928,-5.204803,-0.37685442,-0.70966166,-0.7173933,-0.26032224,0.3712445,0.18950902,-0.33724934,0.027742628,0.35486057,0.22373126
16929,-5.32505,-0.10946892,-1.1159774,-0.5258722,0.011375304,0.013156028,-0.15714055,-0.3501265,-0.023047278,0.47966015,0.103173815
16930,-6.7858005,-0.06701323,-1.185548,-0.43809798,0.03993222,0.147262,-0.054747105,-0.305748,-0.0804521,0.20720592,0.23293938
16931,-4.8418207,-0.033096373,-1.0788527,-0.38315615,0.09046786,-0.0739625,-0.098180085,-0.02450517,-0.16880578,0.45577225,0.25072697
16932,-5.0814576,0.075246304,-1.1241937,-0.3832163,0.20507744,0.0457959,-0.14883922,-0.15970677,-0.10055223,-0.008634296,0.27145663
16933,-4.50228,-0.15536238,-0.8855428,-0.5399651,-0.22019716,-0.0901218,0.048108984,0.04525356,-0.06980367,0.5364525,0.29157084
16934,-5.370659,-0.261764,-1.3614082,-1.0230386,-0.4985749,0.28505254,0.015332263,-0.43012783,0.08894734,0.64332503,0.5526454
16935,-4.8705497,-0.0822276,-0.744314,-0.36150822,-0.23727538,0.27493984,0.032807622,-0.290007,-0.06527759,0.73618877,0.42809758
16936,-4.393755,-0.11305439,-0.840921,-0.5462888,-0.33204377,0.012959946,0.06690696,-0.46139804,-0.13878976,0.5573483,0.34610078
16937,-6.153796,0.021905422,-0.94599265,-0.7030631,-0.20313883,-0.39222598,0.05732957,-0.2560664,0.050287522,0.6602339,0.11650371
16938,-7.4642596,0.5304614,-1.4434772,-0.6590581,0.006966849,-0.18767294,-0.13706693,-0.37091354,-0.05604788,0.38945773,0.07092456
16939,-4.972175,-0.1866048,-1.0515991,-0.5708497,-0.83206147,0.08759223,0.13384105,0.118767865,-0.03973238,0.5838095,0.37549543
16940,-6.7773275,0.15691602,-0.9941342,-0.30715597,-0.10570056,-0.24691983,-0.2872469,0.08339874,-0.21325806,0.795293,0.18315323
16941,-5.6625233,-0.28392497,-0.81962556,-0.4059162,-0.46859887,0.18054505,-0.13160068,-0.7899407,-0.09203035,0.54039806,0.35935655
16942,-5.288693,-0.060511384,-1.060462,-0.5163275,-0.28576967,-0.1192489,0.015554154,0.021858113,-0.24657156,0.37519822,0.47149688
16943,-5.8738637,0.056234203,-1.0369962,-0.66499186,0.28064454,-0.38767362,-0.1619674,-0.045286417,0.281909,0.4009129,0.20347942
16944,-5.9588714,0.09426377,-1.2493075,-0.25797582,0.0005877861,0.052459814,0.11014841,0.44973716,-0.19208898,0.5252409,0.56323767
16945,-5.458976,-0.22768772,-1.2012738,-0.7989649,-0.37036026,-0.087989815,0.22585618,-0.18308032,-0.122126564,0.5939201,0.3638007
16946,-4.3880534,-0.18563259,-1.078644,-0.28702724,0.30128187,0.26200742,-0.278969,-0.23042221,-0.17142974,0.08403089,-0.010186498
16947,-4.1157384,-0.023022726,-0.73895824,-0.3271212,0.1277488,0.09734081,0.0070754895,0.15270606,-0.038886987,0.057805777,0.17152384
16948,-6.6489573,-0.07556761,-1.1212649,-0.36395723,-0.56822294,-0.07882329,0.44307807,0.12368672,-0.48789465,0.12080196,0.3439857
16949,-5.2022448,0.05729478,-0.97536623,-0.30013666,0.24728626,0.28400606,-0.1437431,-0.4319951,-0.111028045,0.36976835,0.25221252
16950,-6.8491898,-0.22497922,-0.9602854,-0.51663774,0.05628201,-0.12131697,-0.24436195,0.048733927,-0.01482393,0.22498375,0.30982986
16951,-7.0950217,-0.23767799,-1.5659873,-1.3285362,0.0021150513,0.19297904,0.34945202,-0.24558017,-0.09094864,0.49087498,0.55937594
16952,-7.615299,-0.35757545,-1.2492486,-1.0354558,-0.59717757,-0.28369898,0.16542089,0.28120112,-0.22907324,0.68557566,0.92002285
16953,-6.045562,-0.08628717,-1.1021543,-0.39316157,0.062329356,-0.039664917,-0.1493937,-0.08297393,-0.28241974,0.34655225,0.14422335
16954,-4.9793677,-0.2103765,-0.9250475,-0.5482695,-0.50301623,0.004694497,0.30519918,-0.365223,0.14500394,0.53583884,0.7633624
16955,-5.5924954,0.2166041,-0.96616733,-0.33785698,-0.065498,-0.14708832,0.29958236,0.13406374,-0.22490449,0.3499228,0.43625095
16956,-5.187401,-0.0893596,-1.0393797,-0.59390336,-0.031494696,-0.1831006,-0.23827884,-0.3564938,-0.07203779,0.21959433,0.0035200212
16957,-4.342688,0.01031664,-0.62405306,-0.5461176,-0.03182993,-0.024452385,0.05608196,-0.1477185,-0.046374895,0.21658005,0.1713814
16958,-7.074803,0.07024278,-1.2725474,-0.86362237,-0.09507232,0.19129537,-0.10175587,-0.09109039,-0.27696967,0.22356704,0.23924635
16959,-5.032654,-0.48682058,-1.7018428,-0.6469269,0.40693343,0.2520787,-0.21744154,-0.052463293,0.3384673,0.3852491,0.48883677
16960,-7.8002486,-0.6099576,-1.3032309,-0.72931963,-0.25206956,0.23628846,-0.09693151,-0.35564172,-0.18118745,0.46258083,0.53943235
16961,-4.784207,-0.095351785,-0.8684983,-0.4333599,0.029256556,-0.23377001,-0.10025038,-0.31258488,-0.095504045,0.52300024,0.20025176
16962,-6.054983,-0.2763393,-1.3008065,-0.55740345,0.049522933,-0.37216663,-0.0948213,0.074631326,0.07533066,0.60318476,0.29677033
16963,-5.0309324,-0.054261353,-1.1738067,-0.3839716,-0.15605101,-0.12270017,-0.20381202,-0.0072879456,-0.20048176,0.6586761,0.35356793
16964,-6.4304237,-0.5980171,-1.5290997,-0.9628039,-0.099012084,-0.20235346,-0.096587375,0.003442009,-0.05173529,0.51095587,0.058652084
16965,-4.9869795,0.08003784,-1.3645923,-0.646317,0.12422948,-0.2191312,-0.3248036,0.00694436,0.2667871,0.55174583,0.25454286
16966,-6.005742,-0.19039197,-1.2372082,-0.65895,0.055268537,-0.2247364,0.0796018,-0.24374512,-0.09007498,0.081421554,0.43487662
16967,-6.7563305,-0.0010747975,-1.4456607,-0.8500749,0.123569265,0.4941209,-0.077834204,0.09788469,0.067002594,0.5695288,0.4723398
16968,-6.567042,-0.25783905,-0.9723799,-0.44638258,-0.11369699,-0.09729576,0.16209024,0.31714493,-0.4644894,0.7171356,0.3095893
16969,-7.576319,-0.28614455,-1.4770437,-1.0079869,0.5243767,0.3554417,-0.2956335,-0.4986891,0.23644167,0.60707223,0.48694578
16970,-5.3278356,-0.1300907,-1.0918052,-0.39165664,-0.42103422,-0.15017532,-0.08354316,-0.016957046,-0.02483133,0.60500765,0.41147846
16971,-4.6072927,-0.05994581,-1.2146753,-0.5307481,0.15199059,-0.01573028,-0.26059225,-0.110811114,-0.102337025,0.3576136,0.14983124
16972,-5.7590084,0.052122198,-1.0990193,-0.7139789,0.17221873,-0.5063842,-0.011016318,-0.08374358,-0.19539973,0.4333241,0.11069297
16973,-5.130306,-0.14372796,-0.9827311,-0.6295899,-0.22210084,-0.13215928,0.06221318,-0.30307326,-0.06529494,0.23969162,0.4876887
16974,-5.509167,-0.2241355,-0.9824227,-0.539112,-0.30600697,-0.21007685,0.24662957,-0.07967787,-0.4963826,0.2338448,0.49985066
16975,-3.5011613,-0.009370386,-0.61273277,-0.53778,-0.27509993,0.08381822,0.12828928,-0.26776156,0.043739587,0.26489878,0.3479659
16976,-5.029854,0.05828736,-0.96662927,-0.62253386,-0.018116659,-0.06885653,0.079818,-0.12267754,0.045714345,0.28446335,0.16383934
16977,-4.8225923,-0.15530524,-1.0635337,-0.37442854,0.25710097,0.15439115,0.114424795,-0.100388125,-0.06020911,0.08244001,0.37528166
16978,-4.878089,0.048938658,-0.85668564,-0.5306437,0.16828585,-0.01012584,0.29926184,-0.013547704,0.14937975,0.40527114,0.3191842
16979,-4.2077518,-0.22032377,-0.7402417,-0.21420853,-0.17522648,-0.0024315417,-0.06746796,-0.21804345,-0.053927697,0.29244277,0.08855904
16980,-6.0478415,0.09371088,-1.1902196,-0.72913545,-0.12000958,0.19900513,-0.042854,-0.15476628,-0.08765628,0.6052556,0.4535555
16981,-5.101317,-0.26737085,-0.9841024,-0.50487465,-0.10913102,0.009526592,0.0055706026,-0.20962334,-0.25477618,0.47899875,0.19031656
16982,-5.943111,-0.20920224,-0.81962514,-0.6341661,-0.030755417,-0.19971764,0.15079129,-0.2389751,-0.023571854,0.037585784,0.16200423
16983,-6.323715,-0.14644113,-1.2213693,-0.7163276,-0.3711097,-0.12436868,-0.16773568,-0.083813556,-0.2301829,0.35256127,0.26939267
16984,-5.283023,-0.17408568,-1.0745964,-0.53023,-0.22325632,0.1847693,-0.018850386,-0.48509508,-0.23394226,0.6266576,0.19425929
16985,-7.3862987,-0.0382995,-1.3216505,-0.7865447,-0.14076799,-0.13420153,-0.10660831,-0.48126572,-0.096417256,0.83234775,0.29973873
16986,-4.27677,-0.1257638,-0.7666695,-0.3711856,-0.13152426,-0.13936515,0.10892532,-0.17476355,0.0038599074,0.40369934,0.12448642
16987,-4.295844,0.13397282,-1.1246389,-0.58021367,-0.13640797,-0.12596026,0.1297585,-0.09601927,-0.10800478,0.5090162,0.19533125
16988,-4.992939,-0.034405146,-1.036267,-0.29369938,-0.19712165,-0.26892215,-0.12310692,-0.28277332,-0.38800365,0.50162756,0.17705013
16989,-6.296814,-0.3225562,-1.9302269,-0.6089678,0.014754061,-0.012470102,0.02515151,0.024468932,-0.0038684458,0.37988523,0.5719449
16990,-7.1993127,0.019786414,-1.7269373,-0.7566959,0.3400682,0.3486988,-0.24210228,-0.26588836,0.059675492,0.018490713,0.3584133
16991,-5.2781887,-0.012909648,-1.0669003,-0.4681812,-0.055291537,-0.0060448833,0.038733356,-0.08074285,-0.009901529,0.22244534,0.0519241
16992,-6.7297916,-0.23706412,-1.4589987,-0.9187469,0.13420878,0.2815475,0.050884187,-0.49718317,0.36325085,0.56210583,0.1308212
16993,-5.0529537,-0.13673262,-1.251575,-0.63318145,-0.084933504,-0.06889566,0.051144294,-0.19535927,0.020071752,0.37974355,0.10962319
16994,-7.131582,-0.17348017,-1.0576241,-0.7625985,0.47817823,0.2345666,-0.45580307,-0.35691938,-0.03353536,0.38004422,0.33229882
16995,-5.411641,-0.27779806,-1.1130227,-0.5171066,-0.08931526,-0.15875994,-0.2087851,-0.2896589,-0.2984492,0.26253185,-0.042779677
16996,-5.423249,-0.38516808,-0.8214148,-0.47693905,-0.37094733,0.13372481,0.21500511,-0.111408934,-0.113556474,0.47410166,0.60240155
16997,-5.191204,-0.30969802,-1.1514822,-0.4531252,0.001740804,-0.06780309,-0.1829802,-0.10500766,0.068710454,0.58714086,0.116489716
16998,-3.856225,-0.10443477,-1.118274,-0.6231607,-0.3190634,0.15591826,-0.164667,-0.11132567,0.3490887,0.54137766,0.22044255
16999,-6.3983936,-0.10457755,-1.124294,-0.9748578,-0.5029525,0.27711266,0.08223399,-0.42790544,-0.08468223,0.33591828,0.78698033
17000,-5.2308917,0.024917658,-1.0273447,-0.62349945,-0.05044534,-0.23284645,-0.045688927,-0.055106364,-0.013667483,0.506653,0.4511309
17001,-5.0686374,-0.045611404,-0.9559916,-0.3987668,-0.2140386,-0.15784796,0.16950712,-0.23577325,-0.10974862,0.07273493,0.2994749
17002,-6.2043133,-0.29682735,-1.2806069,-1.1029502,-0.20952749,0.10036619,-0.35950175,-0.59722966,0.38047186,0.5898336,0.29291743
17003,-6.2369504,-0.0076741083,-1.1677899,-0.6003156,-0.109010555,0.0056861434,-0.00690974,-0.46937284,-0.19199345,0.13867027,0.34043074
17004,-6.339251,-0.13711421,-1.6028365,-1.0377764,-0.13962634,0.32386762,-0.3059815,-0.42230386,0.06004916,0.36044645,0.5480827
17005,-5.3615317,-0.09219778,-1.020285,-0.15816298,-0.081582464,0.3067426,0.019290838,-0.31757912,-0.17040227,-0.062094513,0.3083513
17006,-5.22808,-0.16091537,-1.0939541,-0.6158478,0.1317053,0.21417937,-0.13525541,-0.06548504,0.15052831,0.3919078,0.11024163
17007,-5.0345616,0.03721501,-0.874901,-0.37293994,-0.3912595,-0.01998241,-0.18137601,-0.342953,-0.20493716,0.39538428,0.28083262
17008,-6.018173,-0.05087522,-1.2316939,-0.109554276,-0.03916546,-0.24896203,-0.16198732,-0.2653804,-0.49188226,0.36395466,0.15969656
17009,-7.4735785,-0.25621697,-1.7231926,-0.6577035,0.26302353,0.5148921,0.03549254,-0.47169283,-0.030908627,0.6007658,0.29757798
17010,-5.041565,-0.022139143,-1.0005987,-0.78411907,0.19123489,-0.080890685,-0.14499557,-0.41790518,0.1783589,0.4013084,-0.12777838
17011,-4.0667143,-0.15970266,-0.9786632,-0.3990311,-0.022517296,-0.100722864,-0.021834023,-0.058147185,0.000115882605,0.49325514,0.17092541
17012,-8.27865,0.017531678,-1.7901964,-0.7489331,0.52362293,-0.25267547,-0.19110988,-0.008420644,-0.25922626,0.29776528,-0.09287223
17013,-8.300888,-0.108531125,-1.3407078,-0.37529698,0.26329607,-0.3180434,-0.40205473,-0.058189236,-0.6655256,0.81693417,0.25639573
17014,-5.1529207,-0.28622702,-1.3147562,-0.5439469,-0.22580291,0.47810334,-0.10721189,-0.3404781,-0.0042164642,0.3803282,0.07935736
17015,-4.8404336,-0.19434468,-0.66975427,0.0134610105,0.1893265,0.10233316,-0.22399361,0.172641,-0.10076631,0.24152565,-0.01786315
17016,-4.887407,-0.064623915,-0.8932797,-0.6497685,-0.05775337,0.4408679,0.19368234,-0.3506791,0.091216356,0.23330553,0.52969825
17017,-5.1197925,-0.40534148,-0.7591233,-0.7742322,-0.55095357,-0.20287693,0.1598656,-0.1568642,-0.064959235,0.43850884,0.39780018
17018,-4.0938964,-0.2965524,-0.7602876,-0.6235128,-0.61472154,-0.36387175,0.13198602,-0.1369833,0.053589188,0.5155315,0.59625065
17019,-7.2244434,-0.108310185,-1.5809768,-0.6857149,-0.37773192,-0.06642303,0.22458865,0.061134048,-0.25317356,0.14787617,0.66510427
17020,-4.417938,-0.08370327,-0.8285536,-0.67030084,0.01556127,-0.30745524,-0.030095793,0.1731242,0.13641573,0.38714924,0.3531214
17021,-6.023009,-0.18238169,-1.4302267,-0.7094304,-0.10777398,0.15489615,-0.26910007,-0.08799104,-0.16263208,0.8552448,0.49188426
17022,-6.131031,0.22233906,-1.8858922,-0.6537064,0.19614048,-0.1369649,-0.027582496,-0.14358775,-0.23861603,0.26223567,0.28750256
17023,-6.460157,-0.26529205,-1.443286,-0.82122993,-0.060927525,-0.2722553,-0.26888698,-0.115535654,-0.071041346,0.715341,0.24904294
17024,-6.928645,-0.08126799,-1.0469906,-0.62271947,0.09487525,-0.18034703,-0.12176465,-0.39153695,0.007265743,0.100581534,0.29569572
17025,-5.362827,-0.23580341,-0.84054846,-0.41533992,-0.015869964,0.076639876,-0.23588236,-0.46188167,-0.09820563,0.24801336,0.021653125
17026,-5.7403693,-0.01415207,-1.0958906,-0.6199144,0.006655209,0.15098014,-0.19533226,-0.32670602,-0.11221057,0.21670936,0.08650878
17027,-4.16662,-0.2548297,-0.47438255,-0.5125579,-0.3819325,-0.04305,-0.1490132,-0.22812481,-0.022172024,0.40610272,0.3294277
17028,-5.428523,0.043874055,-0.88719106,-0.5816289,-0.15433009,0.063103914,-0.13349119,-0.3997328,-0.11432022,0.43793052,0.12811096
17029,-3.724829,-0.21491387,-0.81013787,-0.23410377,0.029989347,-0.23424938,0.06492278,0.18046609,-0.19777021,0.24687819,0.21892628
17030,-5.6071033,-0.28845906,-0.8704411,-0.76473254,-0.13210504,0.31588024,0.1924033,-0.51273036,-0.023144422,0.5186218,0.5492397
17031,-5.132806,-0.21242619,-1.4634773,-0.3754739,0.09431879,0.41164583,0.046401724,-0.44093975,-0.089118935,0.44702035,-0.0071163094
17032,-5.9247494,-0.29942882,-1.1606679,-0.62615556,-0.3871618,-0.56366545,0.20859711,-0.23437579,-0.063687086,0.49009737,0.48753956
17033,-5.227875,-0.31574178,-0.9515392,-0.39836565,-0.19607781,-0.37422663,-0.10561987,-0.4234531,-0.25767648,0.0299993,0.5995737
17034,-5.9745173,-0.19217756,-1.3158834,-0.6293727,0.40752235,0.24035671,-0.47898242,-0.5662995,0.009743294,0.067761846,0.12179502
17035,-4.230158,-0.25131372,-0.6051663,-0.44767472,-0.082797065,-0.053003762,0.07021518,-0.030010885,-0.05309216,0.4932603,-0.005076953
17036,-5.0906467,-0.3045309,-1.1644137,-0.72116154,-0.34534293,0.06810754,0.012354511,-0.26632163,0.28836882,0.43939823,0.2891088
17037,-7.3105826,-0.15559639,-1.2302988,-0.8599524,-0.044745985,-0.022123769,-0.13013399,-0.28231558,-0.107763916,0.5876575,0.51044804
17038,-4.7629623,-0.20518918,-1.1417706,-0.5221031,-0.27181125,-0.04600487,0.08714373,-0.09730735,-0.20259358,0.26818028,0.27171907
17039,-6.774737,-0.17036182,-1.7686783,-0.8912293,0.67642975,-0.02906448,-0.2053943,-0.02124714,0.18293723,0.21356384,0.026643429
17040,-5.501401,-0.1361381,-1.1992972,-0.6255762,0.09369458,-0.27622396,0.061398767,-0.2991748,-0.27200153,0.26475734,0.207336
17041,-6.5448756,-0.5944476,-0.76053005,-0.76961786,-0.6406031,-0.5135486,0.25046748,-0.25242814,-0.5602737,0.5363536,0.6805213
17042,-6.584634,-0.5524882,-1.1692516,-0.7009947,-0.05557767,0.8554851,-0.21029712,-0.40889624,0.16039644,0.76281804,0.6884137
17043,-5.117049,-0.36914578,-1.0834562,-0.39396653,0.13987449,0.23078023,-0.15811464,-0.37075207,-0.21316065,0.49521032,0.15861511
17044,-5.204204,-0.2579548,-1.0458113,-0.1556296,0.049549088,0.30414057,0.39827642,0.120583616,-0.10503763,0.4381619,0.40937993
17045,-6.1127267,-0.37686694,-1.4119291,-1.0465162,0.035005752,0.594121,0.029821862,-0.34939662,0.5778995,1.1334248,0.4225813
17046,-5.6214705,-0.01090541,-0.93781334,-0.6221446,-0.27672628,-0.52566415,-0.06198313,-0.06458888,-0.12458505,0.4614085,0.12194688
17047,-6.234157,-0.47591814,-0.9051657,-0.74674857,-0.16307688,-0.051865935,-0.07381647,-0.23629808,-0.14752801,0.6360464,0.28083068
17048,-7.5124874,0.062804304,-1.6386431,-0.5603211,0.34121194,-0.34999084,-0.37150744,0.06391103,-0.01932781,0.10544167,-0.11845378
17049,-7.2467523,0.24828091,-1.1711172,-0.6879223,0.20136078,-0.10047441,0.15424179,-0.34647435,0.054214537,0.10951099,0.27719665
17050,-5.8560767,-0.21478608,-0.69885004,-0.66006243,0.097230576,-0.13146518,-0.16529928,-0.37907568,0.14539409,0.44680297,0.33804888
17051,-4.790143,-0.38191098,-1.1323681,-0.78099436,0.24033092,-0.18177643,-0.04948182,-0.16504893,0.012608276,0.2154282,-0.06410376
17052,-6.6125965,-0.12357561,-1.3603486,-1.0315043,0.33651894,-0.20005204,-0.22353935,-0.503338,0.42795834,0.42903557,0.3361458
17053,-5.464238,0.12394009,-1.085663,-0.6957519,-0.069378816,-0.08568272,0.20467374,-0.48126048,0.05163709,0.16471992,0.30266827
17054,-5.164153,-0.035700507,-0.94549084,-0.70239794,0.15638117,0.2406588,-0.17265688,-0.03916178,0.2361968,0.55102897,0.17993683
17055,-4.624879,-0.083033375,-0.8259875,-0.6516634,-0.1591401,-0.07315845,0.21149795,0.083033495,0.03095722,0.12428402,0.42733157
17056,-6.923869,-0.21836892,-1.5537134,-1.3335338,0.10996733,0.015976014,0.011044638,-0.31244504,0.27823892,0.32937604,0.3120965
17057,-7.3234663,-0.1390483,-1.4140369,-0.6789082,0.22676621,0.061667852,-0.39793682,-0.1956139,-0.392716,0.33643976,0.27775967
17058,-5.487623,-0.03447183,-1.052588,-0.6526507,-0.23028544,-0.07498254,-0.11381554,-0.09130062,-0.13871425,0.50714785,0.33701128
17059,-4.8617907,0.105289035,-1.1622244,-0.901906,-0.26675615,-0.02387505,-0.052781567,0.055041865,0.10466344,0.3061296,0.32599092
17060,-5.8963013,0.06686458,-1.3518054,-0.6269588,-0.1740575,0.07944037,0.20802581,-0.15843126,-0.11135043,0.1673266,0.34853566
17061,-5.9338846,0.34618926,-1.4808639,-0.7463471,-0.058274128,-0.0037789987,-0.089742504,-0.061750047,0.09630353,0.33210868,0.263866
17062,-6.138262,0.021987949,-1.4468122,-0.5128186,-0.5056715,-0.10565859,0.025355265,0.13252492,-0.10524233,0.3334398,0.42566192
17063,-5.3336277,-0.099606805,-0.7660202,-0.40099868,-0.07807885,-0.05829774,0.090612285,-0.113272384,-0.17179054,0.7023982,0.2911207
17064,-5.082219,-0.27426198,-0.8226795,-0.544764,-0.07879582,-0.14588653,-0.11041013,-0.03025557,-0.13438,0.31116825,0.4020742
17065,-8.506807,0.005651201,-1.4443095,-1.3071449,-0.45113933,-0.25792283,0.16133209,-0.33509713,-0.053012624,0.3187542,0.6451799
17066,-6.8007574,-0.15442924,-1.3220434,-0.6475995,-0.4449259,-0.2009854,-0.11744534,-0.45138928,-0.18070686,0.32244232,0.8356274
17067,-6.403131,-0.34554943,-1.0550861,-0.5092498,0.05870983,-0.08008108,-0.094747335,-0.5018121,-0.14504655,0.29734367,0.5716046
17068,-6.876759,-0.45767644,-1.0277356,-1.0234555,-0.36146244,0.09949402,0.04449385,-0.59860384,0.11805459,0.42624593,0.78450924
17069,-5.398574,0.040297374,-0.98678446,-0.39905044,0.1414094,0.32128793,-0.09722955,-0.37556908,0.19656269,0.115296766,0.17976929
17070,-5.813482,-0.31372377,-1.2011337,-0.8038502,-0.34182894,0.0942641,0.07736325,-0.16776818,0.103584364,0.4821385,0.65824515
17071,-3.571743,-0.045339823,-0.5172894,-0.3169393,-0.19476917,-0.09331725,0.0829311,-0.10897011,-0.10646456,0.19361643,0.26261166
17072,-6.7333508,-0.13965265,-1.5192028,-0.78801674,-0.22745168,0.66887826,-0.19472729,-0.41636485,0.30940428,1.0523187,0.5230132
17073,-5.303949,-0.29320213,-1.2477673,-0.75355154,0.056347366,-0.2699837,0.07809669,0.032413557,0.29062465,0.400772,0.45658588
17074,-6.0062366,0.12859905,-1.692049,-0.5712813,0.160577,-0.13860111,-0.12135448,0.04258609,-0.08678525,0.24326994,0.3390154
17075,-4.6189885,-0.06304937,-0.75631344,-0.63631415,-0.4644969,0.013673812,-0.117511384,-0.13981038,-0.017324029,0.7948478,0.25072032
17076,-5.0559134,-0.1961211,-0.96682405,-0.79260767,-0.63581884,0.07945135,0.21020192,-0.19725676,-0.013978424,0.325746,0.35323408
17077,-4.019706,0.043365926,-1.0212687,-0.6215919,-0.18027979,-0.12213199,-0.01047608,0.19772819,0.15603203,0.4141838,0.26175928
17078,-6.501544,0.12256398,-0.94892985,-0.4542775,-0.33222732,-0.29368907,0.23959577,-0.14809887,-0.23264761,0.010646276,0.58281904
17079,-4.6763673,-0.36777118,-1.0824187,-0.53831834,0.11966501,0.08107461,0.13066795,-0.17369209,0.0034995973,0.54882413,0.1997402
17080,-6.380942,-0.10763828,-1.0665487,-0.69249374,0.06109756,-0.002397297,0.09483913,-0.5059441,0.07131691,0.12040008,0.6897342
17081,-5.1107097,0.04384147,-1.0024465,-0.04692673,-0.117404334,0.003203554,0.25213647,-0.17444827,-0.33917075,0.26756006,0.2257579
17082,-7.1178308,-0.12707694,-1.3652018,-1.1580105,-0.1178037,-0.30390817,-0.17944734,-0.26504904,-0.027363108,0.63623405,0.643616
17083,-6.268291,-0.041796595,-1.3388263,-0.39661288,0.35614458,0.02467783,-0.1755627,-0.0010347869,-0.034006894,0.5528929,0.27909505
17084,-4.1291084,-0.04729303,-0.5580514,-0.47489637,-0.09195668,-0.13520491,-0.053678036,-0.28530464,0.19825561,0.34136412,0.09539821
17085,-5.529136,-0.19836155,-1.2407159,-0.76218736,-0.4091756,0.5240044,0.057037394,-0.28001094,0.14887899,0.6714747,0.65006334
17086,-6.2190943,0.043276034,-0.82928306,-0.5713538,-0.12099067,0.11409681,-0.060998105,-0.47905082,-0.18844827,0.20411268,0.23671971
17087,-6.4983263,0.38714117,-0.894191,-0.8582069,0.17423812,-0.08160444,0.0022128448,0.056152947,-0.07614335,0.57325006,0.35321972
17088,-5.785427,0.08507144,-1.1852324,-0.97483796,0.04669406,0.31918585,0.2445372,-0.4905701,0.23139182,0.43424103,0.4376117
17089,-8.442284,-0.0486845,-1.681773,-0.97053623,-0.048503436,0.53297824,-0.25526404,-0.5952197,0.3777751,0.26746783,0.35708198
17090,-5.763825,-0.07374482,-1.1672409,-0.8789404,0.049322184,-0.20788783,-0.2493367,-0.14687313,-0.21441661,0.4051493,0.095300466
17091,-4.3806353,-0.12953237,-0.8140568,-0.68021107,-0.28562742,0.2545895,-0.05597139,-0.1667413,0.14472124,0.7628066,0.45580518
17092,-6.815454,-0.29203352,-0.9675529,-0.6409353,-0.048769258,0.07010172,0.06375093,-0.39265436,-0.20062128,0.38640517,0.33172074
17093,-5.6846848,-0.080055006,-0.88920975,-0.39066282,-0.16174528,-0.16651312,-0.06922548,-0.2548803,-0.18614821,0.35229266,0.1636131
17094,-8.216403,-0.33568045,-1.380162,-0.68133336,0.21317273,0.23459765,0.1082273,-0.23588918,-0.530141,0.12038974,0.3117006
17095,-5.1778183,0.14274673,-1.0854933,-0.55813634,0.056318812,-0.0009888327,-0.35796893,-0.08543011,-0.12228961,0.366306,0.10464643
17096,-5.353241,-0.03829953,-0.77895534,-0.7523696,-0.17937335,-0.08646867,-0.075823344,-0.28012228,0.018083379,0.29497206,0.49431705
17097,-6.1450577,-0.1169496,-1.5043339,-0.7167508,0.3535083,0.05292668,-0.4001994,0.22271967,-0.13210702,0.40717405,-0.22982214
17098,-4.9270163,-0.12787251,-0.9338271,-0.3596687,-0.42698637,-0.064639956,0.053449642,-0.22232977,-0.20744225,0.34846452,0.29814208
17099,-5.269083,-0.09579684,-0.98653597,-0.56887573,-0.2827992,0.022613676,0.061041586,-0.12508631,-0.17514108,0.59303325,0.08751858
17100,-4.550899,-0.11379302,-0.845745,-0.3481758,-0.1322016,0.08770831,-0.05446803,-0.26100248,-0.10823399,0.1876048,0.20441824
17101,-4.11739,-0.2657381,-0.5483671,-0.51230633,-0.31374732,-0.19535437,0.037864633,-0.24381521,-0.022639887,0.28589684,0.617868
17102,-5.657208,-0.124611944,-1.0893388,-0.51339084,-0.055063345,0.11774875,-0.107440926,-0.1556809,0.051454008,0.6751181,0.2640698
17103,-6.731022,-0.12727903,-1.6431997,-0.57433546,0.33134678,-0.14603576,-0.048074022,0.10096927,-0.026758248,0.22565088,0.17553806
17104,-6.2265096,0.047636695,-1.4801338,-0.7925427,0.29500496,0.16915639,-0.110548,-0.25904325,0.0038095368,0.5372594,0.12563498
17105,-6.0097914,-0.30254287,-1.6009763,-0.73338515,0.16607234,-0.12572661,-0.222298,-0.025859905,0.23717062,0.6550338,-0.054058783
17106,-5.730775,-0.16199645,-1.106478,-0.48503897,0.059685018,-0.123041645,0.08614864,0.30212358,0.0002837181,0.51459026,-0.02181461
17107,-6.3466783,0.10380572,-1.2577407,-0.4446178,-0.034273382,-0.028350815,-0.3194953,0.0016750069,-0.20249574,0.7566406,0.2751721
17108,-5.864668,-0.32227224,-1.3942467,-0.6365105,-0.46530846,0.00044031488,0.13370846,-0.20168267,-0.1952958,0.554052,0.29569274
17109,-7.0816445,-0.28905714,-1.3450341,-0.84800583,-0.08561236,0.61774796,-0.0139041515,-0.2571844,0.15208972,0.7008984,0.5823907
17110,-5.099266,0.0143221915,-0.6965871,-0.28721005,-0.51755065,0.30128777,0.0064996323,-0.27597514,-0.101228386,0.583931,0.3316176
17111,-3.963917,-0.26213983,-0.669318,-0.5278542,0.2444408,-0.12396866,-0.12209772,-0.2816903,-0.19156684,0.26572096,0.002441585
17112,-6.7239647,-0.020309184,-1.3098646,-0.68065006,-0.2464998,0.36882257,0.51002693,-0.11618023,-0.44882712,0.3400417,0.5667372
17113,-8.16613,-0.51088035,-1.4404113,-1.1675608,-0.49081552,0.23377624,0.1572299,-0.24421543,-0.1294498,0.35287762,0.32015955
17114,-5.7098656,-0.1465881,-1.1173955,-0.24728432,0.21563597,0.13666284,-0.11745385,-0.34432,-0.1658259,0.09966395,0.034534328
17115,-5.0164795,0.0893638,-1.0903789,-0.67865133,0.04449014,-0.55053943,-0.3867764,0.03946978,-0.16353412,0.5054356,0.10723972
17116,-5.640662,-0.12803385,-1.1785895,-0.39600116,-0.2516723,0.20612541,0.10021346,-0.08457138,-0.16425996,0.298584,0.6369544
17117,-5.112565,-0.09369599,-1.5008668,-0.77440065,0.14150168,0.16283977,-0.3476857,-0.3614174,0.102287926,0.25946158,0.29462972
17118,-4.616462,-0.0065607717,-0.9912059,-0.3555548,0.21002053,0.07111204,0.025114574,-0.33400744,-0.09591467,0.52524996,0.09820894
17119,-5.120876,-0.28240252,-0.884328,-0.70664334,-0.099486835,-0.24145548,-0.17215408,-0.17356575,-0.21499412,0.17427722,0.2390949
17120,-5.234724,-0.08533462,-0.93745536,-0.5020737,0.1076647,0.076180264,0.10721197,0.037505083,-0.015378287,0.44164875,0.40512687
17121,-3.836689,-0.053731058,-0.8085656,-0.30900326,0.05806933,-0.065992236,0.24225946,0.1842705,-0.055311657,0.29869518,0.35288185
17122,-5.566521,-0.025548942,-0.9445994,-0.62376565,-0.10169591,0.20779203,0.01138136,-0.112090245,-0.04198868,0.20186184,0.15141259
17123,-5.5232162,0.07259733,-1.1556388,-0.22060362,0.11853297,0.1520781,-0.12761898,-0.013884615,-0.26405004,0.4717491,0.14953703
17124,-4.7834783,-0.19421752,-0.98965544,-0.50256133,-0.37196192,-0.017920645,-0.060148403,-0.071994856,-0.20731512,0.6667327,0.5304825
17125,-4.6349144,-0.055289213,-0.8214831,-0.52570766,-0.15545496,-0.11345602,0.21286267,-0.3598435,0.035854876,0.5064424,0.021143809
17126,-4.8660874,-0.22928374,-1.1204178,-0.3130102,0.1432877,-0.15499449,-0.14091189,-0.1411128,-0.19168322,0.106241,0.19080763
17127,-8.790967,0.050780248,-1.9820184,-0.7084758,0.07519392,0.19467066,-0.10644703,-0.70710444,-0.034956507,0.29850495,0.44040605
17128,-6.502477,-0.13878547,-1.0725067,-0.1296901,-0.13934259,0.29770207,0.1119417,-0.5397892,-0.26889333,0.28417957,0.08894836
17129,-5.323788,-0.033831276,-1.2593102,-0.6636671,0.18933126,-0.19849075,-0.06982342,0.22355899,0.09433003,0.4772777,0.16094251
17130,-5.8739524,-0.10697071,-1.1133074,-0.57828605,0.25234896,0.07116244,-0.22364819,-0.21276277,0.027950829,0.15639459,0.14304312
17131,-5.918791,-0.12020713,-1.2182896,-0.5422835,-0.08864456,0.3466794,0.029644817,-0.15905562,0.062469885,0.6869303,0.12311727
17132,-6.47523,-0.115138695,-1.3727734,-1.0351903,-0.20145218,-0.04571979,0.36473423,0.25537202,0.21842352,0.8574022,0.48102236
17133,-4.7757573,-0.20631537,-0.75405735,-0.49595845,-0.4925846,-0.041537978,0.32122535,0.18051653,-0.23191099,0.36152193,0.4128664
17134,-5.645062,-0.25118855,-1.0182825,-0.74745107,-0.21171303,-0.28868574,0.0635758,0.053230613,-0.06752416,0.5717402,0.28609022
17135,-5.3228903,0.0052845106,-1.0405517,-0.46786955,0.2316307,-0.07084364,-0.5507146,-0.11102463,-0.21918535,0.67676646,-0.05101075
17136,-4.1267457,-0.19044748,-0.7760669,-0.62478137,0.040619023,0.25633597,0.037056793,-0.3517938,0.29097906,0.4719976,0.29323
17137,-4.9192014,-0.08926229,-1.0322531,-0.58348775,-0.1320129,-0.12691167,-0.35809985,0.091364235,-0.0866566,0.30320072,0.16184382
17138,-6.986665,0.2394788,-1.359315,-0.3494623,0.16585681,-0.48490268,-0.12855238,-0.04936195,-0.09461148,0.1277134,-0.08660959
17139,-5.3550467,-0.63206756,-1.2617923,-0.6824872,-0.43168214,0.12024519,0.21770543,-0.09911726,-0.26434645,0.64553696,0.51962477
17140,-5.282505,-0.153156,-0.999386,-0.59102935,0.11114457,0.1351917,0.053820226,-0.07745346,0.16470304,0.2830323,0.37630418
17141,-4.117953,-0.055383813,-0.85057783,-0.6461062,-0.19940627,0.21658412,-0.18929483,-0.44377464,0.1469379,0.30426055,0.3187996
17142,-6.4325237,-0.016740583,-1.0088445,-0.44551298,0.0072516133,-0.3055156,0.058510363,0.495251,-0.5329172,0.56118923,0.3949404
17143,-6.02412,-0.26847032,-1.3378706,-0.8797856,-0.46473435,0.48841447,0.28606224,-0.45111048,0.28327495,0.50688666,0.3222446
17144,-6.0022187,-0.120272845,-1.5401134,-0.7830094,-0.30577365,-0.24167165,0.21475033,-0.20624079,0.06378641,0.5687831,0.3173761
17145,-5.4583516,-0.056100603,-0.8618053,-0.4930458,-0.11432163,-0.3386407,-0.26033002,-0.40931055,0.018530494,0.7886798,-0.008350302
17146,-6.277181,-0.111008495,-1.4883139,-0.8203008,-0.23242497,0.41423774,-0.1266117,-0.35001096,0.028532788,0.49244618,0.62177485
17147,-4.031203,-0.038707636,-0.6563442,-0.4380359,-0.5363883,-0.053468596,-0.1742225,-0.13266522,0.08740601,0.44384414,0.26170585
17148,-7.1658244,-0.4336439,-1.0691594,-0.82941663,0.14168555,-0.0092927795,-0.016856596,-0.1204953,-0.06255797,0.21825252,0.5919119
17149,-5.4128113,-0.15156941,-1.1881964,-0.6969225,-0.021536006,-0.041172717,0.1591619,-0.2797078,-0.28002882,0.45372948,0.33538675
17150,-6.536207,-0.16779411,-1.7055119,-0.9124116,0.2779654,0.36727148,-0.13782628,-0.47804222,0.28948256,0.805832,0.06411356
17151,-5.7597775,-0.02126111,-1.2616526,-0.43418896,0.6648207,0.09421362,-0.45606232,-0.210398,-0.084026,0.27015203,-0.10106655
17152,-4.9578123,-0.49333873,-0.8856704,-0.42249665,-0.56375116,-0.08431713,0.10561504,-0.1004242,-0.24501877,0.28543568,0.48084095
17153,-5.8563886,0.10430797,-0.8115839,-0.30542415,-0.32078156,-0.4670313,0.38523012,0.15893862,-0.26264027,-0.012734053,0.6322573
17154,-3.9453673,-0.24741317,-0.7271496,-0.3783261,-0.25457487,0.012353923,-0.01355324,-0.0699808,0.032753285,0.21858205,0.3301201
17155,-7.6492743,0.0752619,-1.3128949,-0.78263575,-0.29214063,-0.3846801,0.01592464,-0.11816325,-0.20518138,0.63245016,0.85401094
17156,-6.6782756,-0.022616446,-1.1166389,-0.4139399,-0.88484335,0.3399465,0.12493565,-0.18843661,-0.21066217,0.507647,0.43214738
17157,-4.974748,-0.44526857,-0.79825103,-0.56402045,0.25570425,-0.29431874,-0.25124353,-0.15062325,-0.16944362,0.24004255,-0.068533726
17158,-6.129216,0.15379718,-1.4098256,-0.5553071,-0.08061107,0.36933213,-0.13447432,-0.28485873,0.121902704,0.688968,0.18489638
17159,-6.5543957,-0.004617896,-0.9839189,-0.71954006,-0.4148644,-0.050326616,0.046829578,-0.44805872,-0.33938608,0.286586,0.42916265
17160,-6.4513435,-0.40297255,-1.3473873,-0.92721355,0.10726077,0.63262886,-0.16108918,-0.11424998,0.27549505,1.1621706,0.5093868
17161,-7.216965,-0.13712434,-1.2722994,-0.7002173,0.24227487,-0.5309577,-0.27133197,-0.22625099,-0.1077056,0.5764979,0.17365956
17162,-6.1066413,-0.21591184,-1.0517843,-0.5892785,-0.7485778,-0.28581673,0.4488395,0.041106015,-0.4863156,0.35270083,0.76097745
17163,-5.8525434,-0.11102179,-1.1615558,-0.39030543,0.3718037,-0.12965256,-0.21593839,0.0729071,-0.15571344,0.044490743,0.07629274
17164,-5.7772346,-0.06890762,-1.1060262,-0.5991073,-0.38743797,0.18005729,0.26904574,-0.30096972,-0.058999382,0.41339672,0.521745
17165,-5.523638,-0.12148158,-1.0186375,-0.39653045,0.040413108,0.17705506,-0.34036463,-0.0065294,-0.0062125716,0.7896076,0.17876239
17166,-6.9179544,-0.057931732,-1.395156,-0.9098383,0.26428768,-0.18341832,-0.43379828,0.075409725,0.02613175,0.5436711,0.15428954
17167,-4.2410846,-0.19275677,-0.68546736,-0.64202726,-0.12293821,-0.20916776,0.10960602,0.053157263,-0.02315761,0.3099892,0.1914831
17168,-4.89593,-0.20393312,-0.84300464,-0.58594435,-0.02833107,-0.013073783,-0.16640778,-0.4992222,0.08535366,0.5851058,0.19469205
17169,-6.0861063,-0.17402905,-1.2601012,-0.6578854,0.12020411,0.05938945,-0.27478203,-0.364913,0.14398113,0.5282215,-0.0071357386
17170,-7.186129,-0.30289832,-1.711189,-0.8537463,-0.093692146,0.18137434,-0.18613274,-0.44553164,0.106956534,0.5425896,0.06223631
17171,-5.2670655,0.0017139562,-1.276953,-0.690515,-0.10782904,-0.09645597,-0.53709465,-0.11072575,0.23594533,0.47148058,-0.07899332
17172,-5.833988,-0.07746031,-1.2667103,-0.3922947,-0.020447513,-0.2449994,0.078979194,0.10482627,-0.28794885,0.15720318,0.4335373
17173,-5.8784556,0.047355585,-1.45768,-0.6437942,0.36693707,0.097411,-0.39431372,0.072697386,0.011739943,0.12571791,0.12138269
17174,-7.2815547,-0.035443515,-1.1771038,-0.63426125,-0.07635418,0.15116203,0.19184086,-0.06412412,-0.27441832,0.48383266,0.06161488
17175,-6.3497066,-0.3100325,-1.072294,-0.47000244,0.25350174,-0.09742724,-0.041796256,-0.045971967,-0.30783623,0.17635243,0.45073652
17176,-6.852866,0.310908,-1.4478282,-0.4542197,0.36005038,-0.1506781,0.2495549,-0.026563661,0.06104055,0.2262366,0.10925759
17177,-4.8634734,0.12697923,-0.9573985,-0.43755755,0.3982141,-0.04927008,-0.07601378,-0.23437595,-0.14129812,0.18606286,0.30945793
17178,-6.035581,-0.12111926,-1.5421482,-0.8865818,0.1261168,0.6176886,0.099679284,-0.49063322,0.21483183,0.016359136,0.60019904
17179,-4.795059,-0.16078748,-0.6008089,-0.44992143,-0.12094752,-0.12688941,0.3094707,0.2078902,-0.26092112,0.22649851,0.26304388
17180,-5.786266,-0.10544774,-1.3901055,-0.5126838,-0.39942527,-0.15841727,0.15989323,-0.031944036,-0.00854812,0.49035475,0.51098746
17181,-5.4942474,0.20474736,-1.0691813,-0.6394408,0.11005986,0.071975015,0.013955349,-0.472276,0.11358157,0.35281458,0.21704006
17182,-7.0325384,-0.026534505,-1.2654891,-0.24667242,-0.31343803,0.58197886,-0.07879945,-0.8632315,-0.071104124,0.19211695,0.07670236
17183,-5.6883883,-0.31276864,-0.8708328,-0.79858726,-0.19840103,-0.11781828,0.09280149,-0.018435696,-0.14240034,0.39866966,0.45304814
17184,-6.7239842,-0.24511634,-1.2595506,-0.94602025,-0.5144502,-0.16331778,0.07202037,-0.1317846,-0.2900623,0.099164695,0.34624687
17185,-7.485482,-0.4886863,-1.8402557,-1.3627731,-0.08219741,-0.13240647,-0.0642448,-0.2050427,0.17376749,0.9622954,0.20484768
17186,-5.041159,-0.21839415,-0.9655593,-0.40684623,0.24652632,0.20041746,-0.2297538,-0.291271,0.09932357,0.2488786,0.03988604
17187,-6.6623297,-0.26873186,-1.195723,-0.4695632,-0.22465895,-0.048979893,0.14485748,0.08496805,0.045039404,0.5898695,0.31357682
17188,-6.1507535,-0.16676469,-1.0275755,-0.9129059,-0.5026592,0.07800252,-0.104749404,-0.25848582,-0.16335478,0.2835711,0.8913243
17189,-5.5903683,-0.15456538,-0.7853367,-0.3134487,0.21031725,0.3032775,0.0471498,-0.047733217,-0.08186386,0.32573834,0.30578738
17190,-5.4391794,-0.4638285,-0.7631938,-0.6906358,0.026211673,-0.011546811,0.14448722,-0.342979,-0.28043523,0.30826834,0.12969461
17191,-6.0736294,0.009980863,-1.1060909,-0.46411738,0.3401751,-0.20779763,-0.22862397,0.068490654,-0.13701637,0.43350574,-0.089385875
17192,-6.4984474,-0.04763023,-1.1591611,-0.48095998,0.18835889,-0.041996084,-0.18401247,-0.17189226,-0.1940166,0.51145166,0.12299941
17193,-5.849286,0.012357738,-0.9285629,-0.90280193,-0.45101106,-0.028163623,0.6389459,-0.027423033,-0.103201374,0.734039,0.5377044
17194,-5.858127,0.032440927,-1.351084,-0.47629115,0.047754392,0.017468426,-0.16183403,-0.15182266,-0.13960843,0.20147741,0.14098327
17195,-7.525878,-0.14399733,-1.2611359,-0.9048578,-0.29955247,0.40986252,0.27839,-0.061418958,-0.14689006,0.41901538,0.79272336
17196,-4.9267697,-0.36759683,-0.71883565,-0.47458097,-0.41456407,-0.07732264,0.23897125,-0.21212065,-0.02589289,0.30250162,0.608183
17197,-6.2203965,-0.5111707,-1.1855025,-0.8669399,0.03440024,-0.16281222,-0.22934136,-0.010683468,-0.14086762,0.23202789,0.13734517
17198,-8.024257,-0.18222198,-1.3183811,-1.0353693,-0.20773523,0.15818591,0.17329861,0.23406787,-0.40949044,0.45322692,0.804674
17199,-5.9378023,-0.01526576,-1.2684568,-0.706403,-0.32539293,0.47574103,-0.28952587,-0.15769152,0.07714313,0.4948272,0.47716904
17200,-5.355757,-0.12225142,-1.342866,-0.8476802,-0.08479451,-0.06310429,-0.04938486,0.20103332,-0.019319372,0.96201456,0.29483384
17201,-5.2073154,-0.124198824,-0.7862271,-0.6420192,-0.2101297,-0.07275071,0.021328047,-0.44995865,-0.21080025,0.3632427,0.20449592
17202,-6.889946,0.05652796,-1.3309281,-0.7143044,-0.06795166,0.46654254,0.11462219,-0.3240409,-0.0755632,1.0217232,0.43871942
17203,-6.9575195,-0.2583876,-1.5610027,-0.812321,-0.3049339,0.04586597,0.12434994,-0.88137317,-0.17904244,0.24945216,0.6211907
17204,-6.826308,-0.09450464,-1.229302,-1.1077038,0.05246432,-0.45258826,0.039000012,-0.3378916,0.2604887,0.53517777,0.39130422
17205,-5.9731154,-0.48690146,-1.1586499,-0.8439284,-0.9115565,-0.023946024,0.4180612,-0.3791453,-0.16302656,0.28852916,0.80086654
17206,-6.334254,-0.5122724,-1.1577399,-0.8362562,-0.0036441167,0.16791712,0.045208562,-0.063161194,0.042371325,0.7755491,0.65595025
17207,-5.9586344,-0.043252435,-1.2500387,-0.33149955,0.36215642,0.20733269,-0.35684204,-0.40622306,-0.1414138,0.21988146,0.17825782
17208,-6.491507,0.087324545,-1.0333426,-0.4875735,-0.11898742,0.26910037,-0.10027828,-0.12159192,0.054153673,0.65583104,0.47415718
17209,-4.3931675,-0.0044488674,-1.0003055,-0.48194802,-0.12968162,0.15644668,-0.20486356,-0.084242195,0.12154602,0.4899356,-0.009718603
17210,-6.440215,-0.16332728,-0.78708726,-0.38574237,-0.01151167,-0.175221,-0.2521193,-0.090605095,-0.1505873,0.3980807,0.30068085
17211,-3.6943216,-0.01879415,-0.7988473,-0.41110843,-0.28888348,0.078567356,0.10533153,-0.12903118,-0.07312034,0.26094022,0.22625034
17212,-5.1983247,-0.11479921,-0.8186594,-0.26588494,-0.0954332,-0.2383523,-0.05334311,0.10257852,-0.19343314,0.6548445,0.49276525
17213,-5.0597696,-0.13205756,-0.9395461,-0.72156906,-0.27673298,-0.07485419,-0.025866698,-0.43314493,-0.07297215,0.016547438,0.5141319
17214,-3.8867595,-0.0581004,-1.0456291,-0.5186515,-0.004406843,0.09376382,-0.04347472,-0.29893076,0.11935068,0.360141,0.058951225
17215,-5.762676,-0.11418412,-1.4005482,-0.58256495,-0.18665887,-0.07021161,0.066721484,0.25649244,-0.28346646,0.77128327,0.65826875
17216,-5.7906895,-0.15546404,-1.4469024,-0.76760167,0.2503099,0.13627972,-0.36099318,-0.24538285,0.13322407,0.50281036,-0.01698314
17217,-5.0699043,-0.20073321,-1.3430998,-0.47469112,0.10209676,0.11281321,-0.09360479,-0.36295423,0.1447523,0.49672908,0.2196533
17218,-4.2065134,-0.15417035,-1.0340513,-0.48024437,-0.39137602,0.25977278,-0.12653351,0.14587216,0.033387255,0.29627645,0.19978018
17219,-4.866081,0.0027553956,-0.8087678,-0.52809674,-0.027846934,0.23966189,0.2581603,-0.048145413,-0.089113235,0.34944084,0.31375054
17220,-5.514296,-0.046283424,-1.1938568,-0.94131804,-0.034231372,0.4250893,0.07577094,-0.35546935,0.4583239,0.6564782,0.4085066
17221,-5.919635,-0.20249927,-1.3196762,-0.66134936,-0.111190125,-0.026100148,0.099383846,-0.2884709,-0.31454825,0.45060858,0.8571316
17222,-5.6708937,0.025566407,-1.419064,-0.5969009,0.07978301,-0.040036272,-0.2318406,-0.09558234,-0.23745434,0.47001895,0.24413805
17223,-6.117292,-0.284325,-1.1517367,-0.65062726,-0.54643345,-0.25458515,0.05422642,-0.14137657,-0.19863959,0.31105506,0.638098
17224,-7.088017,-0.47243392,-1.1262465,-1.1034306,0.21646456,0.08826722,-0.18704778,-0.19737335,-0.018494157,0.88375735,0.41646835
17225,-5.436494,-0.22637086,-0.7548734,-0.581658,-0.20705456,-0.2572508,-0.21476012,-0.065442555,-0.1845381,0.45052198,0.4486141
17226,-6.521456,-0.30871436,-0.89292395,-0.8464817,-0.027767265,0.06430257,-0.29554415,0.097802654,0.14779672,0.50295186,0.41376305
17227,-4.2300367,0.061684024,-0.7467218,-0.593094,-0.18911359,-0.13670999,0.08382404,0.004698395,-0.044869326,0.23924816,0.342911
17228,-6.743064,-0.28790575,-1.0857416,-0.5876773,-0.5957209,0.42941314,-0.3183275,-0.13974495,-0.08410958,0.39063042,0.40346035
17229,-9.9617195,-0.065015815,-1.7376505,-1.0069524,0.16774824,-0.53774446,-0.051139716,-0.24247813,-0.053763017,0.19140679,0.6038304
17230,-5.788906,-0.12878467,-1.0348431,-0.63327396,-0.04191094,-0.22019862,-0.011695341,-0.47299337,0.004849701,0.24045515,0.46228606
17231,-5.2205114,0.11944725,-1.0470407,-0.51305485,0.30326933,0.19813652,0.2490575,-0.04353425,0.114994906,0.2877439,0.28163552
17232,-7.8065934,-0.47453335,-1.0563697,-1.1043022,0.06582662,0.57882774,-0.04290614,-0.809852,0.2712879,0.57463914,0.17363475
17233,-5.148205,-0.107963614,-1.0454984,-0.7366838,-0.027799895,0.39622843,-0.033508223,-0.43963447,-0.13243943,0.20558605,0.18894051
17234,-6.4841456,-0.0011754157,-1.814435,-0.35086817,-0.21721876,-0.16099599,0.1367342,0.057339936,-0.2959577,0.1689562,0.3066388
17235,-7.481982,-0.06804894,-1.236762,-0.9388617,-0.11774415,0.1564646,-0.13326469,-0.35867423,-0.071877144,0.5206827,0.80380225
17236,-4.6642756,0.030906986,-1.3063368,-0.4357578,-0.05418338,0.07900473,-0.026776861,-0.1023457,-0.0244663,0.4818503,0.29472142
17237,-8.112844,0.16909474,-1.2775953,-0.917231,-0.29346576,-0.23071435,-0.075895324,0.038397096,-0.0771547,0.07837466,0.3708491
17238,-6.3165245,-0.30649498,-1.1534956,-0.7482668,-0.7993485,0.027438613,0.07729959,0.062345095,-0.15655263,0.4322354,0.97985065
17239,-4.8077445,0.04295936,-1.1600008,-0.54254246,0.065040216,0.2282693,0.027821336,0.1314921,0.018307718,0.48632798,0.3054674
17240,-5.569063,-0.12161569,-1.5356292,-0.515898,0.18393017,-0.009422097,-0.2843276,0.102634534,0.06311194,0.3285679,0.11032945
17241,-5.706812,-0.07101713,-1.0123483,-0.40782937,-0.318739,-0.1104512,-0.058440328,-0.28300798,-0.07946039,0.27645057,0.21933585
17242,-6.196225,-0.057174932,-0.9982645,-0.49858618,0.36373222,-0.22250691,-0.20536414,-0.38697985,-0.1998704,0.3359635,0.021451222
17243,-5.35465,-0.03539287,-0.919475,-0.6041467,-0.056717195,0.17589335,-0.044374295,-0.015230821,0.065576516,0.78672963,0.35225663
17244,-5.1168013,-0.07217413,-1.0322981,-0.74763703,0.012917821,-0.1413477,0.023210263,-0.37053218,0.12870894,0.47963876,0.2816659
17245,-4.495544,-0.11069811,-0.8923636,-0.41253635,-0.043920748,-0.016899059,-0.12661654,-0.2468617,0.050601363,0.22363928,0.55643106
17246,-4.5089474,-0.029111128,-0.7785248,-0.25228903,-0.20310315,-0.13812539,0.017088318,-0.36771974,-0.21141036,0.48477277,0.48199764
17247,-6.1397223,-0.022356119,-1.0777093,-0.37776878,0.2675593,-0.050578225,-0.22572665,-0.44234833,-0.17552346,-0.009694804,0.19185707
17248,-6.3467474,-0.12048781,-0.83122987,-0.6179066,-0.18436757,-0.3194893,0.19600071,-0.15929745,-0.5207573,0.13042231,0.47070068
17249,-7.6968517,-0.33962107,-1.496891,-0.55305856,0.36459768,0.4304003,-0.15780617,-0.3070382,0.16362068,0.7268175,-0.037887756
17250,-4.9095664,-0.016712952,-0.7745963,-0.80565614,-0.17645134,0.07876289,0.1926291,0.12347899,0.05799322,0.7177307,0.42289415
17251,-6.7762175,-0.07745563,-1.2173096,-0.55472165,-0.32854396,0.18418892,-0.08473788,-0.4432808,-0.12111451,0.30706552,0.6023634
17252,-3.6444542,-0.14019355,-0.64533705,-0.19256854,-0.32697546,-0.0608081,0.06850738,-0.028718418,-0.06051545,0.32769436,0.2559667
17253,-6.6875443,-0.23488449,-1.3910712,-0.8319559,-0.45234796,0.5559279,0.09765164,-0.5381594,0.22325951,0.5301108,0.51047987
17254,-5.6465197,-0.061517376,-1.2355732,-0.40139928,0.2025197,0.098491706,-0.45159346,-0.13858737,-0.06934424,0.2999424,0.13987248
17255,-5.11459,-0.083433956,-0.9059305,-0.7148696,-0.34897295,-0.053522374,0.17581199,-0.19978268,0.08357859,0.4954117,0.14365248
17256,-8.011692,-0.3511481,-1.8407965,-1.0589457,0.6283098,-0.22833413,-0.2861988,0.06285362,0.08656323,0.77365154,-0.11649499
17257,-5.068545,-0.22570878,-1.0532022,-0.45786333,-0.03750723,-0.12610516,0.20516479,0.27337334,-0.41794294,0.5077648,0.38224617
17258,-5.3749485,-0.17034414,-1.0995576,-0.78634155,0.27292547,0.091863036,-0.1446288,-0.18001187,0.010421982,0.5621856,0.42254677
17259,-4.6014442,-0.0654135,-1.3640214,-0.3540305,0.12601466,0.033674233,-0.062364966,0.12432911,-0.07479342,0.34457836,0.0927491
17260,-7.7122283,0.17855044,-1.201162,-0.8065562,0.103707045,-0.14235692,-0.06729958,-0.31928906,0.020936148,0.4311121,0.29982522
17261,-6.235064,0.036506265,-1.2559474,-0.3677948,-0.0344086,0.07468963,0.025817461,-0.4862806,0.08445285,0.70221734,0.39973193
17262,-6.4204764,-0.4618301,-0.7431363,-0.8127344,-0.4148618,-0.37726676,0.23071617,-0.15979472,-0.13738121,0.19633575,0.7107091
17263,-5.6563506,0.094331846,-1.0744501,-0.24331331,0.40546304,-0.10083056,-0.22591557,-0.21683122,-0.1630993,0.10187388,-0.18716773
17264,-6.914716,0.05675051,-1.1452545,-0.9340815,-0.17470959,0.1975008,0.24459201,-0.45381382,0.07834086,0.5244191,0.44612855
17265,-5.9145393,0.101719186,-1.337111,-0.5733655,-0.25563398,-0.015386596,0.11454579,0.05112364,-0.05450131,0.58063036,0.25593355
17266,-6.5582266,0.034295335,-1.1937838,-0.30038202,-0.35588893,0.2726019,0.2661141,-0.10710529,-0.33545902,0.25046456,0.3876285
17267,-4.718194,-0.112044886,-0.8866409,-0.546882,0.06460107,-0.021235477,0.073084384,-0.102274366,0.10985982,0.33715868,0.30845076
17268,-5.091383,0.021314267,-0.9589068,-0.68833315,0.067888334,0.021859726,-0.021316975,-0.053638525,0.072612315,0.36828688,0.32261905
17269,-5.2944846,-0.28259298,-0.9805722,-0.63955307,-0.20033343,0.22034062,0.31401482,-0.053365484,-0.19163516,0.39965364,0.7256719
17270,-6.167333,0.00018801168,-1.1090379,-0.5197379,-0.10954536,0.040507916,-0.050287172,-0.19680195,-0.29666412,0.3413105,0.5213467
17271,-4.916859,-0.004838337,-0.6930221,-0.55332077,-0.017348083,0.0031498685,0.2179936,0.00822678,-0.067869775,0.35501698,0.30420998
17272,-5.622453,0.15848742,-1.0392498,-0.4307201,0.23995326,0.11682897,-0.16774653,0.0028356663,-0.1154515,-0.021906588,0.24530625
17273,-4.8732,-0.21980685,-0.74804604,-0.49639213,-0.43649322,-0.30973423,0.009123156,-0.12872368,-0.20697153,0.07016708,0.3769178
17274,-6.565092,0.46826434,-1.2428828,-0.5464524,0.34231934,-0.0971986,-0.16293222,-0.032401636,0.024212886,0.15486784,0.21959248
17275,-4.3338857,-0.077875845,-0.762594,-0.73563427,-0.3842709,-0.08651391,0.18155615,-0.35292092,-0.063562825,0.6448022,0.3446974
17276,-4.682842,-0.01971846,-0.7825279,-0.42164937,-0.18026124,0.24061927,0.09542497,-0.07231147,-0.023395305,0.51792234,0.28737208
17277,-6.0250325,-0.2990932,-1.1413404,-0.57938063,0.13124475,0.05985554,0.013620233,0.14760412,-0.15454257,0.64875054,0.49784616
17278,-6.598412,0.11768173,-1.0036968,-0.6954311,-0.06933827,0.2218917,0.10055627,-0.46407786,0.29133165,0.80745757,0.10364842
17279,-6.2728157,-0.28143957,-1.1410314,-0.96826625,-0.18133514,-0.25732672,-0.050324272,-0.2468336,-0.08886929,0.86699647,0.2949034
17280,-6.3051662,-0.03587418,-0.9617097,-0.3825532,0.48129818,-0.2114489,-0.029723976,-0.4056143,-0.029087914,0.17291734,0.002855423
17281,-5.808416,0.04920503,-0.8733783,-0.5752882,-0.22828245,-0.25124264,-0.034543056,-0.16699028,-0.250486,-0.07474847,0.32250318
17282,-7.647741,-0.09486755,-1.3511878,-0.8131341,-0.22704576,-0.012230853,-0.044371765,0.23378828,-0.09178137,0.5332684,0.57221365
17283,-5.549626,0.04361313,-0.8240431,-0.59010226,-0.15004748,0.009721297,0.013050446,-0.10967099,0.111606404,0.4590279,0.23514248
17284,-4.2465177,-0.16653042,-0.5704297,-0.70284903,-0.30897152,-0.21363442,-0.010802795,0.09356526,0.012392317,0.55511445,0.16757213
17285,-4.6757836,0.18331075,-0.7299822,-0.39443454,-0.23261556,-0.119263604,0.14896314,-0.3083946,0.034457635,0.42847735,0.39262456
17286,-4.204733,-0.08876656,-0.78530705,-0.64087653,-0.2373769,-0.18729821,0.37705815,-0.07248855,0.00129967,0.2193639,0.3918568
17287,-4.277188,0.017075477,-0.8831453,-0.59661096,0.040397547,-0.007737112,-0.040807877,-0.3678499,-0.0072298925,0.24019542,0.055490196
17288,-5.8988886,-0.24033654,-1.1438227,-0.7270093,-0.22893198,0.6085887,0.014831932,-0.47196895,-0.020792892,0.27845576,0.3296483
17289,-7.762825,-0.0090235425,-1.2175019,-0.99264777,0.23743536,-0.36722487,-0.46812758,-0.38528714,-0.14696322,0.5385099,0.05536865
17290,-6.4570866,-0.09404752,-1.1168507,-0.89125365,-0.19077279,0.3160066,-0.063305914,-0.5972538,0.087763585,0.5808989,0.36767268
17291,-5.1195993,-0.084062956,-0.7314346,-0.6657111,-0.57796055,-0.20140125,0.2858065,0.0142374,-0.15879394,0.40270713,0.47244167
17292,-7.981547,-0.09130439,-1.5310116,-1.0396861,-0.35263577,0.35074365,-0.281164,-0.8688863,-0.17109485,0.35954794,0.50016123
17293,-6.7412534,-0.1721444,-1.122305,-0.5193919,-0.562248,0.64726555,-0.31307232,-0.48165193,0.06359584,0.4895164,0.08336202
17294,-6.4890537,-0.17047578,-1.3747064,-0.4328078,-0.23298675,-0.04302575,-0.17796102,-0.19294313,-0.3855704,0.3165785,0.23685506
17295,-5.3431425,-0.13834402,-1.1741341,-0.4451985,0.4229435,0.34057754,0.20404834,-0.22030082,0.041087322,0.15193918,0.40744784
17296,-4.6688423,-0.09622837,-1.1809803,-0.6582629,-0.12461444,0.018784743,-0.107027434,-0.36338386,0.2903349,0.29440227,0.6209262
17297,-4.839112,0.019356731,-0.7387113,-0.56574166,-0.012285247,-0.18317187,-0.052495144,-0.29398176,-0.026053676,0.2873024,0.24509324
17298,-5.3837276,-0.3698784,-0.8456528,-0.6957777,-0.3652331,0.47033876,-0.10643502,-0.6745644,-0.17832541,0.4134271,0.5967437
17299,-4.351215,-0.30932927,-1.0142835,-0.6040512,0.07439012,-0.24087967,-0.12657581,0.059515126,0.118074566,0.35773718,0.29884365
17300,-5.4462595,-0.04699767,-0.90561825,-0.6700747,-0.15407042,-0.027322326,-0.09496313,-0.48785436,0.039013796,0.31378862,0.17700522
17301,-5.8746333,-0.1535889,-1.088589,-0.9458214,0.10357698,0.18286324,-0.054806225,-0.57153696,0.41665676,0.397261,0.41026723
17302,-4.0994897,-0.20047784,-0.6205424,-0.5963173,-0.21345274,0.0819812,0.13770983,0.21910806,0.03550403,0.59366375,0.18075213
17303,-5.7534213,-0.15920147,-1.1031224,-0.6916662,-0.30187222,-0.05422076,-0.03365827,-0.14569162,0.031671707,0.52669984,0.32957602
17304,-6.947755,0.16314662,-1.5623364,-0.35762933,0.3362999,0.19498707,-0.16323803,0.2617839,-0.26878121,0.23046741,0.27612332
17305,-5.6029906,0.05388766,-0.8046569,-0.40794283,-0.29333055,-0.19603384,0.20381096,-0.27478272,-0.36703905,0.26011306,0.37138918
17306,-4.835859,0.03364092,-1.2740688,-0.6032449,-0.10698431,0.016379219,-0.18695807,0.05176308,0.18882683,0.5846853,0.18423542
17307,-5.5975013,-0.17111953,-1.0407642,-0.37423217,0.42994335,-0.2029282,-0.07228877,0.08904725,0.06105852,0.31900814,0.055234794
17308,-5.174403,-0.23148125,-0.8224475,-0.5357667,-0.016602527,0.14454578,-0.02482444,-0.5206246,0.19032188,0.77602524,-0.13911898
17309,-4.0448956,0.13876653,-0.71187514,-0.3804228,0.048972007,0.09511953,0.077508636,-0.04647371,-0.03543409,0.37802875,0.066944905
17310,-5.5990753,-0.20667826,-1.0510799,-0.46642527,0.021280611,-0.30518454,-0.23035145,-0.007932173,-0.03231754,0.63583523,0.11256037
17311,-3.3290207,0.061796248,-0.7258828,-0.53855366,-0.26953372,-0.044912495,0.027638365,-0.22127785,0.061638713,0.34033558,0.36548677
17312,-4.084161,-0.052676532,-0.4816641,-0.51884466,-0.4036283,-0.015691267,-0.19868812,-0.0945654,-0.079065405,0.42747843,0.22561325
17313,-5.518952,-0.47781628,-1.0924091,-0.4473055,0.29444176,0.1264482,-0.23745805,-0.012332391,-0.15043932,0.4140605,0.06632391
17314,-6.8387804,0.009062922,-1.5680038,-0.89777803,-0.22289321,0.12692797,-0.23486224,-0.4892867,0.2024151,0.885845,0.32850817
17315,-6.961277,-0.13594928,-1.1009434,-0.9405211,-0.19563791,0.060096644,-0.16442896,-0.30648434,-0.17828608,0.07679193,0.079049274
17316,-7.0731926,-0.21804935,-1.0458442,-0.9694053,-0.18361314,-0.08818159,0.04935472,-0.6844885,-0.2032403,0.00024329033,0.4473612
17317,-5.818296,-0.38946763,-0.8387548,-0.4851254,-0.08640541,0.23340046,-0.12370161,-0.18627426,-0.27845153,0.23487413,0.3540041
17318,-6.1219316,-0.090652294,-1.3839487,-0.9735885,-0.004696231,0.3090049,-0.10262426,-0.41740113,0.44689518,0.6048045,0.49156204
17319,-6.366262,-0.15661629,-1.6050197,-0.7976764,-0.035891518,-0.072754085,-0.014712534,-0.16567276,-0.0048175436,0.6489109,0.58800197
17320,-6.1440725,0.011830222,-1.5949845,-0.6335599,-0.27452505,-0.12487218,0.24177581,0.06169904,-0.04387428,0.16565564,0.6625673
17321,-4.328159,-0.12615776,-0.8645345,-0.28429735,-0.08757748,-0.031123664,0.11576584,-0.16288358,-0.08601271,0.25994492,0.26113257
17322,-7.514483,-0.19423406,-1.0452539,-1.2335778,-0.3448627,-0.008022184,-0.15282424,-0.34996808,0.17400843,0.4145015,0.29208413
17323,-6.5278683,-0.3141907,-1.0545386,-0.8474831,-0.11120167,-0.050003037,-0.13335241,-0.29169765,0.0407741,0.50584185,0.20838755
17324,-5.9595,0.021420699,-1.0773691,-0.80693424,-0.12584125,-0.039924037,0.17038734,-0.031474605,-0.19874845,0.3923782,0.40178668
17325,-6.776288,-0.195292,-1.6365405,-0.119029164,-0.21345589,0.11775308,-0.2396314,0.025143612,-0.2928995,0.16221121,0.28769478
17326,-6.086399,-0.26767617,-1.1252655,-0.966779,-0.40071055,0.061713398,0.24243477,0.046814434,0.09995888,0.34534857,0.68736494
17327,-5.2494435,0.007397835,-1.1305555,-0.50039196,-0.05725687,0.10270115,-0.32016775,-0.15128368,0.13954309,0.43127254,0.033458203
17328,-5.9947524,-0.15411837,-0.73541003,-0.4350302,-0.14492238,-0.021666028,0.03965313,-0.1833931,-0.1802148,0.23131166,0.60935473
17329,-6.84462,0.043565176,-1.159305,-0.86912984,0.4609747,0.10341991,-0.22611584,0.1840008,-0.07161978,0.529097,0.36589065
17330,-6.079342,-0.26179788,-1.2617289,-0.7475336,0.14857061,-0.011359595,-0.42666596,-0.030923104,0.34765816,0.7074484,0.007987041
17331,-6.5089335,-0.044295374,-1.571332,-0.8784224,0.22386414,0.15389311,-0.24450482,-0.47174174,0.3858956,0.886932,0.10750463
17332,-5.967803,-0.060618866,-0.8202569,-0.47695613,-0.79606473,0.09194309,0.077120125,-0.2595261,-0.12824616,0.48717368,0.5754037
17333,-4.056118,-0.23143053,-0.86259544,-0.5677651,0.13315241,0.10635869,0.001874404,-0.20173375,0.3286956,0.7494652,0.25924975
17334,-5.886736,-0.18173708,-1.3179395,-0.7354855,-0.20672254,0.2335132,-0.28812447,-0.2318449,0.34833646,0.69095886,-0.043798782
17335,-6.2194753,-0.18071538,-0.7944822,-0.4075584,-0.16096015,0.07213824,0.3043524,-0.35537368,-0.29965523,0.12600622,0.7891711
17336,-5.4307675,-0.16962814,-1.0361859,-0.47636023,-0.2658977,0.30256325,0.07710259,-0.12251013,0.031401955,0.4656419,0.2940075
17337,-4.0346437,0.19362591,-0.8775179,-0.33417946,-0.036132995,0.44096965,0.26824734,-0.4982421,-0.08704095,0.07334256,0.19283126
17338,-6.099033,-0.06310579,-1.6628404,-0.9343258,0.05871048,0.18336926,-0.22174412,-0.40086654,0.052312545,0.44058755,0.12861177
17339,-5.5089984,-0.25518042,-1.135406,-0.8647083,0.010267076,-0.25218302,-0.015459829,-0.278431,0.0066552022,0.28187144,0.28921628
17340,-5.237528,-0.28640723,-1.0780216,-0.4792394,-0.38842168,-0.0579924,0.12837861,0.17429182,-0.0910241,0.63395345,0.38528043
17341,-5.692817,-0.13016771,-0.9889637,-0.654565,-0.029044094,0.034064777,-0.26156437,-0.29790092,-0.027687168,0.8296809,0.17454714
17342,-4.161673,-0.18475085,-0.86467427,-0.49899125,0.11834671,0.0033384324,0.119274065,0.022659581,0.010446733,0.2067893,0.32362714
17343,-5.035975,-0.07913477,-1.2142506,-0.63613117,-0.0035066153,0.022599708,0.18007104,-0.07582573,0.053906165,0.72225887,-0.066502266
17344,-5.3129306,-0.21006542,-0.6398072,-0.6288751,-0.2042326,0.11772351,0.3897663,-0.048803933,0.18842568,0.4325357,0.58723074
17345,-5.7300067,0.034663487,-1.096195,-0.54254574,-0.12363268,-0.08247057,0.0674281,-0.13673235,-0.080367155,0.100787334,0.46181896
17346,-6.413348,0.100603975,-1.5721121,-0.5435191,0.19976534,0.1403886,-0.13597742,0.098839074,-0.003437601,0.3405044,0.42327985
17347,-4.174788,-0.112711586,-0.67499924,-0.5834996,-0.043346953,0.10238391,0.052285142,-0.30804726,0.14384674,0.47981098,0.0046265116
17348,-4.9999876,-0.42264798,-1.1868176,-0.21920754,0.4889979,0.15578705,-0.07005416,-0.12145089,0.0357584,0.30177543,0.0756954
17349,-4.5214853,-0.20579895,-1.0077344,-0.4546561,-0.3376486,-0.06383573,-0.09596962,-0.1771456,0.09459922,0.49767372,0.3001657
17350,-5.801654,-0.12827565,-0.93600816,-0.6189205,0.22573884,0.19864255,-0.24180143,0.41491213,0.07118683,0.46897873,0.3369398
17351,-4.589203,0.019054592,-1.0677521,-0.50548583,-0.08436458,-0.28312123,-0.074293785,0.0628389,0.0323117,0.318348,0.3337296
17352,-7.2436996,-0.055368293,-1.3980174,-0.90854084,0.028010245,0.35551715,-0.12853967,-0.62881076,0.059159428,0.51346827,0.52092075
17353,-4.779532,-0.18693465,-0.626311,-0.40978265,0.079760514,-0.03208666,-0.069607444,-0.23428981,-0.24139945,0.28239173,0.13539909
17354,-6.2955885,-0.11589282,-1.5349468,-0.8114498,-0.21608569,-0.012059325,-0.08432055,0.25572526,0.19441997,0.6028384,0.55549264
17355,-6.2745385,-0.34768057,-1.5465956,-1.0129167,-0.10456118,0.1144605,0.08459603,-0.35886008,0.08515992,0.5619734,0.33080748
17356,-4.6737533,-0.18914518,-0.922651,-0.42957026,-0.0033389577,-0.07665151,0.12226016,-0.014661472,-0.098495305,0.2650924,0.24623479
17357,-5.5014663,-0.32160807,-1.0392927,-0.34776986,0.14094295,-0.14315452,-0.4551039,-0.07946122,-0.2223456,0.3758421,-0.14663702
17358,-6.9432836,-0.09007499,-1.5421199,-0.34145284,-0.08315299,0.37786222,0.18427834,0.14253476,-0.22168729,0.5147568,0.37107497
17359,-4.9762063,-0.42889002,-0.7897125,-0.66525155,-0.25432497,0.19901723,0.2860741,-0.20464076,0.15013507,0.6594685,0.43349367
17360,-4.663147,0.070228614,-0.97549325,-0.5568324,-0.18292388,0.11531541,0.110283636,-0.16744779,-0.14149518,0.24226236,0.28526863
17361,-5.4192376,-0.18724671,-0.98349535,-0.89421946,-0.0020929524,-0.10250666,-0.003942157,-0.17013136,0.029020052,0.5259139,0.55766404
17362,-6.9456925,0.05304805,-1.3969455,-0.18120776,-0.01447285,0.2155236,-0.008049126,-0.10428571,-0.19573574,0.385946,0.348191
17363,-4.5471168,-0.032254778,-0.7411622,-0.6601427,-0.276129,-0.0026811175,-0.015667044,-0.49489102,-0.0092066545,0.29908663,0.25147977
17364,-4.959249,-0.18096505,-1.0920801,-0.85425425,-0.020324567,-0.07055458,0.17031306,-0.0999556,-0.18077807,0.20869552,0.31245363
17365,-6.1139975,0.06792961,-1.2214772,-0.4002851,-0.028334295,-0.42693114,-0.2729222,-0.03783744,-0.24732266,-0.026884664,0.2341816
17366,-4.3282676,-0.14269549,-1.1853905,-0.4003174,-0.07200091,0.36751878,0.07292494,-0.13870673,-0.10296021,0.3279984,0.1948741
17367,-7.316092,-0.05050182,-1.4840547,-0.36787063,0.6049564,-0.039951418,-0.4059207,0.21542521,-0.26920664,0.64445233,0.12482251
17368,-6.0488997,0.019035097,-1.1332703,-0.6230737,-0.70899624,-0.007269768,0.08482256,-0.09324528,-0.073027045,0.56821585,0.5322718
17369,-5.8259907,0.05211828,-0.8708484,-0.7332561,-0.10998734,-0.47325706,0.095799394,-0.24448523,-0.11212492,0.26073796,0.43461102
17370,-5.369051,-0.13334174,-0.8965126,-0.30432275,-0.19918993,-0.08451886,-0.18135357,0.04302817,-0.2141702,0.59262955,0.23312736
17371,-5.217908,-0.29926488,-1.0800568,-0.48062018,0.23910494,0.010158576,0.06426228,-0.1572386,0.014651174,0.1298741,0.24162006
17372,-5.5375514,-0.19998547,-1.2550256,-0.117564574,-0.08189322,0.2638954,-0.10994459,-0.41447926,-0.2023071,0.44668883,0.2643904
17373,-6.157685,0.08159155,-1.3533399,-0.6135039,-0.016707307,0.23266153,-0.0203189,-0.3993101,0.21495269,0.6075645,0.43557248
17374,-4.483474,-0.11025656,-0.51691836,-0.31614044,-0.5959562,-0.2654218,0.23247482,0.09327341,-0.2577808,0.31235713,0.3358342
17375,-3.9035058,-0.154973,-1.1537619,-0.5941702,-0.04489756,-0.053870548,-0.053603023,-0.02745962,-0.04982225,0.43406615,0.2465461
17376,-4.890207,-0.32832786,-0.5383209,-0.7031672,-0.29366833,-0.16540407,0.2694407,-0.09726368,-0.28522143,0.26957777,0.52848446
17377,-6.8425546,-0.08237044,-1.4186432,-1.0089477,0.020933475,0.17509165,-0.1233213,-0.8091356,0.030625755,0.3493445,0.5272231
17378,-6.9043703,-0.21339282,-1.3724021,-0.7949678,-0.6936106,0.20194654,-0.30016398,-0.65338796,0.021080848,0.5260501,0.4287609
17379,-4.822884,-0.029851362,-0.7094277,-0.5463584,0.042277038,0.106653675,0.03683948,0.14977986,-0.09507323,0.24677777,0.43058315
17380,-4.3905234,-0.2674078,-0.54596,-0.2731161,0.12021605,-0.06847689,-0.11767971,0.12320874,-0.30159348,0.55025125,0.2537145
17381,-4.975234,-0.0938089,-0.9345274,-0.4115739,-0.065609924,0.13142532,0.038257,-0.2687219,-0.114313036,0.4358026,0.44790968
17382,-6.0904126,-0.12500134,-1.3519047,-0.9292916,0.26207542,-0.06947838,-0.40861648,-0.39787978,0.24813028,0.5847961,-0.08026883
17383,-5.4875126,0.12584503,-0.7880708,-0.5686325,-0.41139776,-0.23418216,-0.26135975,-0.036320888,-0.09594845,0.5152468,0.26244798
17384,-5.8466477,-0.24337073,-1.2306052,-0.4259342,-0.49688238,0.40498847,0.26220033,-0.10272943,-0.230766,0.5572611,0.6195972
17385,-5.400728,-0.3571395,-1.0647705,-0.44863686,-0.026889632,0.032684494,-0.15970568,-0.43040863,-0.006490933,0.282406,0.39898834
17386,-7.863901,-0.09817561,-1.0252805,-0.91952187,0.49533594,0.31318992,0.018209906,-0.30145618,0.33876437,0.68193716,0.6323023
17387,-5.8479023,0.16089809,-0.7983052,-0.5265012,-0.16965814,-0.2218155,-0.23523806,-0.048269205,-0.09465655,0.660874,0.27406907
17388,-4.6726656,-0.22946188,-0.9473882,-0.44378045,-0.22263965,0.26031232,0.050326712,-0.21489017,0.18240683,0.58664006,0.59440607
17389,-7.563716,-0.12598379,-1.8898281,-0.74325347,0.09642828,0.18693344,-0.45115125,-0.31497508,-0.13772112,0.5207343,0.32140085
17390,-5.315614,-0.14803375,-1.1465192,-0.56773037,0.035830624,0.070141986,-0.12395487,0.1148463,-0.09287565,0.58904445,0.45092908
17391,-5.13544,3.24985e-05,-1.1092275,-0.36962494,-0.106754474,-0.11362672,-0.086582325,-0.09800813,-0.34865448,0.1546406,0.24518895
17392,-8.522362,-0.054357205,-1.5702063,-0.9492236,-0.3942743,-0.24719383,-0.20394295,-0.14755678,-0.44727278,0.21334359,0.3521999
17393,-5.3062663,-0.050342076,-0.6602542,-0.58250666,-0.13829112,-0.2861498,0.11130767,-0.08398934,-0.3682724,0.10370176,0.32058534
17394,-6.772972,-0.027555488,-1.4540601,-0.71509117,0.07759343,0.36580658,0.19279788,-0.64769346,0.062397733,0.3642785,0.18517658
17395,-4.4413238,0.14623211,-1.0305457,-0.47690797,0.04059426,0.3466975,0.09721577,-0.14101228,0.028278403,-0.087489255,0.10315246
17396,-5.415177,-0.2772478,-1.0686115,-0.5175099,-0.11320546,-0.3600741,-0.098641165,0.07944545,0.015246,0.37339655,0.22413743
17397,-4.1954236,0.055978723,-0.50160265,-0.37709415,-0.11551164,-0.2669161,0.15854812,-0.014394032,-0.1419693,0.18679625,0.3465344
17398,-6.867888,0.091146395,-1.5628163,-0.9356048,-0.2343961,-0.19874191,0.13373771,-0.15657723,-0.19370928,1.0229452,0.5389834
17399,-5.3090186,-0.44754782,-1.6784084,-0.64799565,0.00888355,0.28627092,-0.0015638657,-0.35825536,0.22694199,0.5441467,0.3024628
17400,-5.557113,-0.25425863,-0.8505508,-0.57804173,-0.28938144,0.19827296,0.23897213,-0.18558596,-0.060003974,0.38163352,0.1757606
17401,-6.660677,0.23907214,-1.0439936,-0.75286055,-0.18924777,-0.30490136,-0.18363284,-0.13395168,-0.30628142,0.14170492,0.5521983
17402,-4.6568065,-0.14642741,-0.8316544,-0.45995665,-0.72324157,-0.072763644,0.046251453,-0.19010323,-0.07447496,0.5721927,0.3474903
17403,-5.8326325,-0.17499734,-1.3109232,-0.91706586,-0.20604424,-0.026506376,-0.22120975,-0.33940852,-0.06751865,0.66245884,0.2884711
17404,-4.8087907,-0.06203566,-0.620341,-0.76327056,-0.1247155,-0.189806,0.082995005,-0.46066853,-0.20358856,0.27452832,0.09944578
17405,-5.75216,0.05606206,-1.2175798,-0.36276773,0.030215248,-0.05407363,-0.19872676,-0.07592456,-0.22531125,0.61657465,-0.22948575
17406,-5.444975,-0.3617507,-1.3796823,-0.390234,0.06781699,-0.102583736,0.102430835,-0.1363227,0.085236736,0.4625878,0.45858887
17407,-5.9298773,-0.1525347,-1.5242411,-0.9957689,-0.2928421,0.3473196,-0.2859922,-0.440736,0.46037847,0.5958559,0.47592914
17408,-5.7914057,-0.23619235,-0.93751466,-0.538494,-0.10548825,-0.2645539,-0.41530007,0.0036151004,-0.34695843,0.242372,0.3407485
17409,-5.651615,-0.18768433,-0.8750019,-0.52441937,-0.0825831,-0.101912335,-0.16597526,-0.45624474,-0.065315,0.051521894,0.34188017
17410,-4.3334064,0.2264411,-0.69993436,-0.4433119,-0.3336851,-0.19424547,-0.033270672,0.0073447507,-0.1618105,0.29057842,0.2905543
17411,-6.1576586,-0.08576653,-1.0061499,-0.62179214,0.07993102,-0.44743347,0.12117054,0.10430354,-0.09207781,0.07634811,0.44272944
17412,-5.78473,-0.20391874,-1.3044497,-0.88172716,-0.119483836,-0.019063685,-0.021950886,-0.38691467,0.0852501,0.7086966,0.3344175
17413,-6.104162,-0.11349966,-0.8861163,-0.8145002,-0.48832467,0.04913935,0.10767975,-0.32307035,-0.019820666,0.1520883,0.41589195
17414,-4.6948166,-0.1889335,-1.2919866,-0.25096244,0.13171639,0.13000163,-0.14816919,-0.019026179,-0.14568113,0.07131869,-0.019958403
17415,-5.0902867,-0.21976414,-0.7870675,-0.24793905,-0.11740797,-0.2471716,-0.038403295,-0.14261371,-0.35737526,0.29677466,0.053730946
17416,-5.220702,-0.11506304,-0.8060554,-0.29716426,-0.39529136,-0.08036539,0.068245135,-0.30842873,-0.2670536,0.2301591,0.1813461
17417,-5.109537,-0.011706182,-1.3413714,-0.25884855,0.35564303,-0.11972809,-0.053056456,0.06641872,-0.19699779,0.17270365,0.032848794
17418,-4.61995,-0.14734304,-1.2084689,-0.56789213,-0.14671083,-0.14406115,-0.101637624,-0.05707757,0.0020538652,0.29697174,0.1430655
17419,-6.153112,-0.11508189,-0.94344574,-0.58891296,-0.32219002,0.064576134,0.03260228,-0.06221363,-0.22753805,-0.02016633,0.4851246
17420,-4.828452,0.100651234,-0.8073075,-0.35650286,-0.1884943,-0.2738433,-0.12115816,-0.18212119,-0.12317163,0.3747885,0.24557486
17421,-6.3286176,0.27388942,-0.95923275,-0.73561144,-0.4466993,0.0050767562,-0.28293952,-0.40596798,-0.18615331,0.45944682,0.022035848
17422,-6.955727,-0.3377051,-1.6348549,-0.9967444,-0.01212118,0.17681673,-0.10092471,-0.3737605,-0.1254423,0.63733864,-0.024106473
17423,-4.915706,-0.030658219,-0.85080117,-0.486236,-0.26039788,0.21917915,-0.1986972,-0.77335775,0.031895913,0.41236782,0.38410208
17424,-5.3177347,-0.27389437,-0.9013804,-0.6562672,-0.06209541,-0.04735265,-0.096940726,-0.1994777,0.2283708,0.46364096,0.044192646
17425,-8.1754,-0.13178283,-1.7304037,-0.79653543,-0.20268849,0.28253043,0.1967773,-0.06995544,-0.45051086,0.7561952,0.9101571
17426,-7.206351,-0.24313222,-1.3740139,-0.9240408,-0.4266984,-0.05625359,0.30066758,-0.11958706,-0.16689675,0.5825559,0.54447323
17427,-5.858394,0.14677873,-1.1420746,-0.42905462,0.10549487,0.44107568,-0.18426897,-0.40673068,0.31028587,0.38919377,0.072689205
17428,-8.4250145,-0.0032246104,-1.730252,-0.7049267,0.21909651,-0.28606844,-0.016695365,0.18437482,-0.029988488,0.44754848,0.30854917
17429,-5.292955,-0.0061773974,-0.96771735,-0.7425067,-0.07184527,-0.3341661,-0.0027966313,-0.35731617,0.16003524,0.5473482,-0.029572133
17430,-5.782954,-0.041778907,-1.0742866,-0.70990276,-0.27768958,-0.10491447,0.04332298,-0.28118855,-0.0683133,0.2896118,0.38869035
17431,-6.561404,-0.025371175,-1.0318855,-0.5835688,0.23443295,0.24311344,-0.2578425,-0.10361876,-0.14733534,0.6704666,0.19510524
17432,-6.3899403,-0.3489881,-1.4413064,-0.92211676,0.05872756,0.28876388,-0.27128974,-0.53159213,0.40010965,0.8304693,0.06321598
17433,-6.6169024,-0.40794972,-0.98716086,-0.5707309,-0.29622668,-0.22742057,0.054762073,0.31532863,-0.29172286,0.73669434,0.9278894
17434,-6.408315,-0.33954573,-1.4159774,-0.7593249,-0.46610323,0.35846686,0.2234587,-0.38152236,-0.123585805,0.33642414,0.729563
17435,-7.3078017,-0.07031743,-1.4370466,-0.8976705,0.18764035,-0.2900033,-0.25731716,-0.20273991,0.24854012,0.67929035,-0.012573416
17436,-6.2537923,-0.24612282,-1.335303,-0.4488701,-0.37755936,0.61076736,0.43438238,-0.4771873,-0.33724183,0.45731777,0.48454973
17437,-5.4211206,0.13212071,-1.4921324,-0.34818178,-0.08568624,0.06747638,-0.068490155,-0.17403273,-0.38401794,0.48986083,0.6005219
17438,-6.523262,-0.15398861,-1.5671606,-0.40623513,-0.120735414,0.32741398,0.00065523945,-0.6661687,0.1137878,0.98921424,0.15205069
17439,-5.9122863,-0.50892955,-1.172861,-0.6211331,-0.2464113,0.42492974,-0.04530075,-0.9425505,0.22141132,0.5263463,0.118135005
17440,-5.634153,0.23002389,-0.9145762,-0.46432814,-0.15524608,0.035806365,0.041618053,0.06302412,-0.21070552,0.4007667,0.2126885
17441,-5.8616414,-0.08600299,-1.1213933,-0.5490118,0.17369846,0.35233772,-0.19889316,-0.5895723,-0.029753024,0.20072348,0.005103525
17442,-5.017292,-0.3092791,-0.6327999,-0.503051,-0.24496526,-0.31408,0.23336197,-0.019314509,-0.16515322,0.5398205,0.35648006
17443,-5.4636717,0.058740053,-1.0953482,-0.56003344,0.24449907,-0.11128452,-0.41129184,-0.24469784,0.0786764,0.5744528,-0.07098221
17444,-4.496218,-0.13507333,-1.0157349,-0.46656764,-0.085721076,0.037939887,0.12685803,-0.17236193,-0.113943115,0.5912253,0.15048198
17445,-5.5588083,-0.4248348,-1.5252194,-0.8704552,-0.28776395,-0.044125583,0.09525749,0.135438,0.03425876,0.74762833,0.36310533
17446,-5.7964096,-0.16352244,-0.96503615,-0.683024,-0.4137695,0.12786755,0.10029215,-0.3508529,-0.31469697,0.26808777,0.21928295
17447,-5.975313,-0.21890879,-1.234656,-0.680366,0.069272935,0.12114692,0.20981458,0.16409425,-0.14034341,0.99335986,0.44535854
17448,-8.375903,0.13862336,-1.3813376,-0.42578518,-0.11952219,-0.23903677,-0.21311288,-0.08223351,-0.3042724,0.1642554,0.57932234
17449,-4.591119,-0.20373155,-0.96293604,-0.39176306,-0.1797188,0.16384773,0.08184723,-0.059806235,-0.18657625,0.4288992,0.5000387
17450,-5.150218,0.09827535,-1.3108215,-0.7485756,-0.0035618036,0.13978396,-0.28458342,-0.26681867,0.004088886,0.49594113,0.3466147
17451,-5.003661,0.11632132,-1.2232322,-0.80397,0.0619535,-0.1164149,-0.19240353,-0.0045740437,0.18732642,0.5218639,0.37192696
17452,-4.9110518,-0.14883408,-0.77884364,-0.6262538,0.24757662,0.09844595,0.09143353,0.12592398,0.08763014,0.3904432,0.21415165
17453,-6.057493,-0.025223512,-1.1410005,-0.4770262,-0.3151695,-0.01993946,0.344499,0.14086856,-0.36056644,0.48305374,0.12457498
17454,-6.439598,-0.14812505,-1.541791,-0.72757155,0.06901724,-0.18408005,0.024868008,0.36954442,-0.08477075,0.6638725,0.5266586
17455,-5.997559,-0.14421962,-1.442723,-0.5607867,-0.1194028,0.10631461,0.006895912,-0.0277957,-0.105354786,0.76931894,0.4313417
17456,-5.093206,-0.17753476,-0.8888179,-0.5182145,-0.04819434,0.283055,0.27391523,0.09663032,0.05191487,0.52517855,0.58860135
17457,-5.465061,0.03519215,-0.8510014,-0.47920156,-0.124984495,-0.53905743,-0.07631263,-0.1198693,-0.1657162,0.27265245,0.28492287
17458,-6.333301,-0.15391472,-1.1690245,-0.6496736,-0.24597228,0.021333037,0.09688947,-0.20502368,-0.08477813,0.6283389,0.8803826
17459,-6.750063,0.009976815,-1.270949,-0.5101784,-0.15313037,0.2535509,-0.15984201,-0.5414447,0.1788615,0.6896643,0.28420204
17460,-3.9040515,-0.10502895,-0.8135796,-0.52265483,0.19778791,0.09510197,-0.12850247,-0.475814,0.083017886,0.12542689,-0.0013846699
17461,-6.300612,-0.10818297,-0.80434644,-0.63274354,-0.35093704,-0.199248,0.55666476,-0.31020716,-0.074982315,0.34940386,0.56157076
17462,-3.861245,-0.15941142,-0.7855898,-0.64352053,-0.34359476,0.09067905,-0.072480574,-0.29452008,-0.101050384,0.42832047,0.31027043
17463,-6.2758455,-0.09377231,-1.1701939,-0.45161977,0.14156568,-0.1665199,0.14085536,-0.18570346,0.089670025,0.42804024,0.17046893
17464,-7.17212,-0.16604136,-1.1519645,-0.7344921,-0.18933734,-0.050765272,-0.0047736242,-0.28260908,-0.12845221,0.44528094,0.29942518
17465,-7.7077155,-0.066587396,-1.6005912,-1.1454961,-0.20994852,0.34738457,0.09762476,-0.14783615,-0.021734526,0.55402875,0.8413589
17466,-4.8499527,-0.1304242,-1.0141468,-0.498735,-0.10117174,-0.35280263,-0.12744544,0.015910743,0.16543312,0.46141383,0.31858838
17467,-5.6765714,-0.18949984,-1.2681913,-0.6904366,0.11100248,-0.41660583,0.16368149,-0.3377532,-0.11446683,0.40415156,0.1712438
17468,-6.24693,0.13729195,-1.3873143,-0.5710805,0.3685079,-0.3141727,-0.27768445,-0.04620561,0.0639406,0.4161623,0.16814484
17469,-6.330797,-0.41411385,-1.5838315,-1.2067523,-0.28127706,-0.11462862,0.21502826,-0.6349616,0.2840196,0.7433399,0.65936023
17470,-6.2114453,-0.43166298,-1.1209404,-0.87797356,-0.4121685,-0.068601176,0.10609233,-0.16148049,-0.052371517,0.5839709,0.43632957
17471,-5.9979773,-0.23712322,-1.209603,-0.39417824,-0.49057674,0.52910966,0.21047688,-0.9969966,-0.11590776,0.34278965,0.35439193
17472,-6.3338337,-0.27305007,-1.509057,-0.6625466,0.4857569,0.04155109,-0.30761972,-0.06828878,0.13814592,0.7211512,0.03664909
17473,-7.839356,-0.27389053,-1.1786653,-0.9476882,-0.685384,0.55476606,-0.35110143,-0.5433343,0.022977456,0.34191984,0.325092
17474,-5.52139,-0.2728239,-1.2193868,-0.9951664,0.029163497,-0.16152698,-0.33597466,-0.15812008,0.36547098,0.6254112,0.2024664
17475,-6.04594,-0.09545962,-1.0456686,-0.666392,-0.15729563,-0.20044953,-0.11344087,0.0074094487,0.16589594,0.6441314,0.2324238
17476,-5.9812903,-0.46812066,-0.9966306,-0.747921,-0.22725351,0.32173055,-0.0047403714,-0.40835282,0.23820956,0.7643586,1.063728
17477,-6.057863,-0.0064915176,-1.3950989,-0.38404122,0.15374714,0.056419283,-0.15170468,0.18073328,-0.013497382,0.5982214,0.12140029
17478,-4.718061,-0.0675647,-0.7831701,-0.3112267,-0.42148703,-0.12268703,0.22561535,-0.041320473,-0.14231277,0.4139782,0.31753227
17479,-5.6782784,0.100892045,-1.2573625,-0.47252202,0.0048024203,-0.03725949,-0.3378383,0.048271842,-0.11748825,0.19528358,0.21594794
17480,-6.734604,-0.08654557,-1.2124134,-0.7027948,0.40270093,-0.11899574,-0.16583024,0.43885472,-0.27811918,0.24095562,0.30388457
17481,-5.513284,-0.24147497,-1.3371783,-0.7516684,-0.34375256,-0.31993413,0.2809405,-0.005722139,-0.08538166,0.35528708,0.501995
17482,-5.8992233,-0.114608765,-1.0324082,-0.5600791,-0.029432962,0.45403713,-0.25079966,-0.46720386,0.019301092,0.41350028,0.07627338
17483,-4.898014,-0.11084252,-0.89799273,-0.8281332,-0.37978697,0.12626582,0.18909696,-0.3496348,0.12503855,0.7485101,0.48026377
17484,-6.4366503,-0.26833186,-1.0607283,-0.7660417,-0.4194702,-0.11917949,0.09618692,-0.18560272,-0.123725206,0.12890732,0.7257566
17485,-4.8583317,0.01249975,-0.76148397,-0.31425142,-0.095564455,0.1309208,0.039691567,-0.37417972,-0.25485095,0.21757373,0.30613157
17486,-7.651426,-0.09614512,-1.5427829,-0.5825035,0.028151888,0.20762138,0.09525277,0.08326219,-0.19829112,0.61415595,0.22398925
17487,-5.275834,-0.14964749,-1.2394408,-0.5980479,-0.48903167,-0.1869023,0.23179463,0.07546797,-0.022459345,0.5189101,0.36152127
17488,-4.277968,0.12227497,-0.6303818,-0.43254387,0.09552935,-0.2251458,-0.07628598,-0.123906754,-0.1093979,0.46096778,0.15828423
17489,-4.5832863,-0.376211,-0.84781045,-0.43782845,0.247472,-0.05809629,-0.12427289,-0.42624918,-0.022026358,0.18942356,0.08025863
17490,-3.9903796,0.074589476,-0.7553256,-0.2728031,0.086369224,0.00074052624,-0.037935615,-0.2629993,-0.05090391,0.23662636,0.19901471
17491,-5.5135727,-0.40875247,-1.2156895,-0.678757,0.099571444,0.20351832,-0.39357924,-0.17874743,0.2249064,0.38120726,0.03833899
17492,-5.653452,-0.032030128,-1.2689496,-0.7826214,0.3754544,0.036093134,-0.5722956,-0.3050096,0.3227012,0.49248385,-0.03180324
17493,-5.9183702,-0.17006804,-1.1605366,-0.9183199,-0.3135644,0.10312839,0.14220832,-0.30836344,0.25995982,0.84538287,0.38954088
17494,-4.5786242,-0.08551513,-0.73523045,-0.6386332,0.025670446,-0.16436462,-0.060749426,-0.27138406,-0.11498971,0.25147992,0.2287832
17495,-5.585948,-0.37198177,-1.1760361,-0.6791576,-0.46691096,0.12906688,0.3814082,-0.27700064,-0.26793042,0.308875,0.32121438
17496,-6.7466464,-0.1673516,-1.2841882,-0.87448984,-0.32838848,-0.33348227,0.10426912,-0.5911889,0.38223135,0.7778825,0.7388131
17497,-4.6073117,-0.13575241,-1.0596929,-0.38522208,-0.15392089,0.27502477,0.086546965,-0.42768902,-0.075394735,0.9486314,0.2673789
17498,-6.326743,-0.31698945,-0.7774752,-0.74670154,-0.91616297,0.14812587,0.15168953,-0.15557002,0.0073257918,0.34403342,0.62420285
17499,-4.3087106,-0.31077543,-0.59320474,-0.17676754,-0.17627442,0.16288559,0.04418345,-0.20601586,-0.2806824,0.329337,0.19913487
17500,-6.3447843,-0.29882786,-1.0101683,-0.8482279,-0.15559904,-0.14538686,0.1377657,0.24622048,-0.1387104,0.46977386,0.37241778
17501,-6.973935,-0.25788003,-1.0337627,-0.43358964,-1.11941,0.06577909,0.15826648,-0.50307626,0.16374715,0.78363585,0.5906759
17502,-8.732448,-0.30860958,-1.1859131,-1.105363,-0.6455137,0.5565588,-0.008080029,-0.5408032,-0.1672094,0.41986087,0.63548636
17503,-8.4918,-0.42166254,-2.0349567,-1.6228834,-0.5657491,0.32018596,0.21900654,-0.35818964,0.6764827,0.9610659,0.78499067
17504,-5.2529974,-0.024556663,-0.8066825,-0.64948785,-0.0051821624,-0.12444326,-0.00098358,-0.37388495,-0.103366956,0.030351464,0.25027663
17505,-4.422213,-0.16749762,-0.7214074,-0.25440183,0.012444578,0.048976522,-0.17236793,0.0075605717,-0.19483468,0.5110487,0.05076519
17506,-4.2155027,-0.034482464,-0.7029353,-0.3262091,-0.013312418,0.12606251,-0.013865872,0.04032124,0.07491229,0.36843097,0.08225205
17507,-4.8412294,-0.1397721,-0.8158777,-0.56718504,0.320089,-0.07604795,-0.023039997,-0.15748991,0.23796931,0.31852862,0.44064227
17508,-6.461639,-0.014959884,-1.3111267,-0.4163505,0.033560246,0.49317712,-0.20830086,-0.48760736,-0.064170375,0.49232447,0.2082392
17509,-5.389615,-0.46330604,-1.258859,-0.5469405,-0.18644033,0.48652297,-0.009389761,-0.51125795,0.14092706,0.8420515,0.31262466
17510,-8.442406,-0.042805538,-1.7419349,-0.90776396,0.4719673,-0.249361,-0.46048164,-0.2604128,0.0032021767,0.667155,0.15528496
17511,-4.400977,-0.15473038,-1.1518433,-0.39245746,-0.059226096,0.13029736,-0.06272157,-0.22533287,-0.1530255,0.5289123,0.27766585
17512,-4.726242,-0.3049986,-0.89353406,-0.43758675,-0.10283961,-0.14350292,0.069942445,-0.17842016,-0.17885731,0.2501303,0.18885511
17513,-5.5760894,-0.19956122,-0.9029432,-0.33130756,-0.20968524,-0.26410604,-0.13743156,-0.5800463,-0.11811304,0.32390445,0.36148316
17514,-4.790168,0.007965228,-1.100613,-0.5971732,0.11555591,0.16752924,-0.055253327,-0.13492253,-0.14173989,0.22134838,0.23628962
17515,-5.1494923,-0.11250553,-0.8207048,-0.66528594,-0.17149398,-0.05152077,0.29657045,-0.17688274,0.025990259,0.498178,0.35323536
17516,-5.6344223,-0.20908862,-0.92821217,-0.7242521,-0.54191417,0.03613104,0.5790831,-0.14118227,0.0053533996,0.7978332,0.4568351
17517,-4.8927484,-0.12761961,-0.66446954,-0.5728169,-0.0036350745,-0.021492265,-0.017137416,-0.13829666,-0.0054837707,0.28577203,0.29743183
17518,-5.5379176,-0.20900473,-0.869171,-0.68050104,0.2892299,0.037062377,-0.13681726,-0.19884841,0.1470004,0.31200886,0.43792045
17519,-4.6389337,-0.1076102,-0.9414655,-0.55052406,-0.08447142,-0.05495902,-0.17996947,-0.49135473,-0.014636798,0.3782075,0.13132831
17520,-5.898991,0.0776924,-1.5377498,-0.39202672,-0.019857448,-0.3817702,-0.07526785,0.024055503,-0.20262982,0.6185443,0.3031432
17521,-5.7961125,-0.18726486,-1.4397678,-0.98120075,-0.37322658,0.35284543,0.047625896,-0.5795817,0.28918582,0.7040741,0.78043956
17522,-4.072003,-0.18584643,-0.8302918,-0.3293277,-0.008608593,0.08493655,-0.14360458,-0.23079677,-0.21300015,0.4358307,0.16566299
17523,-5.477321,0.21744162,-1.2625167,-0.52972454,0.25239596,0.22157797,-0.09884815,-0.30262506,-0.21358284,0.27852035,0.27851436
17524,-6.331136,-0.032967404,-1.5663446,-0.8255171,-0.36191618,0.013932414,-0.007200212,-0.13917641,-0.023793874,0.8428108,0.34761223
17525,-5.752955,-0.2989695,-0.7574505,-0.8727789,-0.17050493,-0.18013166,0.034635335,-0.24162868,0.059065267,0.3202235,0.242114
17526,-5.6948724,-0.09603868,-0.9784838,-0.67249656,0.020195011,-0.021815632,-0.3440398,0.15530287,-0.040115863,0.350622,0.1963535
17527,-5.0340877,-0.17882699,-0.72475517,-0.51078635,-0.19032532,-0.004681618,-0.07965868,-0.1990063,0.25490904,0.9337145,-0.04890682
17528,-5.936155,0.08694712,-0.7034026,-0.7008128,-0.05108454,-0.3474185,-0.38921732,-0.2822767,-0.1841692,0.46523693,0.08573907
17529,-6.5187984,-0.03270566,-1.0491989,-0.7769067,-0.47368988,-0.26682717,0.031235967,-0.07046149,-0.3117883,0.14696096,0.6373066
17530,-5.6755404,-0.06706419,-0.8927855,-0.55883193,-0.4846074,-0.03043928,0.0917548,-0.54798514,-0.20838769,0.23487367,0.5654783
17531,-5.521773,-0.21921316,-1.2688897,-0.32772702,0.2404962,0.06382929,-0.31986043,0.0668156,-0.081896015,0.5079754,-0.12353421
17532,-5.7048287,0.14925776,-1.2479367,-0.5287804,-0.81300986,0.03692686,-0.045157697,-0.24202377,0.08598913,0.8055212,0.41184723
17533,-6.451821,-0.20657131,-1.5145665,-0.2675068,0.011849176,-0.16141973,-0.009910624,-0.25718006,-0.3994991,0.12703463,0.14199078
17534,-7.7552085,0.11656843,-1.3179748,-0.88183326,0.09592875,-0.11731325,-0.17668113,-0.32247597,-0.1024259,0.35679573,0.6035691
17535,-4.940381,-0.045410067,-1.0340118,-0.42368853,0.08791617,-0.05751618,-0.06787447,-0.15486029,-0.096101165,0.108441085,0.20297107
17536,-5.40638,-0.083191395,-0.8238877,-0.6460417,-0.17475075,-0.20071627,-0.09838619,-0.44874623,-0.09440321,0.38036466,0.22266833
17537,-5.539915,0.045032516,-0.98784405,-0.80123395,-0.27769887,-0.15439273,-0.124799125,-0.31280506,-0.014647648,0.6387132,0.40382728
17538,-5.4106917,-0.41229862,-1.0612885,-0.5348493,0.18763246,-0.3982572,-0.11001072,-0.044786774,-0.13854472,0.044508543,-0.11303032
17539,-5.6776595,-0.034440182,-0.7031212,-0.668538,-0.5775573,-0.23307905,-0.043389615,-0.2211287,-0.21710128,-0.07087074,0.24184644
17540,-4.6475496,-0.2742928,-1.0365473,-0.8665131,0.07572895,0.043128233,-0.18006365,-0.2403396,0.02988248,0.31486595,0.31097677
17541,-6.0377703,0.03388575,-1.2267914,-0.86042243,-0.03009999,-0.15255818,-0.15920149,-0.20728713,0.24489942,0.40658164,0.33514202
17542,-6.650454,-0.10115043,-1.365869,-0.58189666,-0.22003521,0.36043084,0.166536,-0.30214542,-0.08879649,0.59168494,0.6100922
17543,-4.8938956,-0.1710994,-0.9307743,-0.698968,-0.23654383,-0.0011454681,-0.119812466,-0.30620304,0.08108172,0.23210435,0.39773384
17544,-5.485463,-0.13406318,-0.9567954,-0.7268133,0.18266763,-0.04141512,0.03756747,-0.17168625,0.3077326,0.43972814,0.32396397
17545,-5.921637,-0.2802455,-1.0113152,-0.72557175,0.2944701,0.23494379,-0.16961645,-0.35737672,0.14400186,0.4987562,0.3679498
17546,-5.8107786,0.079950824,-0.94875836,-0.7750456,-0.040668376,-0.013468573,-0.11940471,-0.27182984,0.06649128,0.41735053,0.18458539
17547,-8.526848,-0.37122917,-1.266306,-1.0971597,-0.5512136,0.45721412,-0.056271188,-1.1425873,-0.031360723,0.11577733,0.6920896
17548,-4.709723,-0.09552533,-0.9585352,-0.6879168,0.20728442,0.011322475,-0.16579816,-0.18243046,-0.0071456973,0.23825228,0.15788513
17549,-4.985176,-0.2715189,-0.7178879,-0.5527681,-0.22657996,0.1442173,-0.04857788,-0.48365918,0.10985712,0.09387363,0.3540012
17550,-7.370183,-0.38561782,-1.865705,-1.0084863,-0.64761704,0.42553413,0.24461208,-0.67204267,0.007376354,0.44028124,0.45978165
17551,-5.245885,-0.16383485,-1.0243496,-0.6676481,-0.14060636,-0.17529695,0.1105878,-0.1577241,0.035987817,0.2842316,0.6134856
17552,-5.1437826,0.037629977,-1.007949,-0.6157623,-0.40564197,-0.13536453,0.27168292,-0.15483843,-0.3269857,0.4183348,0.39483643
17553,-5.794995,-0.17320007,-0.65671676,-0.625954,-0.30403286,-0.09240791,0.030394834,-0.10566214,-0.39465395,0.1866395,0.22820304
17554,-4.9745574,-0.12778318,-0.96770555,-0.83168083,-0.20132068,0.124738745,-0.027204901,-0.29138702,0.17611098,0.63907105,0.19791251
17555,-5.1779966,0.1332258,-1.3519907,-0.26589617,0.1539508,0.19208582,0.06809364,0.006867034,-0.15365416,0.47068667,0.56408936
17556,-5.7000623,-0.40753904,-0.6805822,-0.42008716,-0.23768565,-0.063855134,-0.15699197,0.031076945,0.03866744,0.80150545,0.5377561
17557,-5.2207384,0.016358215,-1.0311567,-0.7848377,-0.10637632,-0.2590949,0.10458058,0.17023668,-0.10117025,0.56640756,0.16805671
17558,-4.6795115,-0.12784119,-0.9414174,-0.3165764,0.52282387,-0.09203804,-0.23050307,-0.0319395,-0.057972923,0.37010854,-0.052773878
17559,-6.1955934,-0.03880811,-0.7616455,-0.48318195,-0.3965217,-0.24382354,0.09977781,0.15036428,-0.32386056,0.36082426,0.28484914
17560,-3.7303214,-0.24952553,-0.59013945,-0.5773465,-0.38125485,-0.28851712,0.19622147,-0.09887895,-0.090972215,0.21378095,0.4914262
17561,-6.4033422,-0.040349152,-1.0987922,-0.40205124,-0.21061908,-0.3044815,-0.0669367,-0.3408864,-0.2520299,0.26251712,0.22791359
17562,-6.954066,0.10773472,-1.3674194,-0.79108584,-0.016887762,0.017288508,0.07343612,-0.52345634,-0.26137778,0.52354133,0.26920816
17563,-5.346758,0.013341848,-1.0674986,-0.64491636,-0.00096015027,0.1905264,-0.09353882,-0.31950903,-0.18272436,0.3179767,0.2461263
17564,-4.0716634,-0.15487306,-0.5816517,-0.2314482,-0.077434376,-0.10909315,-0.015261219,-0.026975574,-0.09255071,0.29625854,0.17984067
17565,-6.1215744,-0.03147673,-1.5217916,-0.44770476,0.018835945,0.1365884,0.13419604,-0.19968477,0.017176138,0.17435186,0.49348032
17566,-5.2404814,-0.38576367,-1.1523929,-0.5176401,-0.22544596,-0.04102295,-0.062337056,-0.14476149,-0.28984758,0.6823895,0.24526154
17567,-6.212099,-0.26495892,-1.0185491,-0.68918717,-0.19734895,-0.0841986,-0.05884263,0.077937946,-0.22716425,0.27389565,0.2354643
17568,-5.1371403,-0.184769,-1.0329003,-0.8198466,0.04650682,0.12926172,-0.010857209,-0.2736896,0.29262856,0.49066743,0.34944236
17569,-4.6129694,0.067169465,-1.0804636,-0.4430406,0.12363238,-0.1656909,-0.0898962,0.0183149,-0.2887549,0.6321619,0.05501343
17570,-3.8241522,-0.18273588,-1.0243523,-0.34333938,-0.14873284,0.05230543,-0.008052875,-0.012442831,-0.044073433,0.5105572,0.2956595
17571,-4.5334473,-0.26912498,-1.0211229,-0.6625891,-0.36613902,0.2815529,0.25606212,-0.08297161,-0.050451055,0.41344497,0.2691527
17572,-5.070129,0.05004649,-1.0996715,-0.60465944,0.12596083,-0.2326777,-0.24686722,-0.038198,-0.06530413,0.3475833,-0.02756976
17573,-5.4593377,-0.17982209,-0.9601744,-0.40516675,-0.41721055,0.20091547,0.28054753,0.086983055,0.035834514,0.54764,0.6204236
17574,-5.745385,-0.07876013,-1.0585454,-0.61776954,-0.29684818,-0.13249542,0.03621974,-0.23678678,-0.13004485,0.38219482,0.635942
17575,-5.758632,-0.16503642,-1.4038705,-1.0222298,-0.16401605,-0.09266798,0.10146917,0.06195935,0.19198054,0.6508526,0.31697756
17576,-7.99489,-0.12252766,-1.7237211,-1.0453261,-1.0171566,-0.14990894,0.3462627,0.35946774,-0.07629543,0.66311395,1.059634
17577,-5.241487,-0.37483767,-0.8290637,-0.2839679,0.04809547,-0.021608,-0.4159131,0.11985978,-0.20091423,0.36204138,-0.007477266
17578,-6.2281976,-0.08814712,-1.2423224,-0.5812724,-0.086094335,0.038429834,0.23143539,0.08645408,-0.0043911394,0.43527952,0.587233
17579,-6.070379,-0.111845955,-1.2929815,-0.61406404,-0.20478053,-0.049918797,0.102011085,0.19449547,-0.235395,0.34949172,0.46450722
17580,-4.3351736,-0.23044054,-0.76083386,-0.4439238,-0.26157257,-0.14340468,-0.07322592,-0.39142475,-0.22226723,0.19206151,0.20915295
17581,-7.0751085,-0.11454076,-1.7356116,-0.9056498,-0.1179858,-0.05525767,-0.25428152,-0.22527799,0.22939394,0.43055293,0.27919236
17582,-4.94384,-0.12288171,-0.9700535,-0.5223848,0.24066143,0.10405044,-0.143983,-0.29174662,0.090534665,0.140331,0.34017035
17583,-4.1990304,-0.1276209,-0.60531145,-0.4894583,-0.14026426,-0.21737163,-0.049935814,-0.1688257,-0.1776345,0.5285394,0.07907213
17584,-7.3987293,0.07154761,-1.7360919,-0.6584975,0.22235982,-0.25570697,0.020609321,0.036586434,-0.30220047,0.10507818,0.47933263
17585,-5.29764,-0.012451853,-1.2539972,-0.678335,0.07917802,0.32544225,-0.07785121,-0.2638771,0.22386597,0.27610794,0.032938473
17586,-5.393672,0.025986895,-0.7764537,-0.6331526,-0.29758322,0.038175434,0.51687604,-0.08521473,-0.20284075,0.14409408,0.44290546
17587,-4.5414777,-0.12609649,-0.6938429,-0.07403133,-0.16375613,0.17858367,0.2608147,-0.2165816,-0.1390402,0.32302967,0.2994599
17588,-6.7618084,-0.5243873,-1.0240272,-1.1975319,-0.44263548,-0.2945385,-0.045465555,-0.6688876,-0.05410582,0.5235927,0.54596734
17589,-6.4301796,0.024942506,-1.2980516,-0.29457515,-0.2577854,0.13579729,0.06696883,-0.22542202,-0.23983781,0.23724757,0.36629695
17590,-5.6158533,0.092914216,-0.99053454,-0.6605898,0.10579446,-0.14935502,-0.23067722,-0.13922308,0.02567901,0.6034926,0.003952777
17591,-5.5738955,-0.13772283,-1.2401116,-0.57862186,-0.108179726,0.10223757,0.07575025,0.06390876,-0.17580754,0.51107633,0.44243926
17592,-4.6600432,-0.011258458,-1.1229463,-0.67402434,0.19095953,0.019591369,0.07252818,-0.18491057,-0.017310275,0.062320318,0.43379387
17593,-4.8873467,-0.1565724,-0.7655383,-0.33679444,-0.15590487,0.15509671,-0.24306674,-0.25708455,-0.19406249,0.29798564,0.0121969385
17594,-6.6080875,-0.44161367,-1.1938238,-1.1321349,-0.7250541,0.33293796,0.39303058,-0.13182835,0.13200045,0.67560285,0.9010895
17595,-4.56389,-0.024578929,-0.77339554,-0.53263915,-0.15598293,-0.017096387,-0.14343566,-0.22471899,0.14928289,0.50105447,0.47590336
17596,-5.7134876,-0.18023819,-1.1623383,-0.18605871,-0.033874746,0.2139349,0.035403285,-0.0919834,-0.204898,0.17558156,0.27526024
17597,-7.133573,-0.22652042,-1.1158566,-0.6001881,-0.87065625,0.09110738,-0.02133207,-0.24604881,0.120138764,0.7452136,0.6527318
17598,-5.8360877,0.15771267,-1.494712,-0.5699423,-0.5635076,0.35306776,-0.18421778,-0.29672444,0.30002403,0.71522135,0.28630948
17599,-6.3238606,-0.18603975,-1.0608557,-0.7210701,0.06826698,-0.0744145,0.1145033,0.274753,0.024365913,0.32434642,0.37393296
17600,-4.748937,-0.13462287,-0.56246847,-0.5218628,-0.19701684,0.0847239,0.1210252,-0.7286998,-0.124848366,0.36684522,0.16185936
17601,-5.2458115,-0.061819796,-1.0859516,-0.45283,-0.26836458,0.04506223,0.061791725,-0.19422323,-0.18742983,0.42627904,0.26055878
17602,-5.1171584,-0.2116708,-0.70333797,-0.17508614,-0.2993694,-0.1215612,0.20237899,0.11894787,-0.3667332,0.5626471,0.3089091
17603,-5.337504,0.0008273516,-0.9230667,-0.4978481,-0.12721336,-0.2067483,0.046342056,-0.42067677,-0.056941055,0.029350169,0.34622872
17604,-3.6418955,0.059245925,-0.77784234,-0.37614268,-0.13412777,-0.10987237,-0.029852618,0.14517727,-0.1298616,0.3351785,0.14520906
17605,-6.40099,-0.029678885,-1.4251553,-0.8464567,-0.3737304,-0.085434884,0.09532293,-0.075289086,0.11060917,0.5855128,0.37481996
17606,-5.4633737,-0.113128595,-0.7716774,-0.4967783,-0.17178246,-0.31824446,0.06676313,-0.13309899,-0.2601621,0.19913587,0.6996363
17607,-6.3827753,-0.11625278,-1.3204811,-0.30135697,-0.30291003,-0.15690029,0.0643896,0.20582618,-0.19951299,0.92767555,0.3719641
17608,-6.5051756,-0.4550116,-1.676009,-0.97352666,-0.52602404,-0.19674905,-0.06424006,-0.20925172,0.07480577,0.46372235,1.1098447
17609,-5.237648,-0.16554587,-1.1824195,-0.68360037,-0.27619842,-0.16896178,0.19545802,-0.6819291,0.1259033,0.27364203,0.53999907
17610,-6.3587704,0.07448004,-1.4191571,-0.67741716,0.48262677,-0.16654436,-0.1571075,-0.10055763,-0.24602024,0.6252777,0.07498734
17611,-5.583267,-0.08077805,-1.4408057,-0.694472,-0.036209855,0.3194009,-0.105641074,-0.3890047,0.12729661,0.48361057,0.23591201
17612,-5.2829437,-0.38700137,-1.2602993,-0.27099705,-0.03837825,0.37399,-0.032617345,-0.37595633,0.09557084,0.7863153,0.18297213
17613,-6.674816,-0.35611588,-1.7805234,-0.87182856,-0.027326716,-0.12804456,-0.054220065,-0.11814531,0.15479963,0.38554522,0.5913432
17614,-7.252831,-0.037484277,-0.89471096,-0.818276,-0.6267012,-0.4786433,0.24327311,-0.081992105,-0.26392344,0.53068155,0.5048465
17615,-5.2356434,-0.20309778,-1.014955,-0.38182998,0.24348944,0.5436654,-0.21986704,-0.017994486,0.07904774,0.15864205,0.15095372
17616,-5.0780497,-0.45274672,-0.9797386,-0.57680875,-0.048787054,0.32881254,-0.018822778,-0.12465731,-0.09161942,0.4473612,0.50352097
17617,-5.4331017,-0.31222817,-1.142262,-0.5963332,-0.16546763,-0.04831584,0.072435156,-0.20185736,-0.19755603,0.99883765,0.1494906
17618,-4.5542464,-0.08026352,-0.95847154,-0.63483,0.019651955,0.10114242,-0.041603316,0.11106996,0.048840567,0.31172025,0.33364266
17619,-5.05987,-0.066480994,-0.9353624,-0.49562752,-0.11249499,-0.11513031,-0.22955737,-0.07912953,-0.24493076,0.4223089,0.15068124
17620,-4.145759,0.004196686,-0.8863733,-0.4684486,0.3176009,-0.048086625,-0.12904076,-0.020028278,0.1300414,0.37557516,0.14730255
17621,-5.624412,-0.2806501,-0.97215545,-1.0719944,-0.42341635,-0.19793117,0.16156667,-0.16402817,-0.090031296,0.6785922,0.061448973
17622,-5.743055,0.1817737,-0.8900203,-0.648567,0.22173865,-0.098550685,0.12632322,-0.22626607,-0.06557861,0.5191255,0.12074947
17623,-7.129216,-0.18480547,-1.4515274,-1.078143,-0.2769844,0.042214904,-0.11422711,0.087622575,0.12663822,1.0135578,0.7088848
17624,-7.0168858,-0.19618018,-1.2139548,-0.6579043,0.028245047,0.089002095,0.085647054,-0.017799277,-0.10624041,0.6911113,0.36119902
17625,-4.7007136,-0.05219603,-0.7785875,-0.8469002,-0.15232602,0.10762054,0.21547762,-0.09047072,0.1035412,0.60766697,0.36186022
17626,-6.838191,0.03341271,-1.7861603,-0.91489804,-0.43083948,-0.2672481,-0.06943538,-0.6276719,-0.46741328,0.9602587,0.34722817
17627,-7.423608,-0.017821133,-2.1047325,-0.46545377,0.34017026,0.042497028,-0.24825342,0.059485234,-0.38168463,0.5109345,0.35106954
17628,-5.1190763,-0.03953112,-1.025477,-0.47151598,0.1764273,0.3160354,-0.26796052,-0.10546205,0.11066287,0.3241763,0.34902382
17629,-6.2766237,0.17423183,-1.521785,-0.3819708,0.068711035,-0.13726985,0.0053252857,-0.15684085,-0.021283245,0.043392394,0.44057524
17630,-6.386959,-0.20767735,-1.1263336,-0.7857886,0.14520559,-0.15979703,-0.19535507,-0.71769434,-0.18020259,0.13202345,0.08722871
17631,-5.713533,-0.3269904,-1.4100882,-1.0168397,-0.106686145,0.18742317,-0.077062026,-0.24234757,0.013566646,0.49537224,0.29827586
17632,-4.1410136,-0.24297608,-0.8025553,-0.48529622,0.12954941,-0.23214734,0.056503665,-0.13114546,-0.03519547,0.31801182,0.32519406
17633,-6.551732,-0.5337713,-1.1683745,-0.660647,-0.048514478,-0.25432914,-0.17261489,-0.17287007,0.15995911,0.4658463,0.57909346
17634,-4.484462,-0.22308117,-0.89381015,-0.5524367,-0.20508397,-0.2299238,-0.0833864,-0.20468868,-0.28139448,0.4816861,0.2455457
17635,-5.473789,-0.120007336,-1.490916,-0.13331772,0.0119813215,-0.07674843,-0.30783823,0.24025248,-0.40668827,0.40012956,0.11518249
17636,-5.345207,-0.3167743,-1.237571,-0.82395524,-0.10205424,0.17915635,-0.3436666,-0.25240073,0.5068883,0.8524383,-0.019147161
17637,-3.8659012,-0.12178834,-0.6859662,-0.46645293,0.006659721,-0.1142121,-0.03212399,-0.17640556,-0.12545943,0.5556269,0.07044514
17638,-6.0657687,0.19884573,-1.0576724,-0.5409055,-0.42529947,0.124763764,0.23103367,-0.088949,-0.25669184,0.81132424,0.31968406
17639,-6.009452,-0.6142948,-1.2085358,-0.6604319,-0.41128117,-0.34225076,0.05543629,-0.021893373,-0.0037619416,0.5384817,0.83244735
17640,-8.187052,-0.3630574,-1.4876857,-1.3438064,-0.55963063,-0.005435168,0.27502197,-0.37281716,0.2689943,1.02828,0.789284
17641,-4.485558,-0.25042254,-1.0100515,-0.4738362,-0.36828682,-0.44947278,-0.055277884,-0.013452169,-0.16020104,0.43114045,0.27620575
17642,-5.2294903,-0.2205014,-1.1435351,-0.46918496,0.02876265,0.4431581,-0.093636066,-0.14852121,0.2552505,0.8306052,0.07630855
17643,-5.6299887,0.034206387,-1.2975109,-0.53596026,-0.12917343,0.30120176,-0.2789627,-0.24808514,-0.13581589,0.08346471,0.005854085
17644,-5.2913947,-0.27341434,-1.0792241,-0.27442467,-0.54484314,0.3804021,0.11488842,-0.34646478,-0.089091636,0.54220134,0.25722063
17645,-4.9241643,-0.31180355,-1.0253075,-0.44932058,-0.37191963,-0.17325412,0.10450808,-0.4574189,0.12546322,0.5244852,0.75926936
17646,-7.151825,0.019530356,-1.4329542,-0.35013142,0.14422202,0.1581976,0.22974913,0.08516639,0.004740118,0.43246245,0.10717187
17647,-5.712937,-0.3864484,-0.98961854,-0.7381251,-0.33448806,-0.10798247,0.051200118,0.0027107508,0.028041694,0.6514933,0.0712197
17648,-5.8680396,-0.3382289,-1.2428043,-0.9722619,0.006604939,-0.029685143,0.15658551,-0.071274005,0.18478797,0.53942376,0.21897557
17649,-5.04979,-0.20646204,-1.4470562,-0.5167776,0.3190808,0.37494385,-0.15056744,0.043249756,0.11432215,0.72799766,0.22460009
17650,-5.452542,0.0070185857,-0.64740014,-0.53760314,-0.26356566,-0.12616159,-0.033302587,-0.27822536,-0.19015317,0.29630226,0.2751235
17651,-8.004245,-0.0073295953,-1.586713,-0.48440996,0.18424404,-0.23084167,-0.15201889,-0.18236677,-0.35851282,0.4182524,0.40883228
17652,-6.9410048,-0.26705047,-1.0267127,-0.4771983,0.061759956,-0.237158,0.070599765,-0.2483375,-0.14282936,0.16423626,0.519412
17653,-5.0232043,-0.0076236045,-1.114495,-0.6684425,-0.21487054,-0.15193963,-0.08953741,-0.09194421,-0.08962809,0.62123686,0.38114136
17654,-6.7529187,-0.030555222,-1.6031438,-0.102959394,0.16069826,-0.20527554,-0.15171222,0.23788927,-0.3021791,0.19705606,0.38187906
17655,-5.156877,0.03551365,-0.9962705,-0.89594436,-0.24109207,0.016969282,-0.10309738,-0.449206,0.006165578,0.46529433,0.5192335
17656,-6.1599216,-0.39183408,-1.0850685,-0.28461167,-0.48544452,-0.01986007,0.27011985,-0.2516696,-0.5201393,0.44046456,0.51974183
17657,-5.9613137,-0.33101115,-1.0943,-0.8549419,0.053001437,-0.2050902,0.03183455,-0.1965689,0.030443113,0.4585196,0.2041097
17658,-7.5511117,0.24670012,-1.4743423,-0.76751864,-0.249392,0.23273756,0.2954555,-0.04103364,0.06840792,0.77294147,0.6991261
17659,-4.9743123,-0.09743744,-1.0773021,-0.65754646,-0.35607973,0.3357857,0.1803579,-0.35734376,0.07868118,0.54927796,0.36749896
17660,-5.1749983,-0.16867416,-1.0184535,-0.81628853,-0.22804932,0.08071053,-0.10270626,-0.2685549,0.16621603,0.33869582,0.5320991
17661,-4.3779793,-0.15399502,-0.78951424,-0.45841128,-0.29714644,0.36050946,0.23942979,-0.37215146,-0.13819511,0.6915132,0.45671254
17662,-5.6773825,-0.1874245,-1.1812774,-0.7097232,-0.201244,-0.09755277,0.23349401,-0.122546114,-0.0147817,0.73316747,0.5886565
17663,-5.6288133,0.10465091,-0.7948826,-0.35285458,-0.1828264,-0.55933994,-0.18921562,-0.23031771,-0.1002781,0.3282972,0.3497613
17664,-6.8976197,-0.2862614,-1.0495313,-0.90620816,-0.41371074,0.35651332,0.4548602,0.10316732,-0.27724358,0.5674813,0.9165054
17665,-6.0615215,-0.17830779,-1.0724862,-0.72670376,-0.4961211,0.18808873,-0.09542245,-0.2893236,0.1783367,0.9265085,0.4977526
17666,-6.4133177,-0.06692403,-0.8733042,-0.770238,-0.0926235,0.0061614537,-0.23470609,0.04344733,-0.029719831,0.12520579,0.32543606
17667,-5.4433985,-0.031085338,-0.8912521,-0.5640591,-0.0010156031,0.37270886,0.021660965,-0.19791639,0.1743618,0.59382945,0.28436995
17668,-4.7617564,0.022351097,-0.94075346,-0.62793803,-0.5610792,0.25519818,0.16561805,-0.43061164,0.32656065,0.6213115,0.33769947
17669,-6.3274784,0.22879846,-0.7751181,-0.6974334,0.2965797,-0.17355432,0.07869507,-0.15008216,-0.053121306,0.6406013,0.11586772
17670,-5.4110017,-0.104492046,-1.1294136,-0.7049444,-0.32161763,-0.43405348,0.5124263,0.002887499,-0.2136481,0.1391675,0.4325577
17671,-5.1496453,0.050239097,-0.85866725,-0.3586585,-0.4009083,-0.114119686,0.27776745,-0.04154878,-0.22739394,0.3086099,0.55989534
17672,-6.7481103,-0.03878455,-1.0276818,-0.6789362,-0.23789288,-0.35625064,0.030261416,-0.15903379,-0.18246457,0.4561431,0.40323153
17673,-5.9297614,-0.46548793,-1.6000781,-0.70113903,0.27286986,0.2923171,-0.31759962,-0.45219728,-0.00805537,0.21425444,-0.0995662
17674,-4.90526,-0.08418739,-0.8011678,-0.63972735,-0.2595492,0.07485052,0.08386885,-0.061397664,0.14529924,0.80354786,0.3685632
17675,-6.0813665,-0.30157205,-0.7673643,-0.8446652,-0.2966904,-0.21119575,0.024198618,-0.29005724,-0.060644142,0.5580735,0.6421849
17676,-5.6920357,-0.19043262,-0.9516807,-0.54750246,-0.22473983,-0.29390138,0.043249287,-0.12325434,0.02487803,0.5450165,0.2543037
17677,-5.2343063,-0.42685926,-1.0256956,-0.5239288,-0.16865811,-0.3795908,0.14890794,0.1897914,0.15383139,0.5242894,0.45665866
17678,-8.438222,-0.2820313,-1.4871042,-1.0435677,-0.12619765,-0.31097138,-0.065783106,-0.31720746,-0.28610224,0.34677863,0.70906013
17679,-4.828858,-0.46890524,-0.7696872,-0.04446187,-0.122281484,0.46755373,-0.3448245,-0.24656439,-0.22241107,0.32771033,0.09646582
17680,-4.812772,-0.1583219,-0.9460702,-0.8439262,-0.3131233,0.039948516,-0.03209716,-0.43140107,0.2566332,0.6260019,0.5481501
17681,-7.7667117,-0.33429366,-1.4786235,-0.62939703,0.37064487,0.6335931,-0.290904,-0.4062159,-0.04123506,0.36100894,0.20542097
17682,-5.8537006,-0.23580858,-0.7067798,-0.61962146,-0.44478327,-0.4022699,0.48706633,-0.32396457,-0.39214006,0.62329406,0.34143752
17683,-6.499073,-0.13518347,-1.1389557,-0.6224126,-0.15205958,-0.41087228,-0.068101496,0.017206604,-0.26447424,0.69371897,0.29177275
17684,-5.5816717,0.10785775,-1.4590714,-0.7724187,0.1660184,-0.033920817,-0.26523098,-0.22059634,0.16849944,0.48269537,0.23081163
17685,-5.465186,-0.18939203,-0.97325414,-0.6275304,0.18761814,0.07749284,-0.13253407,-0.15205099,0.048117757,0.19063511,0.2548101
17686,-8.406663,-0.30436167,-1.7629768,-1.3918616,-0.13618423,-0.2881685,0.2396589,-0.14892718,0.037398417,0.73225987,0.3310834
17687,-6.27657,-0.15373231,-1.2108566,-0.85597086,0.31565893,-0.026733894,-0.050518967,-0.25119746,0.33283317,0.7537816,0.1508046
17688,-5.334543,-0.064677194,-0.79928195,-0.6751191,-0.44801757,-0.2310181,0.41107115,-0.051131815,-0.2607783,0.35995656,0.62005776
17689,-5.4084835,-0.28570515,-1.0669081,-0.6353184,0.17920405,-0.1676816,-0.41106364,0.06326762,0.2298687,0.6786965,0.1015709
17690,-4.132193,0.16534834,-0.8457131,-0.4698379,-0.008346846,-0.009757016,-0.16330405,-0.013621461,-0.22365475,0.47714362,0.14205986
17691,-5.6454034,0.05718291,-1.1587101,-0.21427135,0.056797955,0.1928563,-0.04046597,-0.36196822,-0.024688838,0.60035133,0.4154937
17692,-5.819542,-0.18877769,-0.94151294,-0.545062,-0.40171236,-0.09348803,-0.16461366,-0.43619677,-0.050849445,0.4164992,0.43695703
17693,-6.9644313,0.0073435237,-1.5570872,-0.67870104,-0.09603573,-0.39695024,0.07102688,0.013146287,-0.1879039,0.064973325,0.3022157
17694,-7.005254,-0.34842142,-2.0472057,-1.1557105,-0.54587716,0.026353134,0.36673003,0.063521214,-0.1825373,0.42186987,0.5223768
17695,-6.630508,-0.37804228,-0.99272734,-0.9852421,-0.6782675,0.22324525,0.023016365,-0.3868863,0.11058116,0.64576346,0.5930606
17696,-5.254617,-0.09377671,-0.9084662,-0.4861603,-0.1773003,-0.37196773,-0.048457325,-0.062899075,-0.06855255,0.4070891,0.34145504
17697,-4.7601395,-0.09880465,-0.71861666,-0.26295295,-0.16992438,-0.176084,0.1468003,0.08586122,-0.18987156,0.44808048,0.14722142
17698,-6.447366,-0.406831,-1.1433724,-0.8926279,-0.34478799,0.29306632,-0.2124321,-0.78480756,-0.11764443,0.29883453,0.9099658
17699,-5.637416,-0.018592905,-1.4134609,-0.6640304,-0.21266498,0.37574345,0.047319088,-0.3609939,0.20889366,0.31622276,0.4760441
17700,-5.71317,-0.014286035,-0.8719113,-0.8306943,-0.8328043,-0.052642226,0.23898692,-0.14614807,-0.07943112,0.47830978,0.54020756
17701,-5.9866414,-0.10938109,-1.2098044,-0.31943068,-0.081027,-0.098117396,0.14158826,-0.20955515,-0.045613438,0.17050587,0.6126311
17702,-5.087264,0.06434634,-0.79768306,-0.46155575,-0.48636553,-0.049968913,0.13674095,-0.047620267,0.10988385,0.5408496,0.41802
17703,-4.994045,-0.040559877,-0.60234654,-0.36529958,-0.04664019,-0.12138207,0.14813311,-0.08700351,-0.12833904,0.30205336,0.4136239
17704,-7.542081,-0.16896623,-1.7682357,-0.8749936,0.10253709,0.20703827,-0.3056359,-0.6735591,-0.06867437,0.001674273,0.022558086
17705,-5.8447604,-0.10750676,-0.97805196,-0.80998725,-0.5982767,0.16475226,0.09528844,0.11257355,-0.11268169,0.55991584,0.36271358
17706,-5.662198,-0.35251686,-1.3111497,-0.9603244,-0.3635458,0.079850845,-0.42516452,-0.18687092,0.38815314,0.7489612,0.4867854
17707,-5.6830773,0.13179062,-1.1907792,-0.4791194,0.30899417,-0.04818614,-0.57813257,-0.42573622,-0.009208441,0.3067781,0.06778151
17708,-5.364935,-0.10705638,-1.4225708,-0.9431799,-0.12002822,-0.07375899,0.1130891,-0.5090374,-0.14794385,0.29225025,0.1449847
17709,-5.0404854,-0.29692352,-0.7963699,-0.7470864,-0.14004724,-0.019053202,-0.057548344,-0.27268863,-0.21610539,0.30765152,0.05312572
17710,-5.5944576,-0.15224959,-0.9994951,-0.7735143,0.0552563,-0.09608454,-0.22284365,-0.39848816,0.033443175,0.57680905,0.35181472
17711,-5.5742927,-0.25233468,-1.0540134,-0.6950731,0.33744586,-0.091024816,-0.195262,-0.5181431,0.2857589,0.098523036,0.058162346
17712,-6.353959,0.05057913,-1.0018384,-0.64552134,0.24918027,0.08337564,-0.28437907,-0.29517406,0.31372878,0.7406458,-0.089002356
17713,-5.9195433,-0.30601397,-1.1648114,-0.5232737,-0.2841962,-0.3132922,0.22892195,-0.19976489,0.18158536,0.66021794,0.46798098
17714,-6.507659,-0.24220039,-1.6464341,-1.0077822,-0.008370111,-0.3025204,-0.24885048,-0.12432278,0.36959836,0.49296045,0.22121614
17715,-6.6541862,-0.1182812,-1.2857941,-0.022396065,0.12327878,0.22252999,-0.0077369986,-0.41650975,-0.21670634,0.46908346,0.24436958
17716,-6.3923035,-0.106237374,-0.9143464,-0.40606472,-0.1358023,0.37752002,-0.1358921,-0.5719084,-0.18458389,0.62978333,0.35759127
17717,-6.623016,-0.20780739,-1.2404628,-0.58518153,0.0828922,-0.2793815,-0.20698681,0.14184731,-0.19459403,0.60398334,0.18344788
17718,-5.310426,0.038609277,-1.1358188,-0.6968958,-0.16669352,-0.11674142,0.27118406,0.097600356,0.08500379,0.6988568,0.23654835
17719,-5.585679,0.20623882,-0.8938029,-0.2517175,-0.05949848,-0.3507924,0.31699502,-0.33705705,-0.17353292,0.14367765,0.30406886
17720,-6.478897,-0.41734013,-1.2811645,-0.6792314,0.0465916,0.06913276,-0.039092794,-0.0067573134,-0.14227194,0.6401427,0.33863813
17721,-4.6892815,-0.12576604,-0.90297604,-0.45002988,0.2727274,0.15015191,-0.05313494,-0.449486,-0.047886655,-7.1654096e-05,0.11259206
17722,-4.893604,-0.0660618,-0.862904,-0.5611144,0.21784683,0.3663177,0.019813675,-0.1305317,-0.200156,-0.10645352,0.38437673
17723,-4.427863,0.006511527,-0.9522171,-0.7009254,-0.24385923,-0.053207386,0.09841075,-0.10428979,0.03838201,0.42890763,0.22730748
17724,-7.550639,-0.24202095,-1.4495174,-0.62142974,0.18717982,-0.7240135,-0.08696707,0.018801976,-0.2613559,0.55262446,-0.04638137
17725,-5.8629665,-0.06886692,-1.1153715,-0.21375726,0.24566247,0.1972737,0.06944439,-0.30076492,-0.14671256,0.006656348,0.2536119
17726,-5.693991,0.16046405,-0.89916235,-0.5396723,-0.22831239,-0.20146151,0.16161124,-0.15946662,-0.3528876,0.41226214,0.2934442
17727,-6.038422,-0.123520985,-1.4128753,-0.47060198,0.1387429,0.23776452,-0.10881336,0.048780516,-0.24651082,0.41674802,0.020920051
17728,-6.0678077,0.029530529,-1.0174644,-0.6602207,-0.05656524,0.28053802,-0.12186519,-0.72260106,-0.10522239,0.040978983,0.42949605
17729,-5.238996,0.03592159,-0.80705005,-0.48198062,0.14950259,-0.24714924,-0.1372202,-0.3766969,-0.3965935,0.3334709,0.11429286
17730,-5.5711102,-0.4424486,-1.5015101,-0.77713305,0.24144341,0.026096174,-0.015106629,-0.25266564,0.16063905,0.51772004,0.033872183
17731,-4.504443,-0.39178497,-1.0478156,-0.56560355,0.09289149,-0.09609675,0.09675598,-0.10718051,-0.050748147,0.44175428,0.120056145
17732,-4.4684677,-0.2255017,-1.0896028,-0.69546235,-0.067504615,-0.06663893,-0.2924395,-0.1701435,-0.0063514896,0.34260347,0.016025588
17733,-4.4951506,0.015082197,-0.9023706,-0.5121824,-0.11562195,0.016268766,-0.20559527,-0.16735466,-0.061630532,0.46241167,0.28042316
17734,-6.1189017,0.11748238,-0.9353858,-0.49334198,-0.1613588,-0.38348943,0.023058333,-0.12832682,-0.40067118,0.32907626,0.47667053
17735,-4.38721,-0.048699357,-0.93288994,-0.59087884,0.04262415,-0.12289573,-0.13569732,-0.17593497,0.19525343,0.44059736,0.18521449
17736,-6.2335706,-0.067688055,-0.8136448,-0.79461604,-0.60922927,-0.11176438,-0.017549552,-0.03969398,-0.17125335,0.3582844,0.5645956
17737,-5.908146,0.20218512,-1.257041,-0.3462801,0.025421338,-0.15062729,0.03915327,-0.10749745,-0.31806782,0.520347,0.20790166
17738,-5.2551346,-0.13508573,-0.96275985,-0.38848516,0.02976054,0.11985553,0.16167521,-0.10490217,-0.080613025,0.6822844,0.38555214
17739,-5.169734,-0.13931286,-0.7262668,-0.86963284,-0.5252131,-0.08891943,0.115966804,-0.11496215,-0.05998733,0.31351125,0.23188461
17740,-6.090012,-0.1970123,-0.8131661,-0.48019692,-0.4007418,-0.14930852,0.20909517,0.037532974,-0.43229377,0.13346162,0.5309837
17741,-6.5399847,0.01996946,-1.4924477,-1.0030041,-0.6778084,0.07231131,-0.25660682,-0.16705438,0.02513829,0.5678566,0.5298228
17742,-5.9744678,-0.329691,-1.4914024,-0.5046737,-0.432812,-0.10436717,0.35482746,0.2009474,-0.2420186,0.4375433,0.8147059
17743,-6.565651,-0.38330558,-1.0856079,-0.7964013,-0.2939842,0.0023506354,-0.03596484,-0.18820369,-0.23297589,0.4438468,0.31063306
17744,-5.9813595,0.06635031,-1.1724672,-0.74069035,-0.45689508,0.62510806,0.24295044,-0.43377954,-0.09782395,0.4565424,0.3514697
17745,-5.8026996,0.054593287,-1.1410785,-0.3101756,-0.21631093,-0.4568799,-0.07535132,0.09190762,-0.2959922,0.45208025,0.04794922
17746,-3.934941,-0.052599914,-0.6462397,-0.13668956,0.0030629681,-0.051187705,-0.16172993,0.12906586,-0.102268055,0.27222452,0.21715672
17747,-4.5092854,-0.012409124,-0.9604792,-0.4515897,-0.29970333,0.057270102,-0.08152551,-0.023794109,0.07120957,0.4638142,0.08207279
17748,-6.05483,0.20504361,-1.1552219,-0.68524504,-0.15094784,0.17051396,-0.1311362,0.17046957,-0.1400099,0.3190326,0.7072004
17749,-6.284331,-0.014983079,-1.1778278,-0.46245265,-0.30237377,0.13280986,0.43563738,-0.23321162,-0.097071536,0.2872852,0.49696597
17750,-6.0568147,-0.10658728,-1.2807382,-0.88265723,0.11260667,-0.053288996,-0.32854334,-0.375193,-0.028474065,0.5150719,0.19314688
17751,-6.014418,-0.16124856,-1.4735761,-0.8083834,0.55783165,-0.1356406,-0.52758884,-0.033754088,-0.103039436,0.38736898,-0.13217396
17752,-7.247371,0.22412008,-1.4641762,-0.3959212,0.078736134,-0.20618878,-0.19122158,-0.1556646,-0.2938471,0.3916134,0.22045746
17753,-5.7576404,0.19335099,-1.0388829,-0.7429423,0.102479056,-0.022490034,-0.25867602,-0.38408464,0.056727283,0.27152193,0.1039747
17754,-8.751929,-0.26082727,-1.8886619,-1.2269882,-0.5561375,0.012172066,0.022946805,-0.5537865,0.13644658,0.38380772,1.0917245
17755,-5.2078648,-0.14251079,-1.1148344,-0.44180286,-0.34848192,-0.05837366,0.061714124,0.008915775,-0.30399653,0.32132325,0.59858876
17756,-4.5806403,-0.24582209,-0.68724114,-0.44267657,-0.08938946,-0.02250237,0.21012992,0.39612615,-0.11074735,0.54170364,0.4118941
17757,-6.953691,0.08926481,-1.035044,-0.60732836,-0.35524452,-0.16994062,-0.06146469,-0.06380708,-0.024883432,0.43244892,0.7976937
17758,-5.319102,-0.1084869,-1.0147444,-0.776461,0.11266038,-0.27184385,-0.06237708,-0.29628974,-0.008485895,0.41885394,0.014063256
17759,-5.684754,-0.23433262,-1.3250967,-0.7448438,-0.30062282,0.094450936,-0.20281991,0.047458388,0.06038578,0.72963804,0.15668733
17760,-7.1916103,-0.097988024,-1.1164823,-1.3275696,-0.26236436,0.14253587,0.2246139,-0.4118954,0.3512073,0.6559279,0.72364664
17761,-5.2090864,0.09775509,-1.1162759,-0.6207274,-0.30197844,0.040989883,0.0075315842,-0.25807333,0.14939624,0.38219175,0.49941254
17762,-5.9244514,-0.26437104,-1.0501142,-0.5752178,0.08057931,-0.19315736,0.067625105,-0.37431255,-0.15194474,0.69986975,0.18504697
17763,-6.5074277,-0.06107446,-0.96829087,-0.6790841,-0.09070849,0.09299489,0.2605496,0.02395248,-0.07654108,0.68963486,0.47201422
17764,-7.220888,0.115526766,-1.5795571,-0.912457,0.26529136,0.11431252,-0.3751797,-0.47789925,0.19854116,0.38634074,0.32418787
17765,-4.0686307,-0.19146755,-0.49157846,-0.32066584,-0.26181385,-0.15718552,0.04712727,-0.23161,-0.2794341,0.2861926,0.31382304
17766,-6.3889637,-0.34444463,-1.2581881,-1.1160531,0.30257726,0.046921954,-0.20867865,-0.26849923,0.16822045,0.47255662,0.05789944
17767,-4.953184,-0.10023633,-0.9011378,-0.6458486,-0.14397703,-0.030193519,0.049800925,-0.07349071,0.10619679,0.45596227,0.24318036
17768,-7.265568,-0.43109548,-1.4194793,-1.1314343,0.106378496,0.20547579,-0.30779356,-0.7442532,0.3325625,1.092766,0.0117522925
17769,-6.5902653,-0.20482269,-1.8927406,-1.0500385,0.2938861,0.03864318,-0.11694705,-0.0047105,0.04573922,0.5782093,0.46881574
17770,-4.327491,-0.019596856,-1.0925138,-0.5367839,-0.38092422,-0.11104006,-0.011131301,-0.15166207,-0.11381067,0.45695275,0.25271887
17771,-4.4751453,-0.05272979,-0.9506451,-0.30842626,0.02507915,-0.28117138,-0.020919174,-0.15491907,-0.28674635,0.14794028,0.121494055
17772,-4.734433,-0.094800204,-1.0855707,-0.6902168,-0.17985946,0.13104744,-0.06895606,-0.41787526,-0.04220441,0.6510155,0.28939652
17773,-6.038545,-0.26710576,-0.7024937,-0.7477897,-0.636132,0.14478923,-0.2877833,-0.51142085,0.07527358,0.18541582,0.44121516
17774,-5.7873983,-0.08722074,-1.2623167,-0.13085975,-0.020637082,0.13652653,-0.119613014,0.21276276,-0.07761103,0.3039801,0.38393548
17775,-6.2928433,0.054084424,-0.7243462,-0.43745968,-0.24849623,-0.47779608,0.24421568,0.13545422,-0.23902659,0.5032001,0.36525416
17776,-6.760363,-0.19498262,-1.4296391,-0.70959973,0.2677101,0.00044413563,-0.08186716,0.09898122,0.22589935,0.40022236,0.41649958
17777,-5.5907054,-0.22937888,-1.3361728,-0.46512842,-0.11749343,0.24582991,-0.25789607,-0.23150949,0.0055574123,0.29336292,0.22976135
17778,-4.805954,-0.24017106,-0.9062966,-0.61765325,-0.0008406332,-0.14956617,-0.057155915,0.0454052,-0.17565538,0.34349898,0.2722247
17779,-7.3637176,-0.32096455,-1.0113928,-0.9105182,-0.38354188,-0.32981908,0.301196,-0.07629859,-0.18737681,0.450615,1.0283616
17780,-4.999774,-0.052071825,-0.92939574,-0.7188696,0.35266024,-0.020728957,-0.34268746,-0.23241308,0.08847493,0.14437477,-0.030518346
17781,-4.651754,0.030829027,-1.1385827,-0.8875498,-0.5307198,0.08219637,-0.13008109,-0.23399161,0.31205386,0.59963626,0.47817606
17782,-7.590319,-0.15668039,-1.6511271,-0.1764133,0.34311157,0.61243844,-0.043322004,0.15237299,-0.05868271,0.74803287,0.3173142
17783,-4.799543,-0.1900695,-0.8762099,-0.57436395,-0.31733832,0.06479488,-0.0842847,-0.31707206,0.06047163,0.8494397,0.5493803
17784,-5.677138,-0.13412116,-0.90212107,-0.37763226,-0.08062215,-0.015794922,0.1467538,-0.09160926,-0.23460393,0.2653152,0.5148187
17785,-6.560268,-0.13641432,-1.1494576,-0.6156975,-0.25531065,-0.4242581,0.016403768,0.0807935,-0.29645184,0.74894726,0.27998036
17786,-5.721225,-0.19018935,-0.96431935,-0.6408012,0.17197298,0.028991096,-0.17156775,-0.4793224,0.05556359,0.60782903,0.40981978
17787,-7.03856,-0.29986367,-1.315494,-0.87340343,-0.6170971,-0.053569525,0.12652433,-0.30597013,-0.051881425,0.47758716,0.64384156
17788,-6.062479,-0.06312392,-1.1426268,-0.70888877,-0.23973899,-0.06740504,0.2731095,-0.09672811,-0.0559213,0.16161661,0.30135244
17789,-4.8504405,0.031193,-0.39236712,-0.75833905,-0.47127676,-0.08553298,0.10390476,-0.09904566,-0.0894075,0.19041862,0.22729838
17790,-7.931882,-0.2698774,-1.5554885,-0.6106519,0.012577873,0.734746,-0.28102207,-0.05350972,0.15445682,0.897364,0.43741903
17791,-5.835682,-0.019971956,-0.9562781,-0.5685447,-0.18172215,-0.16681872,0.18717475,-0.0708841,-0.28509328,0.1827288,0.213884
17792,-4.740924,-0.19116221,-0.96035504,-0.93118954,-0.4699708,-0.13791321,-0.27517807,-0.32989803,0.41874298,0.8290799,0.4557847
17793,-6.0665426,-0.22633712,-1.2465845,-1.1237688,-0.23342653,0.0023193317,0.138353,-0.4645755,-0.018264884,0.19894397,0.35246786
17794,-4.8397007,0.01891186,-1.095587,-0.43154496,-0.24741349,-0.07820883,-0.0020132186,-0.098610975,-0.19392724,0.44044822,0.13893653
17795,-5.02054,-0.043025013,-1.1434975,-0.34350532,-0.14292134,-0.30955374,0.03518282,0.10768188,-0.3889255,0.37571716,0.10483259
17796,-5.86449,-0.20258237,-1.3393006,-0.49843162,-0.4477461,-0.17488539,0.34835976,-0.055581935,-0.37677616,0.654443,0.62622476
17797,-3.5093553,-0.0477755,-0.75947475,-0.57595015,-0.040517755,-0.007955451,-0.1336577,-0.20967393,0.015416495,0.3774921,0.088106714
17798,-5.340103,-0.033130914,-1.4822595,-0.6420383,-0.20261785,-0.20953356,-0.028427191,-0.08177414,-0.029952435,0.47782552,0.28331265
17799,-7.2491665,0.22911872,-1.1102316,-0.8654682,-0.2547381,-0.53342015,0.2229746,-0.10504842,0.057947934,0.75840205,0.292971
17800,-6.665088,-0.022671156,-0.9420314,-0.70557547,-0.3048501,-0.2432649,-0.012851152,-0.40179628,-0.08585533,0.2182025,0.109094895
17801,-5.114744,-0.021936037,-0.94250757,-0.37177914,-0.059734896,-0.024448276,0.087135345,-0.038680926,0.08765467,0.59948033,0.2928941
17802,-7.4299746,-0.025496308,-1.348006,-0.83749956,-0.022760417,-0.10839602,-0.27009276,-0.04829985,0.06396742,0.62851703,0.30419764
17803,-6.5434194,-0.20816465,-1.5243031,-0.6671439,-0.58582705,-0.43026143,0.2334995,-0.046890087,-0.3469504,0.47154146,0.62893766
17804,-6.696605,-0.22250059,-0.9245503,-0.42593122,-0.32693827,0.21761443,0.13375771,-0.07994082,-0.38182056,0.56237525,0.35715702
17805,-5.115203,0.0066676717,-0.8175417,-0.46179923,-0.3216905,-0.18344182,0.0873246,0.11196437,0.0057542687,0.70962155,0.25851548
17806,-5.433898,-0.06047636,-1.3637377,-0.95747614,0.018709494,-0.029519688,-0.20191543,-0.14585598,0.14698139,0.4060325,0.25666463
17807,-6.7791123,-0.15669887,-1.2523004,-0.3994975,0.16858746,-0.24222153,-0.20667039,-0.28448313,-0.14814931,0.040594973,0.5212924
17808,-8.324289,-0.047540884,-1.1561399,-0.79526836,0.022632226,-0.15406688,-0.3496194,-0.38871557,0.07227209,0.6012889,0.06241633
17809,-5.897038,-0.19623004,-0.8381025,-0.5875377,-0.1836646,-0.013468485,0.15654138,-0.51716614,-0.1732181,0.14986192,0.20627141
17810,-5.7208443,-0.14072117,-1.5300773,-0.7176482,0.094351426,-0.107031934,-0.07631562,-0.16632116,0.19543119,0.32613125,0.5518437
17811,-5.7241673,-0.06203385,-1.32445,0.028174005,-0.17517902,-0.102132626,0.25503388,-0.087447025,-0.3998207,0.1696353,0.2658749
17812,-7.975286,-0.21016593,-1.7207674,-1.3619825,-0.1022123,-0.47927582,-0.14438337,-0.35423806,0.20261548,0.3457862,0.35401374
17813,-4.880239,-0.09511233,-0.7798992,-0.40317932,-0.24015827,-0.0071033714,-0.109109245,-0.13001408,-0.19604616,0.31668052,0.12104994
17814,-5.9820657,-0.025447227,-1.3318305,-0.58107805,-0.31285924,-0.18508835,-0.029840134,-0.24028951,0.033657145,0.70197576,0.31722277
17815,-5.8716636,0.16639535,-1.2527049,-0.17288798,-0.101740554,0.23725614,0.46708757,-0.16372414,-0.080797076,0.5242614,0.20405246
17816,-5.3990183,0.03998772,-1.0361514,-0.31565383,0.4103614,0.13112989,-0.3406174,0.19904393,-0.09383397,0.18698251,-0.033607855
17817,-6.479553,-0.35416076,-1.4113611,-1.0069674,-0.26513082,-0.29879886,0.064264245,-0.032686874,-0.20898424,0.8145717,0.3160459
17818,-5.1605444,-0.1699549,-0.83952594,-0.4987455,-0.37715507,0.12692681,0.21573655,0.07398977,-0.14402743,0.37242788,0.35027698
17819,-5.6060557,-0.06366761,-1.3155913,-0.5185855,0.15271102,-0.2364557,-0.016215678,-0.20146726,-0.07295089,0.7105123,0.015067299
17820,-5.156227,0.044147223,-0.6541588,-0.47198173,-0.13313745,-0.24609889,0.21623586,-0.2851878,-0.38702035,0.29379916,0.49649578
17821,-6.6721196,-0.27326676,-0.7719124,-0.6856162,-0.6077931,-0.2156722,0.13616976,-0.84092814,-0.36403394,0.19374907,0.55884683
17822,-6.757936,-0.16879295,-1.4428363,-0.7559823,0.24449825,-0.44416744,-0.2672535,-0.123676874,0.1588597,0.23371902,-0.03276983
17823,-6.3379135,-0.37519947,-1.7717427,-0.828371,0.14387114,0.30513752,-0.11323447,-0.34462512,0.31414875,0.74669266,0.15748793
17824,-5.8654146,-0.03953933,-1.3144563,-0.58773553,0.07320643,0.27867693,0.4136899,0.09719636,0.05368098,0.21728423,0.13600677
17825,-4.7414765,-0.17044365,-0.9384957,-0.67692614,0.06218116,-0.10952575,-0.20280086,-0.28657588,-0.106979184,0.5783483,-0.13238671
17826,-6.1946697,0.21109137,-1.2175444,-0.80968636,0.0003926577,-0.38572603,-0.41573516,-0.37691772,-0.040727228,0.3176435,0.15261722
17827,-7.1200113,-0.26305065,-1.3195884,-1.1419293,-0.30539063,0.2816795,0.0022117626,-0.33901316,0.14102738,0.8996756,0.07857342
17828,-4.260509,0.084242776,-1.0344394,-0.553837,0.1658113,0.0535593,-0.18401495,-0.026352206,-0.12858844,0.24689423,0.16514574
17829,-6.9603825,-0.3147349,-1.4706267,-0.93599874,0.08971117,0.054241758,0.009373166,-0.19150998,0.11879061,0.22890814,0.068869635
17830,-7.40102,0.22893561,-1.1557752,-0.6607572,-0.38536462,0.18813197,0.55481565,-0.121899955,-0.5279654,0.29396766,0.6865777
17831,-6.0169725,-0.24052902,-1.4909177,-0.87469906,0.095975995,0.22367573,-0.21675323,-0.2637289,0.040612888,0.34954688,-0.039794896
17832,-6.562818,-0.2457092,-1.4526224,-0.6500644,0.50249213,-0.04981786,-0.17619395,0.087662324,0.08976864,0.53009754,0.34048736
17833,-5.9610815,0.078892015,-0.9035926,-0.41686362,0.23501994,-0.14938916,-0.15536785,-0.21769829,-0.17073248,0.45886362,0.17943269
17834,-5.635423,-0.042919345,-0.7932437,-0.4147816,-0.344075,-0.30945134,-0.058359027,-0.21876578,-0.17763925,0.41907626,0.5778978
17835,-4.9653573,-0.21854235,-0.7329244,-0.55386436,-0.5071913,-0.37035185,0.16217564,-0.49567667,-0.107447416,0.10365934,0.5268061
17836,-5.2921033,-0.24444704,-1.0358169,-0.46406758,0.10381154,-0.2174187,-0.08677013,0.0415741,-0.2710858,0.5752386,-0.012561335
17837,-4.476537,-0.118753895,-0.8152505,-0.42606434,-0.27302846,0.07544147,-0.059387967,-0.33281812,0.14442047,0.21144943,0.16215155
17838,-6.3459883,-0.100357436,-0.89172053,-0.8852697,-0.099690974,-0.32710934,0.09756055,-0.081762396,-0.06758217,0.4064345,0.25754946
17839,-6.068666,-0.20319864,-1.1210798,-0.6143514,0.21031596,0.30023515,-0.055375203,-0.24242225,0.18899585,0.11358947,0.46674842
17840,-5.468939,-0.182296,-1.3767885,-0.86806977,0.20060784,0.33005017,-0.1687019,-0.7216443,0.28040114,0.7172804,0.35144332
17841,-5.7778106,-0.16883823,-0.95714056,-0.61402285,-0.034507774,-0.04016641,0.1711895,-0.32100087,-0.03795042,0.64386874,0.4045805
17842,-5.015878,-0.12493102,-1.1780183,-0.55065984,-0.25555104,0.40219402,-0.16926007,-0.48615953,0.2450573,0.48166972,0.09056931
17843,-6.4283576,0.045882225,-0.7330668,-0.7504739,0.04030475,-0.22186753,-0.14340216,-0.18005407,-0.17709224,-0.0853063,0.16679119
17844,-4.670684,-0.14747688,-0.6790346,-0.5519658,-0.33023512,0.042064417,0.15550196,-0.19956839,-0.06323789,0.21966547,0.34320426
17845,-5.6088614,0.008636146,-1.3096153,-0.82906306,0.111351274,-0.020348143,-0.50930417,-0.09697912,0.19210818,0.2698963,0.17295127
17846,-4.8985023,0.0036961935,-0.7835951,-0.5151411,-0.16752835,-0.13685754,0.2441918,0.0452893,-0.0839456,0.30169418,0.17413448
17847,-4.467978,0.053297646,-0.89426756,-0.41975835,-0.40642598,0.13786642,-0.13930964,-0.13753174,0.05432482,0.54285073,0.2464271
17848,-5.5142145,-0.4119767,-0.8735452,-0.87580055,-0.35259905,0.15279135,0.019601896,-0.09863513,0.20333204,0.89753985,0.612939
17849,-4.6355357,-0.08583792,-0.9228742,-0.6027664,-0.105889946,-0.14039229,-0.23649836,-0.41452003,-0.21727288,0.2682314,0.20648257
17850,-5.593188,-0.19645649,-1.3560913,-0.7298222,-0.47884896,-0.044590417,-0.14581855,-0.056220762,-0.18668425,0.44251916,0.5060866
17851,-5.577526,-0.2773124,-1.2206707,-0.9432118,-0.03224483,-0.43973196,-0.10447721,-0.07174453,0.046857692,0.6971456,-0.02155846
17852,-6.047531,0.13077088,-1.3596214,-0.91390735,-0.10060996,-0.22414157,-0.38592428,-0.39427626,0.4302627,0.7673434,0.25860158
17853,-6.6145015,-0.19956958,-1.6684815,-0.61827505,0.049416397,0.13411936,0.09967787,-0.03384591,-0.08725427,0.48296914,0.4518374
17854,-5.00443,-0.13081701,-0.9890294,-0.32090172,0.13490517,-0.47709537,-0.06001541,0.012171656,-0.09768155,0.06727941,0.22796136
17855,-6.519558,-0.25470456,-1.0986246,-0.9313809,0.2648037,0.4116541,-0.0793579,-0.13982597,0.2998468,0.63940424,0.61594456
17856,-6.01673,0.028248314,-1.4315872,-0.670532,0.18543032,-0.02181379,-0.24748261,-0.163814,-0.031440936,0.36120012,0.38594264
17857,-4.5572834,-0.13429669,-0.9051517,-0.46607065,-0.112715736,-0.092512384,0.05874312,-0.06736384,-0.12450452,0.08288763,0.16965458
17858,-6.0442348,0.015866334,-1.5081033,-0.67865753,-0.03677837,-0.103727914,-0.08145963,-0.19314766,-0.09206677,0.543435,0.32736018
17859,-6.84535,-0.38025674,-0.85133487,-0.4281774,-0.052307885,0.45835465,-0.42327127,-0.45522127,-0.2873259,0.12774315,-0.15183915
17860,-5.5241036,-0.2715074,-1.0598241,-0.7291742,-0.1419752,-0.32239145,-0.17070906,-0.16687109,0.00013206154,0.3969988,0.5121394
17861,-5.711209,-0.14259404,-1.2260437,-0.59351605,0.26895288,0.23389533,-0.009396848,-0.23124026,0.0060263695,0.22924012,0.09075205
17862,-5.600041,-0.068700194,-1.369883,-0.3179563,0.1814069,0.11760243,-0.11506877,0.08325899,-0.10255981,0.1565565,0.14264983
17863,-4.900686,-0.0705661,-0.9694489,-0.3131846,0.049557753,0.25737792,0.1313067,0.33571258,0.057970352,0.5328354,0.38899714
17864,-5.3687243,-0.36201558,-1.1170574,-0.46822792,-0.021189697,0.45243508,0.19569923,0.02709913,-0.17944472,0.25173452,0.2872391
17865,-6.319494,-0.4511157,-0.9632384,-0.7399819,-0.8489009,-0.3369121,0.28787848,-0.050837137,-0.14542283,0.3010864,0.33882755
17866,-6.905318,0.2565655,-1.4489537,-0.6618842,0.14437814,-0.20558706,-0.30419552,0.07750919,-0.050228417,0.18531068,0.2957072
17867,-4.5718493,0.33742672,-0.8004191,-0.4121641,-0.03330258,-0.039110266,0.21606973,-0.41237554,-0.044906117,0.32740295,0.2947325
17868,-5.3708425,-0.050532885,-0.9934147,-0.5096891,0.11496959,-0.06698941,-0.18614657,0.052162655,-0.12973997,0.45591104,0.34799808
17869,-4.90671,-0.13667701,-0.7964754,-0.772424,0.18591344,0.088810176,-0.017960042,-0.11410749,0.10232573,0.7682098,0.40117228
17870,-5.0321836,-0.04172313,-0.8142397,-0.63844955,-0.5460738,-0.19563873,-0.062898144,-0.50167483,0.11340526,0.61227465,0.54416025
17871,-4.66042,-0.08874936,-1.1677217,-0.63172346,0.1181446,0.012009282,-0.015109609,-0.34995264,0.002768389,0.36708578,0.22808534
17872,-6.5769644,0.047214583,-1.4421368,-0.7280219,-0.30071896,0.0491475,0.033071842,-0.53314686,-0.22963816,0.51954937,0.3190396
17873,-5.7462177,-0.19399492,-1.0523518,-0.7404983,-0.01349622,0.115842484,0.012575533,-0.3925693,0.19812854,0.40673682,0.5973061
17874,-4.2859635,-0.18381362,-0.67625624,-0.6779426,-0.25131574,-0.13191521,0.058044333,-0.14782181,0.16883177,0.46776843,0.33527163
17875,-5.311765,-0.18609118,-0.89602727,-0.8463298,-0.2735555,-0.10787458,0.24973091,-0.05032883,-0.009632817,0.609178,0.48707968
17876,-6.3773904,-0.47489735,-1.382396,-0.90167826,0.08338599,0.6111143,0.015729144,0.024998128,0.1537125,1.2358437,0.72330534
17877,-6.5731835,-0.09861383,-1.4950011,-0.89635116,-0.063514404,0.056390252,-0.21735322,-0.3952944,0.12437681,1.1181488,0.3549299
17878,-5.7286315,-0.27744403,-0.92403835,-0.69449145,-0.14226925,0.11033162,0.11067641,-0.15603884,-0.23541035,0.56731325,0.70192814
17879,-5.099687,-0.074667595,-1.1785823,-0.70338976,-0.16699599,0.18081312,-0.2875819,-0.36559463,0.38346174,0.57391,0.22703125
17880,-6.2984543,-0.1293097,-1.1663847,-0.49582332,-0.27088702,0.2657913,0.5650207,-0.010045351,0.0071234126,0.36176813,0.27473852
17881,-6.41956,-0.10574061,-1.381331,-0.9729624,0.15568557,0.17427658,0.09383607,-0.30800155,0.08047877,0.10479921,0.30313253
17882,-5.01709,0.056942955,-1.2076573,-0.62821066,0.098488495,-0.17183366,-0.20954008,-0.16054548,-0.08773734,-6.718468e-05,0.3239706
17883,-7.649638,-0.61710155,-2.027797,-0.9825153,0.74122334,0.23243442,-0.41356656,-0.2740797,0.28610694,0.31438008,0.5817577
17884,-7.0497456,-0.13407224,-1.343758,-0.21576749,0.0031841057,0.26830435,-0.08311846,-0.5014494,-0.118643805,0.1586956,0.14787185
17885,-3.5550241,-0.094703175,-0.981176,-0.60173154,0.029266268,0.033401996,-0.059949815,-0.3747349,-0.072395995,0.39077923,0.25395682
17886,-6.406591,-0.4293152,-1.0400037,-0.31984663,-0.6226481,-0.1491044,-0.23762086,0.4694611,-0.19072123,0.5695409,0.7165307
17887,-6.2381124,-0.32826188,-1.1992418,-0.4387781,-0.47130087,-0.20048513,0.41519654,-0.07851093,-0.21630509,0.62300724,0.37659588
17888,-7.650043,0.0028713178,-1.556828,-0.9641968,-0.09343053,0.20491612,0.18392862,-0.8416226,0.32743508,0.6421686,0.37339354
17889,-5.373362,-0.23237754,-1.1071658,-0.6900255,-0.30024114,0.33271658,0.01942359,-0.22633842,0.1664078,0.5204559,0.3882742
17890,-4.5202956,-0.19762574,-0.99414515,-0.22198446,0.099910796,0.041606646,-0.18330356,0.012742265,-0.11841828,0.13688943,0.06711183
17891,-5.532084,-0.22924383,-1.3519949,-0.5487681,-0.015653556,0.27266872,0.020598045,-0.3051228,0.13067123,0.22864799,0.15316217
17892,-4.8483057,-0.22453737,-0.7729488,-0.7457335,-0.07213047,0.048844248,0.011606528,-0.10080885,0.059024043,0.5772981,0.39846393
17893,-6.3248954,-0.16242641,-1.8116602,-0.45847574,0.27399477,-0.118691325,-0.08825907,-0.10180147,0.100618884,0.19303104,0.37017044
17894,-6.0288167,-0.4301162,-1.2868745,-1.0532842,-0.14263974,0.07507904,-0.33295038,-0.07004135,0.77687925,1.0312866,0.38295135
17895,-7.2585278,-0.36911738,-1.2511474,-0.9580228,-0.47432238,0.021050282,-0.08902808,-0.67244345,0.2715992,1.0208876,0.40573677
17896,-6.4613004,-0.1812808,-1.193321,-0.5803851,0.15860686,-0.14303456,-0.1983553,-0.7049768,-0.015456608,0.19712926,0.35198945
17897,-5.0804224,-0.018266633,-0.76617694,-0.47520137,0.12495781,0.057371043,-0.18127313,-0.24620411,0.095156625,0.25767693,-0.021506645
17898,-5.189643,0.11038271,-0.9915945,-0.4407595,0.23894382,-0.15267965,-0.2241898,0.25145045,0.052759364,0.3537942,0.31253186
17899,-5.554291,-0.23005868,-1.0649332,-0.7065973,-0.16600476,0.42292202,-0.23477967,-0.15894787,0.06830628,0.4765838,0.3546832
17900,-5.780906,-0.3962789,-0.9036224,-0.7222372,-0.40900826,-0.10813522,0.15592688,-0.3085427,-0.032460026,0.50630087,0.6086421
17901,-5.1183143,-0.069389954,-1.278598,-0.353521,-0.060273223,-0.07312692,-0.36370164,0.12799665,-0.18756995,0.23283267,0.22355531
17902,-4.2484665,-0.14493823,-0.87042224,-0.48893535,0.012240713,-0.1828463,-0.016857665,0.10951628,-0.17422573,0.4429484,0.1226121
17903,-6.2319913,0.047929283,-1.0640918,-0.63982135,0.08867584,-0.017107349,-0.12832841,-0.20729272,-0.18049385,0.25393462,0.03736869
17904,-6.02556,-0.023658872,-1.2459557,-0.5272203,-0.33255053,0.13504043,-0.09794705,0.10750037,-0.19904074,0.59158576,0.5546247
17905,-6.1537104,-0.215003,-1.2255231,-0.38725242,0.27414754,0.52035046,-0.382801,0.14881088,-0.041498482,0.24480164,0.21398099
17906,-5.457235,-0.11027441,-1.0191196,-0.6261426,-0.48522553,0.064814776,-0.1030751,0.123898625,-0.020729499,0.5801391,0.2581669
17907,-7.033623,-0.31590778,-1.2752929,-0.7388104,-0.1944597,0.28959817,-0.06876499,-0.32605365,-0.072427,0.4773526,0.28433165
17908,-5.9768744,-0.0012946045,-1.0436635,-0.5882364,-0.56336576,-0.2705952,0.22906137,-0.28503495,0.0053483294,0.45118144,0.7937054
17909,-4.025877,-0.004633366,-0.6322935,-0.6614779,-0.080370195,-0.13277993,0.006065027,-0.38378227,-0.110679254,0.49449313,0.33261722
17910,-3.9345336,-0.0122643495,-0.7242171,-0.4921323,-0.008024555,0.038738757,-0.20222683,-0.39675778,0.068755716,0.22874095,0.13530599
17911,-7.8522887,-0.3491571,-1.4077653,-1.0012496,-0.010480152,-0.2890966,-0.28243986,-0.17990148,0.23680907,0.5901616,0.25673652
17912,-4.7574024,-0.16880195,-0.9323686,-0.87059927,-0.1888792,0.029186836,0.19760045,-0.28695774,0.0015907716,0.2188289,0.62182873
17913,-4.500884,-0.05231547,-1.1973594,-0.3952348,-0.06961978,0.12185453,-0.055098444,-0.10032239,0.095745,0.5364151,0.18068908
17914,-5.72741,-0.29399425,-1.0724499,-0.9634399,-0.06212938,0.19831948,-0.034522284,-0.3361101,-0.0575917,0.26167732,0.37902728
17915,-6.6449175,-0.091493346,-1.3617233,-1.0586685,0.3862635,-0.32562655,-0.1652118,-0.09716403,0.110192366,0.9352416,0.18027672
17916,-4.663429,0.0006491188,-0.8328395,-0.55311763,0.3222227,0.030047635,-0.043166805,-0.17484745,-0.09798332,-0.07317834,0.3385815
17917,-5.128242,-0.24839984,-1.168683,-0.4370168,0.06696015,0.12579036,0.08716328,0.09853014,-0.07880103,0.42707556,0.231914
17918,-5.635041,-0.10820678,-0.71096206,-0.7767326,-0.52621704,-0.1651702,0.073073894,-0.32902464,0.11550768,0.2612136,0.2656893
17919,-5.2572775,-0.092369385,-1.1775564,-0.3094536,0.5140271,0.09111408,-0.12658003,0.052526787,-0.098491095,0.6101822,-0.17735203
17920,-7.404074,-0.26832196,-1.4664236,-1.0300733,-0.05647362,0.20731667,-0.06709034,-0.29260916,-0.06659533,0.43084684,0.53656375
17921,-5.112505,-0.046866253,-1.1685992,-0.52116704,-0.08596006,0.15222414,0.28394637,-0.076906644,0.04806952,0.23091578,0.329372
17922,-4.5576453,-0.08044767,-0.9881129,-0.7363421,-0.17205374,-0.33886278,-0.07962459,-0.09848833,0.06551619,0.37084273,0.102525525
17923,-5.7725105,-0.27531385,-1.4985361,-0.6469314,-0.18363948,0.25779366,-0.034626555,-0.45728123,-0.052251577,0.39937615,0.43650904
17924,-5.7430873,0.0995449,-1.3985842,-0.8388805,0.09580513,-0.033806145,-0.25294438,-0.35814548,-0.039776802,0.33389184,0.49405375
17925,-5.228331,-0.18970981,-1.2680314,-0.7813174,-0.12649696,0.1118414,-0.10861433,-0.10084702,0.26341736,0.6340233,0.15191332
17926,-6.641681,-0.011390136,-1.1130584,-0.55789024,-0.14351332,0.0700921,0.26140445,-0.24421301,-0.05358205,0.7353049,0.33020294
17927,-9.50572,-0.1519961,-2.0528276,-0.115382046,-0.012298286,0.22804907,-0.19839346,0.00621722,-0.6105775,0.25219202,0.2902863
17928,-4.1455536,-0.23525095,-0.6215848,-0.43109682,-0.2357992,-0.08851231,0.07252773,-0.2041581,-0.24538268,0.30749843,0.2850774
17929,-5.7020025,-0.4714033,-1.2860913,-0.59480315,0.3111712,0.36857665,-0.275597,-0.2902176,-0.062088892,0.22577736,0.37679794
17930,-6.7875504,-0.15545821,-1.3705297,-0.7131714,0.1099027,-0.42604172,0.2006391,-0.19965799,-0.18833424,0.3180391,0.17015554
17931,-7.633416,-0.50338614,-1.2285328,-0.54354006,-0.022208616,-0.078442894,-0.39497417,-0.42085534,-0.23139468,0.78610367,0.4313963
17932,-5.6660824,-0.105905004,-1.0634135,-0.95039696,-0.13614589,-0.10240549,-0.042914942,-0.15805334,-0.03124732,0.41197678,0.3420491
17933,-4.711962,-0.029346883,-1.2595581,-0.6253762,0.16962528,0.1088367,-0.06515937,0.022178616,0.039839566,0.68031853,0.33377498
17934,-4.9354286,-0.15159822,-1.2973578,-0.420294,0.112921245,0.018652577,-0.20580323,-0.23492295,-0.17848359,0.23842992,0.0014818441
17935,-5.0283966,0.013406731,-0.7530903,-0.35353374,-0.2081611,-0.20289938,-0.14115357,-0.09982058,-0.08589657,0.3749209,0.3296389
17936,-8.158632,0.026740246,-1.6103457,-0.4108394,-0.22255296,-0.41750842,-0.019401599,-0.27520692,-0.3420417,0.120595954,0.31367695
17937,-6.2295146,0.12882738,-1.226521,-0.59333986,0.25075492,-0.35230345,-0.14223188,0.31044665,0.023295075,0.33066067,0.2464121
17938,-3.486561,-0.024629489,-0.7588392,-0.34235767,-0.10082447,0.062007196,0.17625484,-0.35858348,0.03343524,0.27681485,0.27880567
17939,-6.4610243,-0.09564883,-1.1845446,-0.73000264,-0.55878305,0.28073758,-0.24587695,-0.16394228,-0.12524699,0.09915812,0.43874156
17940,-5.403783,-0.1318267,-1.0976864,-0.5818509,-0.08207132,0.05953921,-0.017138124,-0.49798945,0.15097058,0.26808655,0.152833
17941,-5.7371764,-0.087101355,-1.3093443,-0.8291381,-0.00094691897,-0.15758772,0.34156784,-0.24969551,-0.0938461,0.28307196,0.120545596
17942,-7.8001738,-0.32560447,-1.1809864,-1.0330404,-0.11898855,0.054508816,0.18129683,-0.36026955,-0.3834831,0.4112024,0.39748904
17943,-4.7652473,-0.2360523,-0.6235234,-0.36139187,-0.13287137,0.062199395,-0.028194431,-0.3734302,0.08242391,0.22699037,0.3025355
17944,-6.885781,0.07300762,-1.580687,-0.2239002,-0.070324235,-0.2838282,-0.043373723,0.043363005,-0.49075717,-0.2799808,0.549112
17945,-8.233435,-0.054377485,-1.5072925,-0.5811998,-0.33351734,0.15114926,0.2893312,-0.03833936,-0.14744829,0.21954669,0.22150503
17946,-5.6958933,-0.11584509,-1.2527568,-0.08564718,0.5445154,-0.16294686,-0.15303534,0.042757265,-0.29386282,0.11566909,0.028537173
17947,-4.792654,0.028713685,-1.3419957,-0.5883848,-0.046265814,0.04282042,-0.17220668,0.0075512026,0.044282585,0.28743067,0.12023524
17948,-5.4503493,-0.12567581,-0.9573634,-0.86100805,-0.29831758,0.21313329,-0.16816582,-0.5160414,0.06595763,0.7606801,0.4427878
17949,-5.3081684,-0.027681418,-0.89683676,-0.6671089,0.2885803,-0.051488418,-0.2527099,-0.08042267,0.11912864,0.6537499,0.29396158
17950,-4.9299555,-0.24471916,-0.97628355,-0.57623285,-0.307274,0.27582884,-0.22595006,-0.38095286,-0.06932052,0.6800868,0.1433094
17951,-7.076307,-0.40705907,-0.99105823,-0.76405185,-0.73316056,-0.5042588,0.26858035,0.040684063,-0.42078206,0.6999562,0.3512531
17952,-5.066397,-0.21264692,-0.86002964,-0.82196844,-0.1767206,-0.45291626,-0.018601462,-0.0730313,-0.018373923,0.34373793,0.34266526
17953,-5.6406584,-0.08639573,-1.082644,-0.46942282,-0.28002685,-0.5008215,0.06892138,-0.0036453214,-0.2567338,0.09823981,0.5249734
17954,-5.8653336,-0.62808114,-1.4725724,-0.94108164,-0.21531066,-0.02440738,-0.120351695,-0.55987275,0.20200278,0.4707216,0.37094837
17955,-6.031427,-0.29848078,-1.4146321,-0.8823622,0.11438763,0.21520267,0.016970513,-0.5785018,-0.01633977,0.39771804,0.18131284
17956,-3.4426777,-0.18762605,-0.6045584,-0.28500167,-0.26681465,-0.073161215,-0.093215674,-0.0013942681,-0.12586895,0.4052537,0.25988913
17957,-7.349809,-0.050362512,-1.0411818,-1.1821291,-1.0296376,0.060980577,0.08857862,-0.35422727,-0.09716069,0.36767197,0.9629143
17958,-6.841653,-0.19032723,-1.2071705,-0.5151551,0.07763714,0.055040278,0.13747051,0.5066865,0.11563118,0.8543744,0.37693787
17959,-4.521102,0.063152045,-0.9434128,-0.47257844,-0.04751785,0.1525133,-0.119839214,-0.39728856,-0.065061934,0.3233349,0.20484768
17960,-6.5702715,-0.17549123,-0.9973524,-0.5869728,-0.36473197,-0.48399138,-0.02150046,-0.5653788,-0.023923608,0.3237891,0.28761375
17961,-4.8283234,-0.07067783,-0.9510382,-0.8303418,-0.07547261,0.07924863,-0.22306046,-0.16132146,0.19506058,0.420463,0.39112356
17962,-4.8485236,-0.08091565,-0.8515891,-0.7324608,-0.1455685,0.2734967,-0.15275788,-0.22924998,0.123677954,0.4821202,0.30513078
17963,-5.6154604,0.11170421,-1.2722443,-0.6372081,0.06064999,0.08083085,-0.13329904,-0.3247556,-0.113654196,0.32145956,0.25840658
17964,-4.849552,0.1196669,-1.0404646,-0.39511126,-0.16479808,0.113651395,0.08074142,-0.27828985,-0.35461375,0.37074986,0.19708538
17965,-5.660563,-0.110594384,-1.288251,-0.9041208,-0.15261205,-0.11172454,0.0660865,-0.2138703,-0.18490271,0.390329,0.14296533
17966,-5.1641493,-0.014245915,-1.3141574,-0.6285683,0.04806856,-0.38555288,-0.22735506,-0.14250763,-0.18456356,0.2975888,0.2930443
17967,-6.30982,-0.051664248,-1.8980983,-0.76049584,-0.27157384,-0.12492208,-0.13402393,-0.24104175,0.06550372,0.29268658,0.9440121
17968,-5.9409575,-0.09656971,-0.9504178,-0.5036583,0.13755624,-0.12565422,-0.34134138,-0.10806976,-0.27000752,0.60129744,0.1811291
17969,-6.8073063,-0.09429326,-1.375592,-1.0118701,-0.12162202,0.20005594,0.065607086,-0.4752737,0.16652378,0.5689519,0.593481
17970,-9.447805,-0.1558073,-1.9649405,-0.93615544,0.7884725,-0.23475848,-0.5060323,0.1567559,-0.044678263,0.12952115,0.71913487
17971,-6.2930694,-0.16367415,-0.8437091,-0.3692037,-0.7321676,0.3035851,-0.082459494,-0.28731072,-0.20943582,0.6063856,0.5407206
17972,-5.828278,-0.2924851,-0.78022635,-0.5594473,-0.33969566,-0.4397133,-0.07848494,-0.1797954,-0.35474697,0.30551946,0.24249502
17973,-5.6592665,-0.029955655,-1.2825418,-0.8750644,0.09951503,-0.05142277,-0.30556256,-0.118550666,0.073372915,0.4122538,0.1816038
17974,-6.6377435,-0.0647569,-1.2370101,-0.5778199,-0.025409197,-0.059621654,0.16707096,-0.16813612,-0.27152914,0.6729864,0.23575786
17975,-5.409105,-0.04607668,-0.94024205,-0.9422707,0.095979616,-0.032186817,-0.064722046,-0.24370468,0.06476597,0.7034526,0.061506025
17976,-6.532765,-0.18286186,-1.3144968,-0.5790973,-0.21056865,0.07821414,-0.13068646,-0.66448855,0.123679616,0.38155138,0.13630012
17977,-4.5935073,-0.34629926,-0.99977714,-0.42979956,-0.7023773,0.118420556,0.4289346,0.24267353,-0.01177158,0.3984276,0.5693059
17978,-5.612457,-0.012099328,-0.8979105,-0.52358186,-0.2135739,-0.12806877,-0.017287262,0.10091298,-0.08847656,0.3278525,0.42379516
17979,-5.017667,-0.3231038,-1.1265637,-0.86587864,0.03643452,-0.075134605,-0.0148581555,-0.18622206,0.5423106,0.5858761,0.44895616
17980,-4.671179,0.0599107,-1.087967,-0.39732245,0.18041138,0.066245615,0.037983503,0.090753235,-0.07591746,2.964586e-05,0.25516596
17981,-4.756159,-0.1914889,-0.75616604,-0.542335,-0.25170296,0.18091872,0.22392619,-0.13134953,-0.035893254,0.36773664,0.6269958
17982,-5.314352,-0.050818324,-1.0731039,-0.53865534,-0.053615134,-0.1556978,-0.041805044,0.062082857,-0.03059954,0.43903387,0.44128552
17983,-4.662732,-0.18456121,-0.9266669,-0.5503422,-0.19484386,0.39600527,0.2778801,-0.29906517,0.30190971,0.6524765,0.3551119
17984,-5.5017667,-0.06196491,-1.3901615,-0.66168064,0.3847694,0.24731737,-0.27324474,-0.43547678,-0.06960089,0.17956634,-0.08763868
17985,-6.3831916,0.20525402,-1.11479,-0.6235896,-0.50848716,0.093457125,0.09993961,-0.4786974,0.27121043,0.6333705,0.35159302
17986,-5.7055774,0.07631184,-1.3642042,-0.44535053,0.0071613123,0.099113405,-0.42972448,-0.079251416,-0.09761004,0.0027903747,0.18285455
17987,-6.0144987,-0.09378655,-1.3720528,-0.680124,-0.7611024,-0.45224833,0.43875682,0.08551804,-0.030103015,0.18078868,0.6636755
17988,-5.869538,-0.35675338,-0.67776304,-0.8297313,0.10483692,0.36140424,-0.1713831,-0.3229478,0.19638383,0.62286067,0.24137154
17989,-5.410293,-0.1903292,-0.7683192,-0.6766528,-0.4606393,0.19267476,0.020092618,-0.3619975,-0.23730426,0.34479573,0.18162033
17990,-5.3677115,0.24570812,-1.3920561,-0.42989495,0.04812069,-0.05682677,-0.19694763,-0.20827565,-0.13037501,0.53643674,0.22523965
17991,-6.5653214,-0.0556689,-1.2885048,-0.888759,-0.18676487,0.066277295,-0.028809488,-0.185308,-0.11679715,0.45112097,0.22576487
17992,-6.2610006,-0.21896139,-0.85127866,-0.6603249,0.21282884,-0.026296243,-0.25802678,-0.4525754,-0.12917025,0.12075091,0.140302
17993,-4.8853106,0.14237389,-1.1145115,-0.61886585,-0.032045983,0.053941984,-0.18371023,-0.14789037,0.1940578,0.41099092,0.16402629
17994,-5.6870866,-0.4386741,-1.3262674,-0.49975145,-0.23710096,0.4319281,0.03943697,-0.21157265,0.09022007,0.32352486,0.636724
17995,-5.4069147,-0.06432959,-1.0067275,-0.63471633,0.4677087,0.19812992,-0.25575626,-0.40446645,0.17129448,0.10851347,0.3011133
17996,-6.9899054,0.061104905,-1.4776821,-0.5810066,0.12528461,-0.13760552,-0.0977958,0.104824096,0.28745595,0.57417375,0.29678512
17997,-8.516101,0.05661622,-1.7780546,-0.90005136,-0.42289147,-0.13017274,-0.048894547,-0.36994728,-0.17215466,0.63044393,0.34345022
17998,-4.6727695,-0.11894791,-1.0316397,-0.5048662,-0.20283431,0.1505076,-0.25064144,-0.3038422,0.02656046,0.09640806,0.2746144
17999,-5.008938,-0.10803373,-0.7466522,-0.09041838,-0.22164671,-0.2648388,-0.05704666,0.30317745,-0.42653015,0.41494378,0.40008965
18000,-5.9767246,-0.062005635,-1.0555229,-0.5219191,-0.38193125,0.044350266,-0.21907534,-0.5696928,0.16736719,0.47967553,0.60422087
18001,-5.665499,-0.15046002,-1.0755866,-0.8701767,0.13555719,-0.43003303,0.36348614,-0.1475953,0.0045701563,0.12329599,0.07695448
18002,-5.58343,0.25010338,-0.8786463,-0.5122574,0.014816806,0.120181516,0.18632698,0.10384245,-0.22041552,0.22298835,0.2783598
18003,-5.669108,-0.34942615,-0.98450285,-0.52523357,0.007762339,0.08521973,0.14425959,0.08146879,-0.31728014,0.409361,0.4086849
18004,-6.169334,-0.16528124,-1.2797736,-0.5610305,0.30163437,0.07535618,-0.16376859,-0.08131407,-0.2780992,0.32656798,-0.007931645
18005,-5.470026,-0.029276408,-1.1028391,-0.43203348,-0.4546099,0.3210175,-0.044646416,-0.34218565,0.112484686,0.47700375,0.40437087
18006,-4.6941495,-0.1232153,-0.7276477,-0.5820692,0.1394948,-0.014741996,-0.12197334,-0.23146653,0.13976227,0.3665872,0.24658056
18007,-6.0193443,0.12334272,-1.0420415,-0.80912155,-0.4528118,-0.23924299,-0.048480995,0.08782727,-0.21604979,0.3904542,0.56603926
18008,-4.5320735,-0.096908405,-0.94990736,-0.4042309,-0.13900702,-0.26385897,-0.015206979,0.07153884,-0.26903942,0.3485839,0.03172573
18009,-4.184229,-0.16209626,-0.7151694,-0.43757188,0.048566062,-0.033022538,-0.030081503,0.14989975,-0.0006276332,0.168448,0.24581607
18010,-5.8194923,-0.32364213,-0.91596663,-0.9809173,-0.7837713,-0.033986285,0.05177322,-0.045173593,0.0994259,0.5941035,0.89644325
18011,-5.177757,-0.13238439,-1.1100307,-0.40000606,-0.3472829,-0.36203563,0.23958416,0.015547086,-0.13106225,0.027150795,0.33578843
18012,-6.8352237,-0.35611075,-1.0970119,-0.44005635,0.045185074,0.1333085,-0.24101977,-0.1633785,-0.036302127,-0.07314614,0.13122766
18013,-5.4958916,0.105664015,-0.79459655,-0.5381327,-0.119461454,-0.11081875,0.040991645,-0.3197533,-0.15074286,0.28069213,0.013201939
18014,-4.772749,-0.24318592,-0.66595423,-0.52522445,-0.4367796,-0.0785071,-0.0028231433,-0.11016095,0.051420264,0.55317247,0.3381719
18015,-3.9186685,-0.16631249,-0.985654,-0.4434623,0.09957121,0.2038864,-0.34184262,-0.22595094,0.17976186,0.38191104,0.059166055
18016,-6.660045,-0.028702363,-1.2240509,-0.87885886,-0.34909663,-0.031391468,0.0026218668,0.13401258,-0.2114767,0.80894494,0.6475607
18017,-3.4656765,-0.15143189,-0.56801575,-0.40479347,-0.2726661,-0.21201009,-0.012472353,-0.030879041,0.059852377,0.48482832,0.3395469
18018,-6.4803863,-0.11463093,-1.5963687,-0.62882257,0.14753316,0.16980559,-0.32006806,-0.5501141,0.04687521,0.03340805,0.36263543
18019,-5.2558103,0.003500035,-1.4105431,-0.6581269,-0.4149426,0.04974738,0.25357544,-0.40547565,-0.19627143,0.74935704,0.6185999
18020,-5.2211604,-0.060474914,-1.0788716,-0.27299735,0.28306615,0.1377099,-0.24439292,-0.0060520098,-0.20253693,0.14105056,-0.05424738
18021,-6.1219196,-0.33609456,-1.6820769,-0.86504173,0.2090445,-0.060196593,-0.25693348,-0.29993603,0.36557114,0.29846513,0.34881935
18022,-5.155429,-0.37421504,-1.1176852,-0.7460863,-0.12568776,-0.31188637,-0.2270381,-0.16508174,-0.16790128,0.6112729,0.37232548
18023,-5.132836,-0.14590044,-1.169485,-0.6776609,-0.07496747,-0.103422,-0.15298538,-0.69470805,0.2243858,0.3792471,0.4014213
18024,-6.076214,-0.17266114,-0.8451927,-0.7015802,-0.2594483,-0.30998003,-0.050105736,-0.017657552,-0.06497801,0.7758754,0.23132248
18025,-4.581473,0.0020898315,-1.0926281,-0.62430376,-0.11221753,-0.0009479439,0.31968766,-0.11090531,-0.06531427,0.3001565,0.5164007
18026,-5.38419,-0.20674348,-0.9762066,-0.40018934,-0.01610305,-0.14706458,-0.05474496,0.028753966,-0.49658245,0.34639052,0.30623043
18027,-6.1290407,-0.07008008,-1.2389443,-0.80997217,-0.32250986,0.08603699,0.057417158,-0.14318754,0.14985223,0.8158642,0.73947656
18028,-7.2412744,-0.010752301,-1.0492926,-0.9259219,-0.4159246,0.004190842,0.52464664,-0.63310325,-0.41388392,0.77863276,0.38397518
18029,-7.667095,-0.10984046,-1.4098918,-0.74264026,0.29687658,-0.0236689,-0.55440843,-0.19524013,0.0039854217,0.5258458,0.039505526
18030,-6.096261,-0.24373241,-1.3446527,-1.0829988,-0.49810976,-0.117919624,0.007266916,-0.47790992,0.20288117,0.73534274,0.40329698
18031,-5.4625955,-0.3429488,-1.0400325,-0.43169975,-0.4891772,0.23002309,0.025596648,-0.2574571,-0.011954976,0.720679,0.4609254
18032,-5.837042,-0.039903812,-1.2124301,-0.8366306,-0.29907107,-0.20429376,0.08950671,0.17522511,0.084141284,0.6591511,0.35081953
18033,-5.6398516,-0.18369077,-1.5502795,-1.188415,0.049502585,-0.024840795,-0.08616159,-0.25463244,0.36200288,0.51241815,0.515314
18034,-7.3836946,-0.18637264,-1.4715245,-0.84912705,0.17945662,0.101164564,-0.36048952,0.0155232325,0.00028016977,0.97702456,0.19413285
18035,-5.8378544,-0.47435364,-1.3325046,-0.2872244,0.406307,0.16845275,-0.3147885,-0.083729215,-0.111503884,0.31773013,0.17212778
18036,-5.4534183,-0.20909628,-0.91874075,-0.83638054,0.2211364,-0.08418049,0.066870175,-0.14163981,0.018763231,0.9295463,0.29438746
18037,-7.030827,-0.1936583,-1.596819,-0.29532763,0.40767238,0.21452011,-0.36755332,-0.13053252,-0.05131215,-0.013327097,0.34342673
18038,-6.165534,0.0800212,-1.3069239,-0.48478848,-0.2561798,-0.015060073,0.086958125,-0.29854468,-0.22576995,0.2821839,0.22377452
18039,-5.6694975,-0.05619592,-1.0310907,-0.18791027,-0.118087225,0.0229209,0.1012974,-0.20004746,-0.21846253,0.4618458,0.19934689
18040,-7.0213013,0.017706465,-1.5482221,-0.66966563,0.62185353,0.14795467,-0.51553744,-0.39373603,0.26648915,0.47486952,0.12883855
18041,-8.649764,0.1723183,-1.0693146,-0.8539761,-0.10944646,-0.4189272,-0.052457698,-0.48003238,-0.13239232,0.040150717,0.57474226
18042,-5.265131,0.12236762,-1.0055454,-0.5042705,0.05981312,0.0051605105,-0.12074164,-0.11574981,-0.361279,-0.047152136,0.22891961
18043,-5.1258717,-0.12090331,-1.1465365,-0.6598203,-0.20181239,0.18464878,-0.30004808,-0.32842615,0.34826285,0.5826472,0.13852546
18044,-4.420204,-0.15801008,-0.91118324,-0.56189865,-0.74088866,-0.03686235,0.2591533,-0.0625703,0.028483752,0.35264462,0.5645618
18045,-7.383426,-0.017259609,-0.8926101,-0.76362205,-0.19038332,0.3434435,-0.15295517,-0.18838045,-0.2871634,0.25546315,0.3218087
18046,-7.1087832,0.06895069,-1.5442766,-0.53838754,-0.21726674,-0.003842108,0.060125824,-0.2180974,-0.3908317,0.5772474,0.4425229
18047,-6.4448967,0.14484027,-1.224275,-0.6433253,0.013600262,-0.070726335,-0.12478029,-0.419786,-0.19863053,0.42186227,0.111247055
18048,-5.9782667,-0.26881832,-1.2627605,-0.61105645,-0.10990562,0.087592624,-0.033671115,0.06360272,-0.15371956,0.5318789,0.6294535
18049,-4.011183,-0.017232928,-0.97633696,-0.7487608,0.20087256,-0.06548663,-0.07690425,-0.13442925,0.05689925,0.380347,0.17503625
18050,-7.5396886,-0.10065892,-1.9171594,-0.77915007,-0.07845708,0.37977898,-0.29549852,-0.44714633,0.09747315,0.25944725,0.21508229
18051,-5.5694604,-0.2532278,-0.89816743,-0.49151134,0.13865323,0.28956878,-0.16383822,-0.1558738,0.02816971,0.6692609,0.2282253
18052,-6.810481,-0.37163737,-0.85729045,-0.9071324,-0.56345314,0.0926473,0.22206976,-0.14387457,-0.2928827,0.2928837,0.786753
18053,-5.4905205,-0.32078844,-1.1559659,-0.6905472,0.038853645,-0.10828715,0.09229294,-0.35470518,0.30288914,0.29194742,0.57824427
18054,-5.4403486,-0.009099736,-1.1792046,-0.30778304,-0.011978621,0.41926807,-0.16870001,-0.17991225,-0.12758881,0.2707265,0.24152863
18055,-4.4888387,-0.35454288,-0.62974954,-0.19393058,0.07738977,0.3389092,-0.0401769,-0.38319242,-0.15863316,0.32435614,0.19643632
18056,-4.450066,-0.025877733,-0.8267861,-0.6021179,-0.095630854,-0.03070585,0.016865997,-0.17089954,0.09563721,0.6236114,0.15030453
18057,-7.538222,-0.20624116,-1.3956444,-0.9226763,0.17217824,-0.13296297,-0.2506888,0.101125635,4.1872263e-05,0.29316226,0.21391079
18058,-4.8695207,0.012812246,-0.9644964,-0.702063,-0.3393489,0.073427714,0.23786344,-0.5880048,-0.13389991,0.5163987,0.3036679
18059,-5.881858,-0.08305498,-1.1458215,-0.29231444,-0.94289184,0.1711337,0.15429467,0.25724235,-0.14357054,0.6281861,0.52248937
18060,-4.8373437,-0.06727305,-0.56129813,-0.42237952,-0.1997869,-0.03372398,0.04218698,-0.065867394,-0.042000286,0.24077173,0.41018146
18061,-5.8895974,-0.057167683,-1.2175868,-0.6863476,0.021056425,0.39865017,-0.024903301,-0.44862252,0.07452068,0.5771703,0.00045865495
18062,-5.345012,-0.39059773,-1.3628368,-0.54243535,0.053522542,-0.24780245,-0.480012,-0.28767005,-0.03468395,0.42411938,0.17272818
18063,-5.3469734,-0.270273,-1.1802653,-0.5936156,-0.045901258,0.080296785,-0.20002794,-0.3840299,-0.10643262,0.3363168,0.19183591
18064,-4.296338,-0.27763948,-0.4922816,-0.40717173,-0.1886092,-0.30713123,-0.082551055,0.14020778,-0.37333533,0.44956526,0.2817256
18065,-5.4820037,0.009939827,-0.97725827,-0.54076463,0.2502,-0.06701926,-0.051006272,-0.16381413,-0.20623718,0.6032382,0.5574571
18066,-4.5994396,-0.18735747,-0.8273254,-0.50035083,-0.09987868,0.13788447,-0.021615721,0.18152823,-0.10583336,0.41206554,0.60485303
18067,-4.586852,-0.026556209,-0.6923573,-0.4594689,0.0028979238,-0.023516795,-0.10792478,-0.55204004,-0.1706471,0.047366116,0.15465654
18068,-5.3698387,0.11804758,-1.0989246,-0.40660283,-0.064704716,0.39536208,0.15427963,0.0081280405,-0.07836772,0.36615986,0.32381555
18069,-5.212425,-0.09404612,-0.9179073,-0.7731401,-0.20175906,0.3295675,0.05154229,-0.30024856,0.15375246,0.52422845,0.12297696
18070,-5.106617,0.104260154,-0.66948277,-0.32708198,-0.07858882,-0.3069892,-0.3756642,-0.062939994,-0.41988462,0.3492714,0.04766516
18071,-8.028477,-0.4905934,-1.5245526,-0.55760705,-0.11547746,-0.05847642,0.096128836,-0.061479963,-0.13988453,1.048454,0.6015277
18072,-5.5651016,-0.20608643,-0.88102126,-0.2722591,-0.37057438,0.06332219,-0.32924592,-0.12027954,-0.3906666,0.47739524,0.01829056
18073,-5.845645,-0.29543805,-1.0116584,-0.48506296,-0.15305659,0.30461425,0.008826464,-0.12854151,-0.16662623,0.63243073,0.23567747
18074,-5.645484,-0.2583066,-0.9865578,-0.7750404,-0.49227265,0.16930209,0.24801856,-0.23319688,-0.01632695,0.14286299,0.3680914
18075,-6.317738,-0.41946453,-0.92604095,-0.56307703,0.1583254,-0.3977216,-0.27990603,-0.010117475,0.008100011,0.5118637,0.37987244
18076,-4.9084287,-0.25855738,-0.9692543,-0.5741584,-0.38308108,-0.40249085,0.1592901,-0.03257274,0.044903256,0.20870471,0.7470851
18077,-4.70091,0.16134362,-1.1588807,-0.58452713,-0.017773598,-0.07606182,-0.13328531,-0.4823639,-0.10353809,0.50614536,0.31763953
18078,-6.667895,0.041250058,-1.0754869,-0.6894645,-0.39783394,-0.018257415,-0.095103964,-0.507519,-0.039568424,0.5131815,0.57487005
18079,-6.2161455,-0.01616725,-1.4130098,-0.87117517,0.17468885,-0.0016037514,-0.26869884,-0.42072433,-0.24518503,0.15639919,-0.18155816
18080,-4.7971387,-0.12011188,-1.2024628,-0.7343811,-0.16815107,-0.27421474,0.05545172,-0.151536,0.20779176,0.6454956,0.5364635
18081,-5.351308,-0.16975406,-0.91444385,-0.033192188,-0.3636978,-0.042045098,-0.048118826,-0.022130175,-0.3586088,0.23204854,0.3357161
18082,-3.566888,-0.14622763,-0.60886395,-0.23410395,-0.15755345,-0.048987854,-0.0236306,0.039334055,-0.24352391,0.52666354,-0.022621255
18083,-6.0107927,0.011652855,-1.458374,-0.5938955,-0.2000692,-0.12602425,-0.076832436,-0.034791745,-0.39499512,0.3871582,0.53564245
18084,-5.4513593,0.23873338,-1.0929948,-0.29596934,0.017902482,-0.09094841,-0.041389734,-0.053539112,-0.24956267,0.26141116,0.38586545
18085,-5.713369,-0.06203725,-1.0254184,-0.5723935,-0.52491385,0.43695444,-0.1409691,-0.26517165,-0.30875254,0.3964344,0.090431064
18086,-7.383508,0.17787096,-1.559336,-0.23363669,0.7829991,-0.15697695,-0.4242969,-0.20165354,-0.19774015,0.12352108,0.28808773
18087,-5.117932,-0.2839646,-0.8709331,-0.6291875,-0.15583727,0.32147968,-0.05765163,0.106054254,-0.04062926,0.2354411,0.390506
18088,-5.2631946,-0.0664359,-1.3019447,-0.419801,-0.3869339,0.10417779,-0.28377208,0.059020095,-0.0058904514,0.71051043,0.24021685
18089,-5.3467712,-0.08814039,-0.97138333,-0.19034266,-0.014902566,-0.12530358,0.3016239,0.26464134,-0.2894912,0.65057576,0.025625508
18090,-5.949888,-0.30078426,-1.0154296,-0.9267097,0.102971464,0.19304876,-0.42954057,-0.18387316,0.21962559,0.5506064,0.31409642
18091,-5.850467,-0.33851358,-1.5058537,-0.24429417,-0.192275,0.4045608,0.0701699,-0.2320964,-0.16714324,0.4137813,0.17723824
18092,-4.1302996,-0.15502603,-0.66749454,-0.6699744,-0.17705013,0.061718233,0.002032712,-0.054692514,0.009706363,0.39853522,0.23693085
18093,-4.9086633,-0.13487469,-1.0805371,-0.6256856,0.15099388,0.09143474,-0.32423338,-0.025399702,-0.14622991,0.05117929,0.28012332
18094,-6.264815,-0.24028486,-0.9358831,-0.48208788,-0.5078804,0.27437145,-0.23111776,-0.71937174,-0.2760527,0.28982008,0.16938478
18095,-5.151149,-0.33341756,-1.2799937,-0.78581995,-0.22896296,0.18926996,-0.23228264,0.018785138,0.16958278,0.4642368,0.16423963
18096,-4.764834,-0.11112786,-0.7171892,-0.5621064,-0.46013582,-0.12908113,0.0038926424,-0.10782563,-0.11125976,0.42435807,0.2998615
18097,-6.3158016,-0.19665204,-1.0890255,-0.40006015,-0.48856264,-0.25552392,0.4213537,-0.0879624,-0.37641004,0.7406785,0.4593356
18098,-5.686151,-0.2827091,-1.1932181,-0.25705528,-0.31950563,-0.5080314,0.01929278,0.14275275,-0.16817737,0.48696056,0.308154
18099,-5.9602094,-0.37966272,-1.1489785,-0.27835333,-0.397552,0.14478461,-0.10275822,-0.61999995,-0.33847103,0.32524547,0.53419226
18100,-6.0395226,0.0113139665,-1.3928974,-0.21080673,-0.12759127,0.029016502,-0.28639182,-0.41035897,-0.44342443,0.54877335,0.1329884
18101,-4.845347,-0.056084197,-0.81817967,-0.306257,-0.48950103,0.16462527,0.15374126,-0.011648733,-0.12817892,0.21240929,0.5120364
18102,-3.9527624,-0.024663407,-0.7559503,-0.25468394,-0.4172824,-0.17263976,0.19752301,0.10492524,-0.21184327,0.22910927,0.30650017
18103,-7.071727,-0.25117794,-1.2414907,-0.9631111,-0.42476448,-0.105070785,0.105310075,-0.32815266,-0.23675649,0.30759054,0.6563418
18104,-5.7257867,0.07063342,-1.1155217,-0.69102854,-0.17804807,-0.029380225,0.000746415,0.031847212,0.08818931,0.77705467,0.50364226
18105,-4.227849,0.046801373,-0.8375022,-0.5897382,-0.15188974,0.07750469,0.051862642,-0.5498135,0.05150783,0.18832393,0.13768129
18106,-4.961625,-0.037901238,-1.074131,-0.5025947,-0.017844107,-0.21811247,0.00084755477,-0.23234598,0.037951212,0.15208916,0.33629033
18107,-5.7516174,0.23144801,-1.173779,-0.41788006,-0.04314179,-0.11599191,0.40727815,0.34699717,-0.11769071,0.44148338,0.53894365
18108,-6.6697297,-0.07228228,-1.2693927,-0.74130696,-0.47916332,-0.07484773,0.18813817,-0.090268806,-0.34874642,0.5033753,0.8307033
18109,-6.5467076,-0.08712004,-1.8585654,-0.82458645,-0.011306414,-0.18280713,-0.1343549,-0.14360769,0.15145786,0.48257506,0.54187757
18110,-5.057103,0.1676802,-0.9639769,-0.40243843,-0.25701573,0.049271856,-0.39709428,-0.26927474,-0.08471067,0.45573086,0.17488147
18111,-6.4557786,-0.20114769,-1.3772367,-0.921764,-0.4235728,0.07497377,0.032404903,0.17866051,0.25654164,0.9100058,0.612184
18112,-4.690252,0.08267899,-0.8484967,-0.352337,0.3120982,-0.12503959,-0.30666605,-0.091873504,-0.17995529,0.27694374,-0.14344442
18113,-6.619144,0.035493772,-1.594332,-0.42947754,0.12861517,0.6303248,-0.033373274,-0.29898915,0.11466109,0.5592909,0.48233724
18114,-3.91565,-0.1759265,-0.7327578,-0.49932426,-0.49551386,0.06415017,-0.04394055,0.3071675,0.031409677,0.36467382,0.47019443
18115,-4.5219526,0.045544006,-0.9297708,-0.4523449,0.17761992,0.1225705,-0.19429584,0.12636028,0.004412217,0.1157334,0.13925324
18116,-4.9889827,0.15104072,-1.0471858,-0.38743526,0.0178298,0.1779574,0.08692199,-0.13280043,-0.260572,0.25002846,0.19728214
18117,-4.359272,-0.25314876,-1.0168823,-0.25786644,-0.1361387,0.051638372,0.019312348,-0.2230361,-0.16797802,0.48491383,0.22335473
18118,-4.8319893,0.014823044,-1.2626696,-0.4743978,-0.43170512,0.015241433,0.038044915,-0.21241449,-0.08878426,0.42485926,0.4156688
18119,-9.546065,-0.43191427,-1.2335835,-1.1012086,-0.08507547,0.58338124,-0.22399476,-0.79587495,-0.031602032,0.5580009,0.33717743
18120,-5.599577,-0.12661831,-1.1631361,-0.9666966,-0.29475254,-0.2911482,-0.010089136,-0.2966726,0.25064564,0.6332663,0.48648316
18121,-5.9423647,-0.2579371,-1.2307322,-0.8377052,-0.48443574,-0.30898017,0.22563225,-0.04215969,-0.305943,0.68972754,0.35885465
18122,-4.5447307,-0.14903359,-1.2827611,-0.48722574,-0.005756601,0.2932064,0.09019194,-0.048985846,0.13567555,0.5079397,0.2000177
18123,-5.453113,-0.22898066,-1.1461122,-0.7811997,-0.46841657,-0.2613774,-0.0033512646,-0.30996245,0.28321195,0.6571899,0.6294275
18124,-5.1542053,-0.23488376,-0.9223763,-0.6157494,-0.124607615,-0.34332848,0.26541165,0.15555154,-0.033190407,0.4520072,0.2356049
18125,-6.3219986,-0.22840706,-1.2243526,-0.1858131,-0.25341594,0.03811018,0.11670833,-0.29708958,-0.065095104,0.42279422,0.33521742
18126,-6.9718966,-0.23192465,-1.309392,-0.91317147,-0.19041972,0.20601839,0.73420936,0.10902091,-0.055835776,0.4413572,0.46076742
18127,-4.4373684,-0.07121018,-0.7976644,-0.39783955,-0.005340732,0.08148481,-0.050302774,-0.2697338,-0.111687064,0.27599874,0.3670761
18128,-5.2298226,-0.28912887,-0.4163982,-0.21738589,-0.2706618,-0.17248994,-0.0916966,-0.39217153,-0.39953813,0.58804005,0.2782224
18129,-7.1968613,-0.4478891,-1.1785808,-0.8770405,-0.23253277,-0.09869385,0.38754532,-0.26885426,-0.43284532,0.29202864,0.936072
18130,-3.3144045,-0.083868206,-0.6096666,-0.32429639,-0.120549984,-0.09638701,-0.06601589,-0.2767927,-0.023735682,0.24273579,0.08785203
18131,-4.3273234,-0.036373235,-0.7310438,-0.44469023,-0.39506096,0.061769083,0.3053122,-0.42811882,-0.30805987,0.109986134,-0.050318457
18132,-7.2301707,-0.21936128,-1.1489418,-0.75917065,-0.28261426,0.2680176,0.18352017,-0.33827284,-0.17072481,0.3254196,0.12461294
18133,-5.392803,0.00083187874,-1.0792415,-0.29916894,0.00013181381,0.027479269,-0.19091894,0.07456827,-0.3240265,0.5761936,0.31222162
18134,-4.506245,-0.2426713,-0.8052934,-0.40252283,-0.7264687,-0.063455224,0.27953076,-0.17862175,-0.16875201,0.37699375,0.70659935
18135,-5.9525647,-0.066612296,-0.9867492,-0.52077675,0.07421434,-0.02929017,-0.19092192,-0.4006087,-0.047203578,0.3376435,0.2706014
18136,-6.0140777,-0.13970065,-1.3122284,-1.1786454,-0.2898899,-0.15045927,-0.28052112,-0.05236263,0.22457442,0.78353494,0.51138294
18137,-5.5901723,-0.05461807,-1.142025,-0.61732835,-0.6022353,-0.24027133,0.18946967,0.000342248,-0.0056060515,0.5276696,0.34239346
18138,-6.043162,-0.18011495,-1.2297838,-0.404212,0.29465663,0.21936022,-0.24602579,-0.06322039,-0.2291963,0.06827728,0.35621712
18139,-4.562476,0.052994553,-1.2212611,-0.4860314,0.2176257,0.019396607,0.027981628,0.07697937,0.009826861,0.28634387,-0.017582033
18140,-4.2447915,-0.340947,-0.5672825,-0.57495695,-0.20703897,-0.01582597,0.22321615,0.17892905,0.020722965,0.3734055,0.59845424
18141,-6.266646,0.2921126,-1.2016737,-0.59227186,-0.08747297,-0.16752791,0.033353325,-0.011300093,-0.08097563,0.25422022,0.45458803
18142,-5.6026325,-0.07005024,-1.1190362,-0.2405498,-0.2288671,-0.14689377,0.11806242,-0.3046376,-0.35638255,0.5585025,0.41794467
18143,-4.683685,-0.20756486,-1.0694112,-0.7302877,-0.20572212,0.07303155,-0.014942399,-0.11169647,0.21540272,0.428714,0.42647
18144,-4.384287,-0.0326029,-0.9541805,-0.5879894,-0.028024895,-0.16586643,-0.17694174,-0.18558757,0.0047297077,0.06325173,0.06261733
18145,-6.6743345,-0.3327978,-1.3585604,-0.78427076,-0.2517087,0.20515625,0.2847315,0.3266342,0.16735439,0.68724924,0.63047904
18146,-5.940164,-0.28768334,-1.1498011,-0.8122586,-0.23984613,-0.11543052,-0.023098506,-0.35361543,0.06420898,0.72946113,0.22852951
18147,-4.5463634,-0.07508969,-0.7103633,-0.3176761,-0.265255,-0.0048183026,-0.006059834,-0.1671889,0.046051126,0.62690955,-0.09068614
18148,-6.167916,0.07293026,-1.2855486,-0.53603417,0.025028523,0.12343581,-0.51473546,-0.0592729,-0.15970226,0.036220387,0.27311245
18149,-5.3236327,-0.35725975,-0.8996551,-0.77420896,-0.34595767,0.18150161,-0.10342291,-0.2399059,-0.17941134,0.2507223,0.29243657
18150,-6.025696,-0.08373766,-1.0373393,-0.8385582,0.19284068,0.17571262,-0.23025209,0.044527076,0.17132711,0.7142077,0.2886449
18151,-5.289983,-0.38786265,-0.99181247,-0.71358424,0.23624958,-0.12211478,-0.06829551,-0.33275667,0.18930449,-0.090458244,0.27610767
18152,-5.1412287,0.05433987,-1.0924815,-0.47754163,-0.09928803,0.38411784,-0.05222977,-0.67935133,0.13582171,0.26468208,0.12893382
18153,-5.316267,0.14764476,-0.70485675,-0.59945154,0.06636578,0.11102598,0.10860484,-0.4128908,0.06985569,0.31206718,0.1369028
18154,-5.617584,-0.16689643,-1.1219106,-0.33122247,-0.14280091,0.32398766,-0.11373261,-0.25058568,0.031716593,0.3291075,0.040366657
18155,-4.66485,-0.105238885,-0.6288537,-0.4706159,0.10022809,-0.2151493,-0.308859,-0.060696356,-0.025677772,0.31832653,0.1596922
18156,-5.2422314,-0.07191066,-1.2664012,-0.8526659,0.15284243,0.19333734,-0.2664067,-0.15605594,0.35194448,0.33829084,0.41936478
18157,-5.242721,-0.11773312,-0.8612766,-0.5735287,-0.7637384,-0.08902637,0.16647084,0.007855562,-0.06741186,0.51275414,0.3453438
18158,-4.9718075,-0.34482777,-1.0665402,-0.5634987,0.10906394,-0.044210132,-0.272724,-0.07712111,-0.06882776,0.43232417,0.06403769
18159,-7.16822,-0.2097102,-1.5361956,-0.84180534,-0.50262266,-0.21263443,0.17923416,-0.024625318,0.1799674,0.4904657,0.58925873
18160,-5.748098,-0.19157216,-1.4855455,-0.4563802,-0.07174362,0.6823125,-0.22613955,-0.5317117,0.0557547,0.31138,0.107072
18161,-4.223757,-0.21360093,-0.87589943,-0.5569041,-0.13779019,0.08955965,-0.15001729,-0.16978619,0.071136855,0.6191375,0.16530125
18162,-5.418948,-0.17667463,-0.8121941,-0.5424069,-0.13188314,-0.027094964,-0.10296953,-0.411542,-0.27095932,0.69999397,0.30365297
18163,-6.5783587,0.08680883,-1.1152638,-0.46867344,0.016196039,-0.5105083,-0.14119206,-0.15879099,-0.28645393,0.36747342,0.46590713
18164,-6.254598,-0.0280605,-1.1535145,-0.28269705,-0.09495579,0.074683934,0.17927168,-0.062496282,-0.10897283,0.61785716,0.44633982
18165,-6.1075006,-0.12398344,-1.1524351,-0.64434856,-0.00023378618,-0.019829512,0.1788563,-0.34599784,0.24335766,0.458049,0.5736155
18166,-4.2042313,-0.029428013,-1.1236774,-0.55057794,-0.36684313,-0.08081319,0.24589066,-0.036377817,-0.10984142,0.2916484,0.4020562
18167,-7.19025,-0.22133651,-1.5867814,-0.13875744,0.0775394,-0.16619186,-0.36034313,-0.1068782,-0.3215354,0.6532272,0.30517203
18168,-4.131397,-0.016267564,-0.9023124,-0.23689288,0.21758969,0.13438544,0.023589611,0.2767223,-0.08020948,0.2951525,0.36165264
18169,-4.044486,-0.11975294,-0.9835376,-0.527007,0.076337785,0.050351314,-0.2831537,-0.28603637,-0.017872272,0.16020891,0.16413552
18170,-5.832944,0.061384972,-1.3309206,-0.44331664,0.51854515,0.15275589,-0.01229702,0.29363668,0.050492167,0.29742324,0.24170393
18171,-4.9151454,-0.031077541,-1.1180154,-0.6323713,-0.3810272,-0.20048678,0.1480959,-0.7986215,0.15690899,0.37402856,0.53418005
18172,-4.98997,0.017735897,-0.95619166,-0.5373093,-0.14345942,-0.017230935,0.27665576,-0.106185265,-0.094669454,0.082116455,0.302306
18173,-4.6580215,0.056886684,-0.75434613,-0.62088275,-0.25593007,-0.111987785,0.112162635,-0.35383117,-0.07657356,0.57947767,0.14293034
18174,-4.829875,-0.23539376,-0.9809532,-0.53625154,-0.08048942,0.003675059,-0.21684559,-0.26820156,0.26875606,0.7462344,0.37217736
18175,-7.352135,-0.45389703,-1.5303667,-0.994843,-0.33558017,0.04240695,-0.14140916,-0.35087016,-0.11270909,0.56038827,0.90803856
18176,-5.17537,0.11426455,-1.3643662,-0.52686906,0.0098472815,-0.11699772,-0.07134771,-0.10465405,-0.11160821,0.57283574,0.16404767
18177,-4.912026,-0.20361981,-0.9645377,-0.65414286,-0.43863267,0.054708626,-0.10517284,-0.05698008,0.23600183,0.7380218,0.39349294
18178,-4.1734357,-0.11815302,-1.0676253,-0.830674,-0.5540059,0.08680849,0.0014386037,-0.18988787,0.11355114,0.3920805,0.45488903
18179,-6.35185,-0.086821444,-1.394517,-1.1394621,-0.10419092,-0.092162,-0.038041826,-0.17774504,0.011991387,0.7960594,0.53414875
18180,-5.3398323,-0.110874295,-1.200981,-0.6331467,-0.2590993,0.42106652,0.3579592,-0.25188878,0.15350296,0.53093547,0.49646515
18181,-6.2040825,-0.08356429,-1.433642,-0.43487826,-0.65902007,0.42252362,0.084432356,-0.32561615,0.059893146,0.40656176,0.3053703
18182,-4.9216514,-0.11130917,-0.937918,-0.6158411,0.014303481,0.012680566,0.20566554,0.06964551,0.0005171541,0.22688858,0.45150393
18183,-5.5462112,-0.18454072,-1.1308641,-0.3617677,0.2517303,0.18367834,-0.16869892,-0.46099177,-0.07430673,0.33320424,0.38262802
18184,-5.9339595,-0.061098356,-1.4191594,-0.3972035,0.09939406,0.13605598,-0.25269946,0.17776285,-0.16297853,0.28814116,0.28995004
18185,-5.166865,0.09460451,-1.1998488,-0.54671794,0.1926537,0.31270683,-0.16774467,0.05869765,0.094251655,0.40071034,0.17234136
18186,-5.8203573,0.13600276,-1.5604044,-0.4007017,0.30440596,0.07598936,-0.22459023,-0.0657302,0.16324458,0.33528098,-0.000632477
18187,-5.271467,0.033684596,-1.0698181,-0.761372,-0.024925465,0.13133505,-0.18745261,-0.10673866,0.35756946,0.69926167,0.3423804
18188,-5.869884,-0.17186454,-1.3586025,-0.71118766,0.36079383,-0.13879868,-0.37542075,-0.045820788,0.21185179,0.47888914,0.07783581
18189,-4.105693,-0.1749559,-0.95840687,-0.24624085,0.10753095,-0.15757348,-0.28606623,0.11594985,-0.11095923,0.291677,-0.03346993
18190,-7.3467226,-0.089647576,-1.1463258,-0.76564586,-0.1906154,-0.10274532,0.2463312,0.15417574,-0.36850667,0.45841858,0.51007384
18191,-4.1916065,0.060430754,-1.1259806,-0.5918807,-0.232649,0.12267395,-0.17737909,-0.42854804,-0.004526453,0.22985949,0.36606494
18192,-5.2754164,-0.32884955,-0.5695894,-0.47561502,-0.053339634,0.23684922,-0.035610583,-0.4925767,-0.1176054,0.23021162,0.1475644
18193,-4.380021,-0.013395858,-0.7071974,-0.38589188,-0.0870172,-0.3079856,0.05430813,-0.015469929,-0.06770284,0.17659959,0.21607304
18194,-6.030388,-0.008594978,-1.1974957,-0.49605262,0.08916486,-0.12154105,-0.10398344,-0.017621767,-0.20860569,0.33461985,0.09938481
18195,-5.614644,-0.2994884,-0.9817978,-0.8328754,-0.7440584,0.39664114,-0.026575733,-0.2949327,-0.034847856,0.36815244,0.5401899
18196,-6.200274,-0.28759217,-1.3710476,-0.88272136,0.056636166,0.23989667,-0.06976603,-0.41520542,0.36541858,1.1527604,0.3784593
18197,-5.945497,-0.25316992,-1.326601,-0.5734738,-0.23400618,0.024099274,0.40420142,-0.055225432,0.03769602,0.66425425,0.44381195
18198,-7.015286,-0.1301602,-1.6675234,-1.0578107,0.021935483,0.40334713,0.0294183,-0.2158759,0.46204525,1.2210028,0.46390045
18199,-6.1590047,-0.3399233,-0.9266132,-0.64804995,-0.3818929,-0.15022944,-0.21798992,-0.4210298,0.010909775,0.28790468,0.40128708
18200,-4.8384504,-0.16295758,-0.866701,-0.3506692,-0.0023134644,0.12471618,0.018011134,-0.06357702,-0.19338734,0.4435379,0.24773078
18201,-4.3431897,-0.031335346,-1.0209354,-0.62497634,-0.4573191,0.11886459,0.00067686196,0.076088496,-0.029821659,0.37814432,0.5826543
18202,-6.664725,-0.28789842,-1.1314701,-0.8595864,0.017265225,-0.02539811,-0.28974205,-0.09094016,-0.080543086,0.5061479,0.27694467
18203,-7.430291,-0.14525849,-1.417004,-0.60222167,0.36641318,0.13148367,-0.13270696,0.045549415,0.00424831,0.5115546,0.09078565
18204,-6.397077,0.09024008,-1.2822851,-0.24898472,0.33162272,0.12761563,0.024711784,-0.21485896,-0.37145817,0.23429029,0.18994775
18205,-5.8937674,0.15145873,-1.1936624,-0.2410411,-0.4368941,0.049596455,-0.012934021,-0.16610898,-0.3380953,0.30166498,0.49981964
18206,-4.149672,-0.043088716,-0.7889322,-0.3210172,-0.055230126,-0.01587932,0.1040957,-0.38250977,-0.07324753,0.35961795,0.31966323
18207,-5.2437787,0.0021049213,-0.7569848,-0.6189513,-0.28399783,0.03541242,0.06834392,-0.573542,0.07645589,0.47765926,0.14570642
18208,-5.6738043,-0.2690517,-1.128524,-0.30672464,-0.31098688,0.3853475,0.11594487,-0.03583087,-0.16460651,0.7430203,0.2858638
18209,-7.558062,0.13813733,-1.742941,-0.75371885,0.40025672,-0.30531758,-0.46818623,-0.07398553,-0.2360573,0.3083552,0.37090746
18210,-5.949771,-0.33848327,-0.89049125,-0.086931735,-0.14872652,-0.31293035,-0.19355957,-0.01938353,-0.4719683,0.24760537,0.140196
18211,-7.292388,0.11574556,-1.6691436,-0.67899454,0.10118151,-0.6652749,-0.06541924,-0.0062868223,-0.21050778,0.19612712,0.48669803
18212,-5.0006166,-0.038119934,-0.9307511,-0.6318451,-0.40525493,-0.07979265,-0.2041803,-0.3440956,0.228223,0.27138463,0.3865663
18213,-6.7396545,0.060303483,-1.8116217,-0.97560185,0.31450447,-0.0020578196,-0.114813484,0.06947366,0.0061728973,0.50809187,0.29029533
18214,-6.9125776,-0.05035006,-1.1352625,-0.7641872,-0.0010828553,0.04350559,-0.08336651,-0.3015444,-0.15140472,0.4923409,0.62050575
18215,-5.7442913,-0.27085295,-1.0874889,-0.8772752,-0.21020915,-0.270922,-0.063550405,-0.30406353,0.15203631,0.3686996,0.60468316
18216,-7.3053217,-0.58881485,-1.1280651,-0.58960825,-0.41368783,0.5266514,-0.32263264,-0.43819368,-0.07104897,0.21802995,0.26872253
18217,-5.898157,-0.35282323,-1.0584359,-0.6379788,-0.3020052,-0.16075751,-0.12652923,-0.014812356,0.07256364,0.4644845,0.10327686
18218,-5.1726303,-0.123671204,-1.2282149,-0.52696276,-0.079788245,0.20299341,-0.105760194,-0.44349816,-0.28180042,0.11946993,0.30933216
18219,-4.90647,0.0673037,-0.92391074,-0.37775928,0.037448354,-0.103348486,0.057716236,-0.07912966,-0.23372914,0.26162347,0.22739129
18220,-5.36261,-0.19114542,-0.9593731,-0.6440958,-0.39985463,-0.016087217,-0.06542016,-0.66286314,0.08918282,0.5070432,0.4266938
18221,-6.039923,-0.18238437,-1.0827936,-0.43033034,0.19870259,0.020216148,-0.20751475,-0.20491008,0.0039584106,0.89833045,-0.23579334
18222,-3.982142,-0.14503543,-0.6097399,-0.44776186,-0.09615119,-0.033541113,-0.21698833,-0.076030254,-0.1703638,0.29347938,0.29196355
18223,-5.5703416,0.20444568,-1.3339431,-0.63945454,-0.29419565,0.41374016,-0.35928503,-0.72495085,-0.21730298,0.2571298,-0.09236893
18224,-5.515133,0.18834239,-0.7322131,-0.19865671,-0.27942806,-0.2031103,0.011084265,-0.43685806,-0.3724569,0.32027927,0.07517781
18225,-7.1339083,-0.39771265,-1.268147,-1.0726131,0.10501055,-0.05143238,-0.42932218,-0.60503334,0.10714316,0.63890344,0.08351983
18226,-5.7565746,-0.049866762,-1.066195,-0.71935594,-0.06969729,0.53395176,0.35290012,0.12592842,0.27689907,0.78007007,0.45917913
18227,-4.2843018,-0.04289909,-0.97224975,-0.239541,-0.22491597,-0.09032245,0.054353997,0.050901927,-0.19396026,0.24930313,0.3109903
18228,-4.6615734,-0.12207286,-0.5542532,-0.3426566,-0.1705823,-0.4750415,0.008862549,-0.1219256,-0.19997504,0.22882386,0.43501726
18229,-6.885448,-0.15324804,-1.5509683,-0.616734,-0.33985904,-0.062369175,0.41696352,0.020323135,0.21197909,0.54001415,0.47956678
18230,-4.7680116,-0.026901223,-0.89244324,-0.29928136,-0.6035568,0.022236004,0.12894595,0.010847448,-0.20662244,0.415023,0.34934273
18231,-5.3276887,-0.004653653,-1.0537075,-0.14147569,-0.11612701,0.0497001,-0.007857059,-0.34015945,-0.3873057,0.3787975,0.1941712
18232,-5.4387894,0.046340816,-0.93774277,-0.6219695,-0.29463214,-0.31352234,0.10449415,-0.03640812,-0.15532362,0.40807137,0.38635537
18233,-6.1193066,-0.39404798,-1.5230875,-0.6549674,0.07108409,-0.019621277,0.10078141,-0.0034239143,-0.19031607,0.43349543,0.37120733
18234,-4.999895,0.1396829,-1.1426103,-0.3127971,0.06161123,-0.15458733,0.22320937,0.04518298,0.047852404,0.17797609,0.36353165
18235,-5.3818574,-0.15161356,-0.93199384,-0.53951687,-0.5399898,-0.37916476,0.14286323,0.002768807,-0.24184744,0.5878342,0.4027142
18236,-6.456645,-0.039805558,-1.2060018,-0.86696583,-0.40321627,-0.44155067,-0.41725278,-0.08936361,-0.01736491,0.5957424,0.14654961
18237,-6.311433,-0.3604982,-1.4490266,-0.36610708,-0.07590054,0.27503902,0.1256486,0.013633996,0.023243228,0.66112894,0.19112647
18238,-6.634588,0.056597132,-1.1790377,-0.6977451,0.055178963,-0.43278432,0.05185524,-0.6488422,0.21240745,0.4873048,0.2681527
18239,-6.021145,0.046355754,-1.6034049,-0.27810544,0.092912205,0.46234024,-0.19812316,-0.34425327,-0.07678924,0.020388221,-0.04049044
18240,-6.930258,-0.22488669,-1.1807281,-0.78208166,0.16576742,-0.3489039,0.36199403,-0.3568624,0.1976285,0.33768794,0.5526177
18241,-6.4635086,-0.18432285,-1.1721194,-0.8443112,-0.17094207,0.010719496,-0.1572657,-0.34429562,0.2086702,0.3193463,0.7869518
18242,-5.488832,-0.3935056,-1.0513628,-0.7931548,-0.6429551,0.14980392,0.1206849,-0.023134815,0.107473426,0.3792912,0.4958291
18243,-5.9240437,-0.22250141,-1.3043083,-0.8729724,-0.052979883,0.35050368,0.1554068,-0.24689108,0.03666917,0.29869616,0.28637245
18244,-4.9984484,-0.015007804,-1.0080998,-0.3402898,-0.13080283,0.2895885,0.08496502,-0.30506206,0.012518826,0.12583563,0.27942854
18245,-7.064284,0.058421165,-1.5764879,-0.9394824,0.15927488,-0.56315565,0.010231997,-0.23247118,0.14961867,0.7030129,0.13988839
18246,-5.033222,-0.40948334,-1.0030583,-0.7002937,-0.35409743,0.19501634,0.09776836,-0.5395859,-0.24833776,0.57949656,0.32404917
18247,-4.5871825,0.025037307,-1.0187285,-0.45081446,0.0362012,0.017017605,-0.050119903,-0.09640554,0.14094797,0.12816599,0.19697382
18248,-5.3248696,-0.023328565,-1.1134349,-0.8355741,-0.13215426,0.21868363,-0.09965832,-0.03539566,0.25367355,0.52423745,0.5640882
18249,-4.7198076,-0.36796948,-1.0620024,-0.19801942,-0.03287989,0.24175361,0.059061244,-0.062336147,-0.2651245,0.06529388,0.24351665
18250,-5.6479607,-0.10973002,-0.95309186,-0.58755493,-0.018900346,0.12637419,-0.07327087,-0.037589625,-0.11583395,0.17390934,0.25878358
18251,-5.847135,-0.06975692,-1.3334857,-0.43515968,0.0058553177,-0.16560686,0.23173581,-0.08115906,-0.26860744,0.21814726,0.2864963
18252,-7.9070706,-0.20576517,-1.1382828,-1.0304425,-0.7341862,-0.641844,0.184001,-0.011417836,-0.05240318,0.19904412,0.733253
18253,-4.837732,-0.09691998,-0.9902862,-0.4931485,-0.070563376,-0.07943877,0.20793495,-0.024906265,0.09525335,0.5213781,0.21725774
18254,-5.4493203,-0.07914678,-1.2089552,-0.43109554,-0.6918789,0.18875313,0.36964405,-0.54408634,-0.13893746,0.24732691,0.39285666
18255,-6.4545217,-0.27872103,-1.5204654,-0.7884752,0.45426267,0.5296214,-0.26630452,-0.23219015,0.18078905,0.10859485,0.4585787
18256,-4.5285664,-0.15172149,-0.94938236,-0.23557822,-0.25081807,0.36031085,-0.057442084,0.15308829,-0.06060908,0.4170119,0.12410948
18257,-5.4934316,-0.42184746,-0.90625125,-0.8902587,0.10936369,0.029659798,-0.19152026,-0.21915403,0.22320731,0.5860698,-0.07611453
18258,-5.6785774,-0.20482847,-0.859014,-0.74144155,-0.17085856,-0.14629121,0.22115618,-0.012046503,-0.38100636,0.37540665,0.09545433
18259,-5.0926313,0.03358275,-1.1382717,-0.35036948,-0.07972667,-0.1107559,-0.031256083,0.012031673,-0.1335985,0.15933639,0.36614457
18260,-6.8829093,0.10811451,-1.0269789,-0.47219342,0.0014598202,-0.06836559,-0.25809085,0.13372648,0.029157404,0.44841167,0.23872241
18261,-5.7284703,-0.3463759,-1.7584217,-1.080702,0.05043276,-0.0040304093,-0.24756406,-0.29699975,0.16549058,0.7540164,0.407435
18262,-5.386447,-0.38255015,-1.0586834,-0.9740529,-0.39167428,0.120055266,0.050457772,-0.21551275,0.27415314,0.5214045,0.6363852
18263,-4.801226,-0.24998261,-0.819307,-0.42928803,-0.22702001,-0.14383274,-0.053715624,0.060155995,-0.19881743,0.46634555,0.2880491
18264,-5.9660277,-0.11575092,-1.303195,-0.5367957,-0.10944791,-0.17058475,0.20299082,0.06470007,-0.13022155,0.28915745,0.63284737
18265,-4.2651005,0.121693745,-0.6119941,-0.4166489,-0.052920014,0.16191642,-0.044413883,-0.45915127,-0.084328115,0.41866988,-0.01682458
18266,-5.705435,0.106561564,-0.95077163,-0.19433044,-0.29356742,-0.030318376,-0.11138782,-0.2510258,-0.030937554,0.52404916,0.19063874
18267,-6.8422556,0.042395044,-1.9733073,-0.8999999,-0.54931337,-0.15118714,0.06310502,-0.05185219,-0.15543148,0.54482627,0.8258947
18268,-6.5811048,-0.16789038,-1.2639807,-0.6549353,-0.33999744,0.19522694,-0.41429648,-0.45957407,0.22205342,0.39954504,0.20984975
18269,-4.7692037,-0.0943732,-0.86112773,-0.5307484,0.022124864,0.19245797,0.13016364,-0.3187021,0.049129806,0.37025455,0.18840675
18270,-6.0107436,-0.020824175,-1.021773,-0.7140972,-0.10288575,-0.10649775,0.17464446,-0.006659696,0.037408236,0.678695,0.10906037
18271,-5.74877,-0.32178348,-1.7264464,-0.9160804,0.011601882,0.01588995,0.020060549,-0.26679802,0.08664704,0.6243034,0.38163963
18272,-5.452311,-0.1261603,-1.0527743,-0.61654735,-0.38755903,0.054878365,-0.0014351057,-0.015483115,-0.028779047,0.91317356,0.3786276
18273,-5.9324965,-0.04190754,-0.9361083,-0.5164947,-0.3615371,0.08872857,0.49161926,-0.009041678,-0.030970657,0.6828429,0.39678976
18274,-6.8425293,-0.13901103,-1.5134625,-0.7066574,0.028516537,0.31436265,-0.45810843,-0.5814703,0.01567997,0.07744177,0.04356699
18275,-5.2006307,-0.02833208,-1.0288197,-0.707458,0.045003656,-0.05870779,0.026580088,0.11171177,0.06042864,0.3647331,0.27185246
18276,-5.843719,-0.09412384,-1.3663596,-1.0492166,-0.19591834,0.55779654,-0.16389996,-0.5395856,0.35489798,0.6481429,0.3464355
18277,-5.228197,0.05353941,-1.1861045,-0.79828036,0.02385418,0.089687906,-0.27606755,-0.31782442,0.042748377,0.41254896,0.40704814
18278,-4.2292356,0.13195038,-0.7433999,-0.47595444,-0.08857902,0.15136936,0.097542815,0.17246133,-0.14493299,0.09313214,0.32350537
18279,-5.771154,-0.0720323,-1.309504,-0.8326676,-0.029588854,0.088055834,0.008763292,-0.08030757,0.026636943,0.8793587,0.54515725
18280,-5.469311,-0.2374259,-1.0589788,-0.90859145,-0.44183448,0.048782434,-0.09711957,-0.272721,0.040344402,0.50011283,0.28327218
18281,-7.1527386,0.11298454,-1.5598394,-0.6702888,0.28006187,0.10771088,-0.5118869,-0.20232764,0.15399109,0.5187091,-0.26246604
18282,-8.572896,0.18645108,-1.4827629,-0.46374628,0.0299541,-0.047208622,-0.005040602,-0.23200978,-0.42905584,0.10643423,0.6003359
18283,-6.148543,-0.2981189,-0.83562535,-0.7391503,-0.17472506,0.12859365,-0.093302,0.17109674,-0.064054005,0.2769016,0.5973254
18284,-5.602796,0.008365891,-1.1296755,-0.26625687,0.2730627,-0.014957499,-0.022404227,-0.10732144,-0.07472472,-0.11779341,0.1949746
18285,-5.359459,-0.05869202,-1.304014,-0.68302816,-0.10682159,0.05525192,0.26825655,0.13424477,0.17287,0.41665387,0.2800526
18286,-3.9966824,-0.13282186,-0.7451992,-0.7127524,-0.32458535,0.21699582,0.21621431,-0.01856915,-0.105400674,0.3452346,0.39439797
18287,-5.5373225,-0.16975941,-0.99508566,-0.3117484,-0.31439087,-0.35299093,0.087128185,0.12152753,-0.21386929,0.052591775,0.5282132
18288,-5.8737345,-0.34495935,-0.9550036,-0.5846781,-0.2243134,-0.41340488,0.03015038,0.077036284,-0.5435461,0.5883666,0.11444581
18289,-5.7609496,0.19375645,-0.805587,-0.42450544,0.014168039,-0.161544,0.12085088,-0.0015775785,-0.19288848,0.38333496,0.17203844
18290,-6.82302,-0.10637376,-1.1348393,-0.87971586,-0.031179728,0.19211107,-0.3589745,-0.69841653,-0.1517503,0.38080505,0.28054202
18291,-5.378118,0.082245894,-1.2283528,-0.70743203,-0.35837245,-0.025123201,-0.096454725,-0.40826643,-0.010049438,0.5126223,0.44096312
18292,-5.376573,-0.064214304,-0.8638078,-0.538357,-0.185851,0.34912974,0.2650275,-0.21630068,-0.009969071,0.43947873,0.32779846
18293,-5.1218414,-0.52489215,-1.1221586,-0.6449447,-0.019771423,0.17743728,0.17209727,-0.4117887,-0.21055757,-0.032028724,0.41083473
18294,-4.9680696,0.011496842,-0.8542987,-0.5845538,0.17591906,-0.39915925,-0.26792768,0.086624175,-0.018994948,0.58741194,-0.111879304
18295,-5.1721435,-0.042943474,-1.3152288,-0.39460295,-0.4327303,0.43447536,0.05722261,-0.13528146,0.033962198,0.49502316,0.37962347
18296,-4.0633993,-0.1437253,-0.49848795,-0.32681626,-0.105536126,0.120786734,-0.22489482,-0.26351038,-0.20004341,0.5728077,0.023563458
18297,-4.651643,-0.022398047,-0.92947906,-0.671553,0.14537904,-0.12555838,-0.006348056,0.022384748,-0.015105588,0.46120495,0.11975194
18298,-6.5055795,0.12176007,-1.0860729,-0.84485185,-0.31120807,0.17523573,-0.12564139,-0.42471716,-0.11706638,0.31616983,-0.00027545728
18299,-6.0008144,-0.23761746,-1.2206,-0.69203675,-0.017042125,-0.059109002,0.2449422,0.09215572,-0.11230612,0.46903953,0.21427764
18300,-5.570493,-0.19114967,-1.0625902,-0.5571576,-0.13672343,0.26623344,0.15894918,-0.058537625,-0.17166342,0.3623246,0.5899976
18301,-6.1888514,-0.012321415,-1.3228179,-0.25909147,0.3743853,-0.15758117,-0.4300437,-0.14426458,-0.21468467,-0.0031466233,0.16026433
18302,-7.592554,0.15698555,-1.7136501,-0.8747254,0.0040639862,-0.17416824,-0.0247933,-0.03728264,-0.1481046,0.20941582,0.33898813
18303,-5.8495345,0.052280493,-1.5034761,-0.3630174,0.18201454,0.14383233,-0.07168771,-0.12488719,0.052729353,0.51669824,0.36060444
18304,-5.635315,-0.035593286,-1.1436507,-0.7613897,-0.15763739,0.26903224,-0.26059347,-0.33337852,0.32076797,0.37389445,0.08633195
18305,-5.524447,-0.42308453,-1.0789145,-0.8355367,-0.10876668,0.23918246,-0.013385355,-0.2594004,0.11195918,0.49996355,0.6646324
18306,-5.277081,0.1654309,-1.2082525,-0.65311176,0.18716978,0.0071547697,-0.011485516,-0.14597566,-0.11056341,0.39130664,0.19407707
18307,-4.968143,-0.20894797,-1.1293851,-0.7197235,-0.33400607,-0.056476325,-0.030703656,-0.25484642,0.1674974,0.36591753,0.52780414
18308,-6.8992906,-0.20727019,-1.0677477,-0.6072868,-0.75794303,-0.28809494,0.42957133,-0.09950527,-0.353623,0.6657247,0.6342809
18309,-7.199531,0.03077285,-1.8127459,-1.0977097,0.24853647,-0.1724477,-0.16564085,-0.6848696,0.18840042,0.361151,0.53155
18310,-5.48363,-0.26350704,-1.1065627,-0.704903,0.13431917,0.12278789,-0.26400688,-0.06323541,0.116065495,0.37578088,0.004843422
18311,-5.169148,-0.34481072,-1.1994394,-0.6955511,0.20915689,0.22820725,0.19880395,0.061038837,0.29409254,0.7722757,0.43858427
18312,-6.2643976,-0.38526446,-0.7754543,-0.9984219,-0.352676,-0.080956765,0.12337881,-0.39464164,-0.086840756,0.34456384,0.65583235
18313,-6.0031047,0.0080010705,-1.1596785,-0.35027847,-0.09238401,-0.23575637,0.20699526,-0.040569074,-0.40354627,0.22169816,0.18611687
18314,-5.853242,0.15249532,-1.1971267,-0.51019543,0.12110784,0.24970335,-0.08090487,-0.4091149,-0.10284805,0.12712973,0.59487
18315,-4.20192,-0.059189815,-1.0371453,-0.3990718,0.0034491497,0.105721846,-0.10888294,-0.17137726,0.19328523,0.5252377,0.051952705
18316,-5.2068033,-0.033687755,-1.0358075,-0.6515494,0.10618821,0.17734693,-0.38805553,0.15791492,0.06679138,0.59399366,0.13922548
18317,-6.459399,-0.15869308,-0.94509906,-1.0552845,0.02622091,-0.22335084,0.049128607,-0.18355599,-0.20493326,0.2964407,0.28176504
18318,-5.6898212,-0.31712964,-1.2481487,-0.65957516,0.52377516,-0.026065376,-0.45720637,-0.25340325,0.05999188,0.29018438,-0.18783197
18319,-5.5892005,-0.2681144,-1.3568842,-0.7840851,0.33294517,0.12170944,-0.123607,-0.22762188,0.16385163,0.57575345,-0.0052242083
18320,-5.4929285,-0.016199458,-1.0194231,-0.72265685,0.18681078,0.032675967,-0.15724397,-0.40772334,0.016183434,0.33447003,-0.0094142435
18321,-4.957969,-0.1732937,-1.5442348,-0.46788204,-0.019488923,0.310454,-0.07074585,-0.1831444,0.063358724,0.56136143,0.38235915
18322,-5.4275556,-0.06796983,-1.1049421,-0.70067483,0.11559715,-0.031847365,-0.23608474,-0.2533557,0.0658398,0.32295972,-0.0058917375
18323,-5.368373,0.10921145,-0.9217893,-0.44106498,-0.16194817,-0.6307751,-0.11925758,-0.19383545,-0.21576437,0.17268407,0.702183
18324,-6.5867496,-0.31890118,-0.9771448,-0.8969978,0.036641397,0.16974397,0.19500668,-0.35397303,0.09758328,0.41788757,0.34997073
18325,-5.6848574,-0.28521866,-0.7021538,0.0018385584,0.0636047,-0.23132129,-0.18281746,-0.016016573,-0.34888288,0.25762603,0.59288293
18326,-4.553822,-0.115136035,-1.1517841,-0.4821308,-0.0510261,0.27901733,-0.15743852,-0.23504813,-0.0026431456,0.42331678,-0.06550258
18327,-4.880103,-0.16502985,-0.9045842,-0.6823059,-0.29084277,0.025754983,0.10373661,-0.17781682,0.12774095,0.531293,0.29475048
18328,-4.5764227,0.047597896,-0.84531564,-0.42035857,0.009745432,-0.42818075,0.09587502,0.072534636,-0.09919586,0.25508776,0.23973005
18329,-5.7305617,-0.21108805,-1.5785238,-0.79099417,0.26052332,0.32286322,0.16861512,-0.29578677,-0.071810976,0.42241544,0.47264883
18330,-6.5082426,0.22300489,-1.436661,-0.5719288,0.013880934,0.17807597,0.1893062,0.06208743,0.22948845,0.54289424,0.6247258
18331,-5.032013,0.20718959,-0.832916,-0.46380603,0.017289942,-0.043133542,-0.1025502,-0.072334416,-0.020101117,0.22661032,0.19311124
18332,-5.195307,-0.33516505,-1.3319501,-0.54049474,0.18689433,-0.27284902,0.014299377,0.1468983,-0.11098394,0.35739684,0.08860434
18333,-5.8017144,-0.22778961,-1.1949325,-0.7787992,0.15634789,-0.03702604,-0.15250131,-0.32024172,0.113875136,0.32598415,0.10623354
18334,-4.8816347,-0.0064391857,-0.9065302,-0.31118515,-0.11193718,0.14158998,0.099443905,-0.31064308,0.063851506,0.40272486,0.31281164
18335,-5.654447,-0.12242086,-1.6001563,-0.8100316,-0.27620476,0.14374119,-0.07937632,-0.28880256,0.005144326,0.44815513,0.7083992
18336,-3.7709424,-0.15848868,-0.7754989,-0.5171315,-0.024537457,-0.13864723,-0.036962833,-0.08762195,-0.21320756,0.33756965,0.11402934
18337,-6.6032915,-0.10527027,-0.9072035,-0.8714355,-0.019832026,-0.59182966,-0.16618153,-0.10173612,-0.013432901,0.47776794,0.11977513
18338,-6.822027,-0.17216145,-1.1498554,-0.7321625,-0.33035076,0.38432765,0.17651933,-0.28991106,-0.26886317,0.35038984,0.5197661
18339,-5.395132,-0.27658218,-1.2503911,-0.45263484,-0.10099081,-0.117452666,-0.098351926,0.31866,-0.10551376,0.55223113,0.3149928
18340,-7.940362,-0.15322201,-1.6547574,-0.9141291,-0.3742646,-0.044302903,0.021283776,0.2575729,-0.35578343,0.16091356,0.51391774
18341,-6.951321,-0.15404321,-1.3503231,-0.821319,0.33565864,0.36928552,-0.0193322,-0.23397294,0.16629332,0.52895516,0.50267035
18342,-5.882319,-0.123294875,-1.1213686,-0.49240315,-0.069084704,-0.11029502,-0.1259115,0.025913449,-0.0394264,0.95167494,0.1708523
18343,-5.0800543,-0.16666314,-0.776487,-0.750299,-0.20017508,-0.27275282,-0.047682934,-0.33847654,-0.055383362,0.20879781,0.47063038
18344,-4.7700124,-0.25737566,-0.9332121,-0.34557784,0.049117345,0.17754161,-0.03686722,0.19251093,0.003524541,0.5762757,0.1854904
18345,-6.801161,-0.2891462,-1.5143235,-0.8194973,-0.28056532,-0.25020945,-0.0066556456,0.060067564,-0.2288434,0.31196666,0.49867028
18346,-5.5122538,-0.12502238,-0.9056574,-0.31965342,-0.009032516,-0.27344638,-0.07860827,-0.0481409,-0.072010174,0.09494876,0.39620098
18347,-6.444569,-0.23440813,-1.28052,-0.8941815,-0.32185006,-0.14713143,-0.37913555,-0.045382887,-0.04831043,0.75876635,0.38480598
18348,-5.285408,-0.23075877,-1.2172295,-0.73796475,-0.22013676,0.1914251,-0.1774556,-0.10863056,-0.17667568,0.43342352,0.29624575
18349,-5.8787627,-0.10865991,-1.1723007,-0.81648827,-0.60122436,0.5242802,0.00046907086,-0.2870048,-0.037008233,0.50933367,0.3788122
18350,-5.752946,-0.12044358,-1.3726076,-0.30227315,0.22125758,0.096689925,-0.15670401,-0.011463175,-0.10194736,0.011182925,-0.11923555
18351,-7.67923,-0.104488306,-1.1422589,-0.5877585,-0.29775068,0.10404437,0.084307864,-0.36538318,-0.43498874,0.12978536,0.5250014
18352,-4.3333974,0.025360148,-0.77522707,-0.40559027,0.0072684027,0.20623808,0.0027022352,-0.31357318,-0.13157701,0.35801178,0.18100746
18353,-6.933828,-0.07001696,-1.3795508,-0.4776596,0.29798982,0.108217984,-0.29345226,-0.18930866,-0.06838411,0.33516562,0.48664385
18354,-5.258675,0.07769138,-0.87256473,-0.3576932,0.1155244,-0.10240089,0.19440328,-0.2149718,0.20710982,0.11659503,0.1567612
18355,-4.6477647,-0.035862293,-1.1094432,-0.15029444,-0.076741114,0.19972919,-0.071784675,-0.22647238,-0.12083648,0.32080698,0.09060137
18356,-6.103552,-0.30626968,-1.142643,-0.93973446,0.13712618,-0.14751121,-0.16495524,-0.30426553,-0.0015507396,0.43952933,0.28425878
18357,-5.7759085,0.0019285488,-0.99241763,-0.37411314,-0.63542354,-0.32458532,0.49795458,-0.11999454,-0.3335144,0.4667204,0.5036727
18358,-5.2648983,-0.10131384,-0.87282586,-0.7027066,-0.316043,-0.09409938,0.4602283,-0.025385091,-0.15776892,0.39376152,0.5315293
18359,-4.301312,-0.058558937,-0.953119,-0.47651836,0.02039237,0.36224306,0.11723655,-0.012196684,0.115330994,0.68055326,0.20529771
18360,-5.3993554,0.08568995,-1.1307081,-0.31464413,0.0675086,0.019261565,-0.091703236,0.05794386,-0.01986125,0.17869924,0.2787248
18361,-6.18162,-0.16232297,-1.2619097,-0.5115931,-0.0563289,-0.17190704,-0.3993305,-0.021673793,-0.12016755,0.8584451,0.2186152
18362,-4.687238,-0.25653836,-0.85463226,-0.47569823,-0.070731804,0.0880398,-0.20930704,-0.02810097,-0.0774403,0.4741163,0.030318394
18363,-5.551379,-0.02063565,-1.4012872,-0.7434817,0.00054510403,-0.014226314,-0.28375715,-0.31552878,-0.099479616,0.43497998,0.5265569
18364,-5.2609253,-0.05345538,-0.92768246,-0.30446726,0.10112106,-0.056644708,-0.40035313,-0.17944045,-0.040048353,0.18544218,-0.019586917
18365,-4.778972,0.19729152,-1.2847246,-0.48672476,0.09864351,-0.2205137,-0.40006885,-0.010237331,-0.067187786,0.20453605,0.015383925
18366,-5.437175,-0.056498755,-0.8147102,-0.5137077,-0.23584302,0.08946985,0.075391665,0.30212456,-0.43006372,0.47549525,0.48656034
18367,-5.0926294,-0.24141155,-0.91226375,-0.6615084,0.11804905,0.55619544,-0.13243161,-0.015877435,0.39261115,1.0725553,0.20636167
18368,-6.936746,-0.41057888,-1.1999867,-0.8209587,-0.17716776,-0.2547431,0.16437194,0.11686005,-0.012263451,0.6170359,0.34135583
18369,-4.5307593,-0.52551603,-1.1117908,-0.86999834,0.09061782,-0.21005917,-0.31884456,-0.2456021,0.20281863,0.45771974,0.08681091
18370,-6.056936,-0.23202983,-1.305163,-0.4858514,-0.11068238,-0.015423339,0.05880877,-0.27940235,0.0811774,0.34277382,0.389796
18371,-4.5934153,-0.024963405,-0.57794654,-0.32860044,-0.5221866,-0.16280521,-0.27837554,0.05156768,-0.06180931,0.4198289,0.13624395
18372,-5.677447,-0.2990116,-1.0838505,-0.5034535,-0.12778825,0.2141588,-0.17347728,0.2126195,0.14601603,0.48490304,0.54735035
18373,-6.338633,-0.27332002,-0.99213934,-1.1381714,-0.173642,0.15137777,-0.037158404,-0.3349428,0.015463601,0.13013287,0.29832968
18374,-5.9269066,-0.27646843,-1.1608974,-0.86103773,-0.28660902,-0.09401883,0.11329094,-0.04612112,0.15849617,0.6900854,0.45238808
18375,-5.971344,-0.06535541,-1.2059761,-0.9443998,-0.053890068,0.041237056,0.06222005,-0.3332081,-0.053445414,0.18217488,0.3477482
18376,-6.230421,0.12722738,-1.4089227,-0.7211757,-0.3200396,0.59054846,0.06828328,-0.25045276,-0.023035498,0.41067716,0.5171829
18377,-6.721027,-0.5121097,-1.0318404,-0.89795816,0.071511395,-0.17188942,0.1301061,-0.29457653,0.2990106,0.41023752,0.8599219
18378,-4.1906385,-0.25865075,-0.76656073,-0.29344714,0.15912884,-0.032872852,-0.26401314,-0.4542738,-0.15180883,0.27855885,0.33010712
18379,-8.641626,-0.9213555,-1.2233905,-0.69416386,-1.1010461,-0.32878482,0.4263074,-0.51173437,-0.40117446,0.39649165,1.2306771
18380,-4.62643,-0.07725866,-0.9426562,-0.68515337,-0.5817877,-0.21741776,0.029770292,-0.20557699,0.13012908,0.4368941,0.35199308
18381,-5.6606836,0.03787971,-1.2677647,-0.36871502,0.22302498,-0.19142716,-0.117061295,-0.02270949,0.24736787,0.5725744,0.074136324
18382,-5.5247526,-0.11930993,-1.1649389,-0.70604104,0.20278862,0.13118097,-0.080159046,-0.16685814,0.10105087,0.49484923,0.2826773
18383,-6.821604,-0.093417905,-1.3036342,-0.7057569,0.21738456,-0.38097614,-0.115635134,-0.39880437,-0.052249692,0.3486575,0.45156705
18384,-8.058914,0.14644672,-1.8234073,-0.66537386,0.13670073,0.2694626,-0.41143638,-0.6575977,0.025778636,0.37135276,0.3651582
18385,-6.6057515,-0.04503335,-1.6012366,-0.5702559,0.04601919,-0.33961165,-0.12591581,0.17802617,-0.23033857,0.3432368,0.4819619
18386,-5.5555925,0.028424703,-1.0892212,-0.65174574,-0.2068569,-0.13434783,0.37071416,-0.0011312468,-0.27431852,0.16317177,0.23524028
18387,-5.1691175,-0.06193802,-1.0760654,-0.59493744,-0.38666275,-0.092886366,0.14771597,0.16238615,0.16438363,0.39404416,0.20656392
18388,-4.8358383,-0.10570877,-0.9368278,-0.6842638,-0.22388074,-0.10235128,0.22909503,-0.1248605,-0.035814345,0.5553683,0.4782595
18389,-6.5475698,-0.11948821,-0.9818877,-0.6427994,-0.17432187,-0.25164944,-0.19103546,-0.2416211,-0.20786877,0.47836038,0.39514387
18390,-5.2892885,-0.29967058,-0.8295688,-0.8424992,-0.09916077,0.060030248,-0.21887651,-0.5526798,-0.01665504,0.7134267,0.029688008
18391,-4.6944537,-0.23707284,-1.0449939,-0.42866534,-0.29869086,-0.14018036,-0.09567919,0.084000014,0.0307398,0.8212606,0.19089337
18392,-6.1001425,-0.2149778,-1.4985371,-1.0722048,-0.55157435,-0.07602611,0.095131814,-0.13423328,-0.15170214,0.61959934,0.320849
18393,-6.6749053,0.03259223,-1.5982984,-0.59644055,0.3169934,0.31354123,-0.22689177,-0.31783226,0.2765547,0.51123273,0.014125082
18394,-4.817642,-0.15496367,-0.94136965,-0.34511724,-0.14021823,0.20081465,0.25943074,-0.14807622,-0.29650366,0.4557791,0.27414837
18395,-5.9134655,0.16052814,-1.3879641,-0.6712378,0.05959194,-0.106188476,-0.40438175,0.22553946,0.023046229,0.50238264,0.25776577
18396,-8.01458,0.29035953,-1.7829659,-0.9354948,-0.12994063,0.2668681,-0.39011317,-0.6917731,0.33373615,0.44036376,-0.012683491
18397,-5.1520424,0.054280605,-0.9799097,-0.3638273,0.22257054,0.3100248,-0.30618677,-0.09698306,-0.07587289,0.28615117,0.1380384
18398,-3.6184375,-0.13979195,-0.7375682,-0.34581262,-0.16912857,-0.040097155,0.070445485,-0.069797084,-0.017012266,0.19263709,0.109452136
18399,-5.1964126,-0.032409284,-0.8479168,-0.51873595,-0.5646104,0.16476128,0.053005338,-0.3025952,0.0189844,0.57617456,0.4157676
18400,-5.630642,0.034732293,-1.0699757,-0.21959114,-0.043189894,-0.028708719,0.05525572,-0.10736619,-0.004678579,0.28270644,0.2886314
18401,-5.3105288,-0.21337867,-1.2669468,-0.7264219,0.3526953,-0.018744515,-0.16790605,-0.18768977,0.32015035,0.2719257,0.33931658
18402,-6.587999,0.020296495,-1.5005075,-0.59228605,0.4195947,-0.03975732,-0.38928387,-0.0031770486,0.02866166,0.10401127,0.02886255
18403,-5.6896296,-0.16042842,-0.9976134,-0.56988305,-0.016870078,-0.17441,-0.059595592,-0.61480254,0.07922499,0.4059072,0.3392085
18404,-4.7136436,-0.049992844,-0.85322773,-0.43006554,-0.21434726,0.20134221,-0.1399479,-0.5091224,-0.13235517,0.08670947,0.15849389
18405,-4.2250853,-0.2356276,-0.71395195,-0.63734335,-0.08107682,-0.3279165,0.0072299778,-0.0514478,-0.076534666,0.33698484,0.090507045
18406,-5.524374,-0.23078702,-1.0969539,-0.65807,-0.013595073,-0.22538535,-0.36308032,-0.16130495,0.2455229,0.6580961,0.25714865
18407,-6.18609,-0.12047239,-1.0524104,-0.84451544,-0.68821675,-0.45725477,0.2782009,-0.04408034,-0.38805908,0.59948313,0.6106267
18408,-4.4617267,-0.27647218,-1.0784363,-0.44780537,0.31202543,0.15815204,-0.15651098,-0.105480485,0.21930385,0.4476968,0.2600089
18409,-6.421702,0.1978453,-1.7004383,-0.7571993,-0.16282204,-0.20331948,0.09223277,-0.50860745,-0.5120263,0.7028168,0.47753227
18410,-6.6691575,0.18014158,-0.95046514,-0.41540945,0.1695629,0.2739451,0.21821034,0.039486468,-0.09242997,0.17834619,0.22509967
18411,-4.6469173,-0.10932025,-0.56978476,-0.4142414,-0.40402567,-0.044907063,0.036180556,-0.23549213,-0.21900624,0.56273085,0.313595
18412,-5.074347,-0.17337975,-1.0571309,-0.70236784,0.080620535,0.20248401,-0.22613665,-0.5139418,0.17430699,0.5486947,0.47381806
18413,-8.124687,-0.0059253965,-1.7801728,-0.7043472,-0.363635,0.57318777,0.18122514,0.06941819,0.15389352,0.76680315,0.50580525
18414,-5.417406,-0.0010971464,-1.255091,-0.37028563,0.27475202,0.21804672,0.032822102,-0.12357906,-0.093626946,0.06796173,0.38488057
18415,-5.951657,0.26068738,-1.0661803,-0.51447785,-0.14609013,-0.21015064,-0.07400432,-0.030305935,-0.21736869,0.3780662,0.24065866
18416,-5.7392235,-0.2972332,-1.0122668,-0.7304703,-0.15446046,-0.18136783,0.16835567,0.10417274,0.097752936,0.42117193,0.17487465
18417,-5.6443267,-0.088725425,-1.1666244,-0.39695305,-0.12323002,0.18516138,0.10360801,-0.08883266,-0.12237167,0.51829946,0.22070791
18418,-5.128879,-0.026081514,-0.97905725,-0.2978369,0.14094561,-0.194402,-0.15968265,-0.26071554,-0.1639969,0.25619683,0.36409795
18419,-6.0819683,-0.16608198,-0.9701001,-1.09057,-0.2649332,-0.21963786,0.031121608,-0.019018264,-0.0150212925,0.42711362,0.31292006
18420,-7.240223,-0.10002136,-1.1423042,-0.63643783,-0.29952213,-0.33498865,0.31744814,0.035017326,-0.43448728,0.08398411,0.48967505
18421,-5.835271,-0.46615914,-1.0858479,-0.5610535,0.10416651,0.11782615,-0.2086101,-0.41010016,0.13442262,0.474547,-0.01055532
18422,-5.527917,-0.13988751,-1.2807952,-0.27531764,0.16568856,0.3062765,-0.036501084,-0.15600216,-0.19776224,0.36058876,-0.1929683
18423,-5.1281633,-0.124895856,-1.2369868,-0.5846005,-0.22132716,0.34385002,0.08796308,-0.22110601,0.14949587,0.68826765,0.25292498
18424,-5.494326,0.2519612,-0.88448983,-0.23567288,-0.2223362,-0.27040374,0.1869836,-0.2385308,-0.20699967,-0.020532608,0.49567795
18425,-6.197534,-0.14469998,-1.1358241,-0.32974654,0.14832011,-0.25780404,-0.1258349,-0.1534766,-0.20931725,0.39330718,0.05718019
18426,-4.4419847,-0.19675624,-1.0114576,-0.66887444,-0.3678332,0.2768048,-0.004537713,-0.25891638,0.12959065,0.5455621,0.19124071
18427,-4.9680223,-0.10081626,-0.5970459,-0.6075786,-0.36674604,0.1250488,0.06957299,0.06630991,-0.17182784,0.50998527,0.2794459
18428,-5.415858,0.17241147,-1.111601,-0.50896615,-0.29422385,0.026418643,0.17245148,-0.17300175,0.12922293,0.4811114,0.26532817
18429,-6.072455,-0.25191608,-0.9741256,-0.9159856,-0.778888,-0.47394365,-0.024269864,-0.16383454,-0.22459625,0.8996691,0.44204524
18430,-6.512785,-0.09151424,-1.0289755,-0.32027048,-0.6252962,-0.089442134,0.11291691,0.024165183,-0.26539573,0.41706094,0.730816
18431,-4.336302,-0.055117447,-0.75209105,-0.6914657,-0.20237234,-0.27056462,-0.17591715,-0.18155852,0.008745978,0.46363088,0.15545733
18432,-7.9993725,-0.0059764776,-1.9227703,-0.8843934,0.59955764,0.3275618,-0.38266695,-0.73757446,-0.020045375,0.46318212,0.2757043
18433,-4.39508,-0.022377923,-0.82962996,-0.35113373,0.19205874,0.1914978,-0.24783517,-0.07152406,-0.3001531,0.05521775,-0.075034924
18434,-5.011311,-0.13313992,-0.7949507,-0.51442426,-0.03307782,0.06798452,-0.083236635,-0.7376128,-0.11058338,0.18919475,0.19889009
18435,-6.2658377,0.114540875,-1.0789983,-0.57921064,0.16101925,0.39795744,-0.43382695,-0.22258964,0.05178135,0.32082674,0.048932664
18436,-5.887685,-0.31515843,-0.9061272,-0.78848565,0.09622712,-0.0342786,-0.36742306,-0.18434821,-0.08148523,0.46102604,0.13711934
18437,-6.050352,-0.28826913,-0.98994595,-0.7309077,-0.25789088,0.1874892,-0.0065427916,-0.18889208,-0.16747993,0.21428667,0.5428682
18438,-6.6526175,0.10523013,-1.4765542,-0.58176357,-0.26154518,0.22495547,-0.37668344,-0.070603736,-0.16317452,0.2948989,0.6096751
18439,-4.1507998,-0.006011297,-1.0480316,-0.4744972,0.1201342,0.026976962,-0.17848541,-0.16844584,0.15108773,0.31410685,0.24241047
18440,-5.9201403,-0.033054367,-1.1988387,-0.6242143,-0.22331011,0.65349,0.041297745,-0.79164135,-0.23758791,0.434782,0.42514202
18441,-4.5734477,-0.22121173,-1.0736299,-0.47272673,-0.23269856,-0.21870603,-0.090648994,0.14362462,-0.13041915,0.4290701,0.07456331
18442,-4.8178988,-0.045463804,-1.0339496,-0.594484,-0.21949346,-0.008848188,0.19645879,-0.07248328,0.051287398,0.09414584,0.28991535
18443,-6.041676,-0.3160867,-0.8556836,-0.97015125,-0.37059167,-0.26330948,0.35255572,-0.3943198,-0.12809666,0.39900985,0.61967504
18444,-6.10681,-0.24671994,-1.1877819,-1.0078192,-0.22591828,0.24784888,-0.17763738,-0.80372095,0.21882927,0.33828136,0.4871663
18445,-7.5201178,-0.15132222,-1.5647218,-0.64646375,-0.06824,0.4286359,-0.07446936,-0.21439292,-0.37527817,0.48219487,0.17201088
18446,-5.391966,-0.0021575214,-0.9012423,-0.47637862,0.034706667,0.001355866,-0.038054194,-0.20837216,-0.21124402,0.08186711,0.18813989
18447,-6.580348,-0.38088864,-0.95177126,-1.1411598,-0.46946076,-0.097404204,0.025143163,-0.52225965,0.16172607,0.7950737,0.63542646
18448,-5.336438,-0.09790756,-1.0087423,-0.48405358,-0.2921282,0.47867292,0.24031046,-0.3526982,-0.053690493,0.42693427,0.35265958
18449,-6.0424714,-0.25454438,-1.6810849,-0.7750736,0.40799555,-0.09149846,-0.16478278,0.066471174,0.2047162,0.63633436,0.26566336
18450,-5.9449,-0.34497738,-1.1969979,-0.8242103,0.42133203,0.033731505,-0.041852407,0.009505315,0.26745582,0.43822825,0.55329293
18451,-4.375118,-0.27213964,-1.0002867,-0.4819484,0.0064807227,0.011956507,-0.12229139,-0.38471222,-0.010287937,0.492531,0.3216201
18452,-5.65088,0.010455213,-1.0421826,-0.55159074,-0.24010642,-0.021228217,0.060683116,-0.15448768,-0.10291204,0.47152236,-0.033485904
18453,-6.4620795,-0.24573873,-0.8994396,-0.63635695,-0.26675463,-0.451746,-0.2373635,-0.178595,-0.26760793,0.4520025,0.11447622
18454,-6.520757,0.41822174,-1.3732852,-0.5118577,-0.09870674,0.41169506,0.1826136,-0.7443029,-0.15656778,0.2883147,0.10733328
18455,-6.2292166,-0.32422176,-1.2769816,-0.47665226,0.19382894,0.328714,0.22184108,0.015480191,0.15670173,0.13517842,0.44211072
18456,-5.6714926,-0.20852628,-1.1198528,-0.8787207,0.30369392,-0.06088783,-0.12263111,-0.2717952,0.37433827,0.7227549,-0.11959777
18457,-5.4019704,-0.048795942,-0.75835097,-0.6564813,-0.419946,0.11431813,-0.250794,-0.050207958,-0.17349903,0.34659567,0.29183403
18458,-5.8725724,0.019980475,-1.1039765,-0.3097991,-0.00992823,0.01545037,-0.15042281,0.0011653658,-0.1280905,0.52133226,0.4282539
18459,-4.8221407,-0.43328196,-1.1562827,-0.70763344,-0.29871994,0.27902967,0.12748837,-0.46024853,0.09523342,0.4727543,0.502908
18460,-5.5907435,-0.03719386,-0.98999214,-0.86989397,-0.330993,-0.4250272,0.12193541,0.13179862,-0.040083863,0.5573118,0.34445617
18461,-6.332282,-0.2163216,-1.311564,-0.70322233,0.17034756,0.36253512,-0.31993976,-0.3890024,0.19502683,0.9567154,-0.20749897
18462,-6.6519156,-0.23212995,-1.3430678,-0.9586452,-0.20391838,0.42432207,-0.16263269,-0.4107417,0.07508031,0.3469739,0.43766683
18463,-5.616905,-0.018103246,-1.2134811,-0.720432,-0.31181845,0.087585926,-0.21926396,-0.1427901,0.094739944,0.5214623,0.31177837
18464,-4.6045594,-0.057777863,-0.7543539,-0.63059473,-0.39158532,0.21352376,-0.07206517,-0.72729236,0.069973946,0.27016896,0.3000737
18465,-6.410452,-0.017723963,-1.4350046,-0.77020466,-0.42042148,0.46702647,0.2456094,-0.1302047,-0.02501029,0.5124986,0.5014172
18466,-6.1605372,-0.049572427,-1.6010723,-0.84077024,0.4872553,0.039393842,-0.33465466,0.024329063,0.15308408,0.55624586,0.39293528
18467,-5.8605585,-0.3498334,-0.78019285,-0.9007175,-0.23835911,0.2756198,0.08419082,-0.26853216,0.1410014,0.7052153,0.6712092
18468,-4.319372,0.18371688,-0.9004992,-0.5764519,0.032368757,0.051372916,0.038542088,-0.18328626,0.20141809,0.30931783,0.30740237
18469,-5.0092764,-0.031936582,-0.93061286,-0.33923694,-0.1122658,-0.042350803,0.21048658,0.3311055,-0.29110265,0.333023,0.3329326
18470,-4.7969813,-0.3862296,-0.86057264,-0.47440222,0.04148744,-0.048193123,-0.23986001,-0.2516025,-0.032277107,0.6531486,-0.20394635
18471,-5.5447803,-0.0797846,-0.9211421,-0.45894715,-0.14687917,0.019199163,0.14384958,-0.69009435,-0.020345842,0.39465585,0.35214615
18472,-5.664879,-0.14415939,-1.3811524,-0.7417045,0.009268444,0.2989043,0.11941695,-0.1456056,-0.08968552,0.3063188,0.43341023
18473,-4.230809,-0.17831308,-0.99732584,-0.3406477,0.2428126,-0.08906879,-0.2185015,0.00032028835,-0.18744391,0.17252097,-0.065142915
18474,-5.550173,0.17721881,-1.0867801,-0.83240604,-0.17705923,0.047841296,-0.08763098,-0.50068676,-0.07454739,0.25408876,0.4845313
18475,-6.1942754,-0.136237,-0.85650116,-0.6461624,-0.12607834,-0.5507186,-0.18299468,-0.43422505,-0.12242432,0.6565195,-0.020250533
18476,-5.6335278,-0.024636112,-1.1544976,-0.76538265,-0.02113209,0.0013244627,-0.013342137,0.122898586,0.09936231,0.7073439,0.4068251
18477,-7.4640827,-0.2976482,-0.9308448,-0.6511229,0.03149219,-0.29271764,0.32472098,0.06113217,-0.4511353,0.25852868,0.9239346
18478,-7.5933776,0.15623285,-1.4002609,-0.51741374,-0.116594516,0.20046444,-0.0144982645,-0.5200831,-0.3735287,0.35474342,0.4462374
18479,-5.063792,-0.2568517,-1.5622562,-0.6686449,-0.0775088,-0.0154358335,-0.06780971,0.157573,0.09442435,0.670422,0.29139838
18480,-7.427911,-0.025862247,-1.3658859,-0.4176407,-0.36433065,0.3491065,0.52658045,-0.27434784,-0.48742712,0.46710348,0.28279564
18481,-5.0112677,0.016718578,-0.966371,-0.738931,-0.59292185,0.095838815,0.36575216,-0.2790142,-0.13311861,0.54631567,0.35891807
18482,-4.0280075,-0.12479107,-0.689314,-0.44765845,-0.030117003,-0.11640748,-0.2256623,-0.23416626,0.04992322,0.37534037,0.2934457
18483,-5.5289817,-0.18228935,-0.6004729,-0.60775405,-0.026564134,0.3370908,0.24608992,0.014545908,-0.050494924,0.34770095,0.36521447
18484,-5.080971,-0.14918657,-0.81468946,-0.54382867,-0.12113788,0.092084594,0.2736486,-0.36619234,0.009643899,0.05976859,0.2563544
18485,-5.57559,-0.33196357,-1.2164737,-0.8894122,-0.16116588,0.15755524,0.0058593033,-0.0898001,0.3505181,0.58316797,0.6291113
18486,-5.559865,0.1343281,-1.1316526,-0.268083,-0.22015554,-0.28465426,-0.060223013,-0.1288063,-0.4869017,0.6132785,0.3571323
18487,-5.0037494,-0.06352819,-0.71712416,-0.4967153,-0.07864258,-0.20224217,-0.18472387,-0.08344365,-0.18809082,0.4489809,-0.02928754
18488,-4.7517505,0.09040319,-0.72829014,-0.4637476,-0.23767234,-0.39206898,-0.10178689,-0.4566343,0.07544938,0.3937684,0.5155365
18489,-5.8459864,-0.36501142,-1.4853666,-0.33277494,0.10876957,0.38960135,0.08129284,0.08328606,-0.11657588,0.36653388,0.37297493
18490,-4.884648,-0.18389064,-0.79852486,-0.56575733,-0.45542654,0.3581559,0.3547475,-0.29196057,0.1348029,0.44944048,0.3318563
18491,-5.9071226,-0.1675307,-1.2582473,-0.39168304,-0.08437245,-0.0942127,-0.32157105,-0.23531704,-0.13833871,0.35819468,0.015805917
18492,-6.147423,-0.07599832,-0.9193004,-0.91495216,-0.40229085,-0.17015362,0.27391413,-0.32470426,-0.3640294,0.23169899,0.45583397
18493,-5.8875976,0.05657803,-1.2362617,-0.3860495,0.011090117,0.07424493,-0.36292413,0.08064612,0.024272181,0.71816707,0.16562073
18494,-6.249496,-0.19154997,-1.5172485,-0.8793719,-0.14075139,0.14503959,0.18556911,0.013930647,0.17272286,0.75735277,0.36199272
18495,-5.6494555,-0.08929952,-1.0211279,-0.3692841,-0.07435015,0.12570214,0.2569364,-0.07433397,0.05205015,0.47463787,0.29150838
18496,-4.9275904,-0.05842715,-0.6485364,-0.5729411,-0.3376235,-0.03460405,0.17871833,-0.23803869,-0.30882066,-0.034494475,0.22123106
18497,-4.804446,-0.11022758,-0.9034178,-0.5220204,-0.22222504,0.3673522,0.039901596,0.016483199,0.15010671,0.5332372,0.28660536
18498,-4.9126,-0.10214019,-0.8471345,-0.72890073,-0.2401602,-0.0909485,0.02382157,-0.26500574,-0.078945324,0.10712771,0.29052675
18499,-5.3034506,-0.058576483,-0.76298594,-0.17366675,0.11224298,-0.20696233,-0.14938074,-0.08428374,-0.21486168,0.338736,0.39299452
18500,-5.1258664,-0.32182613,-0.56564885,-0.57768303,-0.32322112,-0.33131152,-0.09289392,-0.27871168,-0.08814069,0.5734341,0.576113
18501,-5.5080857,0.13405485,-1.3383628,-0.45707923,0.4390828,-0.3768471,-0.22086062,0.082367845,-0.22902715,0.0042728316,0.2723775
18502,-5.926303,-0.12591971,-1.250144,-0.55169195,-0.120459504,-0.3192532,0.13355523,-0.08054649,0.017131725,0.64534444,0.5189382
18503,-5.8079963,-0.096867606,-0.8013447,-0.6655084,-0.23876992,-0.120507106,0.1196267,-0.6262872,-0.3281269,0.20473182,0.35630456
18504,-5.742933,0.10324445,-1.1629722,-0.6895503,-0.51262075,0.1260898,-0.23204462,-0.18306933,-0.14101915,0.48173568,0.34934297
18505,-7.0253835,-0.06942508,-1.1662142,-0.7176441,0.4558836,0.34601593,-0.31022665,-0.7783843,-0.06462991,0.11125109,-0.21409757
18506,-5.542142,-0.0035281116,-0.9391001,-0.5127727,-0.28118092,-0.1897093,0.25265938,-0.16244608,0.11865283,0.28630474,0.4931742
18507,-4.717199,0.014261411,-1.095759,-0.67030984,-0.37396204,-0.0667802,0.059070725,-0.109118246,-0.24649374,0.11881159,0.37899274
18508,-5.238925,-0.2921764,-0.91412795,-0.70660317,-0.6611261,-0.044076502,0.319326,-0.14761248,-0.1943292,0.20944577,0.57990336
18509,-7.3287916,-0.035684925,-1.031712,-0.83304876,-0.08561806,-0.29963815,-0.3782083,-0.12438584,-0.12533955,0.38952547,0.086255394
18510,-6.910758,-0.2482643,-1.2781305,-0.711777,-0.76553035,0.28029406,0.23636574,-0.019989703,-0.37687886,0.2844539,0.51908857
18511,-5.122078,-0.07910045,-1.2218077,-0.2869334,0.29164687,-0.016851157,-0.36625898,-0.006900592,-0.24020566,0.46147406,-0.011137965
18512,-7.6983514,-0.13772446,-1.1825247,-0.23117582,0.39984113,-0.13577741,-0.3625509,0.039258786,-0.0936228,0.7988475,-0.094574675
18513,-5.5150027,-0.12816723,-0.9633822,-0.6876804,-0.39231342,-0.193324,-0.057935536,0.120186985,0.058756374,0.6457752,0.34693208
18514,-4.4733567,-0.18538538,-0.6980929,-0.41040045,-0.0983811,-0.20680241,-0.11781251,0.019397754,-0.09743648,0.5671246,0.2583815
18515,-6.023438,-0.0014398927,-0.93087006,-0.22943528,-0.1227733,-0.12731111,-0.088781804,0.06766448,-0.35378987,0.30085322,0.44328743
18516,-5.45342,-0.2422318,-0.86954254,-0.8064618,-0.3224483,0.27637047,-0.043024946,-0.45869762,0.15921527,0.3398952,0.16321233
18517,-4.8431535,-0.15750732,-0.95658344,-0.7202211,-0.06909415,-0.16940661,-0.013780802,-0.2661988,0.38977623,0.5539149,0.032550592
18518,-5.4106584,-0.035230707,-1.3238939,-0.41336757,-0.1004755,0.33939874,-0.17897192,-0.44735014,-0.31559002,0.41221917,0.15944517
18519,-7.4369698,-0.35570332,-0.99167246,-0.7005642,-0.13622172,0.14879546,-0.0041637737,-0.509486,-0.31540003,0.0597349,0.5037565
18520,-6.396399,-0.2603463,-1.4787607,-0.44728312,-0.20193708,0.23177156,0.23548892,0.14300731,0.19596101,0.90013283,0.40640262
18521,-6.62538,0.1134395,-1.3258703,-0.31201494,0.56607854,0.18681729,-0.17637995,0.26864377,-0.05689361,0.40525863,-0.08546659
18522,-5.1808453,-0.30180106,-0.9781852,-0.64523786,0.047098927,-0.21460675,-0.13893017,-0.11871181,-0.04105024,0.63849425,0.11118718
18523,-5.117037,-0.10915817,-0.67176247,-0.47481996,-0.2884157,0.11519438,0.0029974198,-0.06164068,-0.27645725,0.1575201,0.11021694
18524,-4.0909643,0.03492459,-0.64122206,-0.7932231,-0.5660708,-0.0071736258,-0.053787425,-0.33633173,-0.019489406,0.46922842,0.4296526
18525,-4.647043,0.089165695,-0.90637743,-0.36020106,-0.047364715,-0.3147509,0.12190125,0.23646162,-0.09137472,0.23977652,0.296195
18526,-4.326027,0.065440886,-1.0129328,-0.53380764,-0.011966582,-0.16833599,-0.047627814,-0.2328432,0.059939735,0.24291635,0.110728115
18527,-5.4325438,-0.28059757,-1.1140457,-0.8156281,-0.11952346,0.040048033,0.19799769,-0.12546314,0.042593688,0.6104631,0.5319239
18528,-4.681326,-0.17156869,-0.76051986,-0.45899773,-0.38673446,-0.1688704,0.16148646,-0.32413152,-0.12529641,0.31263122,0.3539337
18529,-5.261244,0.14872952,-1.2903298,-0.667525,0.020719165,-0.23466024,-0.020434044,-0.30551907,0.049617484,0.38715905,0.18155277
18530,-4.96435,0.039178375,-1.1807356,-0.79311854,-0.28341064,0.16431175,-0.014390728,-0.24610859,0.047801986,0.47171134,0.5963866
18531,-5.984997,-0.13384144,-1.6129827,-0.086169705,0.2493175,0.03813439,-0.11815933,-0.026318142,0.013939347,0.3228273,-0.030811504
18532,-5.144611,-0.10383034,-1.2501469,-0.54405624,0.160687,0.32245052,-0.17508683,-0.1942836,0.33540016,0.64715743,0.105135694
18533,-6.1316566,-0.30079678,-1.3765448,-0.7941457,-0.565586,0.07271929,0.26519385,-0.30213228,-0.06890827,0.6786846,0.8651802
18534,-4.4233804,-0.2627421,-1.0943432,-0.6586845,-0.15340358,-0.06832784,0.08169227,-0.13643248,0.03611064,0.44550997,0.27050892
18535,-5.3225894,-0.103688374,-1.2883075,-0.44322997,-0.4996016,0.33236343,0.28140706,-0.24176267,0.0044729104,0.3781743,0.58231074
18536,-4.789935,0.072925664,-1.0820154,-0.42662272,0.13450952,0.11612098,-0.06617734,-0.009886051,-0.091101386,0.3630674,0.00047002267
18537,-5.428876,0.03477827,-0.9343248,-0.5882505,-0.32749212,0.11297385,0.32937866,-0.3591327,-0.03624104,0.31413785,0.42824253
18538,-6.3072653,-0.046276003,-0.98689574,-0.999521,-0.08356022,-0.3574944,0.43128878,0.14456202,0.090560764,0.67248225,0.40636733
18539,-4.841211,-0.25630707,-0.5528092,-0.60541415,-0.45493662,-0.15197745,-0.08806625,-0.12604687,-0.06890474,0.4452049,0.36995986
18540,-5.8718314,-0.17031093,-0.7661336,-0.7026244,-0.34124085,-0.18686567,0.27395326,-0.3438669,-0.32027954,0.6833568,0.37010515
18541,-4.489241,0.19971406,-1.0860263,-0.5937672,-0.026814708,-0.11899604,-0.17493874,0.03994127,-0.24751262,0.19464807,0.08354539
18542,-3.3916638,-0.022150572,-0.6918559,-0.36273202,-0.18267642,-0.096910514,0.085556544,-0.2543002,-0.16051768,0.28475738,0.07409633
18543,-6.69283,0.05841966,-1.065173,-0.5545874,-0.3413443,-0.38267303,0.0069830855,-0.26599497,-0.005448267,0.47361073,0.5780416
18544,-4.128154,0.010968978,-0.7180359,-0.75434434,-0.2525338,0.2926746,0.27815238,-0.11628667,-0.041579433,0.42433155,0.29619738
18545,-5.2032237,-0.22307852,-1.2948107,-0.69077337,-0.4628545,0.10115828,0.14065605,-0.23370484,-0.017796477,0.45827726,0.25286233
18546,-4.763836,-0.27648073,-0.9141087,-0.5277936,-0.59074134,-0.32282382,-0.0146390805,-0.08332719,-0.3254566,0.4206424,0.38229993
18547,-5.649063,-0.39335415,-0.96060055,-0.66920847,-0.3740932,0.2959599,-0.088432625,-0.20864815,0.102992564,0.7716808,0.20085119
18548,-4.772657,-0.092134066,-0.90965706,-0.7488342,0.047818754,-0.06418154,0.06589469,-0.062485397,-0.19669072,0.31987175,0.19128913
18549,-5.0696926,-0.24050903,-0.9554156,-0.5514044,-0.10924162,-0.17765775,-0.23802234,-0.21286951,-0.023272874,0.27337757,0.20072627
18550,-5.40072,-0.14080034,-1.345234,-0.79476666,-0.0057699303,-0.047291476,-0.10979996,-0.093754426,0.10975833,0.40172613,0.57720923
18551,-5.7833385,-0.008014633,-0.7928086,-0.5333156,-0.21445473,0.124313235,-0.31316164,-0.606028,-0.07177401,0.38651326,0.31145254
18552,-4.9678097,-0.46925208,-0.84075314,-0.40171844,-0.37574774,-0.25999367,0.016496744,-0.17681819,0.21109936,0.60070026,0.6510626
18553,-6.7042594,-0.18389778,-1.5798417,-0.6699936,0.08869069,-0.4220184,0.06358642,0.34199682,-0.022346387,0.3270711,0.13342233
18554,-6.6557813,-0.2288635,-1.2578068,-0.87982225,0.0068128356,-0.0984275,0.050159693,-0.18030615,0.22848782,0.6621829,0.2633057
18555,-4.9288707,-0.056727756,-1.262002,-0.6735991,0.23327243,0.047495756,-0.20041502,-0.086791046,0.30639333,0.44119716,0.22251378
18556,-4.663348,-0.16546988,-0.9972072,-0.72264475,-0.20760362,-0.08491287,0.2360802,0.07324016,0.037004657,0.4247126,0.3762192
18557,-5.4322033,0.02995319,-1.049971,-0.58404183,-0.62240094,0.2979498,-0.049966026,-0.43271568,0.20337225,0.5033162,0.4689311
18558,-4.9181275,0.057423893,-1.0548509,-0.81228346,0.06397902,-0.2557873,-0.43978024,-0.16862844,0.11268149,0.387389,-0.052575268
18559,-5.5522676,-0.23878519,-0.97166425,-0.7982233,-0.6109178,0.44685185,-0.116255574,-0.35928193,0.19474989,0.41380304,0.624879
18560,-5.7427588,-0.1745561,-1.1365387,-0.62903583,-0.42909548,0.2509523,0.45203778,-0.2075268,0.11397648,0.9611083,0.5282223
18561,-3.937648,0.032994278,-1.0264783,-0.42732316,0.022475623,0.28373164,0.11192221,-0.111295864,0.08054046,0.39175594,0.3330673
18562,-5.8299804,-0.19175492,-0.71473646,-0.69241357,-0.26873085,-0.42268986,0.3392302,0.18798652,-0.30261973,0.36414534,0.26992866
18563,-5.7179666,-0.05396604,-1.6359694,-0.63627696,0.35722375,-0.07389312,-0.33595264,-0.21355197,0.09358179,0.44648784,0.11057127
18564,-5.251085,-0.23420295,-1.2232099,-0.6752666,-0.14332487,0.25012356,0.04907035,-0.3102668,0.13388813,0.59862393,0.59080416
18565,-7.176258,-0.02057407,-1.5947992,-0.8651165,0.5090819,-0.009414749,-0.25117916,0.294165,0.25474867,0.48386782,0.35014004
18566,-5.884292,-0.11369564,-0.8551111,-0.7565918,-0.35711634,0.13412066,0.17598446,-0.073434405,-0.2003112,0.27417952,0.5973435
18567,-5.84191,-0.15002695,-0.7850744,-0.792565,-0.3292298,0.24824764,0.2337717,-0.20398127,-0.21148302,0.19804399,0.48886073
18568,-7.0974174,-0.21905482,-1.5409353,-0.8882765,-0.023177618,0.44316667,0.0875305,-0.3179073,0.26080853,0.26926214,0.20993292
18569,-4.580788,0.0077741905,-0.83985174,-0.29832825,-0.14853214,0.037855566,-0.0769491,-0.18945603,-0.17609997,0.11117365,0.05336791
18570,-4.9008813,-0.10486678,-0.9629718,-0.47888365,-0.19728331,-0.1393369,0.13987681,-0.40430993,-0.26562893,0.2715576,0.29044724
18571,-5.3003583,0.20657615,-1.610159,-0.67164946,0.2033847,0.042788487,-0.071426675,-0.014867093,-0.031503342,0.17159796,0.3078809
18572,-5.941756,-0.19122311,-1.3606793,-0.7030741,0.49093693,-0.07779556,-0.36904758,-0.22462878,0.15865345,0.5940884,0.019044757
18573,-5.633842,-0.30629784,-1.4708843,-0.7931493,0.060614426,-0.06312742,-0.16909806,-0.3007675,0.02822274,0.40584478,0.18673524
18574,-5.552526,-0.087917484,-0.81303614,-0.36117515,-0.0791718,-0.3518476,-0.21659303,-0.14412102,-0.21989128,0.5574163,-0.03237308
18575,-5.121786,0.016602809,-1.4450947,-0.93806773,0.05711024,0.060280144,-0.2532319,-0.124596454,0.28316012,0.53427374,0.35142124
18576,-5.0039735,-0.027534273,-0.9961825,-0.7579087,-0.34985158,-0.020288553,0.0060023484,-0.37839967,-0.04653167,0.61563873,-0.011754611
18577,-6.2602367,-0.260615,-1.3817331,-0.8900155,-0.12600315,-0.0029835189,-0.22341232,-0.06093385,0.29948252,0.8071865,0.3904029
18578,-5.8005695,-0.34723988,-1.2931126,-0.4743216,0.34508955,-0.04487692,-0.021636955,-0.277065,0.18845327,0.29700768,0.050916985
18579,-7.0167747,-0.50179523,-1.651811,-1.1315304,-0.5551943,0.13743483,0.104750045,-0.4072304,-0.19569358,0.7326078,0.91655403
18580,-5.5750213,-0.055000227,-1.2461069,-0.37996793,-0.21540307,-0.2817486,0.08458676,0.09674755,-0.3213497,0.18058215,0.398823
18581,-5.2585707,0.027956497,-1.0478611,-0.5665481,-0.056783147,0.010507734,-0.077575184,-0.12045447,-0.019929634,0.37249142,0.25683394
18582,-5.050489,0.03939536,-1.2561908,-0.6805479,-0.2841038,0.30379152,-0.13019663,-0.12844607,-0.037302017,0.5921336,0.29187304
18583,-6.5091195,-0.24706744,-1.1560032,-1.0354942,-0.25982767,0.19373009,0.1087737,-0.52992976,0.4920372,0.44538414,0.79050064
18584,-5.4718475,-0.32488763,-0.9066411,-0.6005396,0.3561179,-0.109831184,-0.15778266,-0.20933181,-0.11482632,0.5096792,0.32938915
18585,-7.6831436,-0.10451932,-1.6313368,-1.2923286,0.028981877,0.101014905,-0.13458848,0.27579254,0.10103046,0.48300308,0.86598194
18586,-4.7632008,-0.08010461,-0.81667423,-0.5925724,-0.041869015,-0.19988713,0.19872037,-0.23800947,-0.00847207,0.23966025,0.16417767
18587,-5.779689,-0.42211962,-0.9410039,-0.7379461,-0.0087402,-0.2007848,0.015531084,-0.19106498,-0.06337544,0.32500246,0.29784918
18588,-4.2330284,0.07260684,-0.84941113,-0.64211625,0.008961796,0.07819406,-0.16182362,-0.33647493,-0.0103104655,0.21381289,0.17000933
18589,-7.511657,-0.15267517,-1.3153542,-0.5430171,-0.18063141,0.25168487,-0.3156442,0.084847376,-0.4003801,0.27951404,0.27741066
18590,-5.497982,-0.0058760103,-1.2489772,-0.47901073,-0.11955463,-0.049379695,0.04681345,-0.013137743,0.07305063,0.14594331,0.38717484
18591,-5.232018,-0.36601457,-1.1568028,-0.5953059,-0.35972574,-0.20982353,0.17957199,-0.049625345,0.06816023,0.43262866,0.4201519
18592,-5.4148636,-0.07664936,-1.0414927,-0.6862645,0.12973042,-0.28433806,0.16435839,-0.23526862,0.17718582,0.18930061,0.2902532
18593,-4.4297824,-0.23955795,-0.6403457,-0.70131564,-0.45863116,-0.04005671,-0.061206266,-0.1898925,0.021299148,0.5693544,0.4527539
18594,-7.5395308,0.0048541455,-1.6575387,-0.44819278,0.25634006,-0.13159223,-0.087681234,-0.3252639,-0.24572329,0.12501498,0.23619282
18595,-4.9273767,-0.26049873,-0.86778027,-0.46334895,-0.21568425,-0.10775178,0.15813893,-0.08152911,-0.39386347,0.70424587,0.04272528
18596,-4.638762,-0.16121203,-1.170203,-0.5526389,-0.032111827,-0.120062396,0.03818982,-0.009477632,0.07420435,0.49449107,0.21400777
18597,-6.98754,-0.06429996,-0.9684534,-0.9444851,-0.20131809,0.37377024,-0.35713995,-0.6368168,0.31736565,1.1421747,-0.026418265
18598,-6.240728,-0.19624192,-0.89742476,-0.49580008,-0.10431313,0.37723255,0.020277921,-0.47979686,-0.0073053427,0.41886362,0.04694364
18599,-5.1086645,-0.03925612,-0.9978072,-0.3972349,0.051644348,-0.15517655,-0.19036865,0.034370914,-0.25162214,0.3479144,0.1500472
18600,-6.4964075,0.07506876,-1.0982151,-0.74324214,0.031641763,-0.16626032,-0.081895426,-0.29665065,0.12639755,0.14219546,0.45459154
18601,-6.05751,-0.17279041,-1.216341,-0.3817097,-0.35519907,0.092913,0.0077467035,-0.4541923,-0.04044441,0.44659945,0.5776141
18602,-4.865828,-0.22228214,-1.0706855,-0.6835752,0.24147786,0.20571147,-0.12670092,-0.22111985,0.14869349,0.3211921,0.2608753
18603,-5.983964,-0.45901197,-1.1969947,-0.86268497,-0.08756524,0.10072527,0.06348099,-0.14910409,0.36456665,0.54392177,0.8538699
18604,-7.004282,-0.24071114,-0.8188779,-0.88236237,-0.8742381,-0.24873151,0.5724618,-0.40737817,-0.21592896,0.4523637,0.40343854
18605,-4.914547,-0.05485214,-0.8513102,-0.46631876,-0.04137078,0.12362425,0.12692058,-0.019318016,0.045650505,0.6909245,0.32562938
18606,-5.4515734,-0.26071143,-1.0433264,-0.6436029,-0.116041355,-0.10927565,-0.013324552,-0.51501137,0.02228461,0.28563362,0.4352282
18607,-6.419928,-0.29906958,-1.2352524,-1.0519645,-0.529541,0.01182905,0.4343186,-0.061073646,-0.042050906,0.9016932,0.528764
18608,-6.0291853,-0.11721574,-0.8182297,-0.4311063,0.103728324,-0.21728593,-0.07598719,-0.29824927,-0.18366599,0.43619063,0.13432485
18609,-4.400115,-0.077190414,-0.76373184,-0.23955125,-0.30645356,-0.13280235,0.1646097,-0.04967148,-0.22842652,0.26561227,0.2972717
18610,-4.3743744,-0.030445553,-0.7265232,-0.72578675,-0.076951034,-0.15087265,0.34863594,0.061726555,0.061484165,0.54405135,0.327101
18611,-6.577817,-0.3172266,-0.96885353,-0.6071351,-0.524803,-0.3120898,0.30365747,-0.19363752,-0.13018386,0.23679778,0.63178647
18612,-5.85843,-0.1504215,-1.0827746,-0.5938806,0.06201814,-0.26657987,0.09017667,-0.07492881,0.13678323,0.58667445,0.26926202
18613,-5.9493804,-0.32893226,-1.3312407,-0.53648764,-0.4378097,0.19802523,0.25404721,-0.23687658,-0.22104777,0.4601777,0.5813841
18614,-4.2950926,-0.33539855,-0.990808,-0.5711451,0.0076439255,-0.045720704,-0.15527786,-0.45421147,0.13016081,0.49577466,0.30525318
18615,-6.3515553,-0.006697898,-1.6964468,-0.74245745,-0.30624264,-0.007979262,-0.038320903,0.21283904,-0.09419445,0.28585917,0.74184614
18616,-4.9519014,-0.29244244,-0.9182141,-0.6327891,0.10937535,-0.12464973,-0.32894653,-0.089163415,-0.0053779148,0.43704233,0.22916378
18617,-4.567704,-0.21642636,-1.0512773,-0.42161784,0.29098013,-0.32425338,0.05393255,-0.055233352,0.105391674,0.28978482,0.10179858
18618,-5.8452177,-0.123279646,-1.5486403,-0.5865607,-0.015601242,0.5690301,-0.13477072,-0.23502186,0.29758775,0.38595074,-0.07228039
18619,-5.9812713,-0.3132496,-1.1377686,-0.7979786,-0.32722723,0.25782037,0.045275226,-0.2056071,0.018048547,0.52170295,0.27671126
18620,-6.3899913,-0.080700286,-1.1779585,-0.8741544,0.0054523335,-0.32755262,0.15193538,-0.31671533,0.007699252,0.306613,0.60828155
18621,-4.562143,-0.36715472,-1.1272846,-0.6708645,-0.2477799,0.008591047,-0.109217286,-0.3265306,0.27316564,0.39760622,0.54596305
18622,-5.774216,-0.118862286,-1.3873755,-0.48884627,0.08348805,0.081305526,-0.074217536,-0.35304365,-0.07550402,0.2588311,0.37318715
18623,-3.7647657,-0.20028462,-0.75359225,-0.33147308,-0.31912026,-0.070811614,0.16289584,0.05644343,-0.13134708,0.32200173,0.3394541
18624,-7.094,-0.08378538,-1.4866809,-0.88812435,-0.01988158,0.34351122,-0.1833549,-0.28633773,0.024828339,0.4057552,0.32446107
18625,-7.915351,-0.33436388,-1.5035083,-0.7595182,-0.087576196,-0.51125443,-0.10531232,0.024620738,0.021346495,0.5115561,0.53149146
18626,-4.8724017,-0.0063342033,-0.8045925,-0.4794589,0.047064997,0.041055195,-0.24712844,-0.27808237,-0.18242946,0.27801037,0.010693876
18627,-4.9728546,-0.022997908,-0.8509439,-0.44157833,-0.37051344,0.014506208,0.036897708,0.109027356,-0.18642618,0.6720051,0.2892902
18628,-3.6307354,-0.12739004,-0.7292692,-0.28396118,-0.19165629,0.14979777,-0.11514192,-0.49407414,-0.008823594,0.43110207,0.2807305
18629,-5.5614924,-0.08124334,-1.0735275,-0.5380368,0.027850045,-0.3569647,-0.12135058,0.329932,-0.15775985,0.5893116,-0.04702446
18630,-7.7253866,0.19287618,-1.4501345,-0.75172955,0.3522532,-0.11782253,-0.12850295,-0.014879951,0.08400534,0.36855528,0.2790387
18631,-5.2657785,-0.271578,-1.3178225,-0.60938174,-0.21393016,0.08360546,-0.02725925,-0.031525217,0.061105654,0.5569712,0.49182072
18632,-6.501919,-0.15257132,-1.353013,-0.6847664,0.10426812,0.10496595,-0.2903947,-0.0770283,0.06915801,0.63758314,0.20234573
18633,-5.1216297,-0.3634639,-0.7888207,-0.7535596,-0.15262572,0.20265546,-0.11666196,-0.1622527,0.020217746,0.47711933,0.22957356
18634,-5.2362914,-0.23274787,-1.1980138,-0.044892382,0.21033421,0.002401506,-0.114638336,0.1507527,-0.46697697,0.10336821,0.023803346
18635,-5.085641,-0.13840987,-0.9241735,-0.5034767,-0.24326211,-0.35900843,0.121218204,-0.355371,-0.22080332,0.075246245,0.32346252
18636,-4.9443965,-0.17074321,-1.0172561,-0.4407412,-0.44487804,0.15939929,0.1715257,-0.44495168,-0.0014365502,0.2836088,0.13811979
18637,-5.858233,-0.007568189,-0.9454498,-0.56128055,-0.29132116,-0.47885025,0.058580544,-0.1162476,-0.21467718,0.15361027,0.6736293
18638,-4.8248334,-0.17781997,-0.7830739,-0.6150633,-0.07772865,-0.11005654,0.15571043,0.11260999,-0.23939969,0.35228077,0.30328405
18639,-5.943269,0.10358776,-0.73357916,-0.54915136,-0.4768884,-0.3794005,0.29008737,-0.31796125,-0.4337124,0.41297835,0.52357113
18640,-5.6823635,-0.49598977,-1.0620608,-1.088301,-0.41648653,-0.2638378,0.1092416,0.036464013,0.09870663,0.61505324,0.27795652
18641,-5.5174117,0.101059884,-1.3135219,-0.30955756,0.2705438,0.1705574,-0.22761512,-0.19217893,-0.06243562,0.16401674,0.09691551
18642,-6.649681,0.054087248,-1.5979389,-0.82443035,0.12138972,0.047091827,-0.33917773,0.2874678,0.0028779507,0.1667036,0.33860433
18643,-4.609027,0.055514317,-0.8895183,-0.4129388,0.0469098,0.3216887,-0.1988808,-0.33758074,-0.107095785,0.53148216,-0.028429046
18644,-5.3968663,-0.11720458,-0.6766625,-0.47692707,-0.3070332,-0.11216498,-0.2071312,-0.19616392,-0.011152921,0.2971564,0.26512313
18645,-5.841533,-0.18296179,-0.8878051,-0.16001514,0.070855714,-0.43626398,-0.008491415,0.35805526,-0.2940962,0.0433999,0.2103508
18646,-5.32049,-0.11841683,-0.8497613,-0.618503,0.20216656,-0.08680923,-0.23187254,-0.43480724,-0.0106394235,0.7579698,0.026059978
18647,-5.308204,-0.0048092436,-0.93269324,-0.17115472,-0.04480417,-0.036012467,0.1785559,-0.3847252,-0.24650852,0.51176417,0.18742567
18648,-5.6644583,-0.09245075,-0.70073146,-0.3019137,-0.33221903,-0.3077681,0.43084142,-0.12503286,-0.36730906,0.22761914,0.5283855
18649,-4.6295595,0.057717297,-0.8504002,-0.3080441,0.2648693,-0.13659056,0.020124137,0.03285646,0.049190022,0.32614392,0.06584384
18650,-4.753012,-0.015611504,-1.0202361,-0.6196917,-0.13732575,0.18731862,-0.04290066,-0.031355515,0.12500761,0.60382295,0.36258966
18651,-6.305284,-0.29877654,-1.3378948,-0.52921253,0.34465793,-0.033231013,-0.36046135,-0.40313768,0.057796516,0.22189291,0.45503116
18652,-4.9674983,0.05841621,-1.2241396,-0.8445435,-0.23811091,0.44646394,0.20859362,-0.53913265,0.19658755,0.48955178,0.3591092
18653,-5.127226,-0.53060454,-0.8989931,-0.5636689,0.14400934,0.2938978,0.07959243,-0.12213475,0.020551348,0.60235465,0.333846
18654,-7.574475,0.006052644,-1.6497139,-1.1901474,0.014044929,0.21128275,-0.10086061,-0.15953459,0.37767026,1.2196664,0.6123816
18655,-5.393354,-0.19762461,-1.0228095,-0.6437672,-0.3714492,-0.38746446,-0.075674824,-0.119932644,-0.07110682,0.25932482,0.49204183
18656,-5.048968,-0.11934067,-1.092575,-0.48969334,-0.21291593,0.08194301,-0.202584,0.0180667,0.017439758,0.62628156,0.36548263
18657,-5.9364376,-0.28921357,-0.8651832,-0.6585428,-0.38784087,-0.10103285,0.14693242,-0.2007297,-0.3306323,0.20528509,0.4322989
18658,-4.581256,-0.13899729,-1.2018441,-0.5870747,-0.44560552,0.053372674,0.0072739855,-0.6246649,-0.037718676,0.41515893,0.31266305
18659,-6.8620715,0.11496536,-1.3827301,-0.319622,0.27236116,0.19780502,0.021458128,0.054081745,-0.11289348,0.18872838,0.2931532
18660,-6.4287295,-0.17645489,-1.2336669,-0.6897262,-0.041980702,0.14357935,-0.14084192,-0.41217828,-0.033338077,0.0745954,0.22058725
18661,-7.4368415,-0.05520759,-1.5137762,-0.79911536,0.41237825,-0.3012262,-0.52116126,0.24715494,-0.25731814,0.49750954,0.16080083
18662,-7.0448804,-0.44165295,-1.5282794,-0.7569466,0.45910475,0.07823559,-0.323299,-0.3605009,0.22386992,0.70924306,0.19241948
18663,-6.469775,-0.32684577,-1.2615489,-0.77110267,-0.47959328,0.051822454,0.32534277,-0.35749835,-0.43958288,0.16056924,0.6613538
18664,-4.9314065,-0.14311087,-1.1217752,-0.7832887,-0.2364089,-0.047834996,-0.28173548,-0.07354614,0.32844394,0.5584395,0.41305083
18665,-5.6822066,-0.38029233,-1.3601514,-0.24113914,-0.07054669,-0.06372924,-0.15852621,0.06473529,-0.09736182,0.2275114,0.37553063
18666,-5.83166,-0.15695088,-1.2280173,-0.9212515,-0.55934626,-0.014678085,0.06997761,-0.062135838,0.1456563,0.53816444,0.6113515
18667,-4.8592777,-0.13534962,-0.9603202,-0.5619296,-0.22061203,-0.009748213,0.0071380036,-0.18199883,-0.24435677,0.502479,0.46489412
18668,-4.8527737,-0.14115189,-0.58905053,-0.5325269,-0.23721537,-0.23650683,-0.412504,-0.22670227,-0.11006446,0.7151458,0.13097084
18669,-5.274286,0.096787944,-1.3664845,-0.41815734,0.29051995,0.19542116,-0.025871899,-0.39290068,0.051309086,0.17224789,0.28974828
18670,-6.2962685,0.032383498,-1.2757337,-0.6811184,-0.5717404,-0.07735724,-0.1607844,-0.050285608,0.0662603,0.50996953,0.3445699
18671,-6.057289,-0.275668,-1.304782,-0.9946842,-0.45218122,0.3065592,0.16499944,-0.6169878,0.058135018,0.38231605,0.68273133
18672,-5.984895,-0.06905457,-0.88408077,-0.6802072,0.018937977,-0.17467394,0.06479623,-0.45223454,-0.178107,0.4227046,0.12643766
18673,-6.3174767,-0.5385981,-1.4466285,-0.807375,0.4888346,-0.20758188,-0.44466454,-0.1913423,0.2140012,0.69335425,-0.282152
18674,-6.3623366,0.22776519,-0.92528087,-0.72453684,-0.46674693,-0.2725047,0.23058352,-0.28313488,-0.017011402,0.66177285,0.23605928
18675,-4.01904,-0.11696984,-0.4514541,-0.5222572,-0.17200705,-0.026441999,-0.18479158,-0.02735628,-0.1336456,0.38556513,0.05946018
18676,-5.3708596,-0.048695788,-0.9654126,-0.7737366,-0.103621334,0.2010538,0.311259,-0.40290737,-0.1356999,0.59435356,0.37495485
18677,-5.5963473,0.1487747,-1.1836923,-0.5987556,-0.20637782,-0.25767916,-0.027190492,-0.061075486,-0.089607894,0.3501218,0.4903181
18678,-4.289704,-0.34059548,-0.687875,-0.36144778,-0.21450102,0.061259814,-0.01064149,-0.21044594,-0.26184544,0.057971586,0.18238558
18679,-3.4821122,-0.07101236,-0.61872023,-0.63336253,-0.3140474,0.17674044,0.1865373,-0.1993679,0.08718258,0.26897514,0.32028386
18680,-7.385011,-0.3444395,-1.0041857,-1.0457166,-0.53257096,-0.10593809,-0.037128218,-0.12925088,-0.19063507,0.6347957,0.9286074
18681,-6.456723,-0.21763405,-1.2967979,-0.74059117,0.23137166,-0.22592168,-0.433683,-0.28919497,0.05891455,0.46739522,0.121627174
18682,-6.227708,-0.22160617,-1.2828138,-0.79323757,-0.26235187,0.09887122,-0.12141276,-0.7089161,-0.03902886,0.4762358,0.50808
18683,-7.3151555,-0.034019105,-1.5534272,-0.39000878,0.2648047,-0.103010714,-0.18741982,-0.5616137,0.020301558,0.43268758,0.32798326
18684,-4.877047,-0.2897336,-0.9210847,-0.6182268,0.15163158,-0.3629629,0.008611304,-0.14500399,-0.21037343,0.22618093,0.46358296
18685,-6.5485525,-0.14548516,-1.4642687,-0.9603184,-0.9746153,-0.22290759,0.03300797,0.110514216,-0.092980035,0.38608772,0.6858436
18686,-3.8744118,-0.094397716,-0.62887716,-0.48492888,-0.116331264,0.08483323,0.13543478,-0.29852444,-0.1583769,0.16932781,0.31829092
18687,-5.8763537,-0.18622036,-1.4271266,-1.1382575,-0.023303175,-0.054866873,-0.25013107,-0.40254575,0.10256071,0.60111976,0.44411427
18688,-5.1964235,-0.21849012,-0.6193866,-0.5034978,-0.07210633,0.017880816,0.27339205,-0.21023265,0.030867971,0.40066218,0.1536698
18689,-5.0663443,-0.11566888,-0.97832257,-0.40690213,-0.1869148,0.24290024,-0.17983477,-0.05697567,-0.049834393,0.3086873,0.23902601
18690,-5.6536965,-0.26561588,-1.4729686,-0.68693143,-0.22868323,0.15301064,0.20468904,-0.35771015,-0.11840476,0.37972638,0.5371131
18691,-5.487162,-0.17947416,-1.0433438,-0.62438166,0.048478015,0.5413923,-0.25923133,-0.34212705,0.05544713,0.18084276,0.04588672
18692,-4.9497867,-0.13407665,-0.9143705,-0.64143,-0.31712556,0.046903215,-0.09473201,-0.30071738,0.08870828,0.70182294,0.24507546
18693,-4.4618917,-0.011464194,-1.1423709,-0.4082178,-0.18840745,0.30502528,-0.047999892,-0.021258725,-0.054309167,0.60289377,0.229731
18694,-5.6838946,-0.08501232,-1.6686391,-0.43277237,0.48196858,-0.23202041,-0.28389367,-0.027095808,-0.18036154,0.43246153,0.025261987
18695,-5.4050536,-0.37011725,-1.1965722,-0.59258634,0.3870914,0.1216796,-0.26280254,-0.41831055,0.19372797,0.099807374,0.22347641
18696,-6.488842,-0.3070156,-1.2109058,-0.87420505,0.10404393,-0.37023598,-0.043458205,-0.4937218,0.11316101,0.5136537,0.26263604
18697,-5.266533,0.06427036,-1.2099806,-0.4841715,0.022678375,-0.012151776,-0.27356866,-0.2894581,-0.058875106,0.37858248,0.44541186
18698,-7.388207,-0.2605292,-1.1243595,-0.7696119,-0.07137461,0.29536867,0.3581801,-0.037054032,0.10074639,0.32911366,0.40958443
18699,-4.548676,-0.05262825,-0.8960571,-0.7190565,-0.04944829,-0.28762668,-0.17516819,-0.2802745,-0.08480329,0.2715586,0.14307976
18700,-3.5725276,-0.0065793293,-0.59298253,-0.47175556,-0.17021659,-0.069575615,0.39806145,-0.10546225,-0.14926775,0.21616678,0.16927601
18701,-5.118058,-0.0902372,-0.84238774,-0.36938798,-0.11559374,0.18023615,0.028943446,-0.09468745,-0.25682265,0.3385758,0.3798214
18702,-4.409519,-0.1498813,-0.7947324,-0.5430187,-0.5532005,-0.046955638,0.200093,-0.21231073,0.08791075,0.3950476,0.3985049
18703,-5.1179776,-0.16490091,-1.0081064,-0.23791789,0.16413517,-0.17566866,-0.04298142,-0.1012773,-0.29316196,0.16464238,0.48590964
18704,-7.0997972,0.43171537,-1.2669587,-0.6308109,0.039230324,0.26288682,-0.12852621,0.0040768343,-0.10483943,0.40547964,0.4677699
18705,-6.5273366,-0.16746798,-0.8923941,-0.8817064,-0.309883,-0.29898083,-0.049076773,-0.10904726,-0.1014392,0.7739274,0.2103678
18706,-7.2555046,0.16054925,-1.4610773,-0.51386446,0.32363898,0.19516188,-0.12595554,-0.56507987,0.22548711,0.037967857,0.12484168
18707,-6.388444,-0.40018335,-1.2186714,-0.7220182,0.14664644,0.50412786,-0.27617377,-0.16884919,-0.077757075,0.40066755,0.3776202
18708,-7.675992,0.14675063,-1.3411311,-0.846735,-0.45476174,-0.16961241,-0.14872487,-0.41399333,-0.30057597,-0.033979602,0.1820817
18709,-6.648247,-0.07202605,-0.95131665,-0.6907137,-0.10394111,0.15402195,-0.15281379,-0.40370068,-0.07473236,0.7609681,0.14604588
18710,-7.038027,-0.010697209,-1.3724307,-0.66540873,-0.13366821,0.039138507,0.066570766,-0.107929766,0.121349275,0.5763423,0.09116084
18711,-6.0910125,-0.2651229,-0.9403302,-1.02265,-0.14714073,-0.08555983,-0.102608696,-0.30176556,-0.24926044,0.43391392,0.39023224
18712,-6.1702175,-0.11504493,-1.1077833,-0.79836583,0.043577548,-0.23915078,-0.25639543,-0.13466169,0.17438403,0.672808,0.2468917
18713,-6.7725677,0.037899572,-0.8140079,-0.7980863,-0.1989081,-0.28192937,-0.13083254,-0.5385893,-0.16935873,0.23705566,0.58143216
18714,-5.4734364,-0.32426423,-0.8098441,-0.25708494,-0.4526839,0.3046837,-0.01780795,-0.43193334,-0.14517657,0.4551353,0.19043234
18715,-4.9058256,-0.585445,-1.0048934,-0.7338153,-0.01469356,-0.24276434,-0.34894964,-0.050622366,0.098655835,0.27022994,0.21274854
18716,-5.706194,0.1927954,-1.2437286,-0.34991825,0.042691514,0.011393633,-0.019269194,-0.43208748,-0.09155983,0.4294633,0.42127335
18717,-5.655005,-0.3956594,-0.9868175,-0.9847638,-0.3235078,0.2946484,-0.013430034,-0.44403258,0.44995692,1.0077136,0.7022891
18718,-5.9529724,0.036211085,-1.3139683,-0.32822618,0.56031984,0.47155684,-0.22786328,-0.058270834,-0.07554208,0.33678707,-0.05710596
18719,-6.942511,0.16669984,-1.6819397,-0.46363315,0.12084181,0.28505772,-0.26597226,-0.0071692746,0.060295574,0.7581794,0.23076989
18720,-6.4584084,-0.30311996,-1.057709,-0.46819142,0.16930704,-0.013983108,-0.28754067,-0.15989234,0.055131473,0.61784273,0.5295907
18721,-6.016029,-0.29823944,-0.97652775,-0.70114505,-0.34962672,0.12736443,0.071076095,0.014176454,-0.09756802,0.42014304,0.5586443
18722,-4.242966,0.10478567,-0.69634295,-0.47530347,-0.2119779,-0.349876,-0.010826706,0.0029804623,0.042403884,0.29467493,0.35203552
18723,-6.123258,-0.112323456,-1.143309,-0.74552107,-0.4029948,0.19824827,0.3155018,0.023666177,0.011389058,0.69278216,0.68677336
18724,-4.948314,-0.14364427,-0.95181555,-0.25963894,-0.139751,-0.33760858,0.024897765,0.0121499505,-0.2684898,0.48384285,0.38430035
18725,-5.9832754,-0.313751,-1.182661,-0.5614256,-0.32751083,-0.0034145322,0.0020877905,-0.48963097,-0.26713318,0.39726657,0.30311087
18726,-4.0460086,-0.052127235,-0.74726677,-0.49482656,0.034377776,0.06306043,-0.07259451,-0.55080086,0.07448376,0.109247684,0.1622228
18727,-6.2260814,-0.47325563,-0.90726095,-0.89480954,-0.18798217,0.09593554,0.2074968,-0.3378846,-0.25623894,0.31061682,0.7767489
18728,-6.8580146,0.13658693,-0.99812263,-0.4402778,-0.083808936,-0.0210154,0.37516508,-0.12493905,-0.4377899,0.41645664,0.16772155
18729,-5.7724032,-0.22887081,-1.1347307,-0.6052928,-0.22948785,0.069301665,-0.0893818,-0.216748,-0.00067859143,0.60113424,0.5356203
18730,-8.226507,-0.0647935,-2.0505974,-1.1482258,0.17341839,0.80435675,-0.17664038,-0.52739376,0.6750309,0.8260572,-0.004845037
18731,-5.982119,-0.16366656,-1.0680634,-0.5993687,-0.11213299,0.6380548,0.056059994,-0.16432905,-0.07475101,0.3702619,0.582664
18732,-5.240607,0.08564222,-0.75118434,-0.44412455,-0.24631533,0.057743903,-0.12974294,-0.64136183,-0.25424814,0.5080542,0.0721209
18733,-6.7354975,-0.19221763,-1.609051,-1.132829,-0.07778124,-0.06299476,-0.49241397,-0.39244327,0.6940756,0.9126903,0.2666806
18734,-5.479426,0.04405095,-1.166156,-0.5360815,-0.16962993,0.01774199,0.089927025,-0.3502087,-0.17958392,0.85497904,0.19013573
18735,-4.2219863,0.20023984,-0.82229584,-0.5862966,-0.2316082,-0.07594449,-0.15186855,-0.1635993,-0.104480036,0.43389964,0.11858239
18736,-3.7616365,-0.03585526,-0.71122694,-0.66311634,-0.1722934,-0.15541176,-0.010299777,-0.23711872,0.032696392,0.31642383,0.28865537
18737,-4.757943,-0.09132689,-0.77138776,-0.38563854,-0.3994475,0.1872217,0.26183826,-0.12914947,-0.12611319,0.44445658,0.5338969
18738,-5.7421365,0.18482316,-1.4315393,-0.4191436,0.18874186,0.030660037,-0.074187346,-0.045476764,-0.17214532,0.24261807,0.38421944
18739,-4.813665,-0.21569571,-0.7655039,-0.1804194,-0.062120125,0.048346423,0.14788587,-0.18867415,-0.36856806,0.12463143,0.4216865
18740,-8.156672,0.0021009222,-2.0990608,-0.9740943,0.0115034375,0.2796681,-0.34849244,-0.14803715,0.43762466,1.0668325,0.21878883
18741,-6.637478,-0.19667196,-0.75184715,-0.32930052,-0.112261795,0.11663451,0.094089255,-0.2079474,-0.48096377,0.45832014,0.621862
18742,-7.069733,0.00018841121,-1.169038,-0.39398414,-0.3049033,0.37097198,0.34196934,-0.5073097,-0.29848263,0.042702224,0.4026003
18743,-5.029564,-0.14164914,-0.9584349,-0.48463303,0.042012356,0.13301203,0.024249788,-0.43264964,0.0037466064,0.30483595,0.3461859
18744,-5.8497944,-0.1371438,-1.4006736,-0.79779625,-0.22072485,0.17010733,0.20486045,-0.46422175,0.02293932,0.7459635,0.07789131
18745,-5.5248017,0.043574125,-1.222205,-0.4122067,0.29473916,0.27292418,-0.35618806,-0.6746735,-0.16705146,0.3484383,0.11971707
18746,-7.212612,-0.33614734,-1.4283032,-0.8268018,-0.048876714,0.19329704,-0.13772471,-0.43967947,0.22637513,0.7306334,0.1369671
18747,-5.2676797,-0.23689894,-1.0655525,-0.84205294,-0.034994047,0.22503819,0.094386384,-0.23895156,0.24790703,0.47077113,0.3340512
18748,-5.689246,-0.10202622,-0.9437681,-0.6096215,-0.09689442,0.28854316,0.21352986,0.042065687,-0.05943568,0.4397826,0.32140413
18749,-4.663959,-0.076735474,-0.7524462,-0.6515017,-0.02516084,0.16928011,-0.2780225,-0.32022476,0.16375351,0.41955632,-0.20103869
18750,-7.1141663,-0.0032518143,-1.5882832,-0.9522593,-0.30218995,0.26452816,0.33940938,-0.23843896,-0.08496132,0.36897892,0.39031926
18751,-4.452284,-0.20569228,-0.6316961,-0.63883567,-0.09440743,-0.071820125,-0.019526813,-0.027376534,-0.04135932,0.34510115,0.14548844
18752,-6.2709255,-0.33792704,-1.3903986,-0.8695674,0.28958458,0.15769234,-0.30857927,-0.22320347,0.1897902,0.6816039,0.13550968
18753,-3.6860583,-0.4410315,-0.52092206,-0.39379275,0.103600025,0.0036925692,-0.11273273,-0.05643031,-0.023381794,0.14843413,0.1121055
18754,-6.7215796,0.21922341,-1.7006624,-0.81851083,0.2793655,-0.15667224,-0.6776891,-0.2127553,0.18431044,0.6741183,-0.11573901
18755,-6.3833494,-0.049185127,-1.3100667,-0.583307,0.23282965,-0.040654253,-0.28733173,0.23198844,-0.29952013,0.7966126,0.39289594
18756,-5.782258,-0.12203829,-1.3793259,-0.9149499,0.006262585,-0.1927311,0.08017457,0.043044284,0.24586034,0.6337933,0.3791058
18757,-6.5152154,-0.18527474,-1.0424987,-0.86457825,-0.23646656,-0.16537106,0.02457203,-0.5077284,-0.36565945,0.2995196,0.5605117
18758,-4.9491835,-0.03964631,-0.7193463,-0.2546398,-0.040744647,-0.230327,0.07108071,0.15156777,-0.46572748,0.24456963,0.35386154
18759,-6.0692973,-0.08097757,-1.1204971,-0.62825805,0.14753047,-0.09696637,0.029044539,0.18032347,-0.01631439,0.6311902,0.16284968
18760,-5.236371,-0.05800649,-0.5933036,-0.3666292,-0.14530924,-0.08232939,-0.09834429,0.17085063,-0.22104198,0.43789515,0.054783504
18761,-4.410939,-0.12744275,-0.9206428,-0.33909476,-0.2158861,0.11058768,0.39068404,-0.054822937,-0.25947672,0.24338436,0.3249959
18762,-6.208969,0.11033436,-1.2327253,-0.61977524,0.4487926,-0.16667154,-0.28484157,-0.027857954,0.0046921037,0.37738207,0.18336065
18763,-5.4990344,-0.059712168,-1.2625461,-0.7022325,0.010068912,-0.1061837,-0.10484926,-0.40022847,-0.131788,0.28267235,0.03437361
18764,-5.3297324,-0.13702555,-1.1401408,-0.56669074,0.18671742,-0.13219863,-0.12930141,-0.21617503,0.034142416,0.0641109,0.26462325
18765,-4.3705716,0.14105411,-0.95216906,-0.52552193,0.16867307,-0.12809446,-0.1824972,0.110007904,0.011013148,0.41412556,0.21277288
18766,-7.2168555,-0.33417308,-1.6474344,-0.8157784,0.16392,0.26131254,0.005073718,-0.40535584,0.3488104,0.44103128,0.3344976
18767,-3.7331219,-0.16340533,-0.6895802,-0.39928937,-0.08349416,-0.21011126,0.17962395,0.05941297,-0.14425938,0.20220329,0.22044198
18768,-7.7893453,-0.15032126,-1.98472,-0.9756932,0.11086755,0.072655424,-0.47385612,-0.21752,0.2115186,0.40800422,0.10936502
18769,-5.6763873,-0.11573492,-0.8145014,-0.64450175,-0.121130206,0.07008428,-0.08020347,-0.36113986,0.015807716,0.73533094,0.0416719
18770,-4.4834304,-0.018723246,-0.68961984,-0.586397,-0.28495637,-0.10442843,-0.23689862,-0.2507818,-0.19860052,0.24976861,0.1954051
18771,-8.100667,-0.3191439,-1.2673751,-0.75827265,0.13351229,0.13796505,0.060735155,-0.3079995,-0.30239967,-0.27625155,0.46616668
18772,-5.31718,-0.12841089,-1.1029845,-0.9428316,-0.06929621,-0.2023323,-0.19510785,-0.6095802,0.30345538,0.44697055,0.44588307
18773,-4.8297324,0.106614985,-0.99443525,-0.18655023,0.2359114,-0.13381872,-0.005351632,-0.13208057,-0.27298635,0.20656472,0.10320615
18774,-6.4681883,0.08596048,-1.0139561,-0.63193214,-0.22738928,-0.060879335,0.27719212,0.013478027,-0.32937503,0.56838965,0.4903354
18775,-6.975195,-0.46310198,-1.0935429,-0.88171065,-0.075525396,0.0015085246,0.025203459,-0.33640614,-0.02096085,0.6826098,0.46789107
18776,-6.058455,-0.13813135,-1.1608257,-0.5958745,-0.14782035,0.23711799,-0.19191208,-0.72573483,0.26049748,0.2809331,0.303166
18777,-5.862368,-0.07925812,-0.87140876,-0.46835917,-0.16401438,-0.4022779,0.21953385,-0.21262583,-0.2813402,0.35187092,0.20236024
18778,-4.7081323,-0.0242589,-0.9749152,-0.42989036,-0.35804218,0.040791955,-0.23082338,-0.10511804,-0.20141637,0.35845464,0.30715147
18779,-7.3234897,-0.19528744,-1.8133957,-1.146289,-0.6897866,0.37739652,0.56146854,-0.23101543,-0.014915353,0.9145979,0.73397
18780,-6.5119405,-0.0327468,-1.2015431,-0.75519156,-0.45305675,-0.3455215,0.12364125,0.17177832,-0.15477903,0.3209512,0.5154117
18781,-6.9014263,0.14402002,-1.844046,-0.94461197,0.43142834,0.008307207,-0.33105752,-0.103532866,0.21620639,0.40803987,0.016865218
18782,-6.6968102,0.08199426,-0.93036234,-0.84349614,-0.641726,0.029970877,0.4272012,-0.22217697,-0.10411619,0.7762794,0.64896464
18783,-3.4655836,-0.07719988,-0.87643754,-0.38783357,-0.09784892,0.014162382,-0.03111682,-0.1403586,-0.13187745,0.25167412,0.053688034
18784,-6.521578,0.08676767,-1.4322052,-0.56373894,-0.13468607,-0.06302092,-0.048967622,-0.20558819,-0.10911898,0.42637247,0.3880082
18785,-6.005322,-0.24234603,-1.2297891,-0.89030874,-0.2902423,0.41322535,-0.024278503,-0.47700942,0.37745854,0.48696905,0.16578685
18786,-4.86685,-0.14571357,-0.9974962,-0.49534428,-0.23779115,-0.07981497,-0.08327296,-0.15872546,-0.23272297,0.41991836,0.06629097
18787,-6.3725977,-0.07899845,-1.3531072,-0.86975735,-0.4215691,0.20378026,-0.08244983,-0.535077,0.20209876,0.6787487,0.4735831
18788,-5.9964733,-0.036776025,-0.9432884,-0.40969345,0.14122538,0.11985395,-0.34696475,-0.12718947,-0.34140775,0.20887357,0.3407602
18789,-5.0726357,0.011120704,-1.1942637,-0.87871885,-0.20534049,0.0966489,0.09824838,-0.21472988,0.15077539,0.6873888,0.5268731
18790,-5.327108,-0.014171748,-0.80262,-0.24728641,-0.5383616,0.4155299,0.10964948,-0.82074666,-0.20019805,0.15561926,0.33820745
18791,-6.315898,-0.05111105,-1.1786234,-0.839037,-0.7482618,0.3608802,0.05173463,-0.2510136,-0.12525891,0.52337724,0.19918588
18792,-6.4557257,-0.0912968,-1.5565368,-0.7466704,0.22291602,0.035995737,-0.1642235,0.17394133,0.17285092,0.72968966,0.19039172
18793,-5.8890147,0.068365335,-1.5521911,-0.85425204,0.111800954,0.18138552,-0.33065563,-0.46814984,0.46615112,0.24364476,0.2815551
18794,-3.9103086,-0.22712427,-0.70370364,-0.38634765,-0.3652732,-0.008367559,0.023715746,-0.24754062,-0.04936461,0.37090424,0.24026047
18795,-5.4298162,-0.06637058,-1.0357904,-0.64334,-0.2381945,-0.22646469,0.025807265,-0.0750176,-0.16057709,0.32272464,0.27422145
18796,-4.5975146,0.07133894,-1.0388924,-0.29234794,-0.16822353,0.13444719,0.23019484,-0.2274477,-0.21441165,0.47767526,0.22683534
18797,-4.9060836,-0.25636822,-0.82727677,-0.4403411,-0.6330498,0.11339781,0.058174867,-0.5114364,-0.106111854,0.5518725,0.6839194
18798,-7.2825093,-0.16765073,-1.3059475,-0.49168277,-0.3329787,-0.5115941,0.14623931,0.21235582,-0.30635917,0.44919798,0.41071606
18799,-6.3176403,0.059468154,-1.4277021,-0.5015313,-0.12867312,0.04735715,-0.11942274,0.37022197,-0.12092276,0.4154565,0.38267064
18800,-7.111077,-0.28234512,-1.421842,-0.8028188,-0.56636035,-0.24079724,0.4616237,0.23000467,-0.41861343,0.33042035,0.61927694
18801,-4.8026304,0.16076182,-1.1936926,-0.17369972,0.1325165,0.18443617,0.08395706,-0.16255984,-0.34198695,-0.060864437,0.22716056
18802,-5.3997226,-0.17805436,-1.1155943,-0.6616598,-0.7372814,-0.272788,0.09397765,-0.3126474,-0.24667178,0.2869259,0.6813038
18803,-4.74592,-0.1169197,-1.0994819,-0.5719718,0.094957314,0.13054457,0.1962231,-0.07671595,0.06512896,0.33858743,0.2233266
18804,-6.3662086,-0.28841633,-1.1508086,-0.51672524,0.28526348,-0.2254435,-0.13129109,-0.09921481,0.03811936,0.2533005,0.34337384
18805,-5.8070874,0.12684664,-0.77289665,-0.35237074,-0.027960403,-0.18408754,0.21559621,-0.009711923,-0.21876772,-0.017360602,0.079133354
18806,-5.0908318,0.07820585,-1.2004707,-0.3957063,0.022519553,0.13306575,0.2260739,-0.17835404,-0.13860305,0.18146868,0.3101755
18807,-3.6479702,-0.08886279,-0.50936127,-0.36592832,0.0038091852,0.10959226,-0.027816668,-0.27780372,0.12971893,0.35659903,0.31351644
18808,-5.1146455,-0.08292128,-1.4977422,-0.63057727,0.4734345,0.14579313,-0.36681682,0.06894844,0.23237565,0.3295439,-0.0018709945
18809,-4.844615,0.0768418,-0.8190261,-0.5582535,-0.31001484,0.32982492,-0.09135192,-0.47205433,0.16191165,0.5488037,0.05725658
18810,-5.7921605,-0.109518394,-0.88734764,-0.86782265,-0.24404731,-0.2806431,-0.03861021,-0.18619084,-0.084733404,0.50122166,0.35965705
18811,-6.049429,-0.26938066,-1.377486,-0.8648268,-0.030857088,0.23002739,-0.0043448303,-0.11141777,0.41860464,0.8092814,0.4791528
18812,-4.7589307,-0.016358655,-1.2576969,-0.33581448,0.13963258,0.094725,-0.06149114,0.022014428,-0.1824661,0.43644753,0.1391263
18813,-4.165769,-0.11307608,-0.9305555,-0.32294092,0.17323728,-0.06626243,-0.19728084,-0.14310436,-0.1878493,0.18813449,-0.04669729
18814,-6.640778,-0.066669054,-1.4888601,-1.1433347,-0.5556112,0.29750484,-0.30911243,-0.6870428,0.49619195,1.0256907,0.5516294
18815,-6.7843056,-0.18248878,-1.072279,-0.6513622,-0.54182863,0.17723234,0.02728697,-0.14671056,0.008128624,0.9070769,0.5290151
18816,-7.0264363,-0.42756572,-1.3691022,-0.65225184,0.25595176,0.2003001,-0.60923344,-0.2947457,-0.28803203,0.042930283,0.21449584
18817,-6.053257,-0.013432567,-1.3754358,-0.3802637,-0.33604798,-0.32617462,0.29959768,-0.064184085,-0.38256758,0.07078053,0.53516024
18818,-5.4013257,-0.20704174,-1.151612,-0.84050924,0.031048268,0.097403735,-0.4991227,-0.3274959,0.34629428,0.5140782,-0.03495096
18819,-4.6081824,-0.25207725,-0.78312576,-0.48022768,0.040419187,-0.115431264,-0.121088184,0.07185741,-0.1688027,0.33161774,0.10239349
18820,-4.9175634,-0.3405625,-1.0653671,0.0010708785,0.29317614,0.35873532,-0.18497923,-0.35535207,-0.22332588,0.076493844,0.14645849
18821,-5.266897,0.18264261,-1.0645725,-0.6607312,-0.09083054,-0.09332904,-0.0711643,-0.18609083,-0.15581486,0.14764313,0.22679387
18822,-6.587098,0.012759227,-1.0977114,-0.22237967,0.51983625,-0.08570689,-0.26650292,-0.21065982,0.12155773,0.05965423,0.027420077
18823,-6.7742257,-0.18234053,-1.4607222,-0.7872281,-0.08480903,0.2593627,0.04739481,0.30922988,0.36760914,0.92154515,0.58920133
18824,-5.119959,-0.148877,-0.95458275,-0.89337116,-0.3640325,0.096355945,0.19430432,-0.2747827,0.18049453,0.4508706,0.23110056
18825,-7.213155,-0.111411884,-1.5123284,-0.62092704,-0.32853544,0.6981915,0.227177,-0.3720124,-0.17777969,0.48034126,0.5480695
18826,-9.148145,0.11086552,-1.3182207,-0.5229603,-0.56431484,0.036548533,-0.35345837,-0.14612578,-0.1748392,0.22924773,0.45748213
18827,-5.3964696,0.019545835,-1.2471318,-0.61481524,-0.620536,0.30067754,-0.08827272,0.08800064,-0.008933691,0.63644165,0.3425387
18828,-4.515901,-0.14892168,-0.9688758,-0.34557918,0.016322859,0.14968349,-0.15687555,-0.20187259,-0.07148604,0.68284845,0.0006033564
18829,-7.197561,-0.016191524,-1.528887,-0.4708026,-0.37374082,-0.2007301,0.26852152,0.1667384,-0.25736004,0.7377148,0.3368432
18830,-4.2941613,-0.08374715,-1.106626,-0.48704237,0.005588153,0.1693053,0.02833027,-0.35337758,0.03264507,0.45318165,0.12123003
18831,-4.5073147,-0.24269949,-0.83680326,-0.5299936,-0.004797313,-0.04920146,-0.22584347,-0.0826254,-0.09980703,0.18673483,0.06892142
18832,-5.7248483,-0.377556,-1.2644495,-0.81683475,0.22807066,0.3047288,0.12118935,-0.61166066,0.2742811,0.21838102,0.62734437
18833,-6.292413,-0.09008232,-0.8785232,-0.6007,-0.14852525,-0.20397931,-0.30927017,-0.23285998,-0.22592498,0.7434872,0.17279887
18834,-4.675838,0.05718003,-0.977387,-0.37546083,-0.28144205,-0.17272931,0.16630964,0.099281065,0.05194407,0.36444455,0.14074238
18835,-4.790677,-0.087170795,-0.9732078,-0.6595619,-0.17098424,0.10002173,-0.14364162,-0.20709425,0.109782785,0.38275427,0.13358414
18836,-4.517038,-0.15605906,-1.0201068,-0.5538363,-0.015256677,0.17057851,-0.05865226,-0.5198123,0.31886175,0.31793392,0.22612579
18837,-6.635261,-0.14760749,-1.4635859,-0.54877,0.15432921,0.25135952,-0.10920007,-0.24628493,-0.029989602,0.54559886,0.4021629
18838,-5.5616403,-0.019729134,-1.3110294,-0.5922808,-0.27561226,-0.1344212,0.060811754,-0.09033851,-0.046451226,0.57178384,0.30958882
18839,-7.001122,-0.17642501,-1.7178557,-0.7563158,0.06602203,-0.3167445,-0.10749391,-0.44269037,0.21788478,0.78882736,0.39518085
18840,-7.386878,-0.09205961,-1.4151535,-1.135127,-0.35069528,0.061043732,0.2261736,-0.19013013,0.04131594,0.99844146,0.9239796
18841,-5.54509,-0.03905711,-1.1846646,-0.60055155,-0.3044509,0.06862643,0.25543442,0.23056698,-0.06444261,0.78118825,0.4766296
18842,-4.70211,-0.22800058,-0.762767,-0.43060622,-0.0794293,-0.06078808,-0.11505168,0.012042427,-0.29038104,-0.017511949,-0.1271227
18843,-6.095465,-0.22555263,-1.1374372,-0.4109454,0.3661985,-0.025059264,-0.18650757,0.08909413,0.126235,0.520353,-0.048898373
18844,-5.2277536,-0.16200808,-0.89639664,-0.6720807,-0.42539486,-0.38962865,0.19940239,0.12640247,-0.15604372,0.40907854,0.46553305
18845,-5.4136376,-0.3640299,-1.1205989,-0.5160302,-0.22028431,-0.08894195,-0.10546783,0.006432596,-0.2598176,0.7659696,0.022660032
18846,-6.2669516,0.032993477,-1.6230612,-1.2629132,0.07587749,0.11527272,-0.23927149,-0.24478373,0.3694643,0.5747112,0.72777164
18847,-5.6414204,-0.11012272,-1.5068913,-0.9375665,0.11509221,0.17472444,-0.08980895,-0.5103489,0.2806371,0.37870413,0.1706718
18848,-6.140905,-0.065407254,-1.037005,-0.54840356,-0.41760105,-0.072124906,0.1008579,-0.21942055,-0.16598456,0.15117128,0.23759148
18849,-4.796262,0.12989873,-0.6983928,-0.3005181,-0.01896864,-0.20745873,0.13087894,0.005404498,-0.47244987,0.20964125,0.32628936
18850,-8.643439,-0.43111032,-1.6212674,-0.9726876,-0.4420497,0.1777157,0.3023195,-0.28939453,-0.46038198,0.45085853,0.70916796
18851,-7.0079756,-0.066979535,-1.263975,-0.80470324,-0.36982754,0.23133343,-0.09867976,0.29269218,-0.20744409,0.8141423,-0.119400136
18852,-5.0073457,-0.2990486,-0.8353106,-0.5288799,-0.27253708,0.20978063,0.09636903,-0.22385077,-0.26396582,0.3588924,0.34585935
18853,-5.725809,-0.36683446,-0.80149,-0.69691634,-0.3492402,-0.38873827,0.038478255,0.2504987,-0.31035084,0.57070553,0.29823694
18854,-6.980503,-0.2692943,-0.91540885,-0.7506097,-0.06319825,-0.35926014,-0.059734643,0.18348652,-0.05496826,0.5312203,0.33335504
18855,-6.937443,-0.18461677,-0.8983904,-1.0222245,-0.35488808,-0.068508916,-0.21148501,-0.16892949,0.18113278,0.7857387,0.48901573
18856,-9.174345,-0.47766307,-1.9107963,-0.352531,0.630707,0.013407519,-0.24926503,-0.29284963,-0.14509888,0.763761,-0.010705908
18857,-5.8658533,-0.24760611,-1.2648875,-0.7354032,-0.441586,0.3702445,0.032413457,-0.3792432,-0.030918287,0.4953438,0.5688441
18858,-4.6277814,-0.15360212,-0.80232143,-0.47874013,0.09294448,-0.2387404,0.045245204,0.046274476,0.0056445906,0.05098447,0.1086432
18859,-6.1073565,-0.00010154955,-1.4835846,-0.5252163,0.030509902,-0.2490293,-0.16629833,-0.100161105,-0.38941714,0.29129407,0.16404453
18860,-6.8483477,0.07968885,-1.4019352,-0.7078724,-0.6080956,-0.067223504,-0.011285954,0.18739663,-0.013381856,0.6748553,0.40197676
18861,-4.6330976,-0.2942541,-0.970573,-0.44846442,-0.06531801,-0.21920817,-0.17271699,-0.090128355,0.105767064,0.3447858,0.14393425
18862,-5.3521457,-0.3236413,-1.0859758,-0.83366543,0.06338105,-0.040059417,-0.21362677,-0.047288373,0.34631413,0.9575445,0.08340761
18863,-6.3652744,-0.13120732,-1.1126477,-0.49416995,-0.2298872,-0.05913786,0.12789515,-0.2036108,-0.50956833,0.56313974,0.6618993
18864,-6.142512,-0.102493465,-0.8275136,-0.43339002,-0.6274933,-0.14878894,0.070597686,-0.078042656,-0.45384374,0.23948455,0.34261152
18865,-6.2302146,-0.162077,-0.98037016,-0.6483288,-0.44000202,-0.16097225,0.2590483,-0.37665376,-0.35856918,0.47290516,0.30231252
18866,-6.6343307,-0.060329083,-1.338292,-0.8175163,-0.069358714,0.23401089,-0.49791977,-0.36698177,0.07865708,0.38239938,0.22129473
18867,-6.390448,-0.30052814,-1.1942112,-0.51283795,-0.23936985,0.59283245,0.013305724,-0.5633141,0.108348645,0.47240335,0.23865405
18868,-5.2005997,-0.07002435,-1.0082715,-0.666558,-0.41277945,-0.19553615,0.070534155,-0.33132336,-0.12162349,0.6128603,0.20903973
18869,-5.1745973,-0.017854549,-0.84559083,-0.6659107,-0.01884855,-0.27546197,-0.06057868,-0.24750021,-0.050694406,0.7118343,0.10118117
18870,-4.9772167,0.012956332,-1.0888764,-0.55734205,-0.12487545,-0.0668745,-0.11453002,-0.03630446,0.15925266,0.23896451,0.29006228
18871,-8.568727,0.11001285,-1.364318,-0.7141456,-0.10108212,0.04052357,-0.37656912,0.17996879,-0.29196978,0.39384925,0.14787325
18872,-6.3196135,-0.01416248,-1.2078105,-0.7364023,0.10817651,0.09681653,-0.44369522,-0.16508572,-0.08943702,0.13056158,0.340779
18873,-6.1244226,-0.09858497,-1.0827603,-0.4759121,-0.42681667,-0.14557758,0.21010672,0.13025525,-0.2678168,0.17519993,0.6447318
18874,-5.358257,-0.21091692,-0.85657084,-0.59686935,-0.4453011,-0.13831271,0.010631692,-0.31607205,-0.22622354,0.37372854,0.62777853
18875,-4.5854955,0.06035849,-0.8583729,-0.5641049,0.119021825,-0.0061630737,-0.018666279,-0.25049242,-0.049032576,-0.0002981862,-0.036031213
18876,-6.834346,-0.0029654726,-1.3115155,-0.7352418,-0.016002297,-0.041040372,-0.6152775,-0.656059,-0.38971138,0.45205608,0.24958287
18877,-5.9885154,0.024577126,-1.3701723,-0.5569511,0.16249053,0.0681943,0.042982806,-0.12213417,-0.009096535,0.17981036,0.63706917
18878,-4.6647477,-0.000104179606,-0.9127275,-0.30851364,-0.039849296,-0.2015481,-0.0026580226,-0.14494988,0.01614745,0.2660186,0.2352883
18879,-6.9455743,0.0003319215,-1.5878727,-0.7437855,-0.26182655,-0.07485853,0.08458995,-0.07725244,-0.18526955,0.5968547,0.6447981
18880,-5.5284715,0.06427362,-1.6570618,-0.34550068,0.17699896,-0.035479907,0.025958877,-0.056714535,-0.49144334,0.43566293,0.040769637
18881,-6.405433,-0.050755594,-1.5904952,-0.98816484,0.07753992,-0.026127432,-0.08441459,-0.58262724,-0.16159324,0.4380508,0.29567474
18882,-5.0291057,0.09245868,-0.78282624,-0.46426576,-0.09901937,0.18809626,0.18669286,-0.32880765,-0.21809152,0.2508222,0.5223637
18883,-5.8375835,-0.14312,-1.3882,-1.0185881,-0.025637833,0.19618621,-0.05043124,-0.30622745,0.17952082,0.4961831,0.43877634
18884,-6.67339,0.13925672,-1.3948162,-0.3493529,0.5173182,0.114296675,-0.14823449,0.20377047,-0.05246327,0.08022139,0.23637497
18885,-6.132292,-0.14026323,-1.4164699,-0.32332936,0.31863785,0.15765323,0.06936245,0.03488787,-0.28024846,0.3536121,0.4243527
18886,-4.96497,-0.07062108,-0.5592346,-0.56372154,0.056566127,-0.44034386,-0.053381197,0.003043578,-0.24671172,0.39980164,-0.11950413
18887,-6.337133,0.030152336,-1.2950102,-0.35667238,0.041472074,0.016659196,-0.27655554,0.09719687,-0.36599803,0.38001978,0.31531265
18888,-5.559972,0.03621795,-1.274765,-0.49038994,-0.37642765,-0.060000226,0.22994092,0.0419742,-0.058857918,0.3853363,0.44545844
18889,-6.796195,-0.12885053,-1.0370741,-0.8974134,-0.006237279,0.09459883,-0.17458214,-0.13959879,-0.051002443,0.7989791,0.59111756
18890,-4.5039005,0.071045235,-1.0876229,-0.343414,0.081889205,0.1656106,-0.06266551,0.12369366,-0.06163852,0.4876932,0.024221493
18891,-6.4536448,-0.2650062,-1.1389172,-0.6701553,0.10734417,0.5652275,-0.54004264,-0.5390111,-0.050085686,0.62308675,0.37802428
18892,-5.7499847,-0.14810953,-1.0646976,-0.530402,0.13772105,0.49143368,-0.21104807,-0.34752762,0.14347346,0.46819705,0.22954288
18893,-6.4778566,-0.36053482,-0.71724194,-0.62479657,-0.48694557,-0.2684011,0.19196895,-0.28655478,-0.1284484,0.34496644,0.5919526
18894,-6.629273,0.11735141,-0.8853165,-0.6929718,0.00668548,-0.09849508,-0.4368123,-0.503262,-0.2295136,0.2319703,0.26676652
18895,-6.314963,-0.20517762,-1.1758965,-0.35603684,-0.6224825,0.14392126,0.38401246,0.12916736,-0.01371723,0.7418016,0.4872856
18896,-5.430875,-0.20543289,-1.173597,-0.78477496,0.22925416,-0.046857715,-0.28491566,-0.3114102,0.38057795,0.58680916,-0.015070167
18897,-6.062735,-0.13634008,-1.1967527,-0.6003972,-0.10507884,0.052986257,-0.17879349,0.08905656,-0.37288767,0.7405634,0.46246517
18898,-4.6654344,-0.079751745,-0.9396038,-0.34532294,-0.69945705,-0.013699131,0.251669,-0.07615073,-0.22445826,0.39852405,0.3377336
18899,-5.619527,-0.1730414,-1.2571537,-0.43251446,0.0835495,-0.3037727,0.13702331,0.027367054,-0.25314713,0.4526727,0.008632094
18900,-4.4839683,-0.20307375,-0.94773203,-0.43264386,0.18649554,0.07797168,-0.04971139,-0.28347227,0.16437243,0.3371223,0.5742219
18901,-7.2168713,-0.27814558,-1.497766,-0.89222956,-0.29598504,0.018664857,0.22544894,-0.23653728,0.16521052,0.9454015,0.22684777
18902,-6.356645,-0.22127962,-1.9650856,-0.901574,-0.4263995,0.53778046,0.40041536,-0.33140203,0.056496657,0.2316332,0.7227719
18903,-4.501883,-0.13576628,-0.9996895,-0.30290568,0.009907995,-0.017602902,0.0049005086,-0.13063772,-0.28737384,0.13714956,0.051332694
18904,-8.119982,-0.57398176,-1.504076,-0.7475063,0.16110682,-0.15489246,-0.09451851,-0.13685037,-0.09675364,0.60528135,0.5111885
18905,-4.4403234,-0.021210656,-1.159291,-0.6685803,0.101443514,-0.038996615,-0.17716819,-0.3013902,0.28077587,0.2928577,0.30056173
18906,-6.5255594,-0.12281205,-1.4542834,-0.75278074,0.22945377,0.21165048,0.1156901,0.37673017,-0.013580633,0.19904241,0.43572626
18907,-5.9004474,-0.17467493,-1.2278519,-0.77446085,0.18048923,-0.031133302,-0.4134106,-0.47299784,0.23815215,0.23036358,0.32074022
18908,-6.733572,0.024761926,-1.1316392,-0.39638594,-0.9416694,0.29141206,-0.13107477,-0.31017032,-0.2668708,0.4024654,0.61775184
18909,-6.3277545,-0.0053811707,-1.2087631,-0.05457677,0.08642309,-0.22701186,-0.34050828,-0.28391272,-0.26050428,0.5084174,0.17741203
18910,-8.731631,-0.51128876,-1.6700414,-1.2153977,-0.37610582,0.66508394,0.041222807,-0.35514778,0.19809243,0.87903076,1.0086159
18911,-6.2680564,-0.13917191,-1.1118526,-0.59242725,0.4472718,0.11611309,-0.55965745,-0.07369624,0.10198605,0.78295,0.12450517
18912,-4.7107906,-0.27422792,-0.90407664,-0.48949093,-0.1599581,0.06371924,0.05312181,0.038447488,0.07134043,0.39600053,0.2106598
18913,-4.9314733,-0.10336552,-0.93706197,-0.3323219,-0.11342605,0.044636182,-0.16139454,-0.24552596,-0.029468914,0.27773052,0.06114397
18914,-6.250137,-0.07144056,-1.2045764,-0.58627695,-0.18399476,-0.19433995,0.36138943,-0.1294715,-0.19250469,0.31998357,0.4710721
18915,-6.628012,-0.21050656,-1.5347447,-0.98808885,-0.046719555,0.22302589,-0.30013758,-0.05429048,0.46904942,0.9363448,0.18680514
18916,-5.8884225,-0.008340937,-0.997155,-0.3230509,0.17902255,0.16235174,-0.11404832,0.060572438,-0.12235552,0.31881356,0.19998115
18917,-4.178816,0.121843636,-0.5631498,-0.31379804,-0.14076334,-0.25277323,-0.022869714,-0.10337284,-0.25701305,0.29545084,0.115054235
18918,-5.537518,-0.016516253,-1.3501847,-0.326248,0.003727583,-0.06261074,0.1531092,-0.04615657,-0.30559126,0.40262935,0.24149868
18919,-5.148482,-0.18875463,-1.3387485,-0.5548349,0.3732136,-0.020846859,-0.39271125,-0.1944212,-0.103523344,0.463136,0.184595
18920,-7.1389184,-0.073334254,-1.4655714,-0.7337801,-0.0039843586,-0.29058492,0.15857457,-0.3801514,-0.3052314,0.3731994,0.26901406
18921,-5.7499194,-0.44368255,-1.2312605,-0.52862835,0.07504196,0.15470451,0.14628653,-0.13323575,-0.06908061,0.5112114,0.53514564
18922,-8.130984,-0.20261273,-1.5690895,-0.6424617,0.7564491,0.14921217,-0.13862735,-0.07881646,-0.24131264,0.3395459,0.5102203
18923,-6.8096337,-0.23886478,-1.1928961,-0.57238036,-0.76654327,0.3936671,0.07525319,-0.42474928,-0.22456323,0.31302178,0.5236652
18924,-5.425658,-0.058376838,-1.121261,-0.58665925,0.11575675,-0.37553453,-0.013670114,0.046041973,-0.028002003,0.16935454,0.3836196
18925,-5.717691,-0.08212221,-1.0266994,-0.5011201,-0.3631294,-0.32648283,-0.01782722,0.22457145,-0.39009243,0.31895432,0.4563019
18926,-6.7803497,-0.06452951,-1.616889,-0.33674344,0.30086192,0.07088812,-0.23703648,-0.122091405,-0.19654566,0.3754939,0.16940147
18927,-5.576533,-0.011131204,-1.1649481,-0.28440472,-0.4296049,0.28067005,-0.10820182,-0.5108249,-0.18921573,0.42605338,0.16297601
18928,-6.805715,-0.07269399,-1.4441106,-0.44409436,-0.058737233,0.4541874,-0.0149628585,-0.51985985,-0.12611732,0.6594328,0.30291003
18929,-3.570179,-0.061693024,-0.48743698,-0.32182565,-0.4553435,-0.23610057,0.23205093,-0.052833997,-0.12654233,0.31665435,0.28578326
18930,-7.504189,-0.056936014,-1.6089154,-0.79019517,0.4597515,0.13183925,-0.16686724,-0.71581066,0.36310416,0.37645793,0.5687578
18931,-7.53603,-0.47857314,-1.4290432,-0.9285232,-0.6953104,0.08981577,-0.17256512,0.337499,0.23195504,0.85919917,0.3533722
18932,-4.0278172,0.071817495,-0.97907037,-0.45480803,-0.20681946,0.022695232,0.22013539,-0.35932353,-0.07865908,0.079319,0.24507426
18933,-6.7026787,-0.21793315,-1.7184299,-1.0530416,-0.50268793,0.07426525,0.23642425,0.03305904,-0.045870088,0.90148807,0.8440217
18934,-6.1843348,0.22843829,-1.0030813,-0.5047211,-0.39679804,0.15818383,-0.012596703,-0.67196864,-0.25749,0.8693928,0.2753582
18935,-6.0074954,-0.14826217,-0.8287686,-0.599832,-0.4544694,-0.06003596,0.2501479,-0.16519302,-0.3317112,0.113252945,0.7264206
18936,-4.672182,-0.07262473,-0.8841458,-0.48453978,-0.26218173,0.12462031,-0.3785533,-0.22556023,0.05720535,0.4705158,0.21625921
18937,-5.817861,0.05011237,-0.97028786,-0.7781165,-0.24096262,-0.115579136,0.06888871,0.17941053,-0.20561717,0.45633602,0.64431995
18938,-5.3565984,-0.08748176,-1.7476473,-0.85192704,-0.12640665,0.07511699,-0.24640821,-0.25214323,0.13292964,0.5693432,0.6711017
18939,-5.6565795,-0.3438479,-0.8551413,-0.3537317,-0.56578207,-0.43624938,0.043569833,-0.058522053,-0.18696493,0.3809377,0.602849
18940,-5.724216,-0.19528762,-0.98099124,-0.5938453,-0.13745424,0.1387722,-0.074365415,-0.57679814,-0.00788909,0.08930322,0.27355894
18941,-5.169932,-0.07102433,-1.4701406,-0.4738273,0.20503375,-0.15266815,-0.06901354,-0.028132958,-0.25059527,0.2569542,0.1450786
18942,-6.809324,0.10241401,-1.390229,-0.72799236,-0.29560986,0.15014702,-0.3643732,-0.45390576,0.025295846,0.6830019,0.49124742
18943,-4.8466873,-0.050757203,-1.2633106,-0.90737236,-0.082700714,0.055070437,-0.14395557,-0.30208954,0.29553223,0.5141346,0.521962
18944,-5.5937476,-0.0036421726,-1.300757,-0.51097,0.118558556,0.316624,-0.053028703,-0.08047542,0.26334107,0.7000732,0.18354663
18945,-6.850031,-0.10976395,-1.5868148,-0.35914835,0.100556694,0.30710047,0.18583605,0.031652786,-0.2785162,0.42912757,0.47109798
18946,-6.2849374,-0.2244941,-1.4112332,-1.0533351,-0.30261537,-0.24503501,-0.04522737,-0.6721955,0.111385785,0.2477521,0.35285237
18947,-6.6217613,0.035703376,-1.2402357,-0.20538126,0.21833228,0.03775327,-0.27242064,-0.23370208,-0.27497843,0.033223197,-0.14579625
18948,-4.76725,-0.20170668,-0.9314843,-0.63801146,-0.270721,-0.002088299,-0.12574933,-0.19664288,-0.019814936,0.3500108,0.46246493
18949,-6.350421,-0.21225786,-1.1706301,-0.6095303,-0.2500674,0.09167078,0.13523905,-0.27773494,0.19067083,0.54694533,0.38384816
18950,-5.433693,-0.10022663,-1.1291498,-0.62402695,-0.2826242,-0.0012148656,-0.029291645,-0.33660132,-0.17089012,0.4428774,0.024590712
18951,-5.1970716,-0.14142346,-0.8556403,-0.47713327,0.04005036,-0.1243967,0.22535425,0.05957044,-0.20221274,0.37995967,0.21642902
18952,-6.221041,0.05032449,-1.2939303,-0.504948,-0.059028067,0.27136564,-0.06300579,-0.31539464,0.0924964,0.50130075,0.1932336
18953,-6.2333374,-0.41173723,-1.2121451,-1.020813,-0.47617295,-0.1328415,0.17238185,-0.1016357,-0.2540406,0.6308014,0.47737607
18954,-6.5933065,-0.16322765,-1.3732295,-0.83787787,0.0731406,-0.026262183,-0.04631985,-0.34491804,-0.094061404,0.12039245,0.13414255
18955,-5.0077295,-0.16450849,-0.90812916,-0.48646373,0.036293935,0.014602687,-0.1664709,-0.2045129,-0.31514814,0.37893364,0.21823241
18956,-5.4196754,-0.11293804,-1.1218259,-0.63773984,0.0256125,0.41962677,-0.20185879,-0.6541325,0.2419257,0.438266,0.29492956
18957,-4.9637985,0.12984765,-0.63863,-0.30276918,-0.19975819,-0.094082296,0.16427734,-0.3725429,-0.09176577,0.21491067,0.13911495
18958,-5.265536,0.09661449,-0.945947,-0.23178749,0.20739187,-0.28968334,0.06476026,0.12102687,-0.39260045,0.17108347,0.14098749
18959,-6.782821,-0.24675827,-1.4594452,-0.32863468,-0.14909472,-0.16492943,-0.00014961977,-0.16006622,0.0023764642,0.35063162,0.5041352
18960,-5.8386407,-0.42222288,-1.1436123,-0.6476348,-0.62690896,0.24697995,0.24068299,0.06526063,-0.2452812,0.25350946,0.5819182
18961,-6.5093536,-0.44432217,-1.0262716,-0.77020884,-0.4545732,-0.671918,0.26781735,-0.32307386,-0.42881826,0.3226746,0.6516278
18962,-4.785312,-0.1514267,-0.9003414,-0.43001425,-0.2578617,0.2605443,0.121103555,-0.29825723,-0.12411374,0.20083274,0.146575
18963,-4.734931,-0.08269775,-0.9510358,-0.62039983,0.016307458,-0.038154464,-0.08446688,-0.05192601,-0.2458293,0.32548916,0.020006733
18964,-4.7691364,-0.25357935,-1.3739674,-0.4892047,0.108098954,-0.11850707,-0.015308603,0.12096835,-0.11868231,0.20541348,0.2481989
18965,-6.406848,0.056969084,-1.5354669,-0.58612764,-0.15666892,0.17926666,-0.2659248,-0.02819915,0.36186415,0.5978213,0.21920818
18966,-5.368208,-0.25762844,-0.7412526,-0.6127829,-0.39286536,-0.081880495,-0.028661586,0.033524793,-0.24440373,0.40189472,0.5810917
18967,-5.0219855,-0.059177596,-0.96640545,-0.5269818,-0.32778355,0.14508359,0.08757163,-0.35681242,-0.13399805,0.26694348,0.46973744
18968,-6.12928,-0.020880528,-1.266127,-1.1007721,-0.49207044,0.61881423,-0.0058929445,-0.70905095,0.23894772,0.60791594,0.64243734
18969,-5.2941384,-0.23227187,-0.98484784,-0.355979,-0.24360579,-0.112873,-0.08786849,-0.19157368,-0.13905181,0.34905118,0.4765263
18970,-6.5316377,0.17474903,-0.9077858,-0.25947863,0.17983696,-0.39418346,-0.0351685,-0.14246263,-0.3137684,0.40803257,0.33848086
18971,-5.537916,-0.13357928,-1.1913211,-0.794417,-0.101664186,0.28071862,0.15801527,-0.37565914,0.23309775,0.5114434,0.3817948
18972,-5.1691523,-0.173704,-1.1842718,-0.6983007,-0.508613,-0.30625767,0.049603045,-0.217426,0.4110609,0.29995292,0.5050456
18973,-5.972241,0.12700681,-1.1091334,-0.45066217,-0.3246227,-0.080637366,0.08307963,-0.24360326,-0.22279754,0.5997663,-0.1041753
18974,-4.7569036,-0.10520922,-0.8684552,-0.4608534,-0.12828542,-0.020222764,0.2074265,-0.25204292,-0.17830767,0.2824518,0.14976938
18975,-5.801756,-0.14840898,-0.8621449,-0.47038028,-0.07846265,-0.34032226,-0.11382804,-0.27485004,-0.17617223,0.36538392,0.23314877
18976,-4.6577687,-0.28277385,-0.76000804,-0.5622392,0.03736072,0.17980985,-0.31728467,-0.52718973,-0.07945576,0.6970384,-0.025649022
18977,-4.887829,-0.06421226,-1.1111492,-0.72950405,0.022095704,0.013311872,-0.049300704,-0.089457534,0.15940171,0.5511759,0.31303385
18978,-5.0358543,-0.00811782,-0.9621012,-0.37395325,-0.15168138,-0.22061706,0.04368428,-0.21181618,-0.34739023,0.32073852,0.43115515
18979,-7.287937,-0.22138628,-1.7230315,-1.0538799,-0.6398559,0.058247995,0.1789063,-0.036941603,-0.2611442,0.3624707,0.85575867
18980,-6.3761973,-0.3134527,-1.366604,-1.1378715,-0.21676941,-0.031102214,0.3091977,-0.37256652,0.108518496,0.26454622,0.8990436
18981,-5.683308,-0.06962171,-1.4618753,-0.75760615,-0.5668634,0.19355808,-0.18589206,0.0017201426,0.017880118,0.5433482,0.5540812
18982,-6.242242,-0.015033188,-1.1359715,-0.6324598,-0.22113241,0.16432993,-0.24154402,-0.53867805,0.08305835,0.30321518,0.031812035
18983,-3.5880532,-0.07324043,-0.8999728,-0.46343586,-0.05562753,0.012739295,-0.076585054,-0.0828141,-0.0054537747,0.33597952,0.24007797
18984,-5.7634335,0.13158,-1.2370478,-0.77565837,0.09252631,0.058977153,-0.1690744,-0.35401365,-0.051150225,0.35531065,0.36254814
18985,-5.542693,-0.17783968,-0.85005337,-0.6355891,-0.19229963,0.43803298,0.08540927,-0.8250469,-0.17071639,0.5393299,0.46420753
18986,-6.517578,-0.16879131,-1.3490566,-1.0471991,-0.044821627,0.47963125,0.03389418,-0.2451492,0.40611044,0.7831196,0.7377231
18987,-5.287452,-0.38009408,-0.95315534,-0.79986614,0.0014773314,-0.18281817,-0.24180545,-0.071980305,0.16353977,0.83988374,-0.1157052
18988,-5.4629035,-0.054067325,-1.2616286,-0.64185363,0.048846636,-0.3564759,-0.23186034,-0.21314548,0.08125769,0.86358285,-0.22039436
18989,-6.941803,-0.18488422,-0.84008944,-0.4155335,-0.044337023,-0.17541414,-0.14996418,-0.32841125,-0.2686707,0.806562,0.15361737
18990,-4.4003286,-0.09998479,-0.8698883,-0.30780613,0.01036516,-0.08408118,-0.14780547,0.04580132,0.10312427,0.4905209,0.17624804
18991,-7.729639,-0.34324026,-1.4188925,-1.1858788,0.24493425,0.34569633,-0.18201223,-0.48030075,0.09154738,0.38176662,0.36681503
18992,-6.6505446,-0.044879567,-1.163964,-0.891132,-0.37157786,-0.050200213,-0.14990835,-0.29147708,-0.24994697,1.0729662,0.31120044
18993,-5.2893963,-0.3053966,-1.2915962,-0.51609564,-0.031127686,-0.008662082,0.0063840044,-0.2534569,-0.028499736,0.26242995,0.23162413
18994,-4.240078,-0.25350598,-0.8707504,-0.37706074,-0.025799925,0.07353988,0.023065414,-0.23155591,0.15135859,0.5072455,0.17347036
18995,-6.6053762,-0.14692612,-1.0907962,-0.4651134,-0.0221228,-0.11190959,-0.19786443,-0.2903572,0.08914988,0.6017224,0.04126363
18996,-5.8616233,-0.0081158215,-0.9240891,-0.44863176,0.25604963,-0.23375216,-0.107289314,0.01882691,-0.027032332,0.2540972,0.105356395
18997,-6.2370234,0.124356695,-1.3411568,-0.4332011,0.085925825,0.038633905,-0.086391784,-0.3668089,0.08381164,0.4277329,0.46928433
18998,-4.9475374,-0.27614218,-1.0398264,-0.5831543,0.087411694,-0.048142303,-0.10686027,-0.14416029,0.050883524,0.20273618,0.046334203
18999,-4.075174,-0.055982333,-1.0717928,-0.3451478,-0.21120755,0.20991158,0.039978195,-0.45749494,-0.29260126,0.28291005,0.07442712
19000,-4.997542,-0.103387,-0.9561924,-0.69557756,-0.051037617,0.20441784,0.14869517,-0.21229362,0.0328696,0.37369516,0.49393475
19001,-5.196323,-0.018919807,-0.9943772,-0.5840694,-0.37242833,0.053186513,0.2730359,0.026802665,-0.052749433,0.3238384,0.44918114
19002,-4.74455,-0.08001903,-1.1882508,-0.46173468,0.20654082,0.14547397,-0.08225337,-0.14795232,-0.3129647,0.3533856,0.15713124
19003,-6.13492,-0.11345967,-1.0990481,-0.72637826,-0.1941672,0.05636075,-0.017604537,0.10021242,0.10697221,0.6177636,0.6336027
19004,-4.273635,-0.12656815,-0.79968023,-0.53716147,-0.23789512,0.16899806,0.057858985,0.13304947,0.05287435,0.50382936,0.21353813
19005,-4.051218,-0.38684484,-0.7170013,-0.6676778,-0.082667045,0.1696325,-0.15731049,-0.45646864,0.11145972,0.4575548,-0.07884836
19006,-5.2087884,-0.109291464,-1.0557586,-0.8132821,0.103233345,-0.25405318,0.09887353,-0.118961655,-0.13711928,0.47332215,0.2558021
19007,-6.2347064,-0.29545155,-1.3145523,-0.6396124,-0.10233502,0.08930634,-0.4642349,-0.029728865,-0.09908554,0.36419195,-0.025817793
19008,-5.9930153,-0.35231027,-1.0323001,-0.5423072,-0.28195962,-0.047690347,0.030062959,-0.25863954,-0.21666582,0.5530044,0.16202085
19009,-7.609793,-0.4322039,-1.55471,-0.6979409,0.45304522,-0.24576686,-0.4016433,0.08092132,0.12044999,1.0032275,-0.08856459
19010,-5.1605706,-0.033832144,-0.7079456,-0.47825927,-0.25030932,0.22706124,0.23188244,-0.28198367,-0.21108346,0.2275616,0.26441848
19011,-5.6891236,-0.011474713,-1.1909412,-0.5596141,0.01033194,-0.0054724663,-0.39832988,-0.35561585,-0.29014203,0.24211441,-0.11399936
19012,-5.0597606,-0.19758499,-0.9328693,-0.61385727,-0.2479344,0.24326964,-0.31767765,-0.005047189,-0.16134797,0.1923952,0.12649031
19013,-6.7229156,-0.27876768,-1.3379046,-0.76993537,-0.16282527,0.11478447,-0.34388676,-0.7550047,-0.030407289,0.35580865,0.50779665
19014,-4.420383,0.139049,-0.9152378,-0.56694126,-0.025269585,-0.052100975,-0.09071631,-0.24489382,0.013841093,0.21298346,0.16504693
19015,-5.1794896,-0.06916059,-1.1570702,-0.46274012,0.30360383,-0.20227785,0.03203307,-0.13493474,-0.19244683,-0.18715325,0.28484014
19016,-4.3673353,-0.18580957,-0.8856583,-0.2697908,-0.19813325,0.11302022,0.0576088,-0.2572816,-0.1096362,0.16092975,0.075515136
19017,-4.6322618,-0.07160576,-0.85363925,-0.7587322,-0.35383168,0.10738251,-0.0636454,-0.15767053,-0.011028938,0.3228463,0.44945073
19018,-7.0372453,-0.685062,-1.7885228,-0.8106047,-0.43954286,-0.09204054,0.21999611,-0.30749387,-0.13008115,0.84907484,0.120906785
19019,-5.737854,-0.064280964,-0.9781279,-0.7862943,0.1210277,-0.10093024,-0.4588231,-0.2694289,-0.07327706,0.522867,-0.17200193
19020,-4.7196965,0.030089833,-0.7354544,-0.41064823,-0.17324553,-0.027305573,0.2426762,-0.20990121,0.007783697,0.5480244,0.20390469
19021,-4.7696238,-0.17503148,-0.7664433,-0.7288391,-0.39734873,-0.019764611,0.28435886,-0.3113497,-0.0031574909,0.33698395,0.42837653
19022,-6.134714,-0.026549302,-1.157522,-0.5551074,0.10876392,-0.35064393,0.054846033,-0.19100447,0.029457826,0.16632792,0.2707074
19023,-4.191647,0.112799905,-0.742672,-0.40450835,-0.16790791,-0.3159544,0.2639733,0.0011282591,-0.38375577,0.19428581,0.20285644
19024,-5.599434,-0.28453645,-0.95446485,-0.51714677,-0.3762875,-0.013330121,0.21319528,-0.07295447,-0.09486388,0.5699116,0.73586905
19025,-6.627479,0.1724797,-1.3083951,-0.43391415,0.0424167,-0.37749213,-0.11345188,0.04184086,-0.30729717,0.31964535,0.21970125
19026,-6.879599,-0.1335836,-1.0863405,-0.9639839,-0.61393654,0.08707509,0.38542703,-0.33631164,-0.08538116,0.29370874,0.5512958
19027,-6.5931644,-0.055423785,-1.6385584,-0.60772836,-0.027406668,-0.19330768,-0.1454072,0.015060571,-0.2144966,0.36427,0.15325058
19028,-5.2545295,0.2669172,-1.1147056,-0.6771474,-0.22780584,-0.3326164,0.10500952,-0.32380027,-0.04769569,0.20124975,0.47369462
19029,-6.0179443,-0.013231455,-1.409956,-0.48950097,-0.40128297,0.010532545,0.2106864,0.082933865,-0.31021884,0.5337753,0.35964534
19030,-4.2444654,-0.20865948,-1.0135154,-0.31373346,0.14976628,0.15481108,-0.24408697,-0.1589866,-0.1207367,0.22070125,0.044142406
19031,-5.878559,0.0077786422,-1.0095879,-0.5920315,-0.27989164,0.04927949,0.012234882,-0.3021014,-0.22913134,0.2692505,0.39432752
19032,-5.1490054,0.0017407225,-0.8688008,-0.5936079,-0.26715112,-0.24662818,0.13230485,0.39992929,-0.081281886,0.42489603,0.29665664
19033,-4.7092843,-0.05788048,-1.0268306,-0.47631043,-0.038098555,-0.13414183,0.15557621,-0.05205056,0.005914841,0.342745,0.055474643
19034,-6.693087,-0.25074923,-0.7856699,-0.7220203,-0.5831702,-0.33087283,0.1287548,-0.31567684,-0.35289744,0.3039028,0.5389521
19035,-4.8965116,-0.05777673,-1.125459,-0.7880881,-0.12268145,-0.08687205,-0.12930658,-0.41976961,-0.071341984,0.31480867,0.34038115
19036,-4.8590436,-0.07969426,-1.0353299,-0.6222528,-0.26648524,0.115437165,0.3137855,-0.27622768,0.054220676,0.2895889,0.10278645
19037,-3.894399,-0.06889167,-0.8526439,-0.37463257,0.08557996,0.08659325,0.21537183,-0.13572398,0.082276665,0.26821724,0.04580624
19038,-7.112694,-0.29073352,-1.185441,-1.2989665,-0.14141588,0.4242798,-0.47413892,-0.34957257,0.10970313,0.84324247,0.4014585
19039,-7.28016,0.02499688,-1.4042037,-0.7863763,-0.70194554,0.034412935,-0.03299253,-0.00031326246,-0.0891439,0.65220225,0.6314492
19040,-5.8451633,0.033713043,-1.2391634,-0.43498996,0.07696466,0.13859637,0.222278,-0.044257484,-0.13363133,0.34643817,0.3384286
19041,-6.71091,-0.0745762,-1.6343192,-0.48167822,0.15569945,0.098575346,-0.011715152,-0.31627217,-0.49813086,0.36767697,0.23507932
19042,-4.967556,-0.12512662,-1.0436144,-0.15847243,-0.3085369,0.041064575,0.006551443,-0.16560198,-0.19574155,0.4121511,0.49707025
19043,-6.959058,-0.30004975,-1.5231684,-0.6622905,-0.39884105,-0.2380098,0.064978294,-0.14809433,-0.19552857,0.5893124,0.51120555
19044,-3.7737079,0.08247654,-0.58322203,-0.50828874,-0.10304666,-0.13381426,0.072917216,-0.17594413,-0.12075846,0.31955463,-0.039167345
19045,-5.931037,-0.08846924,-1.4429845,-0.6638572,-0.43780136,-0.2141928,0.11617796,0.103116676,0.27870488,0.521384,0.5549189
19046,-6.678756,-0.06850105,-1.3513067,-0.51583886,0.41211438,0.024115266,-0.1850468,-0.054571755,0.18701144,0.3257818,0.060436226
19047,-6.053853,-0.29024756,-1.1233603,-1.0574583,-0.20653944,-0.17171648,0.1049223,-0.18662205,0.022482049,0.31417376,0.4208556
19048,-4.380299,-0.09322613,-0.6450042,-0.5916144,-0.012242282,0.10237701,-0.18668607,-0.35165796,-0.022305215,0.58127743,0.26136902
19049,-5.4963884,-0.12641636,-0.9262784,-0.6551025,-0.37576026,-0.2617572,0.40295535,-0.29257157,-0.25972828,0.25663194,0.48887134
19050,-4.8069196,-0.012831341,-0.77234185,-0.5252144,-0.22588755,-0.022402093,0.21790004,-0.2816454,-0.16051422,0.37135243,0.27167258
19051,-6.440471,-0.046507016,-1.4642429,-0.251018,0.13111135,-0.24725296,-0.3508007,-0.030502858,-0.26636478,0.24928427,0.2394187
19052,-7.505524,-0.15776521,-1.555178,-0.48820752,-0.28805426,0.20212282,0.2796893,-0.2227745,0.44053602,0.77798086,0.3164169
19053,-3.5046258,-0.07415915,-0.61588395,-0.43678126,-0.15223761,0.020520395,-0.021344867,-0.11296467,0.04629446,0.22535634,0.19142129
19054,-6.9184046,-0.41229317,-0.95040417,-0.8980964,-0.475463,-0.16585506,0.3777669,-0.26093036,-0.03689388,0.25694498,0.63727677
19055,-5.7543607,-0.010621478,-0.78627217,-0.41159812,-0.053929392,0.5885668,-0.08865897,-0.08785015,-0.004287014,0.8350658,0.07336595
19056,-5.459295,-0.0633792,-1.0964965,-0.4964177,-0.009422207,0.107030995,0.0053065196,-0.07033673,-0.1378062,0.3149825,0.10178994
19057,-5.243075,-0.19743544,-0.8940899,-0.6155789,-0.40842476,-0.30086696,0.087789446,-0.17449121,-0.17108579,0.33764496,0.41335982
19058,-6.3752413,-0.09627094,-0.8686464,-0.67929786,-0.43418145,-0.12358925,0.053951927,-0.649942,-0.2484742,0.18161424,0.51498514
19059,-5.1207952,-0.3504015,-0.9573795,-0.8646055,-0.588563,-0.1888458,0.018731184,-0.37703618,0.34284878,0.51131964,0.6168936
19060,-6.603039,-0.17689721,-1.397043,-0.5529552,0.46191362,0.4797759,-0.2793321,-0.3450461,0.06332853,0.6352242,0.14759494
19061,-4.5062146,-0.1751021,-0.96968156,-0.25849968,-0.47688487,0.07032636,-0.036670085,-0.033941217,-0.054507986,0.4568778,0.23037912
19062,-5.9844375,0.08580253,-1.1828388,-0.67953414,-0.43932155,0.30902457,-0.06314841,-0.62067926,-0.025811879,0.15064676,0.15899044
19063,-4.273109,-0.13110338,-0.8241834,-0.5010318,-0.19126125,-0.14177832,0.1604447,-0.0020030513,-0.05147908,0.30054063,0.261564
19064,-6.1620154,-0.101817474,-1.0509248,-0.12859926,0.0019676737,-0.34205043,-0.017661843,0.05257172,-0.3673391,0.6125319,0.3373446
19065,-5.9845905,-0.18562728,-1.1563333,-0.24016583,-0.010881793,0.3063476,0.117053986,-0.2594364,-0.31718853,0.3542645,0.096518815
19066,-6.8720374,-0.3142347,-0.9364553,-0.6993354,-0.26409462,-0.22057559,0.23294647,-0.19395658,-0.21801426,0.13015445,0.70441365
19067,-5.3425236,0.121155575,-1.036308,-0.56721723,-0.1331171,-0.1566535,-0.13059595,-0.2034341,-0.13336429,0.6826506,0.3086862
19068,-5.282468,0.07495664,-0.7446623,-0.5523101,0.020211523,-0.09811682,0.015201861,-0.22759898,-0.20335023,0.5266603,0.30543503
19069,-7.2255106,-0.3738666,-1.31923,-0.76818895,-0.59033316,-0.40895146,-0.16194092,-0.37976068,0.06379007,0.7209554,0.36314607
19070,-5.22381,-0.26885617,-1.0558,-0.5081995,-0.3751855,-0.35352135,0.24331924,0.010049846,-0.24736537,0.38713625,0.4445927
19071,-5.553649,-0.07023259,-0.9067452,-0.657551,-0.23511694,0.10004711,-0.16823849,0.123810165,-0.21504673,0.22485553,0.050821472
19072,-6.1978745,-0.002697344,-0.9993196,-0.5596138,-0.20031811,-0.17517821,0.19861905,-0.16451837,-0.4453719,0.36567616,0.5243447
19073,-5.6232038,0.010204865,-1.3559989,-0.7134688,-0.24020848,-0.102916524,0.18322605,-0.19276509,0.16032028,0.8563206,0.24200197
19074,-6.2545433,-0.07152427,-1.5221523,-0.5747347,0.33812055,0.113089256,-0.07812155,-0.12128279,-0.012760956,0.2255752,0.1946315
19075,-5.264931,-0.004272503,-0.9987801,-0.5353516,-0.21478887,-0.13133322,-0.029713616,-0.10553414,-0.11991139,0.6087139,0.50810015
19076,-5.518682,-0.2719419,-0.5950978,0.049229562,-0.14764087,0.042588044,0.12088762,-0.28584146,-0.24421068,0.30031902,0.3200623
19077,-5.584452,-0.08889707,-1.036584,-0.3233393,-0.005197696,0.00919218,-0.10781643,-0.23504506,-0.3144366,0.45387724,0.017946478
19078,-5.4876204,0.057906955,-1.4676857,-0.2393279,-0.10387509,0.26485956,-0.18748266,0.056589484,-0.05907242,0.35570753,0.36041018
19079,-5.4966564,-0.41541627,-0.71796674,-0.6544814,-0.3208421,-0.049625736,-0.11332324,-0.09347122,-0.039361857,0.50714684,0.6147039
19080,-4.7760086,-0.15240711,-0.90194476,-0.36155355,-0.15849,0.096216865,-0.098467745,-0.31985623,-0.038518004,0.53139937,0.20546818
19081,-7.1128826,-0.08285561,-1.0274687,-0.9336428,-0.13268773,-0.24691455,-0.18998271,-0.22803968,-0.17582223,0.38139272,0.19128036
19082,-5.8475037,-0.3146624,-0.9976129,-0.8420712,-0.39703035,0.10453847,0.4593689,-0.23374343,-0.18019795,0.5879399,0.5985073
19083,-4.7987075,-0.060290065,-0.91128576,-0.3987271,0.14653935,-0.3842544,0.0019794023,-0.09066406,-0.18819705,0.08063123,0.28573748
19084,-4.642561,-0.20267947,-1.1215514,-0.42906764,0.09769792,0.07634268,-0.13480328,-0.21133102,0.17369758,0.4334187,0.07868872
19085,-5.8700633,-0.045701817,-1.1291293,-0.73143893,-0.7112303,0.16917108,0.22265337,-0.13719964,-0.168794,0.3758319,0.65972453
19086,-4.996412,-0.20262314,-0.7616472,-0.35435668,-0.015139604,-0.06919249,-0.012244196,-0.1127417,-0.42295447,0.19114499,0.31179285
19087,-5.371145,-0.14638399,-1.3301361,-0.64107645,0.14169154,-0.06700107,-0.112022154,-0.22649656,0.19661476,0.7519867,0.37313864
19088,-5.810945,-0.16051915,-1.1968266,-0.5448125,0.16260044,-0.133118,0.33403936,0.11076806,-0.10083494,0.23473187,0.31577304
19089,-4.9694934,-0.1452708,-0.6818661,-0.6208168,-0.054144226,-0.052665003,0.21686253,-0.057325244,-0.16823411,0.7400668,0.49289134
19090,-5.149715,-0.2420312,-1.2783767,-0.4737388,0.20466238,0.19937716,-0.2875194,-0.25678626,-0.13369314,0.5296257,0.38853812
19091,-5.747767,0.019666674,-1.2820656,-0.6609698,0.31355724,0.0052506914,-0.3380383,-0.10221168,-0.003744144,0.21852043,0.025492294
19092,-4.422998,-0.062455025,-1.1575154,-0.7276402,0.015150525,-0.053467743,-0.15504429,-0.09885574,0.11258029,0.28112957,-0.03337021
19093,-5.8440127,-0.08438794,-1.311565,-0.67294794,0.3697551,0.26077437,-0.18081121,-0.1915332,-0.0070663225,0.32938907,0.08068706
19094,-6.4226847,0.11883857,-1.5891167,-0.9513628,-0.20941609,0.17453212,-0.22453897,-0.42095503,0.020073226,0.29816094,0.39414704
19095,-4.6029377,-0.2582902,-0.90004605,-0.46657586,0.00044371793,-0.36856002,-0.08484764,-0.009642975,-0.28148553,0.41610876,0.098965384
19096,-5.1475253,-0.48830146,-1.2384633,-0.94450366,-0.15274957,0.4557749,-0.20823178,-0.29842937,0.3881941,0.6920859,0.2584748
19097,-5.903767,-0.096772246,-0.8194938,-0.7587374,0.1282573,0.09031777,-0.061311394,0.22171034,0.08126315,0.6356722,0.13995121
19098,-4.389731,-0.004062021,-0.9027019,-0.49623072,-0.015938498,-0.15357989,-0.029755991,-0.22271463,-0.14697127,0.18048497,0.2078928
19099,-5.4956164,-0.106127106,-1.0528266,-0.70488876,-0.064920485,-0.39209276,0.0698882,-0.32092535,0.20361267,0.350387,0.14064535
19100,-5.690753,-0.4571425,-0.97468346,-0.47403044,-0.21314374,-0.03754003,-0.0030008275,0.028418675,-0.19082963,0.5121002,0.61273205
19101,-4.9647646,-0.011457001,-0.9684369,-0.23955208,-0.10599667,0.09094948,0.19510326,-0.26206592,-0.21710873,0.011926596,0.34877673
19102,-5.800708,-0.16331382,-1.2714192,-0.58862156,0.021534907,0.32175934,-0.5978147,-0.1693207,0.06542815,0.3402715,-0.050058886
19103,-4.8941107,-0.067999706,-0.8706818,-0.54616517,-0.14897107,-0.18865252,0.3810221,-0.13921945,-0.18294616,0.37494588,0.5619709
19104,-5.0598536,-0.09835489,-1.276441,-0.49406528,-0.45578632,-0.08693752,0.14023133,0.027419252,0.13467927,0.6350502,0.3213065
19105,-6.980831,-0.09985158,-1.1299036,-0.7745362,-0.2608762,0.09259564,0.085446656,-0.18911296,-0.1900942,0.6091029,0.3610617
19106,-4.540614,-0.053355254,-1.1746475,-0.46888855,-0.1751331,0.0019179196,0.03142206,-0.34381703,-0.20723253,0.5791331,0.30466837
19107,-5.733401,-0.2351342,-1.0005345,-0.465887,-0.06522065,-0.20622481,-0.050625186,-0.30435604,-0.074718796,0.5452692,0.09489377
19108,-6.4944324,-0.32112342,-0.9071544,-0.6230653,0.013652813,0.2406591,-0.3209459,-0.52083874,-0.25745502,0.73937255,-0.05687011
19109,-5.6014776,-0.22017293,-1.1755321,-0.7676478,-0.08304804,-0.030943308,-0.27005213,-0.1845175,0.15389676,0.5966078,0.035277624
19110,-4.2343698,-0.20436417,-0.8754838,-0.35986048,-0.059948742,-0.061517574,-0.0699755,0.25658023,0.035465077,0.45939836,0.3920439
19111,-5.1613374,0.027686242,-0.8424127,-0.8753429,0.054403733,-0.06255109,0.028357022,-0.51567996,0.2105606,0.45552975,0.22837865
19112,-4.8913836,-0.28172547,-0.9051084,-0.4548794,-0.5201582,-0.18459126,0.18589975,-0.24602666,-0.018315414,0.25040555,0.22876813
19113,-6.1067343,0.03593893,-1.1888778,-0.2418319,0.06341218,-0.18593647,-0.34362233,0.21277666,-0.262749,0.67135984,0.19435604
19114,-6.3137517,-0.0035566809,-0.9987944,-0.51499915,-0.7472782,0.23744306,-0.077087395,-0.07475855,-0.0698277,0.29409614,0.30351
19115,-6.4492087,-0.1269727,-0.96167636,-0.59979856,-0.45598692,-0.25745368,0.05036062,-0.6846994,0.1549249,0.46383458,0.7342644
19116,-5.2608285,0.06319228,-0.84440833,-0.3698601,0.033452086,0.24709442,0.29262367,-0.26993108,-0.20183383,0.08453901,0.13298018
19117,-5.228835,-0.17973848,-0.97980326,-0.3650097,-0.21041074,-0.20161894,0.06974602,-0.0373616,-0.2593991,0.7345044,0.41187298
19118,-7.9013424,-0.24416949,-1.3078152,-0.6520875,-0.30530095,0.105316795,-0.11836516,-0.11155673,-0.51187414,0.22559671,0.30103108
19119,-5.190438,-0.1554285,-0.9452405,-1.0218432,-0.30957893,0.152089,-0.16738439,-0.340634,0.15607171,0.45008835,0.44515863
19120,-5.421629,-0.115759894,-0.98934764,-0.34386265,-0.37061226,0.36744303,-0.06424856,-0.03620985,0.0584774,0.67722917,0.25610846
19121,-5.0490994,0.15631177,-1.1720461,-0.36105597,-0.05925841,0.20814618,-0.22750969,-0.27254388,-0.28491017,0.43075183,0.20942177
19122,-5.603158,-0.010891193,-1.2157533,-0.8139865,-0.12624776,-0.13463344,-0.23280552,-0.28084308,-0.07065503,0.6138865,0.27958453
19123,-7.1047444,0.28335103,-1.2811195,-0.76282686,-0.2545692,-0.056187175,-0.021808226,-0.35588554,-0.0053432863,0.09844556,0.47346532
19124,-6.265405,-0.0069526425,-0.91303533,-0.3235576,0.05998214,-0.12660152,0.08333777,-0.007977389,-0.04988174,0.73293906,0.32375783
19125,-6.7490025,-0.12344132,-1.2987839,-0.7766326,-0.08977994,0.2793402,0.21177006,0.05324073,0.41819635,1.2665777,0.38737136
19126,-5.850974,0.12130701,-1.2310265,-0.47774673,0.1546706,0.37295282,0.15894024,0.102200866,-0.23564245,0.018576873,0.62290174
19127,-6.006525,-0.24465348,-1.0430276,-1.0276597,-0.50636846,0.0042703366,-0.24693029,-0.10734388,0.21257043,0.5691877,0.23031098
19128,-4.0904255,-0.07204872,-0.78107744,-0.39199954,-0.27198976,-0.044901334,0.0917078,-0.27210808,-0.20453501,0.42778084,0.33138534
19129,-6.190181,-0.33588126,-1.0272505,-0.58570457,-0.42920294,0.3064158,0.4088371,0.0496346,-0.40311876,0.13513549,0.30788893
19130,-4.25361,-0.26042724,-0.51045144,-0.7048371,-0.5381284,0.07721354,0.3584416,0.003363398,-0.1047314,0.3632534,0.26246187
19131,-4.428274,-0.14007954,-0.9021713,-0.803577,-0.22550806,0.053257804,0.087972045,-0.31211445,0.12189012,0.44483745,0.5388752
19132,-4.0923123,0.09583147,-1.1371872,-0.52790797,0.0015230272,-0.03131843,-0.17402537,-0.39141455,-0.09599033,0.12599099,0.24906307
19133,-4.7946258,-0.17926255,-1.0009689,-0.32697096,-0.42780587,0.21903028,0.15151016,-0.602763,-0.07104506,0.40691927,0.15594332
19134,-4.5494103,-0.22452718,-0.8914379,-0.1811187,-0.05043133,0.41810519,-0.19204706,-0.25308433,-0.04344462,0.6698065,0.28324318
19135,-5.9703193,-0.24052519,-1.0938659,-0.7794995,-0.34430158,0.30032736,-0.11951017,-0.41751388,0.1268978,0.8773495,0.46977863
19136,-5.298906,0.013527103,-1.0866346,-0.71753466,-0.49752754,0.21121721,0.07118558,-0.32028604,-0.07197128,0.86285955,0.2854939
19137,-6.60588,0.13028882,-1.4770387,-0.8868663,0.14898095,-0.12104535,-0.21528037,-0.6628293,0.09128273,0.14092854,0.1202907
19138,-3.7213116,-0.20564695,-0.76293945,-0.3064747,0.17715597,0.17819853,-0.08126387,-0.136775,0.09387366,0.2280529,0.23174644
19139,-3.9141295,-0.12326136,-1.1379845,-0.5709268,-0.19097601,0.2239501,0.09808428,-0.48504904,-0.036387756,0.21198027,0.30155703
19140,-5.3254504,0.11148365,-0.785526,-0.46664667,0.27218974,-0.19470738,-0.26590213,-0.30467442,-0.19673036,0.7503019,0.22782816
19141,-6.870091,0.047474485,-1.3213258,-0.70340383,0.37015653,0.12762582,-0.1451545,0.084698655,-0.15207407,0.24670085,0.25273788
19142,-5.464086,-0.115317084,-1.4435409,-0.47954395,0.25177822,0.018066168,-0.16473052,0.2593453,0.08013546,0.3877034,0.0691939
19143,-5.4786067,-0.059487667,-1.1202831,-0.8377416,-0.41660497,-0.1502657,0.09231597,-0.18303931,0.027133938,0.6030841,0.3682815
19144,-5.544015,0.1813872,-0.7721937,-0.75035864,-0.2632795,-0.22855276,-0.20798148,-0.19142814,-0.108836204,0.45574474,0.24298453
19145,-4.408712,-0.29935068,-0.8438785,-0.52155286,-0.06630017,0.07951272,0.03395234,-0.10061276,0.11885175,0.46250895,0.41347662
19146,-5.0954995,-0.09188861,-1.0455691,-0.70954937,0.41117835,-0.1391978,-0.2896911,-0.03872451,0.14461438,0.12402098,0.05828521
19147,-5.452008,-0.054142665,-1.2892246,-0.6055687,0.021634324,0.043462038,-0.11678211,-0.033931598,0.21001697,0.24348131,0.28927526
19148,-4.3037267,-0.07093897,-0.8978482,-0.6563533,-0.28828347,0.0013600062,0.40362096,-0.09290863,0.036232688,0.28828555,0.40296838
19149,-6.561416,-0.058413815,-1.1525865,-1.029065,0.18083514,-0.34484005,-0.39283594,-0.21417572,0.12547855,1.023533,0.03422887
19150,-5.3442454,0.010297794,-0.9356485,-0.65607584,-0.5893117,-0.038301848,0.005455957,-0.23338452,0.0065644886,0.46797174,0.42802918
19151,-6.8573246,-0.24316059,-1.6993066,-0.54708785,0.09535683,-0.19928868,-0.2868945,-0.4499087,0.026173,0.17825902,0.52853733
19152,-4.132785,0.0068904674,-0.7631317,-0.5158764,0.027759975,0.020913709,0.09448356,-0.012289656,-0.06263281,0.13313726,0.27719975
19153,-6.324646,-0.5891898,-1.3180362,-0.44422463,0.24762695,0.008685861,-0.3263003,0.017858947,-0.39307547,0.5162576,0.36956766
19154,-6.000991,-0.1868174,-1.0973074,-0.8991662,-0.5693641,-0.48008466,0.21074447,-0.0876542,0.09688643,0.4777517,0.4146469
19155,-5.440878,0.12525423,-0.88669515,-0.32717198,0.11477586,-0.20680875,-0.14225614,-0.04010649,-0.38952845,0.4564447,-0.0359331
19156,-5.8818607,-0.13151288,-1.3024122,-0.88921,-0.1849162,0.35342693,0.2773366,-0.44139352,0.1668081,0.4976515,0.21739294
19157,-7.205442,-0.07250069,-1.5649445,-0.49117678,0.03402502,-0.050578382,-0.50349,-0.29212576,-0.3383357,0.3093641,0.538229
19158,-5.2846737,0.025365014,-1.2358218,-0.3436114,-0.32079905,-0.07500512,0.24946365,-0.16297802,-0.277852,0.23880081,0.42452085
19159,-5.5227585,-0.08709256,-0.95941865,-0.328643,0.20993324,0.014759313,-0.07068449,-0.3290862,-0.3099068,0.35528496,0.33320525
19160,-4.7135587,-0.07664766,-0.81898975,-0.6682081,-0.4146288,-0.041096654,0.43563026,-0.17340107,-0.27105612,0.2499658,0.22310792
19161,-7.0815425,-0.2191392,-1.2907314,-0.4258951,-0.048757356,0.33830637,0.049702693,-0.031170538,-0.36349234,0.6484436,0.62420833
19162,-5.7131658,-0.031522192,-0.74159974,-0.66766745,-0.309123,-0.19773094,-0.0019591479,-0.2644826,0.027892921,0.4441278,0.24287148
19163,-6.00172,-0.05359645,-1.0766761,-0.61735004,-0.4328987,-0.330899,0.5233311,0.049592987,-0.4890766,0.40504596,0.35066074
19164,-6.657304,-0.19106606,-1.2862943,-0.60807747,-0.26803023,-0.25996065,0.20810798,-0.11642309,0.015428424,0.6225116,0.4563398
19165,-6.117237,0.019311845,-1.3815944,-0.975999,-0.14391002,0.12147969,-0.13191582,-0.68075305,0.21265233,0.30561596,0.5819338
19166,-7.1573796,-0.1108784,-1.2577454,-0.6062345,0.43884805,-0.35976237,-0.22251593,-0.1526507,0.017245835,0.14061454,0.27850735
19167,-6.4277945,-0.13134778,-1.3791807,-0.37568197,-0.0004852675,0.1616392,0.15441112,0.3837869,-0.33711576,0.72465587,0.5423839
19168,-6.053741,-0.40228018,-1.2574897,-0.7681545,-0.042244453,-0.17476432,-0.2999625,-0.29237467,0.04854183,0.5277709,0.19720893
19169,-6.939957,-0.011170453,-1.4385221,-0.68684083,-0.0155565515,0.25377297,-0.08988686,-0.052093014,-0.1393395,0.0028524622,0.16580892
19170,-4.608679,-0.34513298,-0.80771667,-0.63096243,-0.14499108,-0.3112477,0.018566325,-0.03324677,0.039826125,0.51390743,0.5575285
19171,-6.871831,-0.35677567,-1.2581439,-0.41893888,-0.022750609,-0.1144695,-0.3432041,-0.24906498,-0.013278266,0.34583062,0.4017606
19172,-5.783453,0.07608473,-1.2327285,-0.44448942,0.16808835,-0.21058547,0.08974084,0.100038595,-0.15524873,0.46962813,0.12707593
19173,-4.244875,-0.2568448,-1.0097007,-0.51198643,-0.014757814,-0.08474018,-0.15217292,-0.00093271025,0.015998958,0.53512233,0.061303798
19174,-6.221285,-0.07361551,-1.1439946,-0.46670303,-0.17251143,-0.21945721,0.005708681,-0.31416395,-0.16827661,0.209646,0.39021873
19175,-4.6408772,-0.12977871,-0.5397385,-0.29083967,-0.09045819,-0.29559326,-0.012924363,0.09286756,0.022190759,0.41096842,0.39291245
19176,-4.5852356,-0.068905175,-0.8098996,-0.5140902,0.089471534,0.025186555,0.1972358,-0.13857377,0.29515415,0.47481048,0.06515562
19177,-6.029392,-0.08471014,-1.0088392,-0.76173025,-0.46406946,-0.16612092,0.20401835,-0.30126294,-0.06893243,0.13344352,0.541107
19178,-4.964804,-0.10328794,-1.0929275,-0.35444477,0.14886576,-0.04585608,0.042123888,-0.0780672,-0.502566,0.08309506,0.03724098
19179,-5.097401,0.052326113,-0.9046262,-0.17252927,-0.22583291,0.11548724,-0.19536895,-0.09963698,-0.103172146,0.60457516,0.12304312
19180,-4.469975,-0.14090079,-0.5227196,-0.37668836,-0.19967201,-0.17746896,0.29549456,0.14874831,-0.2875115,0.31452248,0.104292855
19181,-5.1090245,0.093209386,-0.72740847,-0.37101838,-0.4236922,0.20964186,0.026194192,-0.51692575,0.15908359,0.4315402,0.33106545
19182,-4.990899,-0.2343799,-1.1861788,-0.19289614,-0.10419371,-0.18174617,0.12696199,-0.025968606,-0.24854086,0.52597433,0.2899137
19183,-6.391157,-0.036635313,-0.99750847,-0.3259742,-0.321632,-0.109992735,0.3088438,0.25768605,-0.5575649,0.28283066,0.33669186
19184,-4.6241794,-0.14696352,-0.8343371,-0.30762398,-0.59152305,-0.15833001,0.32384178,0.08996133,-0.2585235,0.29470545,0.53719
19185,-4.157486,-0.02594345,-0.74457824,-0.5301727,-0.42842534,0.042828,0.16752666,0.01445687,0.017082741,0.47704735,0.3535376
19186,-5.3933654,-0.10124366,-1.1756301,-0.7065379,0.29747373,-0.09156615,-0.19975898,-0.26965475,0.16070414,0.4181519,0.11890629
19187,-4.7959504,-0.0009055305,-0.6365737,-0.4268304,0.02332167,0.06759386,0.20719056,-0.05111417,-0.18831901,0.31200144,0.4853466
19188,-4.92706,0.121964954,-0.96819186,-0.36002722,-0.07626331,0.09774526,-0.081410706,-0.11934642,-0.024647942,0.16173622,0.186298
19189,-6.243093,-0.17453185,-1.184023,-0.80238414,0.34214658,0.0386312,-0.18325718,-0.06902326,0.038085647,0.5631011,0.34865937
19190,-6.3814473,0.022113731,-1.1565597,-0.58339405,-0.1737352,-0.18022121,0.3565922,0.06662751,-0.46282706,0.4250943,0.2573088
19191,-4.53205,-0.03632448,-1.2363228,-0.40724748,-0.023441687,-0.17888479,0.15906437,0.02415128,-0.11289245,0.17286117,0.27676255
19192,-3.226086,-0.0041935844,-0.45413977,-0.28044853,-0.05135623,0.044479463,0.08888158,-0.060142078,-0.04938907,0.37172127,0.014811192
19193,-4.368493,-0.27988255,-1.1171498,-0.71560115,-0.047366172,0.076841,0.02892055,-0.36316967,0.0367913,0.4612534,0.30231217
19194,-5.269874,0.09385549,-0.9049046,-0.5066897,0.2139171,0.3022033,-0.055358253,-0.18157227,0.06884439,0.78265387,0.24584074
19195,-7.014054,-0.11671589,-1.590129,-0.7918255,-0.035170536,0.4222042,-0.054645687,-0.40435454,-0.0600233,0.6124121,0.6604278
19196,-7.0194807,-0.021914765,-1.1764147,-0.7603556,-0.26688054,0.03479851,0.12155183,-0.46686292,-0.13442391,0.3669209,0.2726011
19197,-5.3199363,-0.08925825,-0.81301314,-0.41904226,-0.01462676,0.17539565,-0.10725353,0.22906339,-0.00035244226,0.24341129,0.19486548
19198,-4.855765,-0.023610875,-1.021163,-0.17677546,0.21167071,-0.0071056057,-0.11997794,-0.13236584,-0.21784744,0.1605021,0.07061725
19199,-4.598316,-0.060249303,-0.9611173,-0.4819372,-0.01793602,-0.34978896,0.10666693,0.120698385,-0.034241088,0.32137507,0.08920005
19200,-4.830477,-0.049659535,-1.1642119,-0.30288187,-0.048380353,-0.14944923,-0.41260263,0.096872434,-0.13322736,0.39375252,0.025314085
19201,-6.0974083,-0.35430467,-0.8473632,-0.5239821,-0.15298922,0.09990168,-0.025049184,-0.27668867,-0.25757122,0.9441403,0.42176038
19202,-4.6009655,-0.40971556,-0.9878693,-0.562918,-0.08574736,0.04260365,-0.12288197,-0.36282033,0.16186929,0.27638173,0.5017423
19203,-5.0618114,-0.019360468,-0.8702763,-0.7189085,-0.39839628,-0.27565145,-0.042881962,-0.4063402,0.050926648,0.35923982,0.20099421
19204,-6.0373096,-0.20482676,-1.1598791,-0.60116106,-0.06440924,0.1480619,-0.16923124,-0.6382335,0.13091087,0.2265716,0.25535193
19205,-4.905804,-0.15722138,-0.9850201,-0.35914886,-0.46712703,-0.37350196,-0.073528565,-0.11350117,-0.42417592,0.3239736,0.2557343
19206,-4.77071,-0.17574023,-0.69136167,-0.32951307,-0.2007666,-0.1351253,0.20650722,-0.13425608,-0.1352573,0.12569812,0.5290039
19207,-5.3149276,0.1359155,-0.9933763,-0.65371007,-0.45114106,-0.11662209,0.04971942,-0.16449545,-0.06597135,0.43837005,0.41751865
19208,-5.8056984,-0.339963,-0.9424518,-0.21238759,-0.25493744,-0.21156785,-0.15684007,0.040438652,-0.31622607,0.21179411,0.32480535
19209,-5.4592695,-0.2453063,-0.7775931,-0.6681536,-0.39228103,-0.16825871,0.32169065,0.05404122,-0.33578518,0.2924053,0.47515935
19210,-5.5754375,0.22269621,-1.0093299,-0.47312132,-0.13358842,-0.17556904,0.22381692,-0.15535666,0.05536548,0.24369742,0.4602206
19211,-4.771362,-0.07332801,-1.0047904,-0.33521044,-0.10199073,0.05004063,0.12559979,-0.116826124,0.19246769,0.54928637,0.208195
19212,-5.8364983,-0.34456435,-0.97396445,-0.7119362,0.041475855,-0.3030576,-0.16056542,-0.07164614,-0.36016008,0.081459455,0.23637097
19213,-5.1511755,0.13316165,-1.1101086,-0.27222493,-0.006098908,-0.19963716,-0.14612648,-0.20299366,-0.06224349,0.14876907,0.23335028
19214,-4.583511,-0.33481175,-1.3030331,-0.73649436,-0.026104493,-0.023484709,-0.017330226,-0.19356582,0.106533535,0.46061012,0.10090884
19215,-5.4080577,-0.36532077,-1.3364098,-0.7574392,0.29659715,-0.12037104,-0.14335717,-0.29137728,0.087282315,0.43356448,0.24705066
19216,-4.3700805,0.009595776,-0.9870729,-0.33401734,0.022156816,0.060043246,-0.04615209,-0.1410466,-0.2805711,0.26123616,0.29908767
19217,-5.224761,-0.0993891,-0.8955158,-0.7469348,-0.17279388,0.11170762,0.08451564,-0.12152516,0.11900103,0.6872154,0.2381696
19218,-4.9286647,-0.271365,-1.1632167,-0.5186621,0.5003241,0.12561944,-0.38108316,-0.2840398,0.020850515,0.15232329,0.11980023
19219,-4.9262714,0.01252105,-0.91050535,-0.4563303,-0.14785424,0.3086449,-0.003228183,-0.16250117,-0.044708043,0.51655203,0.23447794
19220,-7.2412024,-0.36752632,-1.487976,-0.8717972,-0.61825997,-0.4044317,-0.06387781,-0.32371345,-0.07886375,0.25596866,0.46726793
19221,-5.365982,-0.10926827,-0.9527699,-0.48478162,-0.031034598,-0.19193654,-0.10673614,0.21458541,-0.10019593,0.14383523,0.27338883
19222,-6.0109887,-0.08716011,-0.98574334,-0.75192314,-0.5886279,0.032155693,0.14454892,-0.48163694,0.01651032,0.57705086,0.24034353
19223,-6.738394,-0.084992364,-1.5613697,-0.76676893,-0.15656726,-0.4316219,0.09902131,0.21127878,0.027329586,0.8400081,0.25518587
19224,-5.7489552,-0.11499561,-1.1603895,-0.06340087,-0.6513866,-0.12638453,0.17940949,0.039214265,-0.31195167,0.53667015,0.4147881
19225,-6.3052826,-0.2660313,-1.5570048,-0.59109235,-0.71528125,-0.21865481,0.3607739,0.25049764,-0.04005626,0.45974374,0.69238985
19226,-6.0815735,-0.034232583,-1.240341,-0.74917,-0.15519445,-0.365148,-0.21291104,-0.3139746,-0.1664572,0.3913233,0.048856977
19227,-5.188219,0.10344714,-1.0332346,-0.56072503,-0.2661355,-0.14433594,-0.08574445,0.047713645,0.054858707,0.40063134,0.6110149
19228,-8.46368,0.07445868,-1.4376811,-0.9062615,0.026448479,0.17078225,-0.18945749,-0.34248662,0.046220385,0.22967196,0.3392959
19229,-5.8718376,-0.45626608,-1.150553,-0.7988644,-0.20129299,0.086254,0.20251442,-0.15195929,-0.13852212,0.6349024,0.72036386
19230,-6.31821,0.16252932,-1.0019478,-0.8243547,0.34334686,-0.23055197,-0.09005499,0.023915976,0.19659051,0.33938915,0.31835434
19231,-5.1586485,-0.16896212,-1.142832,-0.46726108,-0.011654535,0.1285234,-0.20971419,-0.50824094,0.02959996,0.26433828,0.20157231
19232,-5.326988,-0.19948703,-0.86160123,-0.4125357,-0.31956616,0.4516132,-0.1315209,-0.045508698,0.015313102,0.52885675,0.22955151
19233,-6.04796,-0.17024207,-1.5558091,-0.6835935,-0.04392077,0.356834,-0.40871292,-0.29508638,0.2349171,0.53374857,0.33246937
19234,-5.0993366,-0.09234325,-1.0956837,-0.23809686,0.06566031,0.23329182,-0.051109888,-0.07709759,-0.15588997,0.29354492,0.09573712
19235,-5.6766725,-0.055509906,-1.4761592,-0.7748467,0.11234304,-0.020790175,0.048251662,-0.17649941,0.27813423,0.5846668,0.15397625
19236,-8.382896,-0.43995458,-1.6361328,-0.7493894,-0.088039614,-0.14895125,-0.030013423,-0.21040522,0.123527266,0.46205035,0.93803823
19237,-7.513894,-0.10907444,-1.5046897,-1.3260039,-0.33429652,-0.107778154,-0.29985672,-0.30282542,-0.1502893,0.8082789,0.7977878
19238,-5.8792143,-0.25560898,-1.476752,-0.9712241,0.10334046,0.14007807,-0.24737059,-0.26218918,0.16673008,0.28146818,-0.06982119
19239,-5.3453608,-0.016585425,-1.0573153,-0.5949324,-0.19479136,0.27577996,-0.27062497,-0.4443798,-0.068771765,0.2863762,0.2953771
19240,-4.1359453,-0.077311404,-0.93637794,-0.45061833,-0.11796086,-0.07199631,-0.061737448,-0.35637406,-0.11442432,0.19162712,0.21050395
19241,-6.0538707,-0.10993291,-1.1831712,-0.35458007,0.32517454,0.32807916,0.049643487,-0.017365642,0.17655689,0.47977215,0.022145271
19242,-5.118609,0.14695282,-1.0027361,-0.38095006,-0.023063112,-0.30897415,-0.12771294,-0.11127191,-0.030563219,0.29006538,0.16660368
19243,-5.8985868,-0.09945242,-1.1272013,-0.71416783,-0.58191085,-0.20972951,0.17953108,-0.018427491,0.24983379,0.5237405,0.36081594
19244,-4.0534854,-0.21400903,-0.5984578,-0.27590537,-0.33198485,-0.19611858,0.0882469,-0.27249637,-0.1671705,0.37076786,0.58482164
19245,-6.633931,-0.050857417,-1.9145391,-0.6442897,0.43465903,0.028437778,-0.5068258,0.09512043,-0.15310258,0.10541325,-0.113063805
19246,-6.390195,-0.41016084,-1.1162802,-0.7147427,-0.22219518,-0.12604024,0.42884034,0.021056838,-0.08206702,0.4029635,0.7015582
19247,-3.9947724,-0.28329206,-0.87931824,-0.6300692,-0.12681134,-0.19309115,-0.14805982,-0.26615533,-0.20959312,0.23989296,0.28641087
19248,-5.959457,0.3588747,-1.3818928,-0.62014055,0.120531484,0.2912464,-0.23759648,-0.45422995,-0.1469857,0.32503375,0.33228248
19249,-4.40487,-0.2826244,-1.0036399,-0.23564588,0.008331792,-0.03998448,0.18513504,0.30883107,-0.14000185,0.37074825,0.44310915
19250,-8.103208,-0.31663558,-1.3826532,-0.983995,-0.50143623,-0.0969863,0.037318103,0.01458738,-0.0002470147,0.76434106,0.71514463
19251,-6.4836206,-0.14493275,-1.326665,-0.6231848,-0.21046092,0.57724196,0.027634975,-0.14510421,0.016409986,0.6101012,0.57781726
19252,-6.097247,-0.21275778,-0.80269754,-0.8876816,-0.58925277,-0.36599076,0.44535053,0.11178031,-0.18763483,0.58784676,0.56865984
19253,-5.9405613,-0.12588282,-1.1396698,-0.8727334,-0.4477082,-0.0055019045,0.044944696,-0.23980324,0.16263261,0.38793814,0.6432338
19254,-5.93113,0.10316298,-1.1279099,-0.3741809,-0.09487662,0.4173386,0.16778205,-0.14943592,-0.20317361,0.3078909,0.4126181
19255,-6.301099,-0.06581306,-1.4862586,-0.6275658,0.21362615,-0.13639846,-0.19095023,-0.15629038,0.22644532,0.65891397,0.09469847
19256,-6.298409,-0.40689033,-1.5848572,-0.9393442,-0.10441006,0.24685887,-0.11807444,-0.4014097,0.5009638,0.78920245,0.20721689
19257,-5.473021,-0.14772624,-1.1794436,-0.5216506,0.110032536,0.08607823,-0.034144986,-0.41545618,-0.065154366,0.38294676,0.12616242
19258,-6.5654817,0.089400716,-1.0381798,-0.5809704,-0.23711497,-0.26648027,-0.07055267,-0.08861959,-0.20233817,0.66613346,0.15964516
19259,-5.545175,-0.15742803,-1.2350414,-0.84983313,-0.062611625,-0.19636285,-0.32226866,0.381271,0.09017214,0.6555516,0.05810084
19260,-5.8686194,-0.045455784,-1.2362901,-0.57383287,-0.20840676,0.07087856,0.4723745,0.09965393,-0.28126824,0.21400641,0.3538963
19261,-5.379775,0.116008446,-1.1722795,-0.7301723,-0.08304829,-0.0705916,-0.09409636,-0.14251485,0.18957797,0.17972475,0.31024322
19262,-5.521468,0.016687881,-1.0683761,-0.78396744,0.3183915,0.16102508,-0.18397892,0.1276447,0.24680327,0.8009784,0.15629789
19263,-4.0407205,-0.3200208,-0.7813421,-0.47655734,-0.27163792,0.17403688,0.10225579,-0.16399959,-0.09347214,0.19128531,0.46014398
19264,-4.732327,-0.044336222,-0.83985764,-0.37234205,-0.09150995,-0.18827291,0.032853913,-0.20613867,-0.2262651,0.5096153,-0.14138044
19265,-5.4133453,-0.13395247,-0.80493647,-0.33443713,-0.10882548,0.046235688,0.44597334,-0.10459865,-0.2946971,0.26081187,0.47298497
19266,-5.8741837,0.067454584,-1.2640463,-0.1454401,0.30881512,-0.17256357,-0.021602925,0.019298133,-0.22367568,0.29377836,0.2902928
19267,-5.3488393,-0.12661931,-0.96876657,-0.75158554,-0.56326264,-0.057224363,0.21806942,-0.5781757,-0.041314535,0.18311565,0.69694763
19268,-5.7341924,-0.18450311,-1.5473783,-0.688071,0.06368398,-0.06555666,-0.35842416,0.080047876,0.32772753,0.7754956,0.19390796
19269,-5.792731,-0.2634765,-0.97668827,-0.77552265,-0.4923538,0.023705324,-0.029935498,-0.25513932,0.06936175,1.0586882,0.33724305
19270,-5.156182,-0.19471058,-1.0948133,-0.7262328,0.08402211,0.24844895,-0.117357425,-0.1812742,0.33988994,0.8554642,0.09725817
19271,-6.820263,-0.4309025,-1.5700302,-0.75774086,-0.36036307,-0.1300289,-0.21867034,0.06908826,-0.011436172,0.67034316,0.3501917
19272,-5.6910243,-0.15504672,-1.1331105,-0.4408596,0.029758392,-0.035483226,-0.005644421,0.16015483,-0.1746045,0.39445022,0.54259443
19273,-5.5522165,-0.1594572,-1.1840663,-0.4907881,-0.16439164,0.0761868,-0.35887274,-0.38723758,-0.057942867,0.090843834,0.08273292
19274,-4.8722587,-0.03176985,-1.0510963,-0.45013905,0.18510324,-0.09559292,-0.0057701124,-0.03588099,-0.23081449,0.17925045,0.11309196
19275,-4.519797,-0.1406434,-1.0268569,-0.6826382,-0.14383082,0.09487849,-0.027005922,-0.09188947,0.30017048,0.42945924,0.30842802
19276,-5.0629115,0.23679751,-1.0865105,-0.67676896,-0.20051217,0.035332996,-0.054664083,-0.13399561,0.11883873,0.40770036,0.389118
19277,-3.9515874,-0.0668677,-0.6947632,-0.38211194,-0.359452,0.111946106,0.04624214,-0.6623051,-0.1030307,0.60576206,0.269137
19278,-6.566497,-0.24001521,-1.0307002,-0.969209,-0.53061336,0.023979751,0.2784168,-0.12327451,-0.13988109,0.434096,0.6212722
19279,-5.5152507,-0.049873184,-0.9525834,-0.67666274,-0.0043259147,0.25944662,0.22682695,-0.21043295,0.008134273,0.17468607,0.38595784
19280,-6.5459485,-0.08831821,-1.1071655,-0.6290963,0.30216703,0.19684853,-0.20957945,-0.305952,0.097746894,0.7563043,0.29954177
19281,-5.349115,0.0019277381,-1.0549275,-0.65369934,0.11587862,0.4989165,-0.34400007,-0.53249115,0.11177657,0.28316596,0.1292447
19282,-5.7691894,-0.091599464,-0.84733915,-0.6018138,-0.72591746,-0.044255838,0.11390708,-0.57158756,-0.3111827,0.28935197,0.31817365
19283,-4.4998956,-0.35047415,-1.1367471,-0.3571562,-0.030188488,-0.27548438,-0.09351125,-0.16002302,-0.23708673,0.1524846,0.44481102
19284,-5.8423963,-0.16486834,-1.410724,-0.2664617,0.017471965,-0.23554091,0.0032376382,0.11965174,-0.073167294,0.50329506,0.43852195
19285,-5.8216844,-0.034851428,-0.94176275,-0.7371619,-0.29357842,-0.031310204,0.08153781,-0.6444169,-0.005534066,0.09648235,0.7077061
19286,-5.341454,-0.22648884,-1.1143456,-0.59197545,0.37012887,-0.2786231,-0.042839125,0.07977159,-0.010212466,0.5576427,0.09891633
19287,-6.2159476,-0.24835391,-1.401684,-0.46542093,-0.057799444,0.46828377,-0.052813776,-0.48320603,-0.19844541,0.093055464,0.24466106
19288,-5.0097885,-0.3243761,-0.53391176,-0.62133193,-0.41206145,-0.10540548,-0.11423396,-0.21575695,0.24703126,0.61483794,0.57133865
19289,-5.8883276,-0.28741056,-1.7923326,-0.9504862,0.4114821,0.07972194,-0.31882364,-0.1526365,0.13422279,0.41878697,0.30901268
19290,-4.2342477,-0.12184486,-0.84394854,-0.64812243,-0.351309,-0.0812975,0.020671003,0.0030367658,0.09956074,0.266167,0.31045967
19291,-4.5898857,-0.1786486,-0.77307516,-0.42618185,0.30345312,0.13592355,-0.06086252,-0.017221738,-0.17371348,0.072089024,0.33712453
19292,-6.509428,-0.038955625,-1.2371756,-0.56522214,0.025036436,0.19004849,0.23120277,-0.030758912,-0.14990583,0.57409596,0.071946226
19293,-6.5526857,-0.12151466,-1.3173558,-0.7458724,0.11130607,0.44341767,-0.019253496,-0.48216915,0.109933384,0.26525232,0.37947702
19294,-4.4407463,-0.20576966,-1.1103785,-0.62261117,-0.068956,-0.052215945,0.0748381,-0.1406837,-0.112516254,0.1767756,0.068949245
19295,-4.870786,0.0394558,-1.1871941,-0.18242082,-0.026700838,0.043464307,-0.14202788,-0.030201895,-0.095534384,0.39108568,0.21140932
19296,-5.574582,-0.018207897,-1.0701078,-0.56663233,-0.12359736,-0.15322708,0.31240484,0.10762672,-0.057230607,0.18712127,0.48965138
19297,-5.3141375,-0.2962687,-1.2319877,-0.3746706,-0.3247473,-0.11011957,-0.021409038,-0.31942904,-0.19494532,0.24883375,0.65973604
19298,-6.1762996,-0.037703387,-0.8982752,-0.5690042,-0.18126161,-0.03726615,-0.007929419,0.0069920113,-0.12608448,0.48698023,0.73947257
19299,-4.7742705,-0.09263832,-1.2509634,-0.5761564,-0.053040434,0.3045333,0.18168531,-0.3552823,0.07977902,0.22723702,0.2893097
19300,-5.7016025,-0.2839376,-1.3096253,-0.70275617,-0.49449694,-0.26121378,0.41273087,-0.14198695,-0.27168077,0.28800216,0.61550885
19301,-5.510348,-0.056072596,-0.9467278,-0.65000486,-0.33858252,-0.10914562,-0.0764577,-0.45861152,-0.10465594,0.23620501,0.43346694
19302,-4.8137493,0.022046166,-1.094542,-0.8058512,-0.03196271,0.184522,-0.1744042,-0.11198423,0.14343575,0.29636264,0.339397
19303,-5.964589,-0.3184871,-1.272549,-0.5015257,0.07559134,-0.14025979,-0.28401595,-0.15511546,0.049058393,0.7391874,0.021744255
19304,-5.048226,-0.09609677,-0.94061816,-0.5321312,-0.28398013,0.36141652,0.23026817,-0.15825652,-0.23792394,0.44728848,0.17895453
19305,-6.964827,-0.2926636,-1.329062,-0.65955675,-0.9873188,-0.033358812,0.21477276,0.031868044,0.116745465,0.6800084,0.83776426
19306,-5.84769,-0.31603113,-0.75952643,-0.5783184,-0.26835617,-0.03905535,-0.049942635,-0.35005572,-0.30950317,0.36614552,0.2179037
19307,-6.684275,-0.009077226,-1.238957,-0.6470068,-0.067732066,0.16148528,-0.43986478,-0.595094,0.092132,0.16208765,0.38592327
19308,-7.376656,-0.21978717,-1.9956024,-0.22494234,0.2509741,0.35072273,-0.16355266,-0.22153804,-0.1442153,0.09605908,0.18726888
19309,-6.439604,-0.07266556,-1.4066126,-1.0772988,0.12140771,-0.3681494,-0.093555346,-0.3798046,0.082324445,0.49252382,0.23992078
19310,-5.4040227,-0.07289293,-1.3380315,-0.53099513,0.0074379947,0.2740894,0.060126305,0.24778017,0.02175976,0.59023595,0.29229605
19311,-6.863357,-0.08658647,-1.4235809,-1.1278865,-0.4093656,0.030586282,-0.3191844,-0.30978677,0.21152137,0.48297426,0.45068228
19312,-4.415711,-0.27320004,-0.6918072,-0.4402335,0.13674805,0.08451468,-0.08837236,-0.078209296,-0.17130199,0.43850493,0.122706644
19313,-4.7146354,-0.15362327,-1.0487384,-0.88751024,-0.19011204,0.22555587,-0.012116271,-0.41049248,0.15792485,0.4431455,0.41378185
19314,-5.438382,0.022750195,-1.0716952,-0.2719973,-0.09146879,0.12184683,-0.1033189,-0.39026392,-0.026182836,0.42731428,0.19933838
19315,-5.236085,-0.0910565,-0.9738067,-0.8191288,-0.16110392,0.31345707,-0.04991522,-0.393366,0.22607516,0.39846498,0.3945495
19316,-5.1830525,-0.17625114,-1.2849886,-0.005868987,0.011822144,0.006923354,-0.08555895,-0.15963964,-0.4033102,0.3336628,0.28212193
19317,-6.955978,-0.19192338,-1.2690842,-0.72090095,-0.7859246,0.21242827,0.34341124,-0.29924777,-0.22749692,0.51319164,0.7964631
19318,-4.873863,-0.3552539,-0.7693237,-0.42060274,-0.17711599,0.23994076,-0.09432294,-0.30494285,0.17001715,0.63914424,0.102468416
19319,-4.4962006,0.081859544,-0.76983714,-0.6519068,-0.25818264,-0.013414128,0.038633,-0.37266135,-0.03332734,0.21459737,0.2317057
19320,-4.460746,-0.14661004,-1.1095414,-0.4356187,0.14245653,0.062710404,-0.18972993,0.14541417,-0.026664814,0.5648621,0.26032627
19321,-6.071973,-0.13139118,-0.93766814,-0.8835173,-0.042462785,0.03118297,-0.40055057,-0.6069426,0.4268239,0.79219574,0.25450233
19322,-5.2597547,0.013297528,-0.6329316,-0.27600956,-0.06960704,0.04762185,0.30570891,-0.10217557,-0.37443575,0.24945463,0.36684176
19323,-5.580369,-0.008414288,-1.2451391,-0.342097,0.3726306,0.1746209,-0.14621851,0.07732694,0.0352442,0.12311138,0.2486488
19324,-6.752584,-0.0019330289,-1.3829428,-0.4991421,0.12294875,0.39100605,0.005573045,-0.15354933,0.04458422,0.5551373,0.31851763
19325,-6.7053776,0.14792302,-1.4510449,-0.50199556,-0.7441343,-0.075657636,0.31383976,-0.060537674,-0.25209683,0.7738061,0.6108067
19326,-5.5647516,-0.2604833,-1.0019082,-0.8481771,-0.6359989,0.11713223,0.17805052,-0.32425085,0.005580023,0.52175045,0.7021769
19327,-7.0855966,-0.39861408,-1.2129644,-0.9727018,-0.54037684,-0.19002666,0.2851506,-0.12324985,-0.15785567,0.7961559,0.3128461
19328,-8.045148,-0.3909946,-1.3919836,-1.504335,-0.03060419,0.042721074,-0.19344771,-0.33188653,0.3190731,0.46995902,0.42224216
19329,-5.580432,-0.13130255,-0.81857044,-0.88878185,-0.4774869,-0.25993764,-0.17215525,-0.3923982,0.18619691,0.33191183,0.72207105
19330,-5.7380667,-0.047733378,-0.8832995,-0.676453,0.22463377,-0.13308568,-0.021459024,-0.49274114,0.048188902,0.15911408,0.4357321
19331,-5.9691234,-0.19253443,-0.91635865,-0.6289597,-0.04538527,-0.16625345,-0.28246742,-0.32240194,-0.3492014,0.53589267,-0.04179951
19332,-7.2018847,-0.48377883,-1.4624602,-0.17795184,0.35460222,0.6309189,-0.38104114,-0.39935064,-0.086039506,0.45227045,0.033121057
19333,-4.8397093,0.03413773,-1.0054626,-0.26157334,-0.3904765,-0.054026145,0.06999729,0.14626916,-0.18671381,0.42338338,0.5266134
19334,-6.6999326,-0.39647523,-1.3212984,-0.26979968,-0.06012913,0.15420924,-0.14511494,-0.34038836,-0.113174245,0.27730653,0.59183323
19335,-6.765848,-0.2688734,-1.0522538,-0.5361846,-0.52113605,0.42797607,0.46706614,-0.24046808,-0.3003133,1.013619,0.4877031
19336,-4.0451946,-0.0071416115,-0.7941084,-0.55263513,-0.31259513,-0.28950834,0.041857846,0.026355876,-0.19104354,0.41220927,0.18474877
19337,-6.972031,-0.20176162,-1.830191,-1.0175233,-0.11114159,0.60790884,-0.24985196,-0.3317376,0.43089515,0.50596607,0.40536717
19338,-6.261657,-0.24479158,-1.0376422,-0.5186301,0.15011358,-0.47455585,-0.19646756,-0.06885954,-0.044979207,0.54215753,-0.18598016
19339,-5.015418,-0.02041737,-1.0956973,-0.67227125,-0.3196775,-0.08636008,-0.16491146,-0.32194322,0.03761193,0.44813412,0.4529086
19340,-6.4266624,0.1472278,-1.5252045,-0.7180004,-0.10066422,-0.16078444,-0.011016368,0.21374975,-0.29363248,0.2180802,0.5255227
19341,-8.199666,0.025953576,-1.361536,-1.0010294,0.22411291,0.028564008,0.0045833476,0.16706198,-0.013033258,0.8793013,0.5481022
19342,-6.459524,-0.26603428,-1.200905,-0.4894391,-0.21551232,-0.05119828,0.34445503,0.042321756,-0.31559682,0.71782094,0.6366133
19343,-5.634305,-0.0872299,-0.8190761,-0.70564306,-0.19654535,0.3351773,-0.08626001,-0.12046146,-0.19229093,0.2274833,0.21594432
19344,-5.9051185,0.06893465,-1.218413,-0.62070036,0.37068465,0.18047023,-0.33023837,-0.5470141,0.26189414,0.38274986,0.06018746
19345,-4.9628863,-0.045524027,-1.0951703,-0.7354007,-0.06740809,-0.14560302,-0.1645821,-0.13976121,0.32328826,0.3844929,0.26961988
19346,-5.531106,-0.32136083,-0.9798995,-0.5333344,-0.49848187,0.31274337,-0.13814983,0.060825236,0.020719687,0.46586832,0.30249798
19347,-5.343744,-0.29105255,-1.063346,-0.71169126,0.21388957,-0.2220518,-0.391852,0.02117106,0.008837238,0.43803233,0.16155222
19348,-4.57184,-0.18943162,-0.71471316,-0.5346082,-0.28328857,0.09623878,-0.048814714,-0.116902925,-0.018638676,0.4863485,0.2512903
19349,-5.529251,-0.30589682,-1.1612331,-0.32873955,-0.42855293,0.17477347,0.08925452,-0.025182521,-0.24729763,0.47073105,0.5425215
19350,-3.1367748,-0.19207166,-0.42933694,-0.15556863,-0.22165239,-0.0077306684,-0.15178649,-0.118774764,-0.16797385,0.25534332,0.15158409
19351,-5.298439,-0.14175843,-0.9404696,-0.37654245,-0.45911643,-0.4289441,-0.15659863,-0.1388745,-0.321524,0.30601177,0.24098025
19352,-5.758026,-0.114226356,-1.4425247,-0.40222552,-0.17234533,0.3626681,0.26856503,-0.35515198,-0.1740816,0.25439602,0.4109651
19353,-6.213847,-0.04820587,-1.6327457,-0.43650422,0.2745385,-0.07372319,-0.488209,-0.05048023,-0.36797425,0.24516097,0.008267837
19354,-5.9842243,-0.1317327,-0.618182,-0.66351837,-0.10798492,0.057700776,0.17951412,-0.45654032,-0.15148711,0.16979653,0.48308077
19355,-6.688586,-0.25391892,-0.87128156,-0.2182165,-0.00540332,0.068510056,-0.33805996,-0.4507609,-0.22513613,0.21820916,0.15438467
19356,-5.3868976,-0.09591097,-0.90806633,-0.6378541,-0.10511078,-0.077236384,-0.16949704,-0.2748617,-0.13125451,0.21463084,0.27949673
19357,-6.286595,-0.044537697,-1.2633625,-0.50897753,0.039147645,0.045986168,0.02990596,-0.00049631763,-0.08133946,0.5558834,0.7812777
19358,-5.1525846,-0.1634269,-1.1078377,-0.5960642,-0.3908213,0.097203806,0.13750254,-0.47638157,-0.30611658,0.2780504,0.3542962
19359,-4.6083937,-0.3082607,-0.8595295,-0.79658806,-0.1737164,0.12883432,0.2101991,-0.39501163,-0.18367708,0.27361307,0.25866902
19360,-5.0776,0.0016567577,-0.95364916,-0.2835193,0.49508178,-0.11391674,-0.15971081,-0.24316972,0.014422043,0.21292794,0.13719352
19361,-5.7610555,0.10440496,-1.2913436,-0.44537392,0.24738796,0.3396914,-0.018976819,-0.20045106,-0.114625126,0.029568357,0.18977924
19362,-6.480635,-0.039174285,-1.4081793,-0.547239,-0.24070325,0.3126982,-0.16917618,-0.39124784,-0.14904319,0.3365374,0.04423874
19363,-6.790557,0.029172555,-1.2894852,-0.45269448,0.42808747,-0.23976062,-0.15823591,0.49759203,0.0010093693,0.30118704,0.1497869
19364,-4.2115407,0.12496931,-1.0210155,-0.22205687,0.061267722,0.11274035,-0.020402152,-0.02235938,-0.04407397,0.10631145,0.15181096
19365,-5.8357005,-0.12906745,-1.0973483,-0.742537,-0.47548312,0.17336176,-0.021812655,-0.32010484,0.10607526,0.607081,0.35154867
19366,-6.57928,-0.10242823,-1.1014031,-0.84021395,-0.5096844,-0.23254344,0.2712659,-0.0862469,-0.19418469,0.5891761,0.2540061
19367,-5.150175,-0.053780045,-0.95175654,-0.3301731,-0.14485136,0.24119882,0.19363414,-0.42772862,-0.22747006,0.24641411,0.3884296
19368,-5.7794023,-0.07813693,-1.09017,-0.57824165,-0.294197,-0.065548904,-0.08541663,0.18409288,-0.10374694,0.514545,0.6081182
19369,-6.63174,0.23123857,-1.2870028,-0.7390668,0.07252795,-0.64057225,-0.029740755,0.059240147,0.036309816,0.5242878,0.4328818
19370,-5.160882,-0.017481644,-1.4299935,-0.47717634,0.12850194,0.12783217,0.08219449,-0.08503916,-0.21191539,0.0871344,0.47267267
19371,-4.969675,-0.19623289,-1.1660403,-0.6755251,-0.067071296,-0.0891879,-0.18642424,-0.1537265,0.04743188,0.44865346,-0.048556305
19372,-6.2936654,-0.055003475,-1.2102262,-0.7496687,-0.5174957,-0.09746596,-0.1456489,-0.07516436,0.2645441,0.4903367,0.6094714
19373,-5.837455,-0.45757368,-0.9601759,-0.95184577,0.1630406,0.19629443,-0.03769131,-0.23513636,0.28992924,0.36548918,0.36542475
19374,-4.6540327,-0.11449755,-0.98022205,-0.79642195,-0.18068145,0.062422298,0.03524268,-0.40998244,0.13823067,0.65325445,0.21161549
19375,-4.2039647,-0.047396883,-0.8463657,-0.18522646,-0.2179883,0.072836466,0.146311,-0.33085224,-0.26191828,0.4244341,0.4461701
19376,-4.1440945,-0.0049308315,-0.828591,-0.66466135,-0.33751056,0.15503925,0.17815056,-0.0038772058,0.038298346,0.28151634,0.2522346
19377,-5.8899903,-0.17790563,-1.3075328,-0.4168591,-0.42424488,-0.08335416,0.29930288,-0.28475887,-0.4086261,0.10967102,0.41864163
19378,-6.110486,-0.58186084,-1.1576413,-0.73489386,0.10991849,-0.10646633,-0.06861892,-0.71459705,0.0370048,0.791078,0.31301725
19379,-8.021644,-0.056931634,-1.4149158,-1.0425404,-0.54981714,-0.22719651,0.12191538,-0.11668568,-0.3357486,1.3002244,0.845348
19380,-6.7022305,0.030640367,-1.2064184,-0.53484714,0.13800435,0.28840733,0.48211095,-0.068480596,-0.1049514,0.1608429,0.52657163
19381,-6.6824245,-0.062333893,-1.3192664,-0.62715495,-0.30066487,0.34791255,0.11481361,-0.38414165,-0.33808175,0.41030535,0.47822794
19382,-6.4768085,-0.005555027,-1.360136,-0.6653249,0.35949314,0.18039852,-0.11605813,-0.2221086,0.16559996,0.291211,0.39355433
19383,-7.0746074,-0.034173064,-1.341655,-0.705167,0.17703858,0.07627323,-0.18724918,-0.30747053,0.09463974,0.20627315,0.7388428
19384,-5.8599815,-0.37481454,-1.1981931,-0.7913375,-0.25742462,0.100120164,-0.23009434,-0.24107799,0.23444816,1.0198077,0.31626
19385,-5.0659766,-0.22897765,-0.9770703,-0.6060514,-0.6233607,-0.06758766,0.15192433,-0.2689516,-0.16681692,0.48248005,0.63287693
19386,-6.017804,-0.18997306,-1.064775,-0.99522734,-0.033352617,0.18433109,-0.09295651,-0.45250294,0.5596427,0.838452,0.5751324
19387,-5.0395107,-0.44230914,-1.0351386,-0.5756013,0.17208971,0.032225195,-0.0664947,-0.006592352,0.24948384,0.4317994,0.33369914
19388,-6.52347,-0.04548925,-1.4077907,-0.62420547,0.48498344,-0.057147935,-0.37078637,0.18119363,-0.1385858,0.356828,0.03803527
19389,-4.0504785,-0.29243982,-0.6525783,-0.45698458,0.25382137,-0.032770324,0.08814726,-0.18608923,0.04034502,0.43908942,0.08460277
19390,-5.856515,0.25246793,-1.3732518,-0.59509957,-0.08554965,0.4234408,-0.09871556,-0.36043894,0.20331995,0.36220846,0.2372682
19391,-4.322771,-0.06367266,-0.75585634,-0.65982556,-0.17378578,0.12537423,-0.12390917,-0.25831017,0.08656879,0.48352385,0.31263542
19392,-5.6848607,-0.0776257,-1.3613158,-0.8934495,-0.49404275,0.023033775,-0.12606734,-0.0067713447,0.068417884,0.44913647,0.6750544
19393,-6.0484657,-0.12526251,-0.9469342,-0.7587463,-0.17998666,0.022054844,0.060101785,-0.06844627,-0.22762898,0.19051677,0.40837833
19394,-5.628726,-0.35732862,-0.7466017,-0.8151297,-0.35409373,-0.001215281,0.17320845,0.15500651,-0.07913371,0.27027833,0.7174222
19395,-6.0263615,-0.07920817,-1.0972272,-0.3119725,0.43981475,-0.24365313,-0.08077563,0.16358054,0.09828309,0.021724658,-0.075548105
19396,-5.7103696,-0.16492054,-0.93503934,-0.3373214,0.027730884,-0.25443995,0.05549618,-0.17498608,-0.14320792,0.36326408,0.30089676
19397,-4.38809,-0.0013757525,-0.9499221,-0.21740536,-0.13254248,0.20063269,-0.0139017375,-0.20943637,-0.19776328,0.38112667,0.0015142579
19398,-5.229426,-0.23656717,-1.0905546,-0.96018595,-0.4344544,-0.19432867,-0.08134526,-0.27142805,0.17947838,0.5629101,0.41336852
19399,-5.69464,-0.15925124,-0.9805517,-1.0001738,-0.37760952,-0.24252258,-0.07169271,-0.36780626,0.04502011,0.54671127,0.611652
19400,-9.276793,-0.0130703645,-1.8141987,-0.7054731,0.00036898348,0.43052483,0.124576725,-0.20917115,-0.3012074,0.26717862,0.5145586
19401,-9.320154,0.2267665,-2.0316155,-0.28274688,0.33421138,0.015223038,-0.40142763,-0.0012648385,-0.61213654,0.54701716,0.47816005
19402,-4.709487,-0.2798253,-0.78229415,-0.3683805,-0.014596822,-0.0070377486,0.04137757,-0.05224791,-0.11369191,0.47724974,-0.060871556
19403,-4.1004663,0.0013362053,-0.9328524,-0.3213958,0.08748149,-0.10839212,0.035612598,-0.07664741,-0.06515474,0.21977888,-0.019979142
19404,-4.6596403,-0.07531588,-0.8226281,-0.36612526,-0.04912828,-0.010203522,0.3085097,0.020050116,-0.07847759,0.3883482,0.13168514
19405,-6.4835577,-0.40909874,-1.2567196,-0.7659597,0.5370736,0.09514123,-0.47098216,-0.30185714,-0.062391765,0.2926148,0.28899875
19406,-5.720956,-0.13902617,-1.2801898,-0.26036248,-0.07063486,-0.006786444,-0.08728806,-0.31109422,-0.24419953,0.28472316,0.029843047
19407,-6.3019676,-0.25398937,-1.1514912,-0.71378535,0.01564548,-0.13308448,0.049419574,0.14771692,0.05822578,0.79934144,0.33712083
19408,-6.5716686,-0.3497944,-1.4751594,-0.7274112,0.23877575,0.2975214,0.1706492,-0.29331592,0.13003358,0.63738126,0.54784256
19409,-5.4274077,-0.123672634,-0.9120301,-0.56140006,-0.2895222,-0.3107376,-0.06590369,-0.13750203,-0.26206332,0.5158606,0.5115124
19410,-6.369843,-0.28771454,-1.4087063,-0.6039654,-0.1638316,-0.19725996,-0.079972744,-0.011153191,0.076406084,0.46366134,0.4670018
19411,-4.7757664,-0.04424688,-0.90769285,-0.7178223,-0.45177665,0.17136446,-0.39199102,-0.36296332,-0.10917938,0.25849375,0.2310869
19412,-5.9020877,-0.2194377,-1.3370917,-1.0970894,-0.47361335,0.09093685,-0.09153714,-0.036328062,-0.26924857,0.5497679,0.3765467
19413,-5.3406177,-0.2199051,-0.8369878,-0.682821,-0.34690458,-0.110565774,0.074636556,-0.25300923,-0.15296526,0.24207592,0.50315607
19414,-5.2771535,0.083422944,-1.3863742,-0.6001439,-0.081836104,0.052883893,-0.17785594,-0.03401666,0.1762005,0.41418064,0.23083372
19415,-6.426087,-0.16914941,-1.0491085,-0.59803593,-0.00033880956,0.14855798,-0.105524965,-0.14182885,-0.03920801,-0.043008357,0.3551062
19416,-6.7097926,-0.38963255,-1.5371658,-0.88302547,0.17722656,-0.06635923,-0.18466364,-0.2711851,0.43282974,0.45857993,0.52649
19417,-5.695278,0.10498868,-0.70449144,-0.49347085,-0.29565465,-0.19096573,0.07160277,-0.23739074,0.017611986,0.7355832,0.42793533
19418,-7.5990086,0.10564057,-1.4274356,-0.6489828,-0.5462474,-0.35948372,0.022907618,-0.328742,-0.27667463,0.87937546,0.40858662
19419,-5.6762156,-0.31949663,-1.2795798,-1.1600592,-0.4117792,-0.034705006,0.11326996,-0.23999877,0.10996511,0.46679688,0.23985867
19420,-5.192923,-0.34860185,-0.88358897,-0.772232,0.21368915,0.19640584,-0.010283678,-0.2318376,0.20482899,0.5654999,0.29060298
19421,-7.185428,-0.061333682,-0.9148082,-0.52734494,-0.27021426,-0.04957952,-0.10049717,-0.23759241,-0.18038459,0.23481026,0.5220962
19422,-6.2061267,0.07411805,-1.0239115,-0.5142611,0.061764956,0.06440967,0.16996971,-0.00037523638,0.065572195,0.6608813,0.23192191
19423,-5.801125,-0.2425675,-1.4090108,-0.59103644,-0.12640151,-0.08807952,-0.020481821,-0.095392495,0.06774905,0.51997346,-0.08618238
19424,-5.236944,-0.29873687,-0.98541373,-0.5807301,-0.33884394,0.22636285,0.014731707,0.45624036,0.042546153,0.89622545,0.57682717
19425,-5.8182654,-0.119604126,-0.86179596,-0.73744106,-0.433081,-0.123567075,0.19442356,-0.23136285,0.004833363,0.33884338,0.41272813
19426,-5.850855,-0.47750562,-0.917706,-0.07186751,-0.14960082,0.021304376,-0.1403703,-0.46262786,-0.2330555,0.27839828,0.09075182
19427,-5.575981,-0.27830455,-0.73418427,-0.6412459,-0.19915628,-0.1832331,0.36603752,0.039822165,-0.24267276,0.3704213,0.43102476
19428,-5.24423,-0.11282952,-1.1839042,-0.5014932,-0.14674693,-0.012084134,0.03517349,-0.1595547,-0.25191957,0.32968253,0.24502942
19429,-5.2371216,-0.13903995,-1.0166063,-0.4574797,0.009850529,0.21266039,0.030909833,-0.4774435,0.09389461,0.49983606,0.64533156
19430,-6.274199,-0.06819345,-1.0472276,-0.69543874,-0.056608267,-0.15090756,0.21832721,-0.2797628,-0.17580532,0.3193151,0.30194822
19431,-6.1332335,-0.036165733,-0.82150215,-0.706001,-0.7711117,-0.03061255,0.21038261,-0.3127535,-0.1410906,0.41861448,0.6332147
19432,-5.5223837,-0.274499,-0.5508896,-0.7908434,-0.46574342,-0.15953314,0.21984547,0.16136438,-0.32664692,0.41310325,0.34196582
19433,-6.2505865,-0.24549319,-0.8990247,-0.5120607,-0.43427935,-0.35346383,0.14223908,-0.035465173,-0.20601423,0.1823183,0.58134115
19434,-4.6427464,-0.2651754,-0.6515815,-0.54013216,-0.11086872,0.1771225,-0.25881112,-0.07913946,0.17894246,0.70293504,0.12317755
19435,-7.808523,0.021104854,-1.6683118,-0.5240183,-0.5125731,0.12388247,-0.16705178,-0.016388591,-0.14251152,0.30749455,0.27521914
19436,-4.718742,-0.1486452,-0.97548825,-0.28842875,0.042446222,-0.27616417,-0.080016874,-0.11616025,-0.1855514,0.27038482,0.34542373
19437,-4.4487677,-0.25306955,-0.9818388,-0.30619994,-0.13102528,-0.114262775,-0.20143157,0.02731823,-0.07534008,0.48265216,0.067448616
19438,-4.780381,-0.35231972,-0.95499986,-0.43245417,0.23612913,-0.1496833,-0.067619525,-0.31900075,-0.032393828,0.41533032,0.27301612
19439,-7.6466894,-0.040265042,-1.746533,-0.6520109,0.016665,-0.07711254,-0.210077,0.06177461,0.016839502,0.7457449,0.45117566
19440,-6.2951994,-0.41386637,-0.96258503,-0.8413331,-0.13332023,-0.08604768,-0.2664118,-0.27251136,0.0050857775,0.57371116,0.32561937
19441,-5.0330043,-0.22044998,-1.0879946,-0.38208923,-0.15766658,-0.09241832,0.18388954,0.004502997,-0.20756562,0.2539817,0.35634232
19442,-6.3680954,-0.18556167,-1.2010335,-0.63733786,-0.60569954,-0.098348506,0.5085292,0.13296534,-0.18574138,0.7500076,0.36569923
19443,-5.8720503,-0.21653543,-1.4074168,-0.31564522,0.550928,-0.029913522,-0.14221802,0.10051369,-0.020119997,0.058631264,0.1662871
19444,-5.7987404,-0.358246,-1.2163193,-0.31579995,-0.50470686,0.5575282,-0.15427393,-0.19282691,-0.013909154,0.5048736,0.4604607
19445,-6.1735797,-0.2890189,-0.9532799,-0.8562104,-0.76172906,-0.12213501,0.25956684,-0.48627663,0.024541426,0.23222895,0.85713035
19446,-4.4080334,-0.1762372,-0.9316384,-0.57043654,-0.35209885,0.07903062,0.093192615,-0.31846777,0.07138759,0.4300801,0.29990345
19447,-6.197995,-0.25923777,-1.411621,-0.6617232,-0.6281556,-0.07311969,0.46768042,0.09254404,-0.1266549,0.32652074,0.57945544
19448,-4.6563563,-0.26661062,-0.6203472,-0.45046806,-0.08951966,-0.25344843,-0.16662836,-0.013271598,-0.11922374,0.40159595,0.27624404
19449,-4.841505,-0.08483192,-1.0363243,-0.2278281,0.09354127,-0.2687403,0.03468165,-0.18975599,-0.32094032,0.36912182,0.27214584
19450,-7.22132,-0.070678495,-1.5543919,-0.7147961,0.5737986,0.09073142,-0.25144744,-0.73162144,0.1241207,0.380181,0.13327642
19451,-6.927435,-0.2655898,-1.2836542,-0.8178357,0.28750205,-0.20623283,-0.36926967,-0.4287321,-0.08534158,0.001361643,0.0075995885
19452,-5.6084256,-0.0058859913,-1.1395471,-0.7520872,-0.21866874,0.38358986,-0.07571096,-0.021146702,-0.14960223,0.55337685,0.3805943
19453,-5.250172,-0.1104926,-1.0633218,-0.5378742,-0.10135184,0.08505474,0.01182622,-0.10180587,0.053946882,0.47078776,0.28889564
19454,-5.6751146,0.032544557,-0.88885427,-0.6630597,-0.329747,-0.009606451,-0.16210061,-0.3856687,-0.23272793,0.5758095,0.38534844
19455,-4.28671,-0.056641128,-0.7391506,-0.48420864,-0.24236307,-0.24878396,-0.36195457,0.12802249,0.045215677,0.5530615,0.28871614
19456,-4.5561414,-0.18997356,-0.7944064,-0.43511134,-0.21699356,-0.0012246687,-0.0064027673,-0.19511527,0.0034542484,0.39006898,0.21340136
19457,-6.5289617,-0.3397886,-1.2097657,-0.60768527,0.13147311,0.092689015,0.11978842,0.3837944,-0.102142654,0.802098,0.24719378
19458,-6.9033594,0.11868815,-0.7696577,-0.69028854,-0.4082354,-0.11787917,-0.34699723,-0.013077447,-0.055389978,0.73183995,0.016227126
19459,-6.1746836,-0.20194446,-1.104903,-0.7647688,0.21981426,-0.13359128,-0.093238786,-0.27715406,0.15763547,0.22178853,0.6030207
19460,-7.09804,0.12010873,-1.2808613,-0.5837951,0.24768044,-0.23699567,0.008552834,-0.3973698,-0.01751276,0.2076597,0.046515618
19461,-5.9532633,0.16527396,-1.2643285,-0.49634194,0.16734304,-0.46659577,-0.22016601,-0.19268551,-0.16176605,0.008971687,0.32293662
19462,-5.9305444,0.09989076,-1.0634236,-0.702426,-0.37858653,-0.06833436,-0.10700412,-0.040463462,-0.18946175,0.092313536,0.6655593
19463,-7.031354,-0.27352625,-1.5433173,-0.041900683,0.9319391,-0.15368184,-0.35004404,0.29203764,-0.23152822,0.3679171,0.06772514
19464,-5.6463017,-0.15535343,-1.0925202,-0.8627273,-0.08421424,-0.23813081,0.15879783,-0.001232923,0.027970059,0.3744632,0.4444561
19465,-5.4474783,-0.031189494,-1.255696,-0.45366222,-0.16699284,0.3290949,0.2284536,-0.16776086,-0.36246097,0.16066079,0.13942076
19466,-5.0934067,-0.004537424,-0.80708975,-0.74563766,-0.09218194,0.10071791,-0.2025793,-0.15961519,-0.14466065,0.20844032,0.20940046
19467,-7.003414,-0.21650448,-1.5199275,-0.59083176,0.14308657,-0.12929691,-0.26737994,0.3640973,-0.22179437,0.5411748,0.10973423
19468,-7.30864,-0.07690287,-2.0332232,-1.0050495,-0.09111364,0.20587301,0.17345744,-0.37702987,0.3511279,0.90338486,0.53970176
19469,-5.2921643,-0.0452358,-1.0788261,-0.294403,0.37169373,0.05477055,-0.24900521,-0.16384722,-0.20769444,0.20845342,0.096095644
19470,-7.050482,0.09720808,-1.5097346,-0.7241342,0.32022628,-0.03016071,-0.5053381,-0.09479676,-0.070371464,0.37286314,-0.1910812
19471,-5.065755,-0.020109601,-0.724528,-0.54686123,-0.22184108,-0.078650765,0.30863863,-0.05648773,-0.054684438,0.39585242,0.44405225
19472,-7.482363,-0.270209,-1.4463537,-0.80871683,-0.5858193,0.40852582,0.019590426,-0.35442656,-0.1885984,0.27684015,0.7970077
19473,-5.703633,-0.25880226,-1.1066319,-0.65702313,-0.67758906,-0.049493723,0.25498578,-0.044400334,-0.26205188,0.53893936,0.6086767
19474,-4.96029,-0.056226473,-0.7978751,-0.6807429,-0.28839287,-0.3398512,-0.15228534,-0.25322628,-0.10794108,0.12028459,0.5173695
19475,-5.3364544,-0.13952424,-0.8900094,-0.82772124,0.05868969,0.12143743,-0.10906428,-0.16787083,-0.06950033,0.094462894,0.07643989
19476,-5.890021,0.07589178,-1.2780589,-0.6940804,-0.3191151,-0.04353514,0.06583637,-0.2881804,-0.051227547,0.5353247,0.44312322
19477,-5.5398045,0.005683175,-1.4610481,-0.57671934,-0.045577127,0.28965485,0.18017673,0.010057568,-0.006125929,0.26193103,0.1890279
19478,-7.637272,-0.30958444,-1.2541777,-0.33306146,0.21699284,-0.13011795,-0.28644222,0.07160396,-0.44409028,0.17954205,0.17380407
19479,-5.717399,0.17962928,-1.0073056,-0.81480956,-0.59546816,0.17677525,-0.095255196,-0.059588373,0.21129964,0.7127763,0.2204145
19480,-5.8373203,-0.15733832,-0.7867517,-0.9861676,-0.58998936,0.037992764,0.39797994,0.27976456,-0.046726257,0.5853989,0.59890294
19481,-4.72574,-0.11376684,-1.0196916,-0.52889353,-0.04498789,0.025863713,0.034665134,-0.13149314,0.24875727,0.55068797,-0.13974908
19482,-4.7986517,-0.3179823,-1.2101212,-0.64193517,-0.117148265,0.05851448,-0.041852657,0.18090136,0.07014935,0.42581972,0.20586507
19483,-4.9597063,-0.063317075,-0.97796196,-0.5373807,-0.055652272,0.14053746,0.19276132,-0.1822814,0.07650448,0.5872321,0.016344681
19484,-5.1452546,-0.029358946,-1.1136748,-0.66589147,-0.031340797,-0.25611413,0.12935343,-0.050051913,-0.06745548,0.19949734,0.31193122
19485,-5.0816936,-0.2142561,-0.79196584,-0.8196934,-0.4044854,0.02615611,0.17770256,-0.27557462,-0.020803036,0.69135916,0.2921688
19486,-4.7478414,0.018713512,-0.7962432,-0.5891875,-0.44536826,-0.038189333,0.056814317,-0.15795843,-0.16594428,0.39326826,0.32863253
19487,-4.975429,-0.08333648,-1.1027684,-0.47142467,-0.21047571,0.30538565,0.16826582,-0.2816314,0.016701138,0.3396859,0.23342519
19488,-5.8613825,-0.1805783,-0.8307536,-0.46233433,-0.7160286,0.17150997,0.078354046,-0.46117157,-0.28561428,0.4713287,0.35189036
19489,-4.7349467,-0.023929812,-1.0240204,-0.34575745,-0.21618009,0.46979445,0.10769818,-0.46598893,-0.13749248,0.61500746,0.4473094
19490,-5.399833,0.025236353,-1.0419881,-0.6194246,0.025351824,-0.10025918,-0.35564825,-0.37478328,-0.040010408,0.24035122,0.05964173
19491,-6.726513,-0.0066197487,-0.98239154,-0.64712733,-0.49274665,-0.054690804,-0.0934497,-0.5274817,-0.11843549,0.6513871,0.2983768
19492,-5.9664655,-0.03676441,-1.1864686,-0.6200227,-0.021280207,0.15236543,-0.039022442,-0.29320627,-0.10568667,0.5465941,0.17497702
19493,-5.343955,-0.15654503,-0.7584333,-0.61030984,0.1063146,0.009763882,-0.102225825,0.24790782,-0.29586765,0.2467365,-0.012390592
19494,-4.17694,-0.056659702,-0.6852192,-0.66968447,-0.2204028,-0.060806878,-0.0027141264,-0.12925039,-0.008486906,0.3364164,0.4161978
19495,-5.903363,0.06396374,-1.6845373,-0.43891102,0.11415051,0.15129358,-0.10269932,-0.3855079,-0.09191981,0.24924682,0.14521702
19496,-5.502167,-0.07482312,-1.1491581,-0.4549236,0.28130606,-0.17503485,-0.28371346,0.14448084,-0.18884508,0.24773076,0.22748913
19497,-6.101719,-0.09215571,-0.90777445,-0.6932676,-0.06318255,0.14546585,0.037748523,0.16041185,-0.12473035,0.31052312,0.699151
19498,-5.699696,-0.00798419,-0.66657454,-0.69278234,-0.3349034,-0.0060841274,0.17839785,-0.5709698,-0.03273868,0.14908859,0.5512566
19499,-6.5708694,0.154899,-1.5492384,-0.2432377,-0.011497445,-0.45673025,0.08710394,0.03282895,-0.14327379,0.09030023,0.51467323
19500,-5.583834,-0.28844813,-1.1394143,-0.8919975,-0.10290252,-0.28020203,-0.0026688855,-0.19803658,0.17559358,0.516925,0.30086458
19501,-5.2465434,0.10210456,-1.2436792,-0.19618909,0.078231774,0.08939912,0.30003557,0.164383,-0.14663012,0.36859468,0.17777959
19502,-4.520505,-0.09477267,-0.5146057,-0.2348832,-0.23654875,-0.049118526,0.2583037,-0.1841001,-0.25090998,0.3218576,0.3996394
19503,-5.2429743,-0.07279077,-1.1547409,-0.34490308,-0.257527,0.055624817,0.3434292,-0.22159448,-0.04879967,0.46712837,0.3524239
19504,-6.732727,0.008394779,-1.4295076,-0.7802427,-0.22035772,0.013561509,-0.18899047,-0.435197,0.2228541,0.56273985,0.61023366
19505,-4.7308187,-0.2142101,-0.76370794,-0.4997583,-0.15126188,0.1572135,0.11841872,0.01625612,-0.28436738,0.31738684,0.18023324
19506,-6.646454,-0.22758235,-1.4221724,-1.0303715,-0.45233855,-0.19503263,-0.17547162,0.083558716,0.09550776,0.4686205,0.28297344
19507,-5.8483477,-0.15186939,-1.2800881,-0.48950848,0.1402929,0.2907647,-0.13233319,-0.3798328,0.123329625,0.3939892,0.1796289
19508,-5.7856455,-0.24666809,-1.1882163,-0.48856136,-0.017279522,0.005641071,-0.056821242,-0.45831528,-0.011349523,0.66379356,0.23466468
19509,-6.0929036,-0.34718284,-1.0490699,-0.77139646,-0.70805824,0.44331336,-0.13236688,-0.3308647,0.34344342,0.76081043,0.77156806
19510,-5.3000503,0.19230515,-0.9628722,-0.6002694,-0.32293704,-0.2268628,0.11810447,-0.2910569,-0.08785993,0.5043923,0.2765684
19511,-6.176114,-0.003914036,-1.3368539,-0.4287557,-0.151782,0.2644453,-0.17708686,-0.17918012,-0.08986801,0.31925932,0.22991346
19512,-6.4242253,-0.16703258,-0.9474217,-0.40404114,-0.13101071,-0.21558644,-0.009639283,-0.041319348,-0.24574627,0.5808226,0.267516
19513,-3.332776,0.085519455,-0.67177683,-0.25802067,-0.008603478,0.006937337,0.048675366,-0.20674606,-0.016454918,0.09846686,0.27537256
19514,-5.756287,-0.023451317,-0.8254298,-0.31267512,0.15253925,-0.14418496,0.059865195,0.1901627,-0.2538895,0.62659544,0.23235135
19515,-5.9696436,-0.16076154,-1.4266667,-0.80165565,-0.07980596,0.14833604,-0.25189695,0.14730874,0.17578703,0.907968,0.32279325
19516,-6.2275376,-0.07768101,-1.4589926,-0.7119757,-0.160953,0.087468795,0.08942495,-0.0901615,-0.093681574,0.2703822,0.6042579
19517,-4.988966,-0.056237128,-1.0883214,-0.16909476,0.36051,-0.017611215,-0.12552096,-0.06360301,-0.08311168,0.20164266,0.109065436
19518,-5.391004,-0.027175378,-1.2253827,-0.6572234,-0.2567129,0.13198712,0.24684387,-0.73693985,0.13722463,0.34427476,0.537234
19519,-4.7733436,-0.21748157,-0.83553225,-0.41255745,0.00747435,0.25294092,-0.1251132,-0.34617966,-0.21355931,0.32465082,-0.1288837
19520,-3.9784346,0.1330295,-0.7470021,-0.16356945,0.1544872,-0.22455575,-0.21846288,0.11874433,-0.25661492,0.20912273,0.025624212
19521,-4.6939654,-0.29553723,-1.149802,-0.5833266,0.028187219,-0.20516522,-0.16629975,0.059290998,-0.113268554,0.5284024,0.009667704
19522,-6.58471,-0.14989986,-1.1351457,-0.83871514,0.07388826,0.2742917,0.126946,-0.031683326,-0.14092256,0.39632314,0.44867295
19523,-6.1500435,0.14372927,-1.3405006,-0.5164495,0.06765094,0.27047014,-0.27003568,-0.25576505,-0.06782478,0.5593609,0.21431175
19524,-5.0631146,-0.050525866,-1.0655689,-0.90038085,0.05971754,-0.12606065,-0.25767606,-0.23108134,0.057016924,0.45918787,0.004480251
19525,-5.840209,-0.06787077,-1.1476885,-0.69040513,0.24112521,0.012295041,-0.01783757,-0.15662515,0.23877192,0.45623222,0.4833889
19526,-6.950638,-0.14636865,-1.04359,-0.37512326,0.008160511,-0.17101337,-0.48839876,0.30739945,-0.23133262,1.2002147,-0.20421873
19527,-5.5763497,-0.25793403,-1.3331048,-0.82437223,-0.3325167,0.343565,-0.1022645,0.020016909,0.24729617,0.7945985,0.17943917
19528,-4.5244703,0.053473007,-1.1178435,-0.57624865,0.07753754,0.24003115,-0.06121616,-0.35546932,-0.027370052,0.05605047,0.044880737
19529,-5.247138,-0.5116901,-0.98910743,-0.98162454,0.18690005,0.38113666,0.0010656789,-0.40077928,0.3413405,0.4474827,0.36418208
19530,-6.1525006,-0.14444515,-1.1464995,-0.8115856,0.08778774,0.076449424,0.051328704,-0.07853537,-0.14877665,0.36515677,0.103410766
19531,-4.2622724,-0.23943156,-1.065911,-0.50132096,-0.312166,0.29148364,-0.16039413,-0.2226232,-0.011094114,0.46512026,0.41655388
19532,-5.564765,-0.056825783,-0.9682033,-0.6268511,0.10316607,-0.072253264,0.07016595,-0.20343006,-0.086570784,0.05052882,0.4434869
19533,-5.726138,-0.3207088,-0.99349934,-0.72299725,0.06694892,0.007494134,0.15414733,0.065945856,0.046471722,0.48416647,0.45055953
19534,-6.54389,0.07769189,-1.4182162,-0.42569914,-0.31445193,-0.05646497,0.22111712,0.09117763,-0.3639381,0.034983054,0.7105962
19535,-5.8131256,0.021744657,-1.5225041,-0.6685898,-0.27359,-0.35187006,-0.23651665,-0.11246389,-0.403861,0.68524295,0.5525306
19536,-5.0750003,-0.021901,-0.95805895,-0.68556887,-0.24907687,-0.027492873,-0.07539793,-0.086602286,-0.010442041,0.22060336,0.39548823
19537,-7.4515886,-0.23140086,-1.3183049,-0.31556228,0.009047493,-0.28275657,-0.06315136,0.012283092,-0.010382341,0.72317344,0.3808766
19538,-6.030452,-0.03872638,-1.3360926,-0.8828673,-0.21781383,0.028847154,0.085016966,-0.175856,-0.14122191,0.7424301,0.31013542
19539,-6.7035804,-0.047465738,-1.4824635,-0.24521875,-0.30378905,-0.21938726,0.17935666,0.056426972,-0.18450683,0.37408766,0.35396233
19540,-5.4159064,-0.08658318,-1.3133093,-0.47052652,-0.013199003,0.0066991094,-0.3533223,0.024010655,0.105181396,0.38108182,0.1689271
19541,-5.670179,-0.23012283,-1.5337518,-0.89765763,-0.1363937,-0.1865439,0.25143743,-0.40425357,-0.12559964,0.17845006,0.47311047
19542,-6.101269,-0.100217,-1.6022649,-0.75371754,0.023365308,-0.15929903,-0.04516611,0.016265592,-0.04553573,0.48966205,0.31816396
19543,-6.2262244,-0.110829435,-1.6441469,-0.4413154,0.14633234,-0.14691623,0.044232227,-0.047837473,-0.297264,0.26651552,0.17994504
19544,-6.92274,-0.1839124,-1.1529936,-1.2119675,0.17058496,-0.09699435,-0.18332861,-0.3238453,0.27782997,0.69463605,0.48680556
19545,-4.743606,-0.30950004,-1.054876,-0.7196143,-0.33103225,-0.21674426,0.29314184,-0.06809203,0.014991057,0.4560093,0.34863794
19546,-4.854063,-0.011790325,-1.5020397,-0.17439672,0.35623094,0.1873216,-0.15098621,-0.0030857362,-0.22773421,0.21432804,0.0597496
19547,-4.996406,-0.054675516,-0.8772945,-0.15836787,-0.33608875,-0.12541829,0.09660544,-0.21851029,-0.10736764,0.38953024,0.45255974
19548,-4.685872,-0.0860707,-0.78917295,-0.6848738,-0.25401017,-0.03937809,0.02130736,-0.6358222,-0.16420619,0.54410976,0.1547644
19549,-5.749438,0.050486866,-1.1532077,-0.3352127,0.034345698,-0.013868948,0.010772708,0.17496558,0.16899921,0.43839416,0.28952843
19550,-7.018187,-0.1170734,-1.7530236,-0.73246855,0.29883134,-0.21068186,-0.36005536,-0.17641741,0.09744298,0.4981434,0.23789835
19551,-4.610975,-0.22620665,-1.210489,-0.4548511,-0.44031477,0.066887565,0.14770591,-0.12297172,-0.1767075,0.31554744,0.32940444
19552,-6.666543,-0.025638483,-1.2428626,-0.97582644,0.22323184,-0.11591595,-0.09814604,-0.06727561,0.008153809,0.061814766,0.0070057153
19553,-5.180176,-0.11080036,-1.0357466,-0.7001921,-0.44382676,-0.07200059,0.11905897,-0.066608906,0.14465709,0.39175704,0.29900157
19554,-6.4620404,0.06469349,-1.4077883,-0.7546687,-0.27413183,-0.30336756,0.14248446,-0.18308707,-0.4023121,0.28061414,0.54166514
19555,-5.6098185,-0.21319771,-0.7816951,-0.6166182,-0.004538272,-0.2319115,-0.21272016,-0.46330285,-0.17266901,0.1799076,0.29135177
19556,-6.0959363,-0.3388561,-0.9521682,-0.82762784,0.01540198,0.2866887,0.07384307,-0.15957731,0.04412561,0.55250114,0.3360219
19557,-7.4448023,-0.2924568,-1.5377839,-1.3016506,-0.24826378,-0.080771126,0.3604504,0.17857356,0.22579442,0.8131171,0.6546341
19558,-5.204299,-0.2539771,-0.9276626,-0.7478696,-0.5660999,-0.060821064,0.33339053,0.09959155,-0.3254519,0.31974408,0.5171113
19559,-6.480559,-0.07606977,-1.6592348,-0.75371903,-0.22325188,0.038859367,-0.13157885,-0.009402856,0.06267201,0.72123766,0.68033105
19560,-6.180658,-0.20411888,-1.0495222,-0.47224012,-0.5781414,0.06102817,0.3876364,-0.26887947,-0.28258663,0.546686,0.50751257
19561,-4.723218,-0.4085334,-0.6809288,-0.4115463,-0.34819332,-0.21534304,0.15475127,0.062384002,-0.17244877,0.5087981,0.47172514
19562,-4.8446,-0.2839076,-0.8870057,-0.82698697,-0.4571694,0.1937563,-0.044047344,-0.13657443,0.38066766,0.6314395,0.48242813
19563,-7.6442842,-0.2536876,-1.6812133,-0.79504704,0.34462756,-0.07400066,-0.018787373,-0.23116466,0.1250972,0.19689031,0.1984457
19564,-5.9486537,-0.11733936,-1.4486934,-0.7392009,-0.03691472,-0.051590983,0.028491449,-0.0653672,-0.23491417,0.6587782,0.25356242
19565,-4.6048913,-0.029914115,-0.7951922,-0.38749912,-0.15587634,-0.00081862416,-0.28539798,-0.315884,-0.058489084,0.13127284,0.12459158
19566,-6.880702,-0.24697743,-0.9049759,-0.77373,0.07016574,0.43112332,0.08044641,-0.061495543,-0.05687102,0.40339994,0.3932728
19567,-7.7191916,-0.19337219,-1.2265196,-0.624715,-0.34912372,0.0893639,0.5115488,-0.09414917,-0.5909168,0.08225471,0.93056804
19568,-6.1654015,-0.09131016,-1.3439847,-0.6912505,-0.28549093,0.13561213,0.04371264,0.22683187,-0.1520713,0.44092828,0.52214307
19569,-7.261693,-0.2001412,-1.2458773,-0.7907813,0.111729,-0.15083247,-0.37525442,-0.1440327,-0.26028687,0.46241906,-0.18188028
19570,-4.777986,0.09457238,-0.92256767,-0.48810494,0.2828659,-0.19777602,-0.10042303,0.09493456,0.029564373,0.2569108,0.24387184
19571,-7.746341,-0.30121747,-1.1940713,-1.1087439,-0.79942346,0.11569508,0.26781747,-0.9058538,0.18973038,0.64217705,0.86814547
19572,-4.7943196,-0.22619663,-0.6150745,-0.53123903,-0.40115336,-0.13369334,0.040714737,-0.12320297,-0.25313044,0.3481399,0.21869381
19573,-6.445885,-0.09892955,-1.0471509,-0.41052133,-0.08991757,0.26737505,0.22941247,-0.29085383,-0.38230267,0.2773558,0.4241995
19574,-4.6874113,0.14978652,-1.193785,-0.21797192,-0.26176456,0.15229297,-0.08914388,-0.23078346,-0.14504005,0.32132992,0.10320177
19575,-6.131631,-0.021623373,-0.8941693,-0.71788526,-0.36095667,0.24342485,-0.2087434,-0.0025169635,-0.30360803,0.4736453,0.09613395
19576,-5.9945993,-0.38198844,-1.2617241,-0.7010452,-0.21385258,-0.3133483,-0.005261344,-0.23695447,0.18770659,0.5708075,0.28157622
19577,-6.27372,-0.23811947,-1.4664232,-0.7889033,0.29748368,0.17575043,-0.31864482,-0.31855926,-0.05736901,0.3590221,0.11254715
19578,-5.18094,0.10824256,-0.9666761,-0.5090383,-0.33144116,0.49011582,-0.03951439,-0.06030017,-0.014079826,0.6492258,0.22910216
19579,-5.97999,-0.11098281,-1.3167924,-0.9980874,-0.19461042,0.26372546,-0.024086159,-0.9559709,0.0821506,0.11729376,0.4038036
19580,-4.778592,0.078312635,-0.84766555,-0.6034854,-0.04529411,-0.21299063,-0.0017244741,0.03198247,-0.1037553,0.25904983,0.442932
19581,-5.7222786,-0.25605354,-1.1576947,-0.49333447,-0.73830724,-0.15753575,0.47778565,-0.032164454,-0.041870415,0.6955432,0.79430825
19582,-4.730994,-0.013012069,-1.1390417,-0.45935804,0.029503249,-0.10486349,0.009151448,-0.063441895,-0.10432279,0.47719103,0.4449814
19583,-6.3730054,-0.21692918,-0.9106532,-0.85659957,-0.33600914,0.19744046,-0.17935395,-0.4151204,-0.036128893,0.3822353,0.523888
19584,-6.2107663,-0.24801992,-1.3274647,-0.88174045,-0.45404813,0.26114565,0.2280845,-0.3344238,0.07284302,0.3581439,0.61393124
19585,-5.162821,-0.20377074,-1.2963916,-0.82054245,-0.33486998,0.031715598,0.3205704,-0.10517498,-0.22895943,0.39576605,0.3187875
19586,-5.031067,0.26723006,-1.0309922,-0.5226912,-0.22131814,0.0045995163,-0.016561136,-0.60384434,-0.29493144,0.4050244,-0.13291633
19587,-7.225697,-0.5540181,-1.3990207,-0.42490858,-0.14417455,0.1257048,-0.15256712,-0.15135755,-0.30079612,-0.04254415,0.44229326
19588,-5.6964126,-0.41224474,-1.3429203,-0.5584425,0.13112314,-0.26604992,-0.46770123,-0.33242443,0.23206796,0.37242207,0.32302257
19589,-5.4034867,-0.10112222,-0.6175593,-0.78317416,-0.20550212,-0.0727788,0.38328534,0.15353069,-0.0255771,0.018848429,0.46751288
19590,-4.84085,0.103353426,-0.74330246,-0.6253334,-0.3938271,-0.10791012,0.19144443,-0.36867622,0.023093738,0.5382082,0.18072481
19591,-6.577406,-0.26557428,-1.5370007,-0.76296425,0.56379825,-0.13690223,-0.28615892,-0.25135815,0.27912325,0.14248075,0.58573776
19592,-6.558926,-0.072592035,-1.4318416,-0.82887065,-0.14586757,-0.16102973,0.026750937,-0.17347738,-0.1523758,0.7747906,0.39893347
19593,-6.935528,0.19187675,-1.6595044,-0.4429025,0.09644491,0.02361272,-0.03851783,0.27088067,-0.41832498,-0.029092323,0.29145032
19594,-5.2397995,-0.3303018,-1.1859291,-0.91573405,-0.6015307,0.47801262,0.031841744,-0.12485937,-0.06859763,0.4477434,0.7375169
19595,-4.815473,-0.016053673,-0.8230204,-0.70121545,-0.27950567,0.2763875,0.16553515,-0.34071487,0.06385367,0.49796888,0.49030128
19596,-6.5166993,0.17745765,-1.3099121,-0.78923416,0.35476318,-0.173167,-0.30758318,-0.2401619,0.041800782,0.4730148,0.13143083
19597,-6.2772937,-0.13713187,-0.9215955,-0.6817209,-0.25078958,0.23820657,0.08951954,-0.47457612,-0.3982527,0.55587536,0.5216752
19598,-6.153463,-0.24078768,-1.2672255,-1.0191351,-0.32640424,0.0720776,-0.1174173,0.10472421,0.32642767,0.52057564,0.5956869
19599,-4.235618,-0.0790611,-0.89062655,-0.5124499,-0.11948151,-0.14855303,-0.040520627,-0.3257221,0.025277313,0.321531,0.09542649
19600,-5.8019958,0.070958756,-1.7134347,-1.0934378,0.095147416,0.16657695,0.070959404,-0.49593332,0.2852158,0.42497078,0.5564453
19601,-4.1610746,0.09175382,-0.7638781,-0.47659126,-0.1005605,-0.028714038,-0.25284332,-0.17455864,-0.060080282,0.1922675,0.14846176
19602,-4.3804593,0.08287275,-0.65097386,-0.4626758,-0.2647093,0.18358295,-0.1615557,-0.38404715,-0.122539625,0.71525615,0.12764409
19603,-6.675532,-0.31099287,-1.6834564,-0.7936773,0.19801855,0.29963785,-0.22090696,0.12789252,0.3494503,0.78448266,0.104134046
19604,-6.932284,-0.3130416,-1.4308548,-0.62469923,-0.2967118,-0.15906864,0.034432,-0.032363854,-0.2149698,0.5580974,0.12818937
19605,-4.7071404,-0.23455033,-1.0253351,-0.6858975,-0.05078718,0.03791915,-0.09383759,-0.30761534,0.14321043,0.27917632,0.37763807
19606,-5.3869276,-0.069194555,-0.96110064,-0.70646495,-0.6741012,0.12711032,-0.11079584,0.003337609,0.05434259,0.6008222,0.44968733
19607,-4.4211965,-0.0010663532,-0.9476223,-0.4658342,0.055545934,-0.06187047,0.0050017275,-0.113955304,-0.20211646,0.30959138,-0.10930081
19608,-5.777113,0.3348753,-1.4745656,-0.36838284,0.017847868,0.17292683,-0.04702218,-0.13246985,-0.102953464,0.35233402,0.06717004
19609,-6.362623,-0.19873782,-1.1634355,-0.51603436,-0.30505142,0.20095317,-0.49863103,-0.57045776,0.086105466,0.30520684,0.45329508
19610,-7.115325,-0.19088729,-1.5181653,-0.634141,-0.12642385,0.36477745,0.16716783,-0.42377073,-0.10529156,0.42444465,0.33845505
19611,-5.2791224,0.31812027,-1.2855641,-0.30810592,-0.1311708,-0.29127204,-0.20585212,-0.18045661,-0.35560444,0.3644358,0.0857669
19612,-5.1235127,-0.17667499,-1.0348318,-0.74390507,-0.028478088,-0.2441494,0.15262747,-0.08897135,0.1516556,0.5123918,0.48802173
19613,-7.627801,-0.1428084,-1.8603594,-0.9605315,0.7775171,0.04205212,-0.69973886,-0.24897349,0.2436956,1.0459096,0.026745895
19614,-5.724679,-0.12427448,-1.3560351,-0.637314,0.007444134,0.021420462,-0.25412488,-0.18824288,-0.34633654,0.6830751,0.2335015
19615,-6.4329367,-0.21771668,-0.9393526,-0.8010408,-0.58257985,0.34794152,0.07409289,-0.11100691,-0.34686866,0.46615094,0.4422147
19616,-5.552259,-0.32486936,-1.1560434,-0.7920676,-0.09454632,-0.010854594,-0.018480346,-0.19775245,0.25538903,0.541003,0.53786415
19617,-5.48049,-0.10593861,-1.0607321,-0.54291767,-0.28780818,-0.062265888,0.24007371,0.027051397,-0.16754407,0.25860482,0.46318805
19618,-4.7544646,0.17579022,-1.2856909,-0.37434256,0.1791958,0.24643852,0.021840453,-0.11391985,0.087370686,0.38035008,0.06836797
19619,-4.7427893,-0.27730596,-0.76773494,-0.41275895,-0.22052695,0.0526073,0.10770128,-0.4559298,-0.143592,0.21509968,0.44412696
19620,-5.8832316,0.03006839,-1.2532899,-0.8579116,-0.12171473,-0.19121405,-0.07403754,-0.34373948,0.21485303,0.9261441,0.46903712
19621,-5.2315354,0.04071393,-1.1302547,-0.3355326,-0.035762858,-0.104741916,-0.0933892,0.004198759,-0.19785693,0.46930912,0.40413636
19622,-6.227284,-0.057504993,-1.4634172,-0.5781244,-0.0805316,0.24250989,0.05543438,0.054643042,-0.18837005,0.4264648,0.5733175
19623,-6.504131,-0.23921274,-1.2271358,-0.84848124,-0.3636294,-0.31501245,0.06930013,0.22078937,0.051452674,0.68931204,0.22994472
19624,-7.411271,-0.10871155,-1.4810992,-1.0521504,-0.5043342,0.22408237,-0.37137532,-0.5571773,0.08053731,0.4498578,0.6060293
19625,-6.847262,0.108676694,-1.2389722,-0.846431,0.07871082,-0.26755434,-0.3831837,-0.31279075,-0.11467995,0.17375872,0.10211928
19626,-4.838861,0.053595044,-1.2996466,-0.48284167,-0.09582213,1.4901161e-07,0.062173955,-0.24048996,-0.04466472,0.23678611,0.3893721
19627,-6.307728,0.02036882,-1.3063333,-0.8076945,0.02556945,0.09558384,0.03771458,0.14843513,0.1664326,0.43723604,0.4316216
19628,-5.867351,-0.29573083,-1.0294552,-0.5711428,-0.002102327,0.67340344,0.20040452,-0.2836031,0.063228674,0.6845518,0.3539956
19629,-5.129961,0.14544846,-0.72033465,-0.53608584,-0.16195995,0.07340692,-0.011797891,-0.36581632,-0.16141422,0.39424476,0.37325352
19630,-5.902066,-0.3450555,-0.82355016,-0.7805565,-0.31817698,0.16361992,0.17043848,-0.011159554,-0.32576695,0.3552432,0.7234276
19631,-4.9814324,-0.19103813,-1.0069671,-0.44345197,0.20208871,-0.16238429,-0.14065503,-0.08542833,-0.26276588,0.49583372,-0.12183475
19632,-4.4319844,-0.26672196,-0.6401729,-0.4287106,-0.5700471,-0.37932068,0.13985103,-0.14837623,-0.043160237,0.38206238,0.6240304
19633,-5.591668,-0.3469139,-1.0452051,-0.2746701,0.0539192,0.19774911,-0.42965603,0.044260703,-0.2290334,0.37076622,0.042668067
19634,-6.181704,-0.17122129,-1.4516443,-0.67665523,0.40268803,-0.10360711,-0.43706417,-0.13574181,0.16801159,0.5940679,0.020797359
19635,-7.403983,-0.34648883,-1.8106573,-0.8236351,0.52980524,0.2113832,-0.364035,-0.033536196,0.58065253,0.61168146,0.015120688
19636,-5.4072757,-0.09285424,-0.84806335,-1.0049297,-0.041686267,-0.12137839,-0.1744617,-0.42524958,-0.0067110956,0.389496,0.06594225
19637,-6.247471,-0.18011579,-1.5281152,-0.8259116,0.29294825,0.66463494,0.0031305319,-0.4968196,0.5707418,0.84020686,0.33994308
19638,-4.691715,-0.22507286,-1.0304171,-0.40872404,-0.09401023,0.05552421,0.20750543,0.22888206,-0.14496872,0.5616631,0.44089213
19639,-4.048663,-0.16518204,-0.76457304,-0.6029918,-0.096057385,0.16223319,-0.04794806,-0.32425037,0.15588497,0.14111806,0.32826018
19640,-5.220227,-0.13567872,-0.915175,-0.5293149,-0.2515995,-0.024379618,0.17260802,-0.37657306,-0.2237368,0.1685302,0.15146868
19641,-6.182965,-0.07618953,-1.3843495,-0.46025229,0.037112202,0.3576945,0.25803006,-0.52595127,0.099387705,0.4810156,0.46295106
19642,-4.6040516,-0.19099064,-0.95460886,-0.6585736,-0.2953243,-0.11651714,0.03195993,-0.08293905,0.13320728,0.51728725,0.356576
19643,-4.5673122,0.060483273,-0.72065556,-0.10769201,-0.13265865,0.19296417,0.14515351,-0.060004845,-0.23222764,0.411335,0.16844836
19644,-5.5743647,-0.057687264,-1.1323994,-0.774088,-0.2257319,0.42099482,0.047122303,-0.37722597,0.18313688,0.44831908,0.48134002
19645,-4.852226,-0.2513202,-0.95474124,-1.0050055,-0.37211213,0.021926913,0.0190373,0.03975512,0.12051674,0.6596198,0.594718
19646,-4.681874,-0.17527944,-0.7603315,-0.69494444,-0.4931091,0.08647225,0.0724715,-0.5022639,0.02628,0.29261073,0.47875935
19647,-6.043209,-0.023118578,-1.3875437,-0.39364657,0.1101566,-0.048938956,0.033114392,-0.21149078,-0.11394012,0.26894137,0.5989883
19648,-5.7596254,-0.120645985,-0.6473415,-0.39158583,0.032029185,0.15254614,-0.1262318,-0.75209785,-0.15703002,0.5031491,0.113024674
19649,-6.5507894,-0.34403425,-1.5865651,-0.8500063,0.068817385,0.1161852,-0.16860949,-0.20903462,-0.13366872,0.9950788,0.31817874
19650,-4.673813,0.03113228,-0.9002647,-0.6794784,-0.09117388,-0.20648228,-0.13590859,-0.016456274,-0.041896164,0.58269864,0.013027805
19651,-5.44835,-0.2638389,-0.93348706,-0.19572844,-0.017261608,0.24017139,-0.33585864,-0.071779355,-0.015715411,0.6392642,0.034155756
19652,-4.9734435,-0.32452095,-0.8472992,-0.695924,-0.6801118,0.094571516,0.37877145,0.1389293,0.11376788,0.43810934,0.58411354
19653,-4.95839,-0.1002246,-1.1865344,-0.68850374,-0.07406622,0.15055874,-0.21200629,-0.3843324,-0.026808007,0.5561397,0.2173888
19654,-5.450951,-0.37206736,-1.2320802,-0.62487966,-0.5547742,-0.16308457,0.007942982,0.14044721,0.10214196,0.5479879,0.5257802
19655,-7.0395803,-0.18266428,-1.5793946,-0.7960844,-0.091878735,0.6407192,-0.101112604,-0.44316265,-0.16994861,0.2438977,0.6571713
19656,-4.3224273,-0.107411645,-0.7128299,-0.68996805,-0.24019697,0.49410105,0.14827928,-0.29387823,0.14618714,0.5827111,0.3207968
19657,-5.402486,-0.0059919124,-1.3032968,-0.438535,0.11079803,0.122951545,-0.12964337,-0.11030454,-0.12591997,0.28624797,0.3115252
19658,-5.280421,-0.08863847,-1.4105448,-0.43179512,0.16124904,0.08652508,-0.0457485,-0.19083995,0.12106075,0.18175079,0.39990178
19659,-7.887294,0.059265845,-1.0317706,-0.33763748,0.25671962,-0.17163308,-0.17472486,-0.22907344,-0.119265616,0.4988092,0.16482466
19660,-4.7818704,-0.17366448,-0.5777121,-0.3166909,-0.10283841,-0.20464483,0.13011147,0.0032505323,-0.10943882,0.2961113,0.26426265
19661,-5.8226585,-0.52329266,-1.4898198,-0.7855635,0.18500446,0.10765019,-0.5255738,-0.16507363,-0.069414064,0.28216326,0.44914678
19662,-5.640262,-0.11885601,-1.0773133,-0.66662544,-0.05347176,-0.21110292,-0.1403456,-0.2181429,0.047825083,0.3176506,0.5250275
19663,-6.898435,-0.016587555,-1.6545025,-0.5203227,0.48338583,-0.56200147,-0.4662344,0.15860823,-0.029080207,0.20957153,0.16209103
19664,-6.222077,-0.11450194,-1.0005233,-0.7554734,0.13477938,0.08394144,-0.36106318,-0.19838755,0.18059213,0.37769353,0.11994088
19665,-7.734381,0.009476234,-1.8530799,-0.90202665,-0.043297384,0.6576591,0.09646875,-0.55207026,0.124427676,0.64076924,0.543746
19666,-4.7927337,-0.16043387,-1.0759348,-0.5197166,-0.2553374,-0.013182351,0.40059283,0.1063226,-0.1351975,0.18420328,0.4236466
19667,-5.124595,-0.09095472,-1.1753825,-0.897595,0.012358313,0.09098797,-0.51044613,-0.5686897,0.21159479,0.3534666,0.12738042
19668,-5.2766914,0.17247573,-1.3109225,-0.44440353,-0.14451502,-0.43392563,0.16271618,-0.033146635,-0.24822076,0.29389924,0.38033894
19669,-8.203092,0.016168375,-1.4683892,-0.6278216,0.41478613,-0.2367128,-0.4475403,-0.2436721,-0.3078304,0.41692236,-0.12975171
19670,-4.2320333,-0.13575862,-0.8853491,-0.8058899,-0.22267547,0.1763514,0.08139889,-0.140019,0.2227091,0.53899884,0.26587415
19671,-4.5278497,-0.10029683,-0.8522857,-0.7224802,-0.2897677,-0.31069732,0.17796178,-0.3272715,-0.22634445,0.32147914,0.1707809
19672,-6.1933823,-0.022334173,-1.5282416,-0.42196763,-0.0500991,0.6513517,-0.28027853,-0.40542305,0.10520066,0.28923675,0.14620884
19673,-4.2872076,-0.11813715,-0.81540716,-0.5347318,-0.33397534,-0.15869825,0.08400495,-0.27770823,-0.10680927,0.25507608,0.2986432
19674,-6.486041,-0.43758506,-1.326692,-0.9768404,-0.098861106,0.13013949,0.07158348,-0.17328854,0.36587828,0.45113593,0.46708593
19675,-5.6541343,0.0064946385,-1.3342373,-0.46598858,0.38779557,-0.18647313,-0.30303577,-0.05437827,-0.10309505,-0.07008385,-0.23092622
19676,-4.869721,-0.22602457,-0.83304673,-0.69562256,-0.084611796,-0.070102796,0.057755295,-0.31697124,-0.3057381,0.24995075,0.1116415
19677,-5.5887938,0.04860719,-0.9399882,-0.98291135,-0.059462465,-0.062473767,-0.104119025,-0.19078651,0.25510895,0.2958303,0.41433576
19678,-6.909639,-0.13686304,-1.0894977,-0.3750209,-0.6767643,0.34566522,0.18566261,-0.44080657,-0.27309412,0.5087115,0.49979603
19679,-4.9408083,-0.29518518,-1.0580341,-0.5333258,0.073342115,-0.23435052,-0.16647844,-0.024257792,0.35785323,0.40516463,0.47907308
19680,-7.309517,-0.18444216,-1.7983749,-0.9139504,-0.09444182,0.2795571,-0.050997235,-0.3711266,-0.30885637,0.5478855,0.39973024
19681,-5.9540606,-0.18345569,-1.1282927,-0.5746479,-0.61495554,-0.28882468,0.3792204,-0.31364924,0.059346154,0.6770821,0.6197519
19682,-6.4913197,-0.25404778,-1.7024304,-1.1718329,0.08595373,0.041396685,-0.39781964,-0.46809918,0.43639225,0.7761534,0.18149991
19683,-3.4081445,-0.1894178,-0.70811856,-0.44041014,-0.48574477,-0.10842784,0.07333381,-0.029289922,-0.003619507,0.47368833,0.52755743
19684,-5.039208,-0.38880476,-0.7858252,-0.65439695,-0.569959,-0.17413718,0.094575286,-0.07108469,0.05491501,0.34055373,0.56626314
19685,-7.7033005,-0.6679041,-1.5952901,-1.0051292,0.15983157,0.19347124,-0.1166508,-0.06016255,0.319437,0.7941297,0.5140264
19686,-4.5226145,-0.2585029,-0.78303045,-0.6210457,-0.18132482,0.01354219,-0.22709139,-0.119838335,-0.017885176,0.33965823,0.4312463
19687,-6.1712165,-0.0015122835,-1.3065364,-0.8434892,-0.3163802,0.55701935,-0.05936779,-0.75599736,0.14800143,0.40207782,0.3885743
19688,-7.228937,-0.22832377,-2.0327938,-0.7818423,0.19717513,0.2528875,-0.25961018,0.023540666,0.08538643,0.9288013,0.06402715
19689,-5.638953,-0.098360665,-1.3131335,-0.33794916,-0.18721461,0.063290715,-0.19288407,-0.28144574,-0.38614005,0.55144656,0.07852148
19690,-5.251493,-0.26157537,-0.9437195,-0.5129952,-0.12768637,0.35540628,0.03527678,-0.23279564,0.118084125,0.18513474,0.54031676
19691,-5.0761323,-0.23176554,-0.6171125,-0.6130976,-0.37350172,-0.34583294,0.18067965,-0.027814953,-0.134332,0.29499903,0.55026853
19692,-5.8156376,-0.03680906,-1.5610793,-0.5553602,-0.22574027,-0.052615065,-0.3813046,0.046590142,-0.11180216,0.49819502,0.15527375
19693,-4.9839334,-0.42434356,-0.7162233,-0.707681,-0.24641833,-0.023035718,-0.3824366,-0.4935297,-0.15121624,0.5532808,0.28678337
19694,-3.675532,-0.116516024,-0.5741495,-0.4445782,-0.39608088,-0.011729434,0.03401771,-0.11892555,-0.092558324,0.47978434,0.25438133
19695,-5.2305923,-0.15471019,-1.2745689,-0.44415382,0.11247047,-0.2760889,-0.13716471,-0.11966627,-0.13300489,0.32750955,0.28498256
19696,-5.9048595,-0.11385361,-1.2347944,-0.7254072,-0.4990464,0.39123923,0.21011525,-0.20275325,0.46174946,0.4757183,0.6487234
19697,-4.888316,-0.12639038,-0.88250875,-0.7297095,0.12716845,0.2218608,0.09046324,-0.40135413,0.011714555,0.01404349,0.19511198
19698,-7.814356,-0.20641413,-1.2915814,-0.6533756,-0.31898564,0.5054604,-0.047809683,-0.5690615,-0.09028984,0.56177616,0.40201887
19699,-6.7614903,0.1392678,-1.3457081,-0.24183738,-0.13509086,0.4449855,-0.14879529,-0.00853044,0.08945337,0.58423907,-0.020043258
19700,-4.4529057,-0.26037958,-0.6824454,-0.8131476,-0.122810535,-0.27872133,-0.415906,-0.0919982,0.12030166,0.4331361,0.32858893
19701,-4.7467084,-0.1455786,-0.8050435,-0.4621245,-0.22258994,-0.11127848,0.008352794,-0.009280004,-0.05313296,0.3857722,0.39277342
19702,-4.9431357,-0.039604258,-1.2617726,-0.5088539,-0.15478499,-0.029778738,-0.02972686,-0.013254376,-0.36886695,0.3242698,0.23286219
19703,-6.6712365,0.103756316,-1.1777601,-0.8463833,-0.55577844,-0.044470318,0.18663026,-0.42751718,-0.14644644,0.2169782,0.76076525
19704,-5.652865,0.055196524,-1.0985326,-0.7179442,-0.115857646,0.06728138,-0.30926138,0.01613726,-0.033743247,0.762177,0.17254758
19705,-6.2839823,0.16649254,-1.5861549,-0.6873586,0.06672008,-0.34622973,-0.25820106,-0.41137522,-0.23899223,0.6350009,0.21700464
19706,-4.231595,-0.04880494,-0.91041285,-0.47214267,0.053113233,-0.05243896,-0.16475557,-0.27807936,0.14229423,0.46317694,0.048490915
19707,-6.310966,-0.0419896,-1.2074989,-0.8941515,-0.08938798,0.0368116,0.008961696,-0.14494574,0.14149442,0.1709653,0.2696209
19708,-3.413948,-0.07169428,-0.68791914,-0.4884367,-0.3051298,-0.046959408,0.07215721,-0.12890784,0.05066125,0.31185824,0.14518687
19709,-6.8088837,-0.06206451,-1.5740464,-1.1347308,-0.15011936,-0.11222448,-0.09528161,-0.5659348,0.2216888,0.58645874,0.42588845
19710,-4.358313,-0.11644496,-1.0446726,-0.37294585,-0.2528559,0.35492396,0.18788387,-0.40151876,-0.0070780907,0.28084263,0.26375613
19711,-7.82298,-0.1777331,-1.844525,-0.66569656,0.29424292,0.44707143,-0.50500464,-0.32890865,-0.198771,0.26088074,0.23472355
19712,-4.13443,-0.2740797,-0.5845357,-0.60455644,0.08499443,0.02783821,-0.12973693,-0.30302235,0.022118084,0.29650405,0.20215228
19713,-4.0037084,-0.10217681,-0.8484029,-0.33591795,0.05267199,0.18063782,-0.09141322,-0.36982098,-0.064186476,0.26588294,0.1670556
19714,-5.2020087,0.054851387,-0.82648855,-0.7713051,-0.2913047,-0.038140707,0.022476226,-0.2725731,-0.030169165,0.50610924,0.37492678
19715,-6.7704744,-0.14202562,-1.5340129,-0.70606613,0.3955537,-0.022567654,-0.18002056,-0.35382238,-0.020410368,0.5519753,0.27774042
19716,-6.367083,-0.1737348,-1.2498798,-1.1044607,0.08542218,-0.31935912,-0.47062528,-0.49215564,0.4252015,0.6720348,0.045163486
19717,-5.593244,0.024483666,-0.96320254,-0.24233454,-0.037730023,-0.39718562,0.100568,0.3756543,-0.3203651,0.48550874,0.4766022
19718,-4.6773977,0.1847307,-0.92331296,-0.19376257,0.18673189,0.10228815,-0.04483907,-0.11980306,-0.15065031,0.15823154,0.4627764
19719,-5.560584,-0.4064295,-1.0345109,-0.9559379,-0.34976622,-0.07540145,0.23701683,-0.12973662,0.04533818,0.6676519,0.41971725
19720,-7.755235,-0.090869755,-1.9410892,-0.9322712,0.2615555,0.12696174,0.06453976,-0.63091445,0.13049246,0.6169999,0.17429277
19721,-5.9382143,0.08150294,-0.92057097,-0.4814082,-0.028474351,-0.2166071,-0.30376443,-0.48745194,-0.033153303,0.22419456,0.4334523
19722,-6.21108,0.10505027,-1.0276299,-0.49160087,-0.073524214,-0.1672367,-0.025390387,0.09929935,-0.26518613,0.24854656,0.46730483
19723,-5.060565,-0.17670189,-1.0202494,-0.497477,0.3177697,0.027717946,-0.14807275,-0.037698984,0.08959006,0.18931472,0.17279631
19724,-5.7503457,-0.4152102,-1.2403077,-0.9784038,0.06841915,0.16891617,-0.23601578,-0.42043287,0.1124458,0.28194213,0.026254725
19725,-5.6150613,-0.21883102,-1.2280835,-0.70928454,-0.23096178,-0.013600977,0.008860321,-0.22763546,-0.029240387,0.49308258,0.77160794
19726,-7.353077,0.07866423,-1.2120582,-0.6878461,-0.7363011,-0.3070888,0.42216793,-0.33924434,-0.2546254,0.44310483,0.91956306
19727,-6.3974557,-0.3453988,-1.3164237,-0.66996855,-0.0058115334,-0.08978241,-0.062386468,-0.21701929,-0.37065727,0.5769645,0.1449522
19728,-4.33783,-0.31501344,-0.6925439,-0.21461356,-0.09994901,-0.1108755,-0.064056985,-0.12132884,-0.2330217,0.5430464,0.27382392
19729,-4.769965,-0.11047757,-0.85020036,-0.5154717,-0.12522624,-0.33009744,-0.10916941,-0.23365979,0.23891142,0.2035835,0.18805766
19730,-6.637978,-0.0576226,-1.5356745,-0.31022918,0.4033776,-0.08321161,-0.40968794,-0.03708992,-0.1716996,0.38192788,0.195497
19731,-5.412724,-0.184259,-0.8288595,-0.3819798,0.020896802,-0.013063084,0.34471142,0.2823313,-0.35884544,0.3971965,0.4255067
19732,-7.366734,0.23483521,-1.5212117,-0.67215043,0.52731764,-0.19387996,-0.2704068,-0.19027102,0.38919196,0.27625075,0.021732338
19733,-5.430133,0.04427225,-0.9275291,-0.28104085,0.043424428,0.13670695,0.03314643,0.0643559,-0.38384795,0.19324318,0.28791493
19734,-5.5691786,-0.5505832,-1.0920467,-0.5670956,-0.028888224,-0.09807926,-0.35808593,-0.2815807,-0.0043573976,0.5073622,0.46075058
19735,-5.8264127,-0.26846567,-1.2658163,-0.61773235,0.064163476,0.3775394,-0.30874002,-0.12911567,0.17755455,0.29657108,0.14159492
19736,-6.6552157,0.031926785,-1.5895478,-0.28227413,0.36337027,-0.036805842,0.10923014,-0.14183247,-0.14986454,0.33341157,0.63943654
19737,-5.0257344,-0.25372544,-0.9424072,-0.6077755,0.021780385,0.13517709,-0.033301212,0.07615425,-0.007818975,0.3873907,0.63008535
19738,-3.5089607,-0.10780489,-0.86922264,-0.49754363,0.04830574,-0.039380968,-0.013125773,-0.079985335,-0.120195046,0.22887284,0.37771952
19739,-5.1595135,0.09433786,-0.7627811,-0.55270916,-0.28851423,-0.20205055,-0.07321651,-0.033444107,-0.30494523,0.19179803,0.19483691
19740,-5.301329,0.116775036,-0.88197416,-0.42450258,-0.46691534,0.13306355,0.2251224,-0.54037154,-0.23798732,0.14766434,0.32758027
19741,-6.144258,-0.2686766,-1.0764577,-0.73223245,0.03326305,0.24961028,0.049197383,-0.17080688,-0.117953226,0.5692779,0.6219508
19742,-4.937398,-0.20179115,-0.62386954,-0.800098,-0.34724006,-0.072598964,-0.12082269,-0.26270047,-0.18859224,0.560507,0.5240287
19743,-5.1454434,-0.29402864,-1.3103899,-0.3768145,0.033516426,-0.13926882,-0.133051,-0.2244973,-0.039121337,0.39461944,0.2926771
19744,-6.5340204,-0.22890425,-1.4309697,-0.9084103,0.22432102,-0.06409225,-0.14761205,0.0033410024,-0.064056925,0.4818782,0.26477212
19745,-5.795362,-0.4066649,-0.7756621,-0.6077334,0.02201536,0.08349428,0.15644217,0.010285053,-0.052335,0.2936915,0.41541752
19746,-7.4785113,-0.022194766,-1.2352569,-0.742279,-0.6486251,0.3880273,0.0589044,-0.5272019,-0.37332463,0.36709192,0.037343293
19747,-5.4954753,-0.21032402,-1.3567729,-0.23551898,-0.030083524,0.36282182,-0.09476224,-0.28440437,-0.05548182,0.2590785,0.6166128
19748,-6.579881,-0.13905632,-0.9280068,-0.5521264,0.076589085,-0.0076701557,-0.1989667,-0.1754505,-0.47924381,0.37504324,0.34426573
19749,-5.691486,0.13855131,-1.0700449,-0.5848333,0.13421041,-0.09916308,-0.2707956,-0.23202126,-0.0029491074,0.5476564,-0.0014339089
19750,-5.679063,-0.16836682,-1.0136088,-0.62400746,0.18794066,0.20344496,-0.29972115,-0.17920443,0.18365477,0.4701545,-0.040814873
19751,-5.2476573,0.12988658,-1.0329901,-0.5337954,0.10299088,0.1445927,-0.085973844,-0.40128404,0.18123621,0.38603374,0.058814216
19752,-5.7123356,0.051930014,-1.2681357,-0.93213665,-0.19007775,0.004444936,-0.3333045,-0.4842274,0.14624843,0.50216144,0.183979
19753,-4.567081,-0.17354055,-0.94685006,-0.56396365,-0.35455126,-0.026224706,0.02320471,-0.2927152,-0.05083006,0.3595301,0.3799054
19754,-6.034579,-0.19528076,-1.3538902,-0.8453107,-0.14766279,0.000753351,-0.2232106,-0.37386397,0.20469691,0.5357611,0.19801055
19755,-5.6639285,0.19355457,-1.1947064,-0.79979247,0.21614063,0.05814788,-0.21468434,-0.5464386,0.16840942,0.5073236,0.45603514
19756,-6.125695,-0.14160654,-1.1146989,-0.7953234,-0.46702823,-0.0072980467,-0.12160406,0.24456547,0.07639333,0.7027625,0.3275466
19757,-5.8487754,-0.48341584,-0.73359376,-0.578219,-0.14856187,0.25025225,-0.196637,-0.2536565,-0.067720845,0.49132612,0.64039415
19758,-6.3449645,-0.084569655,-1.1356745,-0.47449479,-0.12374497,-0.08493692,-0.29187468,-0.63146216,-0.27710676,0.24049775,0.5136526
19759,-6.748903,0.0073960237,-1.001945,-0.9561139,-0.08967975,0.18998246,0.39614147,-0.14554332,-0.35693988,0.4500399,0.2762182
19760,-5.905314,0.05446771,-1.1207647,-0.6407473,-0.21403988,0.008949611,-0.079550155,-0.44500327,0.050533317,0.35087967,0.74250066
19761,-5.810153,-0.14588894,-0.9527064,-0.37696224,-0.1560849,0.14413446,-0.092517234,-0.04318489,-0.17777401,0.2428912,0.08514149
19762,-4.728866,0.015866116,-0.9417629,-0.28119922,-0.030268168,-0.05047384,-0.11870531,0.14923176,-0.15237533,0.22056463,0.046704154
19763,-5.4139543,-0.12717839,-0.98890334,-0.50332665,-0.07756236,-0.24523641,-0.04656621,-0.13711348,-0.017203258,0.22356746,0.40824094
19764,-5.8988104,-0.20790362,-1.175381,-0.63625383,-0.5598167,0.06355438,0.16460922,-0.27864066,-0.12498613,0.81848055,0.14991748
19765,-7.25668,-0.5421331,-1.2084098,-0.89342356,-0.20741193,-0.21128327,-0.17245027,0.09371359,-0.1196156,1.1814151,0.6756836
19766,-5.817915,-0.22221191,-1.5174677,-0.74761724,0.109190546,0.11738666,-0.38956136,-0.08083245,0.20811556,0.90176463,-0.012112911
19767,-4.2174973,0.02083551,-0.7039925,-0.37735543,-0.034150347,-0.26185292,-0.115635596,-0.08584257,-0.17316727,0.36000937,0.14745584
19768,-5.0345984,-0.036051065,-1.0644914,-0.6806578,0.051017173,-0.19238345,0.018590942,-0.2940547,0.09441521,0.2607398,0.31253296
19769,-6.833006,-0.16927503,-1.3297613,-0.41914314,0.39652133,-0.48768306,-0.42925814,0.115052104,-0.059458114,0.45820385,-0.065395415
19770,-5.9691453,0.07556299,-1.0909203,-0.6961186,-0.32611954,0.3034401,0.139058,-0.7368124,-0.009487495,0.3748479,0.28256533
19771,-6.614521,-0.23122843,-1.3254943,-0.70766735,0.42904937,0.26412994,-0.07474069,-0.28035963,0.04636018,0.35354093,0.14291425
19772,-5.3018045,-0.13220176,-1.0950307,-0.28316185,-0.045491092,0.1890755,0.021774754,-0.027481208,-0.102633916,0.3971874,0.24774031
19773,-4.9628997,-0.12723511,-0.97128475,-0.09189475,0.15575819,0.30031258,-0.38178858,-0.21281925,-0.09311702,0.23320358,0.116044626
19774,-5.0912795,-0.0961778,-1.1824694,-0.5406207,-0.22807166,-0.0103669185,-0.010953031,-0.4111432,0.090577565,0.42198813,0.49969843
19775,-5.9042335,-0.22814117,-0.9961329,-0.7478126,-0.5494851,-0.09948485,0.21504444,-0.30272985,-0.11897552,0.14165956,0.4721396
19776,-6.716944,-0.3410598,-1.4218206,-0.57279724,-0.38208938,-0.67514545,-0.08917921,0.12208713,-0.101255156,0.45166805,0.6311002
19777,-4.9514184,-0.12378156,-0.99583703,-0.5995002,-0.08102634,0.046806805,-0.14913371,-0.2789752,0.048437923,0.22249496,0.058245745
19778,-6.286923,-0.18248032,-1.0306734,-0.4545589,0.2688143,-0.08255754,-0.27895728,-0.5778192,-0.181908,0.23785125,0.4489561
19779,-5.1854606,-0.00042969827,-0.9239765,-0.04178472,-0.176184,-0.20998064,-0.028094068,0.23406681,-0.15124203,0.2636538,0.017631203
19780,-5.960395,-0.12996112,-0.8783766,-0.70346504,-0.22424947,0.125732,-0.1676611,-0.1888902,-0.22498089,0.4200405,0.26518086
19781,-6.03413,0.15759623,-1.0860939,-0.33035418,0.17034607,-0.18061766,0.1013794,0.11424081,-0.3410108,-0.03151138,0.23984854
19782,-6.8149166,-0.057555612,-1.433701,-0.87538594,-0.19692594,-0.12130359,0.23547448,-0.44751552,0.14899538,0.14120656,0.9735283
19783,-4.9406257,-0.15901054,-0.916254,-0.62281185,-0.1501318,-0.0033501852,0.31707186,-0.35402945,-0.23216613,0.32065785,0.48910898
19784,-4.2474484,0.04071135,-1.0486951,-0.36832368,0.027977204,-0.08121637,-0.10337426,0.20381388,-0.0873936,0.1811461,0.056840844
19785,-6.7879224,0.014647717,-1.3887323,-0.42060986,-0.0037604705,-0.3812616,0.23198456,0.10050863,-0.1278179,0.7727734,0.3860726
19786,-6.107795,0.2501877,-1.0774467,-0.5949703,-0.21653509,-0.23415183,-0.18981773,-0.24563938,-0.2064704,0.67152745,0.15841433
19787,-6.001569,0.06478197,-1.0882754,-0.46365044,0.5170251,-0.16462094,-0.36796194,-0.6157181,-0.19161311,0.32453448,0.20274235
19788,-5.870359,-0.18467341,-1.3474611,-0.5997557,-0.23725902,0.62931085,0.25982752,-0.28410992,-0.0494036,0.4042505,0.4272599
19789,-5.441173,-0.30560523,-0.8882843,-0.6653345,-0.5394279,-0.40873855,0.29106897,-0.28023633,-0.43460205,0.34383118,0.1787357
19790,-4.6782274,0.031644635,-1.2843429,-0.42653146,0.1149371,-0.02743692,0.0050039217,0.10289333,-0.11605054,0.19669053,0.33414218
19791,-6.614939,-0.16436595,-1.5967616,-0.7351834,-0.17722945,-0.008166904,0.1987583,-0.49054834,-0.050893925,0.5685921,0.35207096
19792,-6.7083497,-0.21034184,-1.4784435,-0.6949717,-0.29723665,0.022075832,0.11420854,-0.23002875,0.23719035,0.9051836,0.55282634
19793,-5.140612,-0.20805536,-0.73929894,-0.5672954,-0.3732187,0.31604707,0.054401413,-0.45708287,-0.29725596,0.23496403,0.32487908
19794,-5.0632267,-0.35168514,-0.94579947,-0.64010316,-0.39980364,0.009835929,0.0048600477,-0.27979866,-0.1341131,0.87686133,0.44273457
19795,-5.0642233,-0.13890468,-1.0288941,-0.7168476,-0.26178342,0.4577145,-0.06599873,-0.2888156,0.16000453,0.5235778,0.57934195
19796,-7.719808,-0.23305036,-1.1586848,-1.0324049,-0.6947645,-0.08582446,0.27841306,-0.045330897,-0.43439966,0.56994885,0.8066059
19797,-6.5429792,-0.23321545,-1.6468594,-0.95886046,-0.66588426,0.43526262,-0.1428374,-0.58330536,0.041790694,0.60919565,0.5370568
19798,-5.803286,-0.12253627,-0.92029536,-0.5827514,-1.2525405,0.1316419,0.30129588,-0.44647118,-0.059479237,0.46120593,0.722443
19799,-5.185358,-0.02740061,-1.101372,-0.3493512,-0.120253734,0.15717167,0.07801246,-0.50667864,-0.2011355,0.45458987,0.08462183
19800,-5.527104,-0.23267093,-0.9396367,-0.98443645,-0.361642,0.03558237,-0.10201033,-0.09071411,0.046072695,0.39345187,0.45665875
19801,-4.881633,-0.18663007,-1.265744,-0.8688886,-0.25835288,-0.09970823,-0.2622459,-0.499859,0.020656142,0.5318646,0.337247
19802,-6.0810266,0.17394373,-1.3975126,-0.6132083,-0.10153575,-0.3017636,-0.12869708,-0.2954025,-0.09631086,0.14563502,0.7577373
19803,-3.9382591,-0.10539668,-0.8188621,-0.44019425,-0.01484186,0.21539214,0.053068567,-0.27869263,0.016732782,0.10643235,0.13324553
19804,-3.4447415,-0.051219337,-0.6353178,-0.49410188,-0.24022835,-0.051946785,-0.20160899,-0.47699732,0.14480777,0.20750654,0.3695621
19805,-5.867483,0.12803969,-1.1387513,-0.5999796,-0.18778613,-0.36406422,-0.16720568,-0.11589449,-0.20106071,0.5501145,0.44258526
19806,-6.334691,-0.24877544,-1.6084281,-0.6655593,-0.100252785,-0.27521962,-0.062700525,-0.051924773,-0.09958766,0.61929244,0.6437671
19807,-5.7666116,-0.44450444,-1.0441402,-0.72592765,-0.43389896,-0.15078878,0.0712499,0.0935453,0.013495868,0.45367205,0.65629816
19808,-6.2292385,-0.124623984,-1.3891265,-0.7518207,0.15177862,-0.06173905,-0.20133997,-0.46885547,0.2896219,0.4849615,0.38710713
19809,-4.967773,0.13423213,-1.0685885,-0.35111216,0.32252103,-0.10310277,-0.2585443,-0.38091663,-0.33400074,0.11521941,0.08974012
19810,-7.344043,-0.33132207,-1.2464266,-0.65001696,-0.66942453,0.4209987,0.5575528,0.02474146,-0.318131,0.54550403,0.92247313
19811,-6.3097034,-0.07198241,-1.027127,-0.8468404,-0.8158865,0.056267947,-0.15645641,-0.507194,0.12986366,0.37410587,0.61557627
19812,-6.3606153,0.019487105,-1.156117,-0.78018636,-0.13462442,0.0035504904,0.19798142,0.14048925,-0.22333105,0.3063402,0.42917854
19813,-4.512081,0.15320775,-0.85567826,-0.37287724,-0.08750418,0.13703087,0.07910468,-0.33363682,-0.2708368,0.35218754,0.2417032
19814,-4.7488747,-0.18343568,-0.96766526,-0.38594812,-0.23473698,0.027284,0.178602,0.11750732,-0.007016329,0.503435,0.20910215
19815,-6.4779253,-0.06114511,-1.5420911,-0.7208434,0.69453347,-0.009943794,-0.68267345,-0.008081751,-0.06749861,0.38872945,0.0948975
19816,-5.754462,0.009717246,-1.0503417,-0.40622962,0.1750626,0.037008986,-0.023944866,-0.18495153,0.05005452,0.18426476,0.3491651
19817,-4.3470817,-0.17636248,-1.169278,-0.506754,0.1325249,-0.14217202,-0.22678295,0.04005301,-0.09815555,0.27260128,-0.050700583
19818,-8.141775,0.09570443,-1.9484831,-0.87901986,0.5734759,-0.22740512,-0.41557637,-0.002668716,-0.22610328,0.47107792,0.26438925
19819,-5.363084,-0.38758963,-0.9088098,-0.78077877,-0.20662998,0.4877048,0.035791367,0.07610868,0.200376,0.7945635,0.5921394
19820,-6.7403684,-0.05491594,-1.0844657,-0.7381336,-0.24240616,-0.14034706,-0.05891797,-0.16959836,-0.35624304,0.49068013,0.5786766
19821,-6.2779665,-0.07907061,-1.0552473,-0.56491697,-0.10966035,0.21815374,-0.09417149,-0.17729776,-0.12777242,0.621257,0.29805037
19822,-5.529501,-0.35070333,-1.2125305,-0.5860605,0.39057595,-0.04135928,0.08282645,-0.24757627,0.20285334,0.38543078,0.37906092
19823,-3.8424509,0.19658409,-0.7120811,-0.35019466,0.034835517,0.09959494,0.051549744,0.10639064,-0.08039822,0.21464758,0.3862031
19824,-5.7459283,-0.2186715,-1.0303041,-0.70645535,0.16162212,-0.3800547,-0.05230318,-0.21654724,0.23555864,0.71058035,0.10594136
19825,-4.8694286,-0.09238935,-0.7239186,-0.52212125,-0.46575636,-0.17047232,0.2231601,0.042824373,-0.0046861935,0.43430385,0.25025666
19826,-4.663901,-0.04961966,-0.8343177,-0.46249646,0.06585596,0.21727581,0.058167525,-0.26296574,-0.1108883,0.39498088,0.30330923
19827,-5.3451405,-0.19736166,-1.0572323,-0.55576694,0.23564279,-0.05840508,-0.2572049,0.028620152,0.09299386,0.6790659,-0.16959547
19828,-7.4477887,-0.15145633,-1.8983612,-0.87549967,0.43684125,0.015131347,-0.37790725,0.14942934,0.08913687,0.21345024,0.63888067
19829,-5.5031123,-0.013791692,-0.5233874,-0.6465137,-0.09772911,0.09690186,0.30086392,-0.30133,-0.16639923,0.27135578,0.30880207
19830,-5.587502,-0.32482022,-1.3709142,-0.53807175,0.059993643,0.48506528,-0.10748895,-0.24685362,0.08699484,0.44282553,0.2841938
19831,-6.4086814,0.099587135,-0.9453277,-0.3185215,-0.5880274,-0.2131982,0.073251896,0.06774788,-0.3322383,0.35598117,0.5327074
19832,-8.082417,-0.16976507,-1.3841307,-0.80101186,-0.053752616,0.37948275,-0.20675316,-0.7827645,-0.31836656,0.58167124,0.3204519
19833,-5.9667716,0.07055821,-0.93615395,-0.296249,-0.5313705,-0.2923274,0.18481365,-0.07871,-0.2297051,0.39290547,0.43062142
19834,-5.218133,0.102209546,-0.71344334,-0.5472526,-0.34408033,-0.18637943,-0.14565626,-0.1297544,-0.06168487,0.48126858,0.029125191
19835,-5.074967,-0.36291513,-0.7497948,-0.62807536,-0.07245196,-0.17083207,0.08662748,-0.21429798,-0.20189714,0.43951255,0.055761397
19836,-6.005799,-0.22489889,-0.89933264,-0.6794566,0.10133574,0.2872209,-0.5341573,0.09884638,-0.10229243,0.25528216,-0.08548212
19837,-4.380519,-0.0200206,-0.996419,-0.4697295,-0.24835125,-0.0607384,0.16604899,-0.23763163,-0.003517462,0.38557693,0.46964988
19838,-6.5004244,-0.07546669,-0.93297714,-0.5077837,-0.28002086,-0.32085484,0.111048274,-0.40308025,-0.3940744,0.45035198,0.47495186
19839,-6.6051993,-0.056572575,-1.2315711,-0.777829,-0.17039871,0.055942316,-0.072041325,-0.33536378,0.026605386,0.7488095,0.4558172
19840,-4.820726,-0.29321337,-0.90873075,-0.67903113,0.06183225,0.03885072,-0.019559234,-0.39947942,0.035021387,0.6074164,0.024488645
19841,-5.42427,-0.062832385,-1.0909727,-0.8176955,-0.18126714,-0.4294635,-0.115522064,-0.16172042,-0.03892929,0.46574754,0.31112474
19842,-6.6761775,-0.28074533,-1.2070247,-1.0364271,-0.4434483,0.33187348,0.42284125,0.10814551,-0.0070787966,0.6298789,0.83307
19843,-7.071925,-0.23701426,-1.2846849,-0.36153555,0.07798951,-0.039660078,-0.4487183,-0.07750504,-0.3189795,0.22977507,0.26472902
19844,-5.0745234,-0.49915156,-0.94306284,-0.7056933,-0.26973322,-0.0026274305,-0.1544845,-0.4982483,0.1729793,0.711137,0.48717427
19845,-6.9613633,0.0042468174,-1.5020225,-0.76007676,-0.14228731,0.19781244,-0.43892863,-0.5537337,0.0054304143,0.0630057,0.31656063
19846,-4.536814,-0.043151032,-1.0164847,-0.26885918,0.11247884,0.16453965,-0.038182385,-0.36715075,-0.20236155,0.45711693,-0.1480837
19847,-5.473703,-0.24748994,-0.98905855,-0.54643106,-0.4547856,0.18247798,0.22496738,0.089922994,0.033235803,0.49446484,0.61499715
19848,-6.850773,0.03556083,-1.2381598,-0.72119075,-0.5838168,0.4719969,-0.45928058,-0.58949125,-0.13390884,0.23332664,0.2706665
19849,-5.905019,-0.12324348,-1.1290238,-0.5813467,0.328916,0.15225859,-0.08117378,-0.076895274,-0.048228517,0.46596587,0.49809426
19850,-5.337167,0.27941182,-1.311235,-0.3938362,-0.07065802,0.21636748,0.10181823,-0.47269687,-0.28908983,0.33482128,0.31481138
19851,-5.012722,-0.13449293,-1.2943841,-0.70595497,0.022403233,-0.18776916,-0.076313674,0.10191445,0.06494156,0.32119462,0.15074894
19852,-5.572295,-0.060820375,-1.2972156,-0.71484166,-0.26738182,-0.08865849,-0.0029023774,0.10740218,-0.087126754,0.53720087,0.20945747
19853,-5.6642227,-0.23594955,-1.1649394,-0.7455864,-0.46666354,-0.07358478,0.438756,0.054099403,-0.038836353,0.44771782,0.62521213
19854,-4.1966705,-0.1615528,-0.92875034,-0.5107556,-0.1787265,-0.1643037,0.08558372,-0.10654578,0.08810155,0.16929567,0.4146649
19855,-5.4713154,-0.23092856,-1.3974206,-0.23424992,0.3354817,0.40399957,-0.36434454,0.12555319,-0.048421703,0.3978998,-0.020097379
19856,-6.3364596,-0.25809708,-1.1059755,-0.85559726,-0.33788896,0.20202854,-0.08279959,-0.3047642,-0.03458991,0.5385691,0.5352771
19857,-4.9239693,-0.01357136,-1.002305,-0.5011528,-0.28247327,0.0017831423,-0.14042524,0.027969614,-0.008599179,0.23786767,0.21144667
19858,-7.2709084,0.17094019,-1.7888397,-0.57850695,0.09165945,-0.008203136,-0.38813698,-0.42637837,-0.35862324,-0.0057556266,0.11762242
19859,-6.4088693,-0.0056018457,-1.3867441,-0.50173163,0.3222163,0.2134476,-0.26147968,-0.23145756,-0.013297958,0.16281708,0.14901817
19860,-6.7012625,0.11794849,-1.2609754,-0.697125,-0.13962817,0.1498024,-0.27966994,-0.7333175,0.04590015,0.031549543,0.36612353
19861,-4.9380655,0.0910209,-1.0087696,-0.40954694,-0.3799226,-0.010863956,0.4745003,0.032220237,-0.08156472,0.27876103,0.5425504
19862,-5.899505,-0.06928702,-1.5714574,-0.89964575,0.12064068,0.040965773,-0.074801266,-0.35183257,0.23974931,0.3356497,-0.02028631
19863,-6.2203517,-0.050250705,-1.1144301,-0.7809266,-0.427154,-0.27694875,-0.06411259,-0.34693572,-0.033955105,0.46051797,0.58813626
19864,-5.3090844,-0.13900821,-0.7864438,-0.41822386,-0.15288557,-0.119631246,0.18123703,-0.26612777,-0.3373659,0.35607255,0.35756797
19865,-4.848471,-0.103764154,-1.2770939,-0.52150124,-0.015668025,0.19323772,-0.06758111,0.07798089,0.03959357,0.55231935,0.13838112
19866,-4.6465645,-0.043056883,-1.1669748,-0.52070284,0.17426635,0.1372407,-0.010906299,-0.19033276,0.30035737,0.4350768,0.11635499
19867,-5.397554,-0.1587315,-1.0328611,-0.794394,0.05152534,0.2618767,-0.079080775,0.11415783,0.14286806,0.31085715,0.201697
19868,-6.4779387,0.07833859,-1.690652,-0.40427327,0.052012946,-0.123632774,-0.4587838,-0.33442372,-0.1498057,0.17525099,-0.014070488
19869,-5.999031,-0.08985954,-1.1867478,-0.63667285,-0.58559155,-0.21214904,0.2044235,0.23607759,-0.13239262,0.56120753,0.40533262
19870,-4.780304,-0.07575504,-0.7700875,-0.6323657,-0.66104,0.098698586,0.12495527,-0.22617571,-0.15662122,0.13868721,0.2530396
19871,-6.2617383,-0.41241226,-1.154707,-0.3247348,0.12020241,0.027349759,0.02039817,-0.12239041,0.07580833,0.36183184,0.30570224
19872,-4.19912,0.11556708,-1.0819389,-0.3910813,-0.19776508,-0.10452078,0.02447233,-0.009091482,-0.022922607,0.34806657,0.4525246
19873,-6.567031,-0.16251494,-1.3016753,-0.40130812,0.16036369,-0.1813213,-0.33869874,-0.4219496,-0.22123727,-0.07733862,0.11164113
19874,-5.694303,0.0029388312,-1.2639122,-0.4623774,-0.025896588,-0.11875163,0.086104795,0.028772876,-0.23887749,0.21798097,0.23612233
19875,-5.931014,-0.33579528,-1.1910816,-0.7237839,0.14312087,-0.11669095,-0.23307104,-0.28665036,0.11577278,0.46893874,-0.17349647
19876,-6.023924,-0.24065201,-1.2887217,-0.7150806,0.20719491,0.54280174,-3.2101758e-05,-0.38725987,0.39966825,1.0159189,0.45702067
19877,-5.942966,-0.1026109,-1.052743,-0.6523152,-0.2857322,-0.13269782,-0.17819428,-0.032062598,0.13884579,0.592599,0.64702517
19878,-4.94397,0.037852183,-1.1319076,-0.94043833,-0.29772988,0.19925196,0.08485439,-0.76273793,0.29675964,0.2732926,0.5813116
19879,-5.115733,-0.5050246,-1.1712533,-0.30869663,-0.25419292,0.040431373,-0.011110256,-0.10403597,-0.35337877,0.7458537,0.24304122
19880,-4.5221524,-0.3347448,-0.9515258,-0.46019137,0.099965975,0.10487898,0.03772515,0.091315515,-0.27910697,0.33716798,0.11547344
19881,-3.9151757,-0.08596855,-0.86073023,-0.43659866,0.08264128,-0.032330245,-0.018907275,-0.09661533,-0.06433619,0.4208901,0.07102314
19882,-5.1375613,-0.001863257,-1.2670867,-0.35188395,-0.26423374,-0.23139542,-0.071477346,0.0029835766,-0.19952998,0.22977662,0.17633426
19883,-4.9998593,-0.1708281,-0.9008848,-0.09385623,-0.31930998,0.10113715,0.017377272,-0.35235953,-0.19773188,0.241594,0.45174655
19884,-5.775012,-0.20848645,-0.71196115,-0.6753075,-0.34230196,-0.15610793,0.016735006,0.03374641,-0.1618883,0.31720528,0.43847206
19885,-5.0995407,-0.4288536,-0.8493682,-0.64122045,-0.28231528,0.1398251,-0.26624426,-0.20458764,0.24270274,0.6294192,0.48738757
19886,-5.199204,-0.32894197,-0.7588766,-0.6534219,-0.54239595,-0.022157485,0.08536106,-0.27849162,-0.008171562,0.30684343,0.7360098
19887,-6.546403,-0.062039394,-1.4290887,-0.3631524,0.4104455,0.2141121,0.09163241,-0.048863374,-0.09684059,-0.18076713,0.20670989
19888,-6.7410593,-0.094679,-1.3771284,-1.0678449,-0.33380094,-0.06869451,-0.47729668,-0.18278074,-0.21364143,0.65976596,0.3932629
19889,-5.3066735,-0.11467698,-1.4750285,-0.56131446,-0.09546696,0.4671867,0.07320951,-0.20559354,-0.064566515,0.5644296,0.5671885
19890,-6.144339,-0.36370903,-1.2506653,-0.5039464,-0.6084221,-0.19602397,-0.14721318,-0.19707674,-0.37685773,0.24350132,0.27425745
19891,-5.5858207,-0.43868062,-1.2488272,-0.8493018,0.09344483,-0.36139172,-0.089797825,0.18081333,-0.031993546,0.5169046,-0.08289397
19892,-5.3903923,-0.22870508,-1.271216,-0.45132455,0.1844611,-0.16327907,0.13772474,0.0019205939,0.1095311,0.5099303,0.4989303
19893,-5.632111,-0.15486728,-1.165037,-0.6501262,-0.7560896,-0.17374296,0.27262992,-0.20116173,-0.04497529,0.4474999,0.18108477
19894,-7.6516957,0.021587342,-1.0601233,-0.56192714,0.20312265,-0.010823106,0.044409297,-0.54571944,-0.23093742,0.42648736,0.048731722
19895,-5.8792877,-0.2575693,-1.0552261,-0.8511172,-0.42169142,0.2216101,0.1326484,0.028840013,0.160497,0.9150595,0.3931638
19896,-4.7022166,-0.13768952,-0.938643,-0.46300733,-0.08630716,0.35170585,-0.26667258,0.13747907,0.021829335,0.22915433,0.23218739
19897,-5.8627806,-0.46168774,-1.1989774,-0.968896,0.068030834,-0.12789026,-0.41178688,-0.46742082,0.22026896,0.16214933,0.15550254
19898,-8.186059,-0.3946725,-1.6200073,-0.75771254,-0.015573001,-0.30551428,-0.2013382,0.046303943,-0.13179517,0.8646064,0.47562084
19899,-4.504588,0.019944772,-0.9380862,-0.16009052,0.21254963,-0.022938171,-0.1347972,-0.25793692,-0.084613904,0.30794746,0.17074315
19900,-4.832099,0.15769328,-0.7565949,-0.3812956,-0.07180545,0.028200109,-0.012173264,-0.4336154,-0.045282334,0.5070219,0.12647933
19901,-6.348741,-0.083443224,-1.2145592,-0.3820692,-0.15561767,0.12521957,0.0034448183,0.008954258,-0.39181772,0.06892636,0.07412095
19902,-5.117948,-0.1682432,-0.91342175,-0.78640074,-0.6128369,-0.15064578,0.15931165,0.018878076,0.07511717,0.28032055,0.4184859
19903,-4.203833,-0.1438183,-0.8954893,-0.32385823,-0.009078028,0.06271223,-0.20612471,-0.41136053,-0.16810341,0.3767358,0.17378062
19904,-4.9964275,-0.32327962,-1.0475436,-0.40412113,-0.41926363,0.052361604,0.28174827,-0.08474783,-0.12774624,0.33575073,0.6332083
19905,-5.440927,-0.14182311,-0.93471295,-0.5922023,-0.023895552,-0.09995967,-0.038082786,-0.080017954,-0.14499411,0.15952757,0.3357845
19906,-6.3035054,-0.09402052,-1.8414288,-1.0255079,0.40649995,0.18981248,-0.3539344,-0.39290416,0.3892938,0.6771547,0.31027678
19907,-6.086153,0.03820416,-1.4864752,-0.5974819,-0.1421954,-0.005231592,0.05986225,-0.069702424,-0.35495698,0.3927303,0.4022667
19908,-5.0543094,-0.115757704,-1.105415,-0.7435649,0.03372377,0.25849658,0.09539922,-0.3524638,0.31306857,0.6610022,0.18060988
19909,-4.9975677,-0.14100291,-0.4919003,-0.2676901,-0.06918582,0.3496371,-0.15544076,0.11840557,-0.00095139444,0.46462822,0.04741612
19910,-5.518909,-0.06099887,-0.9404255,-0.7832309,-0.10667627,-0.17630026,-0.36190906,-0.062065236,-0.041481726,0.45908967,0.1912718
19911,-6.0271635,-0.24885757,-1.2182281,-0.56864464,-0.25105843,0.3948595,-0.1030735,-0.26766935,0.004888192,0.3581907,0.4288221
19912,-5.8701625,-0.09353435,-1.0770156,-0.552247,-0.57346386,-0.37771833,0.24318029,-0.16925585,-0.2559887,0.25815046,0.5804634
19913,-3.4764848,-0.21665865,-0.70330054,-0.47882998,-0.1590166,0.10212052,0.14986846,-0.23590322,0.012745605,0.3258737,0.30445752
19914,-5.6161294,-0.13387203,-1.0028898,-0.3892277,0.12117027,0.2686386,-0.29454467,0.004671653,-0.10258197,0.32987866,0.2936199
19915,-4.2609625,0.00821444,-0.7765799,-0.4418795,-0.040950518,0.05490384,-0.06404942,-0.047359742,-0.1380268,0.26394323,0.086908266
19916,-4.8419485,-0.095776826,-1.2792175,-0.4418322,-0.084669255,-0.16242857,0.19586998,0.105389304,0.06438741,0.33080572,0.32627365
19917,-5.048722,-0.10274845,-1.2337759,-0.6947567,0.203096,0.0027346248,-0.22564714,-0.44824547,0.27952406,0.31795833,0.57723516
19918,-5.796274,-0.33444366,-1.3782377,-0.7101068,0.49706477,-0.100533366,-0.38420615,-0.07117969,0.053977527,0.47692573,-0.21797013
19919,-5.5899005,-0.12650207,-1.4147537,-0.6465288,-0.2746582,0.06369197,-0.052784942,0.18150048,-0.081213996,0.827458,0.8168236
19920,-5.249434,-0.16757527,-1.1490042,-0.920377,-0.21217665,0.013870953,0.10728076,0.038310245,0.29958636,0.41264477,0.60683477
19921,-4.9966087,-0.28198427,-0.9461474,-0.84175813,0.0990903,-0.14901012,-0.26134875,-0.06109222,0.060532734,0.31896323,0.17566824
19922,-6.1124344,-0.45368972,-0.9286663,-1.119394,-0.1685653,-0.19253738,0.09822995,0.22644368,0.14118138,0.92066425,0.6513604
19923,-7.12126,-0.067787245,-1.354362,-0.22547702,-0.067430235,-0.019017207,-0.06342904,-0.041857213,-0.28506187,0.20709777,0.25050795
19924,-6.060628,-0.02914574,-0.8040254,-0.684208,-0.026042594,-0.090236425,-0.021610029,-0.07797416,0.033472303,0.16412988,0.30715784
19925,-5.286976,-0.16533501,-0.9547157,-0.44572425,-0.510302,-0.20159929,0.32322365,-0.30891347,-0.24694426,0.33314252,0.4092992
19926,-3.7205162,0.00021259487,-0.5575344,-0.3229367,0.108297385,-0.080931544,0.17116289,-0.06330053,-0.039611377,0.106244415,0.15280612
19927,-7.3046994,-0.5190868,-1.3392379,-0.8443684,-0.29892457,-0.251908,-0.18933988,-0.16293336,0.11629005,1.037855,0.4116965
19928,-5.7166743,-0.23288098,-0.92965573,-0.8003176,-0.09763842,-0.031661466,-0.028033651,-0.42378613,0.42841864,0.57031465,0.10778145
19929,-6.1536193,-0.18665624,-1.2729434,-0.49412572,-0.067863055,0.4187994,-0.12296683,-0.31011432,-0.05971764,0.24038227,0.18453576
19930,-5.977452,-0.044785723,-1.0898851,-0.6067064,-0.26540783,0.16840355,0.09104657,-0.38736874,0.21829203,0.9577726,0.5336896
19931,-5.297889,-0.32498494,-1.0555935,-0.43587363,-0.49371928,-0.062385164,0.36783242,0.028795788,-0.14631487,0.65609074,0.5904918
19932,-6.150905,-0.06525119,-0.9635422,-0.44586012,0.17866877,0.15913291,-0.20135884,-0.07499072,-0.047022402,0.2636752,0.07020498
19933,-5.161526,-0.27159148,-1.1884414,-0.9791695,-0.08474044,0.16560723,0.11381967,-0.33838075,0.19934025,0.49614626,0.39453182
19934,-4.8704653,-0.047213353,-0.7972773,-0.7952561,-0.2105389,-0.19621426,0.18602557,-0.072914705,0.0025076428,0.59749204,0.26444447
19935,-3.9595923,0.0076607014,-0.62190425,-0.30770347,-0.34672165,-0.31487495,0.23170598,-0.0988427,-0.31789643,0.18220712,0.34866607
19936,-4.827343,-0.1607953,-0.7995524,-0.3746487,-0.20208879,-0.33277273,0.19404358,-0.019729517,-0.102421135,0.36538535,0.45592812
19937,-6.586959,-0.14795981,-1.6538528,-0.76516217,0.0032086987,0.15852395,-0.3058902,-0.6430032,0.22988999,0.19985363,0.22855952
19938,-6.902445,-0.30873257,-1.3945695,-0.7500065,-0.95131636,0.29511625,0.09345906,-0.3803774,-0.05473917,0.56943506,0.8516751
19939,-4.3293314,-0.15311079,-0.8482003,-0.8213512,-0.39219075,-0.024517309,-0.03361682,-0.023682365,0.10398365,0.36935294,0.3688502
19940,-5.161463,-0.29308316,-1.1416501,-0.89092493,-0.16625245,-0.20469798,-0.14200145,-0.39972052,0.20174389,0.522042,0.551439
19941,-5.8159857,-0.39398906,-0.7096641,-0.71674865,-0.47720644,-0.29776508,0.28335807,-0.28970814,-0.052315988,0.61623245,0.6145193
19942,-6.3413925,-0.1886972,-1.1172653,-0.68570733,-0.5022455,-0.27484477,-0.027146827,-0.36681414,0.10351638,0.36582768,0.74433917
19943,-4.547708,0.24263558,-0.9876944,-0.31454605,0.2147111,0.07103117,-0.008346847,-0.20637348,-0.23446502,0.14725195,0.067389295
19944,-5.052702,0.030856602,-1.0870942,-0.6137253,-0.42973158,0.12335408,-0.18672012,-0.9036445,-0.17849146,0.44593167,0.3726138
19945,-6.4402075,0.2844059,-1.2060702,-0.5776683,-0.27597204,-0.26259905,-0.18760574,-0.37611452,-0.38281146,0.32464737,0.4368011
19946,-5.7745085,0.06804919,-1.4768333,-0.6730998,-0.51359767,-0.13196401,0.09649711,-0.20212816,-0.21900791,0.5005713,0.5438492
19947,-5.3994737,-0.06426418,-0.91235614,-0.54378605,0.016121367,-0.008529086,-0.03311291,-0.16740753,-0.113698006,0.30601293,0.27035815
19948,-5.9858065,0.13785702,-1.1097465,-0.47130206,0.00650209,-0.15307625,0.15072161,-0.307211,-0.2475652,0.19170025,0.42169496
19949,-6.4769416,-0.21970929,-1.1725675,-0.74890035,-0.3177149,-0.120465755,0.07739859,-0.13033871,-0.27492404,0.70315725,0.47777596
19950,-5.0008597,-0.21733287,-0.97432554,-0.4515121,-0.08229893,0.1501472,-0.008104072,0.18621409,0.0069750175,0.55508536,0.14259909
19951,-4.5153723,0.07388476,-0.73660344,-0.6196256,-0.14395633,-0.0008957535,-0.102857746,-0.4064187,-0.006002715,0.468221,0.35851982
19952,-6.234251,-0.17975822,-1.7389482,-0.77335083,-0.03598049,0.23081419,-0.037251316,-0.08274126,0.069725014,0.78611326,0.6398554
19953,-7.080055,-0.45497033,-1.1680535,-0.6539243,-0.6233997,0.24185544,0.11296106,-0.38419336,0.03470482,0.54764396,0.81799495
19954,-4.268723,-0.17014715,-0.8208222,-0.5181677,-0.31329077,0.1669377,-0.0049344357,0.008504637,-0.114623845,0.6596522,0.3080974
19955,-4.3685517,-0.09968938,-1.1816931,-0.9043043,-0.2276992,0.1028203,-0.17651479,-0.39963576,0.26996538,0.46521407,0.33140463
19956,-7.405338,-0.13756113,-1.5137975,-1.069772,0.13426378,-0.39782745,0.055226184,-0.066490255,-0.13270459,0.55731845,0.18286611
19957,-6.817297,0.033995442,-1.366296,-0.32056725,-0.040966075,0.22009738,0.19584903,-0.19502196,-0.35316065,0.6681913,0.08112386
19958,-4.6324983,0.09775505,-0.9828656,-0.4613945,-0.03380785,-0.10208207,0.023219272,-0.21122535,-0.26273993,0.009525669,-0.11197206
19959,-4.68005,-0.015486109,-1.1412526,-0.6345242,-0.030597629,-0.25820875,-0.14493893,0.04235682,0.120844685,0.378274,0.071105964
19960,-5.2124033,-0.010060064,-1.0518785,-0.27150512,-0.15852441,-0.08696437,-0.22885571,-0.4030564,-0.11936095,0.25779873,0.17560737
19961,-6.0605984,0.29633552,-1.3897923,-0.6082799,-0.07157359,0.42319292,0.04500248,-0.70913965,-0.0124289,0.45247754,0.4084407
19962,-3.9955065,-0.14166729,-0.81750834,-0.092641,0.036663633,0.29017192,0.23647417,-0.15403448,-0.2596955,0.6588793,0.26631278
19963,-6.279499,-0.20216468,-1.1413343,-0.9772739,-0.040398203,-0.0010564877,0.09097931,0.38609862,0.151117,0.33985865,0.332506
19964,-6.3311796,-0.15244333,-1.0123433,-0.88894016,-0.2733617,0.00067696907,0.3352919,-0.27417877,-0.013446821,0.27063408,0.40486506
19965,-6.063653,0.07572768,-1.1593858,-0.4914115,-0.1551395,0.21349609,0.510069,-0.0066504125,-0.38474134,0.39336112,0.380015
19966,-6.12139,0.007362024,-0.8344201,-1.1043345,-0.506921,-0.19850963,0.12121512,0.037137926,0.0885982,0.69437075,0.23753184
19967,-7.109802,-0.38178715,-1.2993942,-0.6100981,0.15653023,-0.07723748,-0.024381403,0.13599393,-0.32759055,0.46386552,0.39786872
19968,-5.591776,-0.1543443,-1.2315893,-0.4396323,-0.18992959,-0.09347346,-0.16131757,-0.07052699,0.2761025,0.4052488,0.1656421
19969,-4.7023635,-0.12364447,-1.1061225,-0.6915761,-0.029500673,-0.13083047,-0.17289816,0.022322923,-0.11867887,0.42008466,0.19714953
19970,-4.3310103,-0.05122714,-0.70986176,-0.14517084,0.052952103,-0.36472726,0.05129772,0.10558911,-0.34156418,0.38932618,0.06582569
19971,-5.4949446,-0.08048147,-1.373891,-0.6337517,-0.09703921,0.07055348,0.1969408,-0.20007521,0.03675709,0.76631147,0.5202204
19972,-5.8895636,-0.11283953,-1.1676524,-0.7077513,-0.19967306,-0.075443864,0.15867092,-0.03280481,-0.14674132,0.22672684,0.49117017
19973,-6.7411056,0.043666717,-1.4547349,-0.5421521,0.7087781,-0.2416601,-0.4084449,0.23147185,-0.009710638,0.26086423,0.069849685
19974,-4.590197,-0.19265766,-0.88231367,-0.36275157,0.21865393,-0.090979345,0.103488036,-0.1961984,-0.21456294,0.3665463,-0.025630973
19975,-5.112498,-0.09542487,-0.83163947,-0.30698344,-0.46109664,-0.15144336,-0.069258,-0.12708631,-0.14148512,0.21550688,0.23290835
19976,-7.279089,-0.092668734,-1.4651054,-0.82532746,-0.38108018,-0.26764625,0.18175495,-0.14088596,7.5696036e-05,0.29534423,0.47705966
19977,-5.7557273,0.08259602,-1.0828665,-0.7357831,0.009309198,0.25361645,0.18498313,-0.16521142,-0.19938841,0.39892367,0.48122486
19978,-4.292651,0.12995173,-0.7422074,-0.34377918,-0.21209174,-0.20129912,-0.13731824,-0.005252459,-0.17492908,0.32857928,0.113396175
19979,-6.4906845,-0.3659806,-0.93282706,-0.5034011,0.052334573,0.15406552,-0.4186681,-0.25514045,-0.2415451,0.60629,0.13521916
19980,-3.9637651,-0.16424057,-0.8976038,-0.5557254,-0.024064176,0.11342305,-0.0806791,-0.40201327,0.025960844,0.43577397,0.1446579
19981,-5.484706,0.05383076,-0.95676494,-0.23360634,0.050332148,-0.13824663,-0.2368385,-0.27762365,-0.1318712,0.3158575,0.25546756
19982,-7.1277156,-0.0026290547,-1.2581031,-0.7569391,-0.35775435,-0.2662136,-0.16105106,-0.41123804,-0.1778013,0.249515,0.61870533
19983,-7.382627,-0.02845395,-1.2604244,-1.0088624,0.07626891,-0.0975339,-0.2933299,-0.39326465,0.09084985,0.46267384,0.35992333
19984,-5.1611176,-0.1561063,-1.049888,-0.6333148,-0.07081879,-0.27060348,-0.19504224,-0.19639036,0.25348887,0.36181983,0.30577487
19985,-8.10251,0.028744876,-0.95524263,-0.5425172,-0.5011675,-0.20123264,0.16078238,-0.476041,-0.29766217,0.5362873,0.5636601
19986,-5.386,0.026423749,-1.0949324,-0.18959582,-0.12292083,0.20053187,0.49611026,0.16769664,-0.3318871,0.41596135,0.38933268
19987,-4.1111045,-0.0012371009,-0.7196217,-0.5951288,-0.22151217,-0.188076,-0.06115458,-0.1639596,-0.06524966,0.6313113,0.08696126
19988,-7.0569997,-0.2823022,-1.0460868,-0.6859815,-0.68416864,-0.33506852,0.474194,0.35840684,-0.26378036,0.3174233,0.56014353
19989,-5.564001,-0.013493939,-1.3257197,-0.38798866,-0.13749427,-0.10218062,0.11848307,0.14518808,0.0074238377,0.55004436,0.1064581
19990,-6.965143,0.0053072423,-1.0077173,-0.5585697,-0.21825352,0.28289837,-0.33995473,-0.5840359,-0.16074479,0.076446556,0.33005217
19991,-6.5721498,0.0044767633,-1.4889169,-0.46462107,-0.19931251,-0.15742087,-0.1096545,-0.28511116,-0.3463594,0.15731108,0.14726043
19992,-4.788107,-0.2739927,-1.254515,-0.92271286,-0.2539613,-0.21865186,0.019640416,-0.32301787,0.02376533,0.44880146,0.29829326
19993,-4.0219564,-0.35678086,-0.43772304,-0.4302035,-0.30445728,-0.2633165,0.060536083,-0.09549056,-0.29036582,0.5279163,0.33503836
19994,-6.917064,-0.16516118,-1.4927461,-0.47132763,-0.706773,0.18479519,0.3303971,0.24943106,-0.30166823,0.7350699,0.57656527
19995,-5.1347127,0.038486596,-1.1285408,-0.48138762,-0.06608798,-0.275432,0.038685333,-0.06108439,-0.19088115,0.13826112,0.13069235
19996,-7.738903,-0.23008987,-1.5700386,-0.54345787,-0.01956432,-0.12389891,-0.076638825,0.28668046,-0.06908263,0.74450004,0.38182318
19997,-5.396586,0.13184863,-1.3463029,-0.6581145,-0.058845267,-0.0727727,-0.07696486,-0.42704362,-0.2960081,0.33445442,0.19162641
19998,-4.7295923,-0.14760908,-1.0363704,-0.50752103,0.08196764,0.1059108,-0.12142349,-0.069358975,-0.035688736,0.56259084,0.065689944
19999,-4.8104577,-0.14117931,-1.1774918,-0.7487402,0.21265166,-0.29369837,-0.39972627,-0.27915162,0.3311445,0.06869039,0.11517199
20000,-5.3145685,-0.18318981,-0.90694565,-0.40325493,0.07105994,-0.24501173,0.0080149425,-0.1206465,-9.898096e-05,0.26161212,0.43923783
20001,-5.5101256,-0.2024567,-1.2055024,-0.57353187,0.17539224,0.10206988,0.18518282,0.10840199,0.18338905,0.69263566,0.3162586
20002,-6.400085,-0.18926199,-1.5008332,-0.690255,0.003728253,0.42168534,-0.46653095,-0.60830957,0.22009736,0.6738809,-0.09887535
20003,-5.2493176,0.05733957,-1.0302917,-0.35128048,-0.04254487,0.04103523,0.09785623,-0.19625396,-0.24327706,0.1282315,0.4085206
20004,-5.732607,-0.3325267,-1.0462552,-0.78614634,-0.51655275,-0.0327914,0.05574049,-0.092148185,-0.2246582,0.4227306,0.4267187
20005,-5.6729593,-0.06794155,-0.96978736,-0.4696692,-0.17441297,0.060159378,0.34935465,-0.034109153,-0.07901878,0.39906666,0.20261802
20006,-3.936701,-0.14304018,-1.0565877,-0.31651098,-0.400036,-0.22387932,-0.05924,-0.2782975,-0.28888232,0.4202061,0.3290483
20007,-6.7672343,-0.35928366,-1.4342297,-0.594168,0.051377468,0.10514839,-0.2591583,0.21096638,-0.26715928,0.4187945,0.22068484
20008,-4.780936,-0.024970066,-0.9430566,-0.64112186,0.13871548,-0.14312199,-0.09110836,-0.18712382,0.07382788,0.17652142,0.10472263
20009,-6.6306357,-0.060993377,-1.5499349,-1.1081439,-0.20544133,0.011200758,0.18323827,-0.27461222,0.12287322,0.16374245,0.6850713
20010,-5.3612247,-0.29795775,-0.81617934,-0.946494,-0.45539716,-0.066964865,0.30184013,-0.023520159,-0.08215023,0.2772214,0.40704364
20011,-6.9505305,-0.45700988,-1.4924333,-1.0305073,-0.3498603,0.44433868,-0.19869283,-0.10437126,0.16848062,0.8606441,0.7350903
20012,-6.545819,-0.095774546,-1.4732723,-0.84935826,-0.30422014,-0.27068865,0.01528911,-0.009025445,0.045452937,0.8189004,0.4195781
20013,-6.360523,0.025406789,-1.1508629,-0.5523448,-0.03895538,0.05248694,-0.14799443,-0.4176415,-0.062118344,0.23662741,0.13851212
20014,-6.0692954,0.04136021,-1.0114483,-0.6658512,-0.08400546,0.16398093,0.13950695,-0.2592188,-0.08670507,0.32328388,0.17104656
20015,-4.7923355,-0.1266383,-0.66819656,-0.49919903,-0.32192376,-0.43595654,0.2241266,-0.08832462,-0.22174098,0.37139568,0.39197347
20016,-5.778871,-0.25174293,-1.1277606,-0.61071664,0.1854813,0.32685065,-0.12611644,-0.1314088,-0.002107747,0.6073979,0.42024165
20017,-6.6129417,0.061096203,-1.1327205,-0.71385866,-0.039898086,0.035951104,-0.15340748,-0.39185473,-0.1487,0.45055023,0.17218916
20018,-5.013236,-0.14398314,-0.7922789,-0.5653718,-0.4900636,0.2200291,-0.114973746,-0.35628092,-0.10991809,0.32562408,0.10321582
20019,-6.7142587,-0.3696848,-1.2281755,-0.7825267,-0.18378162,0.22122896,0.42590088,-0.069016315,-0.10097707,0.25635958,0.3895033
20020,-5.044333,-0.13984725,-1.0346539,-0.38249883,0.023955913,-0.15365471,0.18775257,0.03230985,-0.0864475,0.37266478,0.28055346
20021,-6.1036005,-0.047651026,-0.9313586,-0.5873045,-0.39009607,-0.21356627,-0.021186948,-0.30356312,-0.284834,0.37799162,0.31621128
20022,-5.9910893,-0.10745893,-1.2016957,-0.24187258,-0.23284525,-0.31723303,0.15926114,0.29873988,-0.42696515,0.24768895,0.15659288
20023,-5.0806575,-0.072119266,-1.2246326,-0.39819533,0.05298098,0.11839321,0.025089882,0.13604632,-0.123322606,0.51900953,0.24279825
20024,-6.940357,-0.3034651,-1.4183568,-0.52464324,0.31471738,-0.2089512,-0.19870172,0.12686118,-0.09741496,0.7594537,0.12861474
20025,-3.9646375,0.16457647,-0.8424695,-0.20454635,0.11829742,0.09128247,-0.044369277,-0.008253265,-0.14949477,0.28692886,0.1839825
20026,-5.8781786,0.012801772,-1.132319,-0.5418451,-0.4916017,0.14127862,0.34940958,-0.041520037,-0.07433714,0.39828128,0.48129234
20027,-2.9776895,-0.13530277,-0.7210177,-0.057945386,0.22085467,-0.039722834,0.035365455,-0.03654682,-0.17169394,0.16189069,0.07768533
20028,-5.1339526,-0.16471672,-0.9369843,-0.606509,-0.2909742,0.058767784,0.14679144,-0.41847378,-0.26441488,0.24722162,0.40190506
20029,-7.038172,-0.0713514,-1.7901005,-0.8843525,0.1545492,0.39798415,-0.28228483,-0.28036243,0.0859232,0.3132742,0.5087629
20030,-6.1064105,-0.21477492,-1.0875598,-0.6295086,0.31131792,0.055610582,-0.3638326,-0.46380255,0.1055134,0.3221923,0.18449523
20031,-5.6413717,-0.24638183,-0.9328005,-0.7577802,-0.061244622,0.093855575,0.206828,-0.25865996,-0.0049580373,0.34595755,0.42104325
20032,-5.361136,0.2086727,-0.8285843,-0.6247851,0.24561223,-0.20305982,0.14467207,-0.15746003,0.15770742,0.27817705,0.22882171
20033,-6.57005,-0.14502391,-1.1659181,-1.0396622,-0.14145869,0.14838152,0.53612566,0.03164735,0.08783489,1.0202339,0.46707568
20034,-4.8116326,-0.0048849797,-0.9235569,-0.4482491,-0.22281194,-0.23991033,0.20611082,0.23711611,-0.36204198,0.47581547,0.11545186
20035,-7.275099,-0.08720652,-1.218368,-0.82532805,-0.26055938,-0.042554494,0.18890177,-0.40091124,-0.6354636,0.39085627,0.32197103
20036,-6.54891,0.13732156,-1.0833333,-0.43969652,-0.034739498,0.006833425,-0.025010243,-0.38199198,-0.13537365,0.38682416,0.15174551
20037,-5.5334496,-0.10322554,-0.8526256,-0.5059338,-0.29008517,-0.061098292,-0.119094156,0.1382295,-0.1242955,0.512708,0.37760243
20038,-3.98625,0.008525573,-0.99805385,-0.5439955,-0.18579708,0.26668513,-0.2951721,-0.38960236,0.111588866,0.37613255,0.2911914
20039,-7.1239934,-0.24645345,-1.360928,-0.61432743,-0.62990284,0.0013698852,0.3641663,-0.23392914,-0.40291652,0.7295805,0.84912723
20040,-5.4365687,-0.308736,-0.95868325,-0.6182986,-0.75608087,0.07865337,0.0064091557,-0.19185798,-0.035385787,0.34300983,0.61818314
20041,-6.361802,-0.1942327,-1.0858476,-0.33374605,-0.320428,-0.022506695,0.20208664,0.050198548,-0.1805635,0.066834725,0.62370205
20042,-4.086756,-0.19994935,-0.77000815,-0.5868474,-0.43784353,0.20284893,0.12162928,-0.36326724,0.0669057,0.29897043,0.25520992
20043,-5.557501,-0.27382198,-1.046781,-0.95031184,-0.45481983,0.30042362,-0.107462145,-0.550409,0.3164918,0.6868715,0.5989946
20044,-3.9977243,-0.1623616,-0.54437715,-0.40337333,-0.46634126,-0.28528678,0.023423294,-0.07947544,-0.18589778,0.48154098,0.34049407
20045,-6.219894,-0.27550006,-1.000473,-0.3974488,0.11114821,0.02584846,-0.26434618,-0.09342238,0.035987422,0.4013924,0.38261375
20046,-6.9250393,-0.033511363,-1.5453147,-0.6967174,0.1834715,0.19956833,-0.10312298,-0.40401515,-0.044816896,-0.07510997,0.61151505
20047,-7.39715,0.017020933,-1.2456971,-0.5338123,0.49276686,0.037721142,-0.40638775,-0.42364475,-0.33586702,0.48297504,0.17421909
20048,-7.2490144,-0.16078494,-1.7078478,-0.86851174,-0.040337067,-0.39212567,-0.069478884,-0.5683487,0.016265558,0.42698798,0.740277
20049,-7.8378286,0.23658068,-1.8419534,-0.9999833,0.39332715,0.41725618,-0.34169695,-0.48501253,0.28729802,0.43274316,0.5002364
20050,-6.349989,0.019931545,-1.475343,-0.7117257,-0.006016345,-0.22429274,-0.21350849,-0.25995764,-0.019886224,0.30594227,0.4869709
20051,-5.858077,-0.39423555,-0.9345724,-0.6578919,-0.057991184,0.12622857,0.063086465,-0.48544854,-0.2554854,0.029307183,0.096618414
20052,-6.272425,-0.48436037,-1.2815526,-0.9809994,-0.37478033,0.08847813,0.26285487,-0.03151109,0.23857573,0.82380396,0.41949928
20053,-5.0921288,-0.11337328,-0.7009784,-0.5193192,-0.2952286,-0.4050815,0.21744648,-0.4766789,-0.11928627,0.07179261,0.55022794
20054,-4.897906,0.09646968,-0.84654707,-0.47576505,-0.23230906,-0.21320589,-0.31358162,-0.19941054,-0.21054134,0.36481148,0.22701365
20055,-5.579806,-0.15215932,-1.5775286,-0.7697363,0.1796605,-0.16295423,-0.37248042,-0.290706,0.08043111,0.80722314,0.2865885
20056,-5.359913,0.09222549,-0.8802714,-0.6525646,-0.39658877,-0.07816772,-0.1385585,-0.48239073,-0.13856784,0.24682933,0.43110824
20057,-4.7815237,0.018893046,-1.0074394,-0.3812383,-0.008130753,0.06999719,-0.0079422435,-0.28218004,-0.28721714,0.09136855,0.21590908
20058,-6.788261,-0.053362865,-1.169733,-0.9679495,-0.3441115,0.45788532,-0.05928068,-0.31881836,-0.035555035,0.5852958,0.40863374
20059,-5.8973246,-0.13513358,-1.2079619,-0.63541096,0.3255156,-0.1042753,-0.3076293,-0.23962606,0.14981095,0.27094308,0.19316283
20060,-5.0919766,-0.160338,-0.883509,-0.7525987,-0.12194086,0.21243517,0.1027658,-0.46762365,0.085392945,0.36906612,0.23459364
20061,-4.8149567,-0.13605942,-1.3958502,-1.026415,-0.040900216,0.23152912,-0.22787191,-0.4219672,0.39754614,0.63820267,0.35292542
20062,-7.39846,-0.10446993,-1.3790655,-0.8566411,-0.016632408,0.35674483,-0.4439708,-0.56888825,0.13542034,0.44743717,0.32089716
20063,-4.0736575,-0.33575505,-0.96330154,-0.38502336,-0.54432935,0.080675706,0.21021055,-0.0280137,0.0605406,0.4255491,0.46988294
20064,-5.2660675,0.33753473,-1.0985004,-0.2993175,0.27393663,0.022538602,-0.071591765,0.008984988,-0.26228598,0.16471832,0.22613597
20065,-5.325031,-0.21487999,-1.0749433,-0.8453255,0.03318484,0.012279207,0.2937799,-0.032563783,0.21574552,0.32071543,0.36875167
20066,-5.2175584,-0.013402152,-1.259174,-0.7539697,-0.09135866,0.1631669,-0.17378008,-0.2917787,0.05302427,0.43883583,0.31754708
20067,-5.894812,-0.39789155,-0.9280434,-0.6033206,-0.29435813,-0.14036848,0.13530861,-0.17328368,-0.025289668,0.4511877,0.69902396
20068,-5.4140334,-0.40050235,-0.9747982,-0.56962013,-0.0114219785,0.056396026,-0.31599462,-0.21291366,0.022857478,0.64488244,0.4370683
20069,-7.028871,-0.0049794456,-1.2397412,-0.67017215,-0.5765191,-0.15237094,0.2510868,-0.5849024,-0.42337033,0.5040815,0.45989072
20070,-4.63483,0.11612789,-0.6499442,-0.37101373,0.23432961,0.15202878,-0.23750636,-0.18029462,-0.11726096,0.39618537,0.34467894
20071,-5.8162265,-0.3594905,-0.77235997,-0.78782743,-0.09020094,0.09452985,0.099545844,-0.5236857,0.005966386,0.3182279,0.53658575
20072,-6.857787,-0.36557025,-1.1897529,-0.8797663,-0.05950295,-0.26779348,-0.37870958,-0.28719923,-0.12241395,-0.06632185,0.5294533
20073,-7.5291862,-0.036740392,-1.4897038,-0.6880744,-0.5211796,0.1925904,0.42123413,0.2399363,0.10512743,0.47804478,0.9679504
20074,-6.269538,-0.24484418,-0.9652268,-0.8773685,-0.1578879,0.25936526,0.11285282,-0.4975339,0.0013520019,0.5610566,0.67665386
20075,-6.8850374,-0.3332412,-1.0952882,-0.5579144,0.26256967,0.19039139,-0.1880211,-0.635456,-0.06480653,-0.23318017,0.1286204
20076,-5.2595572,-0.08741395,-0.78581285,-0.7213211,-0.5972888,0.06451461,0.1153476,-0.06540734,0.28747204,0.648659,0.47498238
20077,-5.8863544,-0.2470407,-1.2486042,-0.53678197,-0.3548101,0.65498704,0.34652486,-0.09400518,0.28305605,0.9110906,0.5392979
20078,-6.156212,-0.307868,-1.2928607,-0.7124308,0.36965021,0.32114816,-0.51186216,-0.32565942,-0.14100268,0.13656165,0.027476802
20079,-4.74099,-0.31184947,-0.86394805,-0.55943555,-0.2610233,0.114430614,-0.033457994,-0.22802986,0.08005249,0.5760669,0.288106
20080,-7.412006,-0.26764837,-1.5456623,-0.71240675,0.31409886,-0.45518917,-0.08062672,-0.1468299,-0.09729793,0.32215756,0.35995758
20081,-7.642167,0.021746043,-1.7864958,-0.95921445,-0.60107154,-0.34640044,0.103037074,-0.041563787,-0.2852891,0.35406,0.93972963
20082,-6.3372035,-0.2499022,-1.275155,-0.8242828,-0.24695376,-0.18320331,0.044172835,-0.35678577,0.11542152,0.4887333,0.39450908
20083,-6.3736987,0.043643184,-1.266135,-0.96142125,-0.31716353,-0.25433135,0.41941383,-0.50972706,-0.109399185,0.573499,0.28057936
20084,-3.7953749,-0.07416034,-0.72450876,-0.32884365,0.012866795,-0.07281502,0.0203328,-0.15258604,-0.23869874,0.16544765,0.17583689
20085,-4.1394973,-0.15412426,-0.8205778,-0.34213102,-0.31834447,-0.2870348,0.35929778,-0.02003589,-0.08370903,0.42139986,0.17906006
20086,-6.234998,-0.039693426,-1.4230372,-0.63933384,0.22380933,0.16489053,-0.17704476,-0.07745096,-0.14981824,-0.2693718,0.15212354
20087,-6.3975787,-0.15740198,-1.3410224,-0.64453995,-0.290399,-0.42571557,0.2989565,-0.09746596,-0.056707256,0.7287783,0.42723897
20088,-5.4939847,-0.13175519,-0.8709334,-0.69177717,-0.5181254,0.15449727,0.15549167,-0.36108494,0.14080846,0.2903261,0.73678225
20089,-4.975585,-0.090839185,-0.67267114,-0.7356569,-0.12842712,-0.08599017,-0.04818212,-0.043759927,-0.15720716,0.25991598,-0.07783047
20090,-5.1301365,-0.28891686,-0.9068013,-0.39172068,0.33791795,0.003190253,-0.0011473177,-0.30059808,0.11713122,0.1656071,0.4390679
20091,-3.8133965,-0.09079847,-0.7659277,-0.41776344,-0.112621024,0.07028947,0.017076753,-0.05232933,-0.107185446,0.08263926,0.15656315
20092,-6.56798,-0.40030026,-1.4004745,-0.829752,0.14458044,-0.24208389,-0.11776277,-0.31008887,0.18714188,0.49151453,0.22252145
20093,-6.279138,-0.09522691,-0.80516744,-0.7207701,-0.5969992,-0.19796203,0.24904491,0.16072978,-0.3584374,0.48911586,0.57857823
20094,-5.661346,-0.06738035,-1.3087054,-0.7193722,-0.066583924,-0.17349944,-0.16219497,0.041114822,0.28113547,0.39555746,0.33634445
20095,-4.447663,-0.118046924,-0.86546504,-0.3956896,-0.006449331,0.04195849,0.20847489,-0.15287852,-0.10355629,0.2754049,0.24380355
20096,-5.807722,-0.049592007,-1.0002283,-0.54725915,0.08015759,-0.17416519,-0.004329158,-0.091184594,-0.06738631,0.5802363,0.15821542
20097,-6.5869336,-0.19257689,-1.1678396,-0.85092884,-0.46122792,0.3584032,-0.015918422,-0.574575,0.4730548,0.7459401,0.30939493
20098,-5.8914986,0.012050685,-1.1772313,-0.5231527,-0.0055792187,0.25580692,0.1573575,-0.004702409,-0.23729844,0.5598174,0.019893406
20099,-6.6999006,0.011664355,-1.1153007,-0.72493607,-0.68910664,0.050192706,0.3753321,-0.21519974,-0.09829739,0.6391344,0.6428764
20100,-4.5828094,-0.3599148,-1.0217121,-0.8285446,-0.12224572,0.25025293,-0.07589466,-0.41054466,0.1973422,0.43269315,0.387041
20101,-6.558748,0.072426714,-0.9956189,-0.45352435,-0.088500425,0.15905356,0.05929876,-0.46858338,-0.1284312,0.485446,-0.039750773
20102,-7.260497,-0.100238614,-1.328986,-0.59049857,-0.14269118,-0.08195707,-0.057563663,-0.32998812,0.028480908,0.47436532,0.4779029
20103,-5.3182087,-0.61075467,-1.446856,-0.99282074,-0.034220003,-0.19405223,-0.21661615,-0.48458552,0.2492159,0.54253083,0.35325134
20104,-5.06347,-0.117774814,-1.1709404,-0.7562439,-0.52681994,-0.039129786,-0.050758474,-0.18363413,-0.15839599,0.39508978,0.47450164
20105,-4.9867454,-0.059478562,-1.1328893,-0.90714025,-0.32969052,0.08323029,-0.2098604,-0.52287114,0.31826624,0.5171564,0.59842694
20106,-5.623276,-0.011823784,-1.2900091,-1.0234531,-0.03505411,-0.1579038,-0.12952808,-0.4513142,0.29064766,0.39464006,0.5714779
20107,-5.2925406,0.14838418,-1.2354966,-0.56210023,0.46486118,-0.17938785,-0.006755584,-0.15974745,-0.15669875,-0.0157458,0.3997578
20108,-5.741775,-0.20779173,-1.3707365,-0.6641614,0.1741153,0.006002429,-0.16789757,-0.18108249,-0.08616471,0.16957745,0.4022687
20109,-4.6377306,-0.13886486,-0.93377054,-0.46878222,-0.1755294,-0.026673086,-0.15483922,-0.33595794,0.11156754,0.3759508,0.31173852
20110,-3.7515128,-0.20605527,-0.7979768,-0.64200914,-0.067699865,-0.22037314,-0.05074833,-0.21308243,0.24335669,0.36434904,0.24390243
20111,-6.3563437,-0.0847776,-1.2640256,-0.8043435,0.013261335,0.10500167,-0.49463025,-0.12844998,0.10119731,0.34277013,0.30782896
20112,-7.0393066,-0.33411244,-1.1899855,-0.95386153,-0.4595029,-0.124644965,0.10986567,-0.3811137,-0.25701284,0.82974017,0.06632624
20113,-3.4156785,-0.18838811,-0.6824761,-0.24314141,0.08123429,0.10071909,-0.06766836,-0.1947726,0.0070078606,0.2408765,0.124889106
20114,-4.931703,-0.0031409431,-1.0165206,-0.93260133,-0.23966117,-0.053031098,0.35349214,-0.3042091,0.03343369,0.09981147,0.49244905
20115,-4.8076453,-0.28627145,-0.8860387,-0.5921898,0.018148728,-0.12668945,-0.045124814,-0.15093014,0.010877614,0.6002643,0.19427924
20116,-4.247863,0.15161084,-0.5853619,-0.30762687,-0.23123392,-0.17910801,0.17957062,-0.40082663,-0.071514845,0.008211198,0.37374377
20117,-6.792751,0.06714241,-1.5756377,-0.34156737,0.14391287,0.28519094,-0.06276526,-0.1764737,-0.07496528,0.24450481,0.322093
20118,-6.55107,-0.48354238,-1.7500201,-0.677756,0.47696093,0.014092181,-0.28977966,-0.09792093,0.023256449,-0.033863213,0.49979475
20119,-5.5072837,0.1280559,-1.1841184,-0.4589327,0.08118172,-0.115897425,-0.075220965,-0.19785783,-0.08508903,0.24306285,0.4029431
20120,-5.61132,-0.096513644,-1.2404536,-0.50595516,0.22396918,0.63333446,-0.24113344,-0.45520505,0.24755901,0.1915899,0.087536156
20121,-4.3806605,-0.13527419,-0.8350158,-0.51571834,-0.2116895,0.04854694,0.1041614,-0.21219575,-0.1256039,0.7824539,0.21418889
20122,-6.140452,-0.18064938,-1.4242133,-0.6861986,0.030536143,-0.37619448,-0.05527298,0.0603835,0.11264277,0.6306596,0.10056178
20123,-4.120399,-0.1342274,-0.9051526,-0.16723646,-0.035921097,-0.15045017,0.0058735544,-0.019928107,-0.07910988,0.27559713,0.32769346
20124,-4.998682,-0.22800447,-1.0822163,-0.82148236,-0.3072106,0.27532125,-0.15679744,-0.42040288,0.133051,0.4679587,0.37748855
20125,-5.583152,0.030185394,-0.9201487,-0.5596567,0.058111075,0.080020085,0.10459339,-0.14411938,-0.14980537,0.20685147,0.31627885
20126,-4.4845667,-0.3424747,-0.6844011,-0.63269687,-0.16273059,-0.047498345,0.12756626,-0.2790692,-0.18069664,0.41080305,0.44943994
20127,-6.4588118,-0.035701476,-1.1476781,-0.59764796,-0.14409134,-0.06144184,0.20868073,0.20820083,-0.24235792,0.37704164,0.46514425
20128,-9.737944,-0.38489035,-1.7305796,-0.9083854,-0.34969917,0.8126051,-0.35936156,-0.08178803,0.093319386,0.63770044,0.63377637
20129,-5.6560225,-0.27389762,-0.9229083,-0.62256044,-0.54962045,0.12734398,0.13638595,-0.18240744,-0.16556178,0.3213311,0.76306576
20130,-5.3131194,-0.053939242,-1.120051,-0.2365411,0.33111826,-0.24534719,-0.18924057,-0.16565393,-0.45109078,0.24765809,-0.016090587
20131,-5.844403,0.19915718,-1.1575472,-0.23253182,0.20184934,0.28299052,0.10626808,-0.32266018,-0.42575026,0.1528142,0.1214233
20132,-6.576262,-0.04357896,-1.2721505,-0.7294883,0.014102494,0.17152172,-0.11458748,-0.44248742,0.04562996,0.008153598,-0.0023024157
20133,-5.210511,-0.04101158,-1.1432172,-0.29922298,0.48511648,-0.14966027,-0.22500877,0.20059906,-0.09813949,0.60953444,0.09506722
20134,-4.6194706,-0.05995163,-1.0296887,-0.59430057,0.09258034,-0.23056312,0.009367911,0.109575,0.30946657,0.5244702,0.16428241
20135,-5.6451488,0.08183887,-0.7841678,-0.34050122,-0.018763239,-0.10724473,-0.012882647,-0.20977464,-0.46397975,0.24501957,0.3914261
20136,-4.0512805,0.07167167,-0.81463677,-0.50108725,-0.41186726,0.019341528,0.03676638,-0.22873156,0.018353892,0.35400003,0.32534903
20137,-5.860112,0.053925265,-1.1824933,-1.0095372,-0.5437565,0.21344008,0.030050166,-0.52245736,0.067601845,0.5178284,0.24435534
20138,-3.7364047,0.027513683,-0.6441017,-0.32985622,-0.22777517,-0.06791553,0.100008905,0.08121809,-0.025175123,0.46049368,0.28166237
20139,-5.434052,-0.43520814,-1.1252724,-0.4763314,-0.12393423,0.009504188,-0.05549646,0.017335922,-0.007739216,0.54081106,0.2683876
20140,-4.915353,-0.14579476,-0.7702914,-0.45605525,0.08375142,0.1666188,-0.033827588,-0.15427497,-0.011467658,0.46710184,0.42821532
20141,-4.929041,-0.3892941,-1.2450702,-0.8099339,-0.2040822,-0.095976576,-0.10772653,-0.0006594723,-0.094888516,0.66910475,0.369681
20142,-6.1581073,-0.17145337,-1.0137478,-0.46288824,0.03567607,-0.3466587,-0.010848674,0.11237242,-0.14948337,0.5317803,0.105993934
20143,-5.8261313,0.07109349,-1.2198945,-0.45439672,0.015353952,-0.29751325,-0.049835254,0.09421271,-0.14730914,0.4132759,0.58230835
20144,-6.0927143,-0.07539901,-1.0384192,-0.3794942,-0.03144448,-0.109217905,0.04723538,-0.1591728,-0.065793216,0.35256737,0.25483307
20145,-5.738976,-0.052959587,-0.9424454,-0.43884307,-0.21231592,0.23174265,-0.19856179,-0.5049296,-0.053992003,0.24706759,0.09567906
20146,-6.446766,-0.5094155,-0.96932375,-0.7099154,-0.36835098,-0.44773054,-0.08346112,-0.11069107,-0.36316246,0.58149016,0.64465857
20147,-4.895425,-0.014563159,-0.67089295,-0.5213148,-0.12747474,0.0029375674,0.4611086,-0.1689553,-0.049715422,0.0651796,0.33922178
20148,-4.5688405,0.11329965,-1.1024662,-0.6080998,-0.26941973,0.2331395,0.08693398,-0.52107733,0.09706075,0.3592405,0.39100727
20149,-6.026172,-0.08286041,-1.2681202,-0.8226686,-0.12620038,-0.11492816,-0.050873786,-0.092666544,0.09273844,0.5912666,0.5290883
20150,-5.9252048,0.121120885,-1.2634456,-0.33897838,0.20562424,-0.08971175,-0.023679238,0.07041046,-0.3311974,0.21586569,0.24150784
20151,-6.021935,-0.10338353,-1.3602247,-0.7175162,0.2925366,0.45968878,-0.14491622,-0.09122927,-0.20616823,0.05456349,0.07541472
20152,-7.258425,-0.27398473,-1.6651818,-1.1908118,0.34445375,0.036343224,-0.60344946,-0.4383548,0.060046285,0.80092084,0.27107212
20153,-6.502744,-0.072985835,-0.9856407,-0.8218687,-0.07814361,-0.02106601,-0.31906673,-0.102507554,-0.12447135,0.5197161,0.5387803
20154,-4.4654717,-0.009066005,-1.1000841,-0.37268975,0.030564334,0.15599498,-0.03092144,-0.16557908,-0.060112856,0.3087702,0.25204146
20155,-5.2297053,-0.055251796,-1.088779,-0.3984612,-0.19370992,-0.27697444,0.07097747,-0.3101847,-0.71769404,0.3993658,0.17246445
20156,-5.6668873,-0.40059075,-1.1674705,-0.38670173,-0.2247563,-0.28294593,0.02798273,0.23118708,-0.41610283,0.282786,0.02177982
20157,-6.3139052,-0.16339178,-0.8483764,-0.58463866,-0.4121672,-0.100649334,0.1273262,0.010048371,-0.3110932,0.24830714,0.51125497
20158,-6.573533,0.03331828,-1.19949,-0.88345355,0.19230507,0.28474307,0.07394154,-0.11915033,-0.027144631,0.059836,0.25989485
20159,-5.609669,-0.10935478,-1.2815031,-0.50286126,0.13093077,-0.12078896,-0.06374839,-0.3320349,0.030237697,0.2314829,0.16522816
20160,-5.774467,0.07065502,-1.1915106,-0.62283766,0.24496295,-0.024413291,0.021791056,-0.45449412,0.058775604,0.15451322,0.17480509
20161,-5.4148483,-0.33228377,-1.0373073,-0.80876374,-0.31216732,-0.16119902,0.26907793,-0.12865905,-0.021619683,0.11863584,0.48043394
20162,-5.314538,-0.10299589,-0.9655522,-0.5529353,0.18489373,-0.2753256,0.087320596,0.14361872,-0.04120694,0.32961404,0.34197757
20163,-5.7167726,-0.013837761,-1.0335757,-0.5433242,-0.21827246,-0.15622921,0.14957666,-0.0277138,-0.05708144,0.44186157,0.15773576
20164,-4.1034446,-0.00045649987,-0.76825386,-0.32811534,-0.2789915,-0.08591455,0.2769287,0.05696971,-0.25911772,0.48529306,0.35442168
20165,-6.162694,-0.3061035,-1.6093855,-0.77422225,-0.08910854,0.22937784,0.20961054,-0.17301993,0.1623676,0.5998641,0.5616671
20166,-5.893835,-0.279733,-1.3165226,-0.46450502,0.12678005,-0.31357473,-0.08862972,-0.3116848,0.272223,0.40157738,0.28432915
20167,-4.9572086,-0.0671986,-1.0731418,-0.3921298,0.16818252,0.0038895141,-0.16517082,0.06949045,0.033129618,0.29213125,0.28332022
20168,-6.326817,-0.017675906,-0.9701879,-0.63997024,-0.1691874,0.12859142,-0.08842872,-0.11896104,0.013454401,0.42807314,0.2854702
20169,-5.5039744,0.09400999,-1.1038916,-0.35630906,-0.061881468,-0.1809954,0.023654986,-0.058501936,-0.048889846,0.35956648,0.29086253
20170,-4.7927303,-0.12453093,-0.6537783,-0.77510023,-0.44431698,-0.18533707,-0.06153918,-0.33439073,-0.04656682,0.38031533,0.47700155
20171,-4.516378,-0.18034682,-0.9132138,-0.2631276,-0.20159388,0.081786014,0.002321723,0.13678834,-0.20210014,0.65903586,0.040966112
20172,-4.33882,0.084496655,-1.0367829,-0.7116093,0.014944799,-0.077928826,-0.15108964,-0.26867032,0.028801352,0.18144402,-0.034783125
20173,-5.2669415,-0.09177944,-1.297129,-0.6581775,-0.2609226,-0.018512603,-0.30523318,-0.36604908,0.18260548,0.37556303,0.48500645
20174,-4.937072,-0.08538717,-0.7740864,-0.6048388,-0.36093038,-0.061040044,0.029994007,-0.57295424,-0.14633158,0.12815341,0.49675763
20175,-5.574417,0.032419458,-0.8329905,-0.66221315,-0.29377174,-0.24685775,0.25401956,-0.03648068,-0.2606597,0.08907477,0.6224892
20176,-6.012478,0.17291042,-0.67611533,-0.55024815,-0.11028749,-0.34367192,0.04127368,0.0014966493,-0.25545597,0.1408911,0.44049773
20177,-4.7048807,0.13957837,-1.245987,-0.49370247,-0.08322018,-0.15636921,-0.055166088,-0.06700775,-0.1716415,0.32947445,0.15159805
20178,-5.8079433,-0.3974856,-1.1655387,-0.49009627,-0.64100283,0.06656793,0.2342597,-0.041072324,-0.33863714,0.35773265,0.2887581
20179,-4.2295856,-0.1466625,-0.8147025,-0.37706268,0.08486574,0.2139424,-0.063693404,-0.111398295,0.045009248,0.70867175,0.08693844
20180,-6.2020674,0.1898564,-1.2931031,-0.40560365,0.081827804,0.042046826,0.027271777,-0.11049892,-0.22521676,0.39709854,0.004660123
20181,-7.5937123,-0.22391915,-1.4243271,-0.64714396,-0.038122788,0.088182814,0.056574035,-0.21907356,-0.015016785,0.6117164,0.28688118
20182,-5.9043074,-0.4674111,-1.0836376,-1.0372119,-0.24734205,0.18204747,0.040210444,-0.5346538,0.19575828,0.39645246,0.26011375
20183,-5.161791,0.19907261,-0.79774183,-0.42379215,0.07246386,-0.3598603,-0.2518133,-0.1756268,-0.25143653,0.590213,-0.06129515
20184,-4.935049,-0.15235609,-1.0659081,-0.8418728,-0.03489069,0.07080011,0.0032118568,-0.36163908,0.028053395,0.3352238,0.28756446
20185,-5.0296965,-0.19748859,-1.1926866,-0.43772492,0.024793051,0.12097064,0.035417132,-0.29206884,0.16613372,0.2680079,0.21216774
20186,-6.0517306,0.03673007,-1.4395753,-0.7285806,-0.17865399,0.14867586,0.039962217,-0.31677356,0.33305556,0.40607008,0.4703345
20187,-5.2376194,-0.29898408,-0.72000027,-0.6212266,-0.24388522,-0.2353946,-0.057539977,-0.27777758,-0.13010825,0.15983884,0.2664991
20188,-4.020563,0.14119312,-1.0234541,-0.30456027,0.19809364,-0.19750996,-0.07269298,-0.023515968,-0.0059033595,0.25338155,-0.002388292
20189,-4.207446,-0.20869267,-0.57188153,-0.6279481,-0.5344839,-0.08399329,0.29425463,-0.007913899,-0.121693164,0.256259,0.46248063
20190,-4.481098,-0.048929494,-0.6842508,-0.428965,-0.22636625,0.06519635,0.21348631,-0.1515191,-0.20605248,0.15864252,0.3599332
20191,-6.245536,-0.06777795,-1.3288212,-0.74436754,0.19240607,0.11166352,0.07609511,-0.13221723,0.32128507,0.72312427,0.44097206
20192,-7.585575,-0.32697657,-2.1060243,-1.4170612,-0.12263345,0.2681622,0.01731887,-0.18951751,0.37478092,0.99837244,0.26156005
20193,-5.0465884,0.06046005,-1.0167323,-0.2696521,-0.11423482,0.42173016,0.12962157,-0.30843744,-0.14376266,0.29596737,0.2739125
20194,-4.7400107,-0.25384986,-0.9950891,-0.833669,-0.041142162,0.057742745,0.018151823,-0.14929163,0.11617826,0.61322606,-0.0025082566
20195,-4.405574,-0.15267414,-0.8588375,-0.5583415,-0.27095932,-0.15676978,-0.038196854,0.03327498,-0.16245769,0.3293642,0.16714749
20196,-5.870828,-0.2196554,-1.4240491,-0.6443767,0.19648558,-0.3346535,-0.20262942,-0.23573624,-0.013088517,0.40892854,0.14921024
20197,-5.0774746,-0.17127183,-0.7699009,-0.49919564,-0.31832552,0.08335156,0.12703197,-0.17801173,-0.15694562,0.6243,0.52399296
20198,-5.333471,-0.3654496,-1.0379906,-0.8840675,-0.031601958,-0.23599193,-0.11346441,-0.16739437,0.12636912,0.4669724,0.6238759
20199,-5.7572083,0.07934757,-1.2912476,-0.21619956,0.009471195,-0.044274777,-0.084231876,0.20221475,-0.40375778,0.10601758,0.2848943
20200,-5.0465364,-0.041322663,-1.1532494,-0.13025592,0.1750941,0.03752294,-0.2358127,-0.057641067,-0.20481034,0.4943236,0.18379214
20201,-5.134003,-0.39058298,-1.2057449,-0.5676052,-0.43746847,-0.08319018,0.21895608,0.25354,-0.060183905,0.56021965,0.54858446
20202,-6.163706,0.07239271,-1.216821,-0.52563614,-0.4677573,-0.13313739,0.44937542,0.09645333,-0.5046291,0.16799854,0.52062553
20203,-5.98052,-0.08016966,-1.1830393,-0.7274443,-0.40407866,0.053541236,-0.06404379,-0.2687459,-0.23292784,0.50362074,0.5189381
20204,-4.2650056,-0.14211528,-1.0388721,-0.44348451,-0.008556211,0.03875157,-0.17058106,-0.17493719,0.03193407,0.68417424,0.22266714
20205,-6.378168,-0.2281564,-1.1462263,-0.09595268,-0.1056403,0.22651155,-0.007670828,-0.45443156,-0.04932393,0.24188684,0.24001092
20206,-5.630848,-0.029994339,-1.0672187,-0.91024226,-0.29426086,0.1479972,-0.088992864,-0.049668096,-0.050833292,0.43840206,0.07662233
20207,-6.119088,-0.13640732,-1.193466,-0.39359322,-0.2197746,-0.3032198,-0.042178486,0.09852063,-0.4349194,0.39499968,0.11255431
20208,-5.506849,-0.15540208,-0.9469865,-0.6789896,-0.027075546,-0.123817444,-0.19142276,-0.25883386,-0.013893779,0.4510764,-0.0012355177
20209,-6.1228266,-0.147986,-1.1632742,-0.5452187,-0.07324967,0.22869034,-0.04884418,-0.09205003,0.14493425,0.63598293,0.265298
20210,-5.2766805,-0.23492242,-1.078804,-0.4818764,-0.18588965,0.0037879152,0.09132919,-0.23484358,0.074686445,0.3494548,0.48119473
20211,-4.769285,-0.16921732,-0.64875376,-0.66114295,-0.0019598608,-0.2553389,-0.019030612,0.04494577,-0.095676325,0.2180773,0.37337592
20212,-6.386507,-0.0384221,-1.208899,0.21080329,0.27750254,-0.11657419,-0.19279876,-0.056396857,-0.5204187,0.32238215,0.25372455
20213,-7.726031,-0.6550127,-1.2474396,-1.0942084,-0.34653273,-0.28347808,0.10490614,-0.10207429,0.07704224,0.73925865,0.59078133
20214,-7.063876,0.0011019716,-1.8020445,-0.44666532,0.5591788,-0.11634162,-0.007062276,-0.33034813,0.20289372,0.1497067,0.35109082
20215,-7.3859134,-0.09840864,-1.6183112,-0.8330853,-0.14025196,-0.04908147,-0.0052648345,-0.0035304828,0.0034421692,0.31216913,0.49465546
20216,-4.877068,-0.1643641,-0.9072157,-0.55167407,0.11215938,0.038262673,-0.13151333,-0.1692344,0.040966243,0.46612078,0.3349619
20217,-4.3108144,-0.032145735,-1.0299054,-0.34448573,0.15937887,-0.08877175,-0.0006185239,-0.061045714,0.13755979,0.28613445,0.13129215
20218,-5.3151484,-0.16959009,-0.8564016,-0.7528624,-0.19064811,-0.12283547,0.27245948,0.14532714,-0.3626386,0.5527774,0.5217938
20219,-6.436211,-0.2887132,-1.1788043,-0.8511924,-0.7799283,-0.21603161,0.6639338,0.06618101,-0.14846878,0.36265466,0.6270596
20220,-5.5714693,0.11549746,-1.0957233,-0.5344886,0.22346506,-0.06642898,-0.21106553,-0.20766756,-0.22395241,0.38103965,0.18983415
20221,-5.092353,0.12752444,-1.1724205,-0.49910045,0.045243654,-0.21487427,-0.13092722,-0.017867006,-0.21383794,0.2961343,0.19620726
20222,-6.019005,-0.11034311,-1.0437789,-0.66135573,-0.12645179,-0.08254133,0.20390217,-0.14293297,-0.29274172,0.73905843,0.26736805
20223,-4.9142876,-0.11886658,-0.76252675,-0.46149862,0.1094016,-0.18263268,-0.19079329,-0.051042676,0.19334416,0.45260945,0.029652726
20224,-4.879901,-0.19534718,-1.0103017,-0.86299366,-0.23448396,0.14135186,-0.35948113,-0.34681243,0.20879903,0.521893,0.48095185
20225,-6.217582,-0.26270115,-0.90282017,-0.46920416,-0.4517265,-0.020471197,0.1426874,-0.097836725,-0.081532925,0.6483075,0.64184916
20226,-5.939703,-0.28140584,-0.6637812,-0.42977569,-0.50552714,-0.3074928,0.23031539,-0.4153591,0.03767915,0.54811114,0.71683097
20227,-5.527724,-0.032760873,-1.1006254,-0.8330318,0.14308421,0.21667296,-0.049078003,-0.029209988,0.08676527,0.47012562,0.28805423
20228,-4.5867996,-0.38103443,-0.9368109,-0.7254134,-0.1871109,-0.24902727,-0.07134895,-0.14749674,0.11408067,0.5296866,0.24712004
20229,-6.8577104,-0.13475488,-1.2485418,-1.1282641,0.018247461,-0.033730514,0.047138322,-0.5795183,0.47098687,0.5525274,0.6758464
20230,-6.569205,-0.31132007,-1.1723526,-0.5969969,0.12950458,0.20320654,-0.14178315,-0.3692827,0.061042905,0.30936053,0.10268916
20231,-5.8092113,-0.32969785,-0.60857475,-0.69355536,-0.45795333,-0.2988295,0.121897444,-0.19084215,-0.12304306,0.3382252,0.58775306
20232,-8.000155,-0.080678634,-1.3204348,-0.8837106,-0.2591993,-0.34520763,-0.11067488,-0.030616341,-0.31574005,0.29064196,0.45649743
20233,-4.504821,-0.25402227,-0.61736697,-0.46985662,-0.4840077,0.016021783,-0.046726644,-0.33369827,-0.035982624,0.43346614,0.18137583
20234,-5.197344,-0.1526324,-1.054083,-1.0616242,-0.27808526,-0.33871615,0.097541824,-0.27250558,0.09504795,0.27202237,0.48500845
20235,-4.0489826,-0.08882687,-0.7789478,-0.50544053,-0.3865869,0.05608416,-0.20678355,-0.15694605,0.1105197,0.39829433,0.20529309
20236,-6.798657,-0.2960583,-1.1477021,-0.927053,-0.44863167,0.5745222,0.21964015,-0.08223111,-0.15943547,0.33447382,0.6992843
20237,-6.81332,-0.03972611,-1.1091893,-0.5942425,0.019760368,0.13906305,-0.1594721,0.21408597,-0.18816766,0.3572588,0.23439494
20238,-4.575237,-0.23117328,-0.58895326,-0.52165043,-0.15551177,-0.23166965,0.06223236,0.030999979,-0.15762602,0.109751575,0.42084405
20239,-5.321762,-0.3134796,-1.0270076,-0.3133787,0.18378313,0.18457654,-0.28826192,-0.39789143,-0.12538192,0.32954076,0.07214282
20240,-4.957795,-0.35783806,-1.106329,-0.35879666,0.00847749,-0.219367,0.057342984,-0.10419559,0.075932205,0.3382339,0.496694
20241,-5.657722,-0.43672627,-0.87358856,-0.44563687,-0.04574995,-0.056381978,0.17382273,-0.14451861,-0.13803388,0.08877739,0.44876426
20242,-5.6616173,-0.34786895,-0.9792748,-0.5887637,-0.3358889,0.24331667,-0.0024572928,0.035181332,-0.26838893,0.3504688,0.3308511
20243,-6.3142753,0.06351923,-1.0155451,-0.5717177,-0.45305786,-0.2703082,0.014205767,0.37329543,-0.26797232,0.53861445,0.67123127
20244,-4.6948905,-0.060734097,-0.7485461,-0.31245393,-0.08489983,0.1335323,0.038658097,-0.1386476,-0.027350163,0.2419478,0.14465939
20245,-6.323905,-0.025236737,-1.1442535,-0.5475382,-0.151089,-0.4402629,0.21177742,-0.039364554,-0.20440301,0.60211366,0.00053894334
20246,-7.6175365,-0.056342546,-1.4567662,-0.6107599,0.024279475,0.20078251,-0.28187945,-0.38839316,-0.1285311,-0.003401869,0.11219881
20247,-5.031504,0.073188744,-1.1233343,-0.42633313,-0.09438065,-0.22582464,0.088560194,-0.07923048,-0.042643227,0.3618269,0.035136435
20248,-7.5688276,-0.017855998,-1.7619869,-1.0311388,-0.24202693,0.2294223,0.11849435,-0.7661596,0.44138294,0.55340135,0.38789406
20249,-4.367183,-0.044030983,-0.7761831,-0.4897269,-0.095934585,-0.004018347,-0.21987896,0.08371527,0.15048353,0.5436651,-0.0030380106
20250,-7.10184,0.2450349,-1.5968874,-0.9435224,-0.25420585,0.3724082,0.006599704,-0.4535097,-0.13292016,0.76959324,0.7266716
20251,-6.5645714,-0.04877864,-1.5169772,-0.6162021,0.21751419,-0.16090514,0.146325,0.056195088,0.123618,0.5098224,0.09602484
20252,-5.616948,-0.2492332,-1.1224264,-0.66114014,-0.113301314,0.3581375,0.300527,-0.41180837,0.09965888,0.25705612,0.21230762
20253,-8.062594,0.1163541,-1.9219831,-1.0124304,-0.24126697,0.31531084,-0.4855888,-0.19728622,-0.02057323,0.7119035,0.35522377
20254,-5.5479746,-0.26722556,-1.0934017,-0.81614244,-0.11032312,-0.14659627,-0.12234988,-0.5265984,0.15386258,0.43427134,0.15866992
20255,-5.7156453,-0.015432288,-0.7792035,-0.5579698,-0.24834755,-0.0139597375,0.19433777,-0.31273618,-0.1396992,0.3014417,0.13754618
20256,-6.0120735,-0.15193528,-0.8636417,-0.7181497,0.09442453,0.1957739,0.14534001,-0.22965573,-0.28493482,0.16069183,0.3167612
20257,-6.3906374,-0.4448622,-0.9447996,-0.504588,-0.04139865,0.1420867,-0.015590393,-0.47228804,-0.37643236,0.3058563,0.39239874
20258,-4.5135455,0.004577681,-0.7635756,-0.3729003,-0.115942284,0.0017014295,-0.26574543,0.22184093,0.12685281,0.38054425,0.1344904
20259,-5.278947,-0.18780522,-0.92419183,-0.46175152,-0.17236653,-0.23020709,0.10438964,-0.29923105,-0.3088992,0.19709247,0.4119621
20260,-6.9823976,0.10773028,-1.669408,-0.7365446,-0.041529894,0.075324185,-0.010558809,-0.4042372,-0.05831138,0.08926759,0.5944567
20261,-4.1622033,-0.3362525,-0.9329015,-0.4645294,-0.21778558,-0.14238107,-0.0027948376,-0.026206093,0.116778046,0.35671353,0.099190265
20262,-4.19572,0.015969241,-0.71328545,-0.27140462,-0.008230867,0.004174917,0.15634932,-0.14063443,-0.08680161,0.21164209,0.06922405
20263,-3.671193,-0.20174,-0.6970642,-0.4095761,-0.2241136,0.14843798,-0.2083752,-0.02752923,0.22538638,0.44405285,0.12907031
20264,-6.8209157,-0.17214009,-1.639698,-0.5641381,-0.7516681,0.07813282,0.48928845,-0.34670463,-0.3982984,0.32479545,0.7551982
20265,-6.4288335,-0.056993928,-1.3704159,-0.3462245,0.31144166,0.12672675,0.12703338,-0.52164817,-0.3345354,0.6347184,0.18339618
20266,-6.0771184,-0.18208419,-1.2073371,-0.49237758,0.21045417,0.2758171,-0.070058696,-0.18872622,-0.04951179,0.7054682,0.28264332
20267,-7.3793297,-0.42202336,-1.5258127,-0.692341,0.5951187,0.14589338,-0.13781968,0.30742788,-0.052543715,0.28168365,0.38409615
20268,-5.473858,-0.29658395,-1.0320309,-0.8536631,-0.6431177,-0.22023968,0.119712256,-0.038343057,0.09800947,0.34901625,0.8463309
20269,-4.974903,-0.1584008,-1.1563445,-0.51328385,0.0074688806,-0.381146,-0.015473579,-0.15815125,-0.42844993,0.51840895,0.013303093
20270,-5.5747643,-0.07323533,-1.3059112,-0.47168788,0.20809057,-0.27297258,-0.1694186,0.06640794,-0.15021834,0.14770813,0.3360062
20271,-5.363444,-0.34452918,-0.85927916,-0.51214343,-0.2526272,0.16923095,0.034783844,-0.38948599,-0.16623333,0.5661014,0.34983307
20272,-5.280674,-0.27504757,-1.1457715,-0.19600736,-0.022033973,-0.041916884,0.19584484,0.034516253,-0.076602384,0.6235906,-0.01169699
20273,-5.364457,0.09061454,-0.91601276,-0.64529645,0.26482072,-0.1891511,-0.1352011,-0.35589698,0.118172176,0.5173661,0.103666596
20274,-6.367965,-0.5001764,-1.1640307,-0.8301352,0.110462785,-0.30231255,-0.28462675,-0.09955505,0.039953165,0.6984645,0.20244443
20275,-6.0652213,-0.1683468,-1.1055264,-0.22992893,0.122218154,-0.06875872,0.13270792,0.0052833674,-0.044715554,0.46633795,0.31731525
20276,-5.3364816,-0.11441491,-0.85014224,-0.5707644,0.0035167374,0.17058483,0.05149525,-0.203435,-0.11326744,0.94483453,0.34037566
20277,-5.3472524,-0.07755621,-1.0074291,-0.5024152,-0.52951604,-0.11786559,0.43024164,-0.15516041,0.14221622,0.44671175,0.53879845
20278,-5.8376627,-0.5500791,-0.9217742,-0.43886313,-0.51261866,-0.31488717,0.3313002,0.015090613,-0.38907275,0.32851058,0.87172675
20279,-3.5422902,-0.019062076,-0.7385194,-0.3756666,0.2245937,-0.0023937514,-0.08885986,-0.15957817,0.10608716,0.26786655,0.09202317
20280,-5.7003717,-0.14846076,-0.97002417,-0.8148303,-0.58274084,-0.31466764,0.10789218,-0.24577603,-0.02899534,0.47128603,0.92193764
20281,-8.674782,0.14553326,-1.5675356,-0.6799916,0.0965463,-0.003987657,0.06604742,-0.13603541,0.0625156,0.84371114,0.34672725
20282,-7.1382933,0.035395324,-1.7447222,-0.81928486,-0.2889038,0.15782192,-0.053053267,-0.15339406,-0.15080516,0.4887881,0.6720136
20283,-4.62477,-0.32931566,-0.96422386,-0.66259944,-0.30258808,0.42380124,0.14082833,-0.15585002,0.19897829,0.51158583,0.4329634
20284,-6.0098047,0.010015191,-1.0440781,-0.99797225,0.23321687,-0.29840404,-0.17204376,-0.0312825,0.16000658,0.53765625,0.018882144
20285,-5.438442,-0.028283682,-1.1168437,-0.8336974,0.045437664,0.22029862,0.07102067,-0.4506343,0.10967812,0.41668978,0.3626784
20286,-8.060895,-0.25535333,-1.8120651,-1.073861,0.41527176,-0.020983087,-0.113100566,-0.26341742,0.080280855,0.6509837,0.4150216
20287,-5.7172465,0.09262259,-1.1959845,-0.907745,-0.2253949,-0.20998864,0.23949671,-0.08312277,0.039605696,0.51234823,0.53291416
20288,-5.304194,-0.26841903,-1.1199954,-0.93541706,0.36051622,-0.019213272,-0.42502704,-0.18840054,0.26517534,0.21748039,-0.05370442
20289,-5.9678726,-0.27228385,-1.3874556,-0.9470542,-0.16105293,0.17821127,0.13418417,-0.3930232,-0.302844,0.30467698,0.42382294
20290,-4.7774277,-0.17258866,-0.9097537,-0.40185753,-0.53671217,-0.437356,0.15083754,0.041927956,-0.24052475,0.28101927,0.4433727
20291,-5.8853703,-0.08691269,-0.56301147,-0.6593432,-0.51609933,0.05771182,-0.0073456718,-0.51545453,-0.13743411,-0.008184,0.6289541
20292,-5.982637,-0.2562951,-1.5124496,-0.8698395,0.34966382,-0.13550334,-0.3148107,-0.06135743,0.23366456,0.4799394,-0.11728882
20293,-4.688148,-0.29942054,-0.9362273,-0.22601259,-0.053683165,0.025489513,-0.030053627,-0.26993737,-0.11870982,0.3123909,0.4283301
20294,-5.4704065,-0.3858316,-1.0375772,-0.58012104,-0.14409693,-0.24254657,0.08716021,0.014443658,-0.12070124,0.35827667,0.32941964
20295,-5.9952464,-0.012231787,-1.1047813,-0.4405299,-0.5806893,-0.30538088,0.15303895,-0.09536421,-0.46590686,0.48770258,0.4036983
20296,-7.002186,-0.06868892,-1.5992873,-0.89469206,0.007911256,0.69267416,-0.15218303,-1.0071476,0.16777019,0.2892106,0.048590947
20297,-6.050824,-0.23703448,-0.7715814,-0.7242934,-0.2886581,-0.16785519,0.1591199,-0.28457525,-0.27202186,0.3060277,0.30025747
20298,-5.829052,-0.087015666,-0.8463619,-0.7377151,-0.33399293,0.31658292,0.00022174418,-0.09528346,-0.20963866,0.531421,0.34397864
20299,-4.846078,-0.020613045,-1.1525539,-0.5955999,0.27756566,0.049688175,-0.26251256,-0.04559152,-0.019944923,0.43569744,0.20598425
20300,-4.7788925,-0.17082426,-0.9972982,-0.3460603,-0.044068605,-0.10274897,-0.03972685,-0.67577183,-0.1720232,0.64705575,0.43179426
20301,-3.99159,0.005656408,-0.7655358,-0.5393695,-0.48585075,0.11048256,0.017071275,-0.36490753,-0.1365347,0.4004018,0.36374596
20302,-5.9247246,-0.12442759,-0.6788023,-0.55955774,-0.2876201,-0.18038012,0.05458539,-0.23346192,-0.20576915,0.24529529,0.50188416
20303,-6.667472,-0.016549163,-1.3797398,-0.33682692,0.0011744532,-0.012775693,-0.3605842,-0.45471737,-0.37185872,0.6159019,0.2821265
20304,-5.2126646,0.21282491,-1.1106834,-0.4649767,-0.2626299,0.101013094,-0.1028619,-0.08927728,-0.18789968,0.053360138,0.095715605
20305,-6.236865,0.028104614,-1.1365733,-0.5792563,-0.008041311,-0.1679466,0.051948775,-0.047915727,-0.16396394,0.24331793,0.09806964
20306,-4.706821,0.06614633,-0.77532333,-0.4895587,-0.089969434,-0.041234538,0.08740149,-0.13378315,-0.11443104,0.3351793,0.31556576
20307,-3.8908844,0.058531184,-0.9708087,-0.49616444,0.1733796,-0.21987855,-0.14070404,0.093168765,-0.1948832,0.24408258,0.09414331
20308,-5.3606515,0.14700052,-1.1051687,-0.7012028,-0.011887195,-0.05795139,0.019232348,-0.0857985,0.2108165,0.49858508,0.22998339
20309,-6.264303,-0.16649263,-1.3149366,-0.96522635,-0.418162,0.18107876,0.0378296,0.060061216,-0.13431977,0.4346845,0.64315516
20310,-7.154503,-0.27745414,-1.3032933,-0.71743727,-0.5091583,-0.012548013,-0.041405313,-0.37735745,0.18439247,0.5469986,0.3952325
20311,-5.0893292,0.37854865,-1.0852859,-0.37031063,0.23273431,-0.025698148,-0.16395798,0.007858883,-0.18887365,0.31679553,0.4168611
20312,-5.9476266,-0.15558566,-1.425897,-1.0108237,0.1546027,-0.051149696,-0.22789186,-0.3310762,0.08280607,0.99840796,-0.10554992
20313,-6.828918,-0.19222158,-1.3304471,-0.9347065,0.23177092,0.41795212,-0.122763135,-0.6149603,0.27909988,0.16156566,0.23519637
20314,-4.568382,-0.010658688,-1.1514722,-0.59488595,-0.08460902,-0.06362727,0.048372447,-0.20967783,-0.18157431,0.38578176,0.12211253
20315,-5.4223943,-0.27228191,-1.0473624,-0.8846111,0.004641235,-0.029734202,-0.010725903,0.060352236,0.06781302,0.6386625,0.41359356
20316,-4.066459,-0.042557575,-0.7890905,-0.6101269,-0.31107852,0.3430875,0.02707754,-0.5191668,0.16690886,0.24942926,0.449564
20317,-5.707487,-0.05451249,-0.8038681,-0.655159,-0.6277279,-0.08451653,0.07743473,-0.16343458,-0.16983792,0.14949621,0.46832317
20318,-5.833747,0.19067243,-1.4747263,-0.6388514,0.47890776,0.37043834,-0.070416234,-0.07330092,0.048508286,0.04334046,0.25850427
20319,-5.1912775,-0.17647265,-1.1739179,-0.5048801,-0.35244417,-0.123410314,0.32708946,-0.22499616,-0.31676674,0.46894258,0.21776576
20320,-3.0713108,-0.008012437,-0.54387766,-0.29350838,-0.14300868,-0.06072113,-0.057901405,-0.15871593,-0.05352588,0.40100116,0.2511375
20321,-6.3180175,-0.4659004,-1.2360066,-0.41542065,0.015492208,0.04056038,-0.015857756,-0.10505335,-0.04737643,0.23234129,0.17960608
20322,-4.4506044,-0.4682006,-0.9213524,-0.69220066,-0.41573605,0.14763063,-0.03507736,-0.38245356,0.25932565,0.5842657,0.3830475
20323,-4.7972803,-0.13697726,-0.8975209,-0.67251915,-0.15925756,-0.0928138,-0.084000066,-0.105206855,-0.121332556,0.5754133,0.21654618
20324,-2.8227985,-0.025050994,-0.5887453,-0.20916626,0.13710423,0.017377745,-0.10746395,-0.1609149,-0.035476148,0.18369041,0.061951365
20325,-5.7471666,-0.10994353,-1.0798357,-0.6140089,-0.03154404,0.2810542,-0.18768607,0.27062464,0.12686567,0.47082603,0.4557907
20326,-4.111665,-0.10367424,-1.0124855,-0.17125045,0.10348357,0.1666531,0.0002771793,0.11434058,-0.16929509,0.043165114,0.33449072
20327,-4.70884,0.03878107,-0.62981904,-0.10165355,-0.38551342,0.08440784,0.0050702873,-0.25126272,-0.27048275,0.45469087,0.4211929
20328,-5.0392547,-0.26538554,-1.2861251,-0.52271837,0.3995971,-0.02308353,-0.31983712,0.010811338,-0.15035863,0.25470123,0.06527897
20329,-6.3322425,-0.40620223,-1.2354503,-1.1601123,-0.2728923,-0.023080664,-0.2372134,-0.15481876,0.440564,0.96298265,0.29685375
20330,-6.178613,-0.18705603,-1.0240685,-0.56441474,-0.23649225,-0.052007627,0.023230901,-0.07456801,-0.15938649,0.34467232,0.73177314
20331,-4.635103,0.012521468,-0.90365547,-0.6835002,-0.38754913,0.17814586,-0.32567686,-0.064704075,0.10198043,0.42842025,0.21549453
20332,-4.536435,-0.26742882,-1.072886,-0.63785404,-0.39150533,0.24355924,-0.04761703,-0.20480287,0.27264762,0.59361184,0.57911676
20333,-5.625298,-0.118847325,-1.1459501,-0.35798034,-0.5877988,-0.14928581,0.3487298,0.26277733,-0.08601174,0.50290495,0.6315578
20334,-4.806462,0.01243152,-0.8932171,-0.36095595,-0.03269786,-0.26547104,-0.0024483819,0.023417544,-0.14825448,0.44385287,0.21206391
20335,-5.039836,-0.012276626,-0.94924194,-0.5762705,0.11464628,0.07823713,-0.023861282,-0.1752754,-0.096638374,0.24160135,0.30909708
20336,-4.786271,0.05991566,-0.9746396,-0.28111187,-0.23636374,0.22118239,-0.03159616,-0.32630733,-0.19681202,0.5517662,0.05402584
20337,-6.9813056,-0.32190707,-1.2814689,-1.0667952,-0.10398594,0.0790806,-0.06557005,-0.17184687,0.3571859,0.77781504,0.26693353
20338,-5.7195926,-0.08630684,-1.4995891,-0.79127246,0.049003642,-0.025328923,-0.5018672,-0.022003716,0.0742415,0.43143976,0.023043865
20339,-5.203786,0.02620532,-0.8014319,-0.30078012,-0.3730036,-0.045080025,0.26830727,-0.253202,-0.3471891,0.31742966,-0.24085519
20340,-5.876406,-0.15746827,-0.82471603,-0.6830602,-0.23314148,-0.19032337,0.2065605,-0.20220871,-0.057259522,0.22830445,0.32271814
20341,-4.724627,-0.13166994,-0.9009723,-0.44790563,0.2531237,0.06718613,-0.06782608,0.041821457,-0.048378058,0.53871214,-0.03446052
20342,-4.251952,-0.08093359,-0.905637,-0.274589,-0.3277768,0.20956974,0.26452804,-0.04119292,-0.076832145,0.3497127,0.3473081
20343,-7.2087646,-0.062857315,-1.3012915,-0.6635205,0.014215684,0.25326055,-0.6620655,-0.2324607,-0.014553379,0.33882606,-0.055289797
20344,-4.7431955,-0.3645614,-1.0350683,-0.9083933,-0.20637754,-0.16643108,-0.0002983343,-0.34006006,0.004114556,0.30635753,0.17476805
20345,-5.5244446,-0.059904438,-0.7573687,-0.770688,-0.57240415,-0.38320488,0.15507442,-0.19965318,-0.08405059,0.46551278,0.35822222
20346,-6.3108177,-0.1822929,-1.5339001,-0.6116125,0.39475343,-0.15323064,-0.1787761,-0.026592022,0.06655463,0.56735635,-0.26973176
20347,-5.731564,-0.13881269,-0.962685,-0.59901154,-0.13339676,-0.19926962,0.12271854,0.08830406,-0.08008683,0.36795112,0.23027024
20348,-6.494345,-0.11562203,-1.3168217,-0.9030882,0.21410379,0.14352141,-0.4405834,-0.54179215,0.29211357,0.49327767,-0.060275666
20349,-5.3281937,-0.10437454,-1.0858333,-1.0051038,-0.7741061,-0.15018196,0.05805638,-0.25889722,0.17133747,0.4298373,0.5340518
20350,-5.127254,-0.22878404,-1.2322004,-0.72015595,0.18678257,-0.099158145,-0.17565745,-0.14285436,0.07756573,0.64993495,0.18397634
20351,-4.9680285,-0.3871498,-1.0544133,-0.16366939,-0.00791326,-0.07223481,-0.09128218,-0.46999165,-0.1798707,0.45549142,0.21283807
20352,-5.323572,0.03004,-0.7088531,-0.36026618,0.035166934,-0.24142624,-0.017444614,0.2244299,-0.22845219,0.46523046,0.22099392
20353,-6.9935637,-0.49686763,-1.3319808,-0.92013866,-0.004100529,0.20346661,-0.08811077,-0.2155206,-0.09833668,0.0939766,0.26032215
20354,-6.070391,0.123112805,-1.3009481,-0.41656536,0.03414354,0.3311553,-0.10512334,-0.15774304,0.10114757,0.53768784,0.250941
20355,-6.124028,-0.22517514,-1.2945585,-0.46286368,-0.64131606,0.06327051,0.11149537,-0.020899825,-0.17747034,0.28345665,0.8109357
20356,-5.6788096,-0.1332937,-0.8878265,-0.30221623,-0.31296396,0.07624234,-0.26867393,-0.40005922,-0.30448616,0.23922786,0.17642069
20357,-4.621849,-0.035261758,-0.7736875,-0.7394954,-0.38291878,0.17357703,0.09279254,-0.26680264,0.21253556,0.5596574,0.2251766
20358,-6.373809,-0.009226958,-1.1902143,-0.84525067,-0.4720238,-0.13039853,-0.062724866,-0.25535843,-0.20383288,0.24762994,0.25782388
20359,-7.063378,-0.20837416,-0.9322906,-1.0389684,-0.7192319,0.008595549,0.10583669,-0.3947733,-0.14319673,0.5753488,0.23658895
20360,-5.1086454,-0.1260797,-1.0197133,-0.4465184,-0.049080346,-0.14877042,0.3172838,-0.2860976,-0.027059874,0.25106668,0.2592173
20361,-4.823691,-0.025951639,-0.8366835,-0.32890138,0.09634686,-0.015658889,-0.09323225,-0.3959573,0.022365496,0.28877425,0.029273342
20362,-8.758447,-0.33875906,-1.4258833,-0.6230683,0.5654686,0.25476265,-0.33195505,-0.24013641,0.15259205,0.5204735,0.24881314
20363,-6.963617,-0.033063713,-1.8095815,-0.88176435,0.5441254,0.2780162,-0.3108833,-0.42247745,0.39085695,0.8816227,-0.1286774
20364,-6.036526,-0.113056116,-1.1210612,-0.43413198,-0.22020666,-0.13605392,0.0037274356,-0.2942005,-0.36360642,0.27802572,0.4384652
20365,-5.8979163,0.027885877,-1.4632889,-0.7889442,-0.21672238,0.1602684,-0.25423288,-0.6991138,0.37934637,0.32605246,0.32162485
20366,-5.1190248,-0.23534432,-0.80957836,-0.49289632,-0.16017912,0.05498954,0.20402674,-0.06455392,-0.04960706,0.747429,0.5142041
20367,-6.784916,-0.0651146,-1.0555116,-0.51204956,0.3318949,-0.024375707,0.20140404,0.09618054,-0.2332259,0.09772201,0.6633118
20368,-6.104734,0.3181993,-1.503576,-0.454922,0.001411825,-0.2906224,-0.026749227,0.09668988,-0.16757998,0.1487384,0.3829825
20369,-5.539789,-0.10212314,-0.9505834,-0.2894201,0.010704465,0.1455575,0.0645596,0.022712562,-0.06725329,0.2098301,-0.014081341
20370,-6.328918,-0.20795357,-1.1140938,-0.6869556,-0.392674,-0.57246476,0.0030793645,-0.20916516,0.04001511,0.506473,0.4932809
20371,-5.8314962,-0.31813508,-1.0267015,-0.47873673,0.15904784,0.16581343,-0.14218271,-0.37978745,-0.0057501253,0.22597751,0.04626282
20372,-5.1068,-0.28055462,-0.63056517,-0.5705187,0.06550548,-0.09140846,-0.25433525,-0.044373386,0.07891699,0.24107854,0.12027389
20373,-5.6542993,-0.41647246,-1.3746316,-0.6021445,0.13552321,-0.16951118,-0.56622833,-0.29909712,-0.010978032,0.60775226,0.21884173
20374,-4.492133,-0.21894217,-0.8576093,-0.5765773,-0.1159491,-0.14232978,-0.1653874,0.043740273,-0.0051599964,0.2657855,0.100014426
20375,-7.9142947,0.030671664,-1.953109,-0.6930078,-0.0857455,0.35702544,-0.49793556,-0.618998,0.14805414,0.049953528,0.34960228
20376,-5.6687264,-0.07824431,-0.7147563,-0.8304578,-0.1252298,0.26728988,-0.10893269,-0.2294282,0.2086541,0.8267724,0.4024617
20377,-6.746321,-0.13283613,-1.2261325,-0.19398233,-0.12744801,0.4255917,0.00048567727,-0.611151,-0.42093718,0.5884709,0.08993837
20378,-6.562224,-0.25834528,-1.4667947,-0.28430292,0.4681406,0.14105488,-0.4168391,-0.22398573,-0.20628214,0.17856313,0.15099707
20379,-6.2158284,-0.0849868,-1.2663155,-0.585535,0.31214103,0.18125999,-0.24716873,0.0030216356,0.043789767,0.4383773,0.33208275
20380,-6.4926357,-0.3208269,-1.2772857,-1.1289364,-0.33895433,-0.070381016,-0.11901123,-0.105239704,0.19796726,0.93631923,0.4178764
20381,-5.451496,-0.053857032,-0.9906881,-0.32520178,0.030938538,-0.08992883,0.07396781,0.19488716,-0.36091557,0.3400723,0.36511385
20382,-6.236128,0.009767883,-1.0360951,-0.63950217,-0.322722,-0.311543,-0.04047653,-0.06644212,0.034516495,0.49988037,0.42598838
20383,-5.263823,-0.33420938,-0.89572966,-0.12939696,-0.2623611,0.05332456,0.029352449,-0.15362431,-0.35525098,0.45797914,0.42152432
20384,-6.122181,-0.5700503,-1.3836198,-0.7677394,-0.47912484,0.4427796,0.2109902,-0.46181828,0.020794597,0.49950838,0.51874506
20385,-3.675453,-0.070696905,-0.778298,-0.2551769,0.022596462,-0.13213217,-0.21058692,-0.0032308474,-0.05770254,0.25128403,-0.041306168
20386,-4.991745,0.026343916,-0.53282034,-0.30723223,-0.5086796,-0.05424618,0.17552471,-0.102028705,-0.064625755,0.26996467,0.5216536
20387,-7.9402833,0.05585194,-1.2401057,-0.5869636,-0.46216384,0.25567627,-0.10994829,-0.2554699,-0.12735939,0.30118912,0.4009851
20388,-4.796967,0.07553957,-1.1228043,-0.7759358,0.13145766,0.086982846,-0.3704376,-0.1259331,-0.010160893,0.4913103,-0.069211155
20389,-5.8158402,-0.19462876,-1.3864335,-0.8545748,0.21155329,0.26452184,-0.12665528,-0.10698681,0.41340393,0.73875356,0.17965394
20390,-6.0894485,-0.46584433,-1.3186935,-0.37305078,0.21307516,0.41749495,-0.2527086,-0.37458602,-0.01688367,0.22741303,0.07289852
20391,-5.880949,-0.12046929,-0.92968255,-0.55055124,-0.2951142,-0.294926,0.3472427,0.022415075,-0.12265028,0.4470849,0.7144377
20392,-5.3261824,-0.217784,-1.2342865,-0.67184013,-0.39014027,0.054999907,0.19651562,-0.25775397,-0.114528656,0.16900568,0.38722774
20393,-4.826952,-0.25946775,-1.1207587,-0.604847,0.2490863,0.23401777,-0.31123045,-0.043988533,0.12659772,0.5669713,0.0034484817
20394,-7.7360682,-0.41992432,-1.5951166,-1.0504283,-0.41345578,0.11701382,0.13897209,-0.41517565,0.029907864,0.60900784,0.51700515
20395,-5.890006,-0.09318135,-1.265145,-0.708694,0.21118963,-0.1256115,-0.2006308,-0.17228013,-0.09465115,0.5840218,0.4100213
20396,-5.858661,0.12427437,-1.1511528,-0.5973752,-0.009043558,0.43912518,-0.0037660692,-0.44223797,0.08582195,0.8079927,0.41196772
20397,-3.2872996,-0.29231006,-0.585708,-0.16393907,0.17543043,0.074364565,0.03143126,-0.19151138,0.040750533,0.29147798,0.16341352
20398,-6.709351,-0.13560791,-1.2745223,-0.51418304,0.3100502,-0.018443363,-0.21326573,0.2033028,-0.020219347,0.37592828,0.4161715
20399,-5.494075,0.0066494956,-1.203244,-0.5250976,0.040398333,0.09521075,-0.19536145,-0.46346283,0.35254714,0.43402913,0.19744833
20400,-5.410723,-0.50778043,-1.1591719,-0.62213594,-0.18354808,-0.07889269,-0.19012268,-0.2255636,-0.057799496,0.6737041,0.26932222
20401,-4.2583594,-0.023600508,-0.9311474,-0.54871184,-0.094020896,0.3271463,-0.2933073,-0.2555012,0.25301468,0.55935276,0.06846164
20402,-6.7746534,-0.0356244,-1.064806,-0.7504183,-0.17809933,0.028023861,-0.12627952,-0.2596259,-0.09049278,0.5066767,0.24574968
20403,-4.937909,-0.07210521,-0.9303219,-0.386696,-0.17581968,0.2978751,-0.0044863084,-0.43072054,-0.057711333,0.28230712,0.13746989
20404,-5.4464126,0.09744599,-1.6490967,-0.29316142,0.073119044,-0.05039419,-0.012973004,-0.046972662,-0.4568391,0.18334466,0.22177832
20405,-5.991845,-0.13790165,-0.91097534,-0.41534844,0.09194523,-0.43371135,0.12444599,0.0066457894,-0.02582206,0.32165316,0.2175355
20406,-5.9702578,-0.19804111,-1.0964601,-1.12419,-0.2260857,-0.3413434,0.011147987,-0.21949606,-0.07397664,0.21064498,0.41379726
20407,-7.1513615,-0.18661322,-1.5565612,-0.4632683,0.31325987,0.38120347,0.011603802,0.06479383,-0.045622066,0.3288495,0.4138524
20408,-5.7971992,-0.21052991,-1.1150742,-0.39564285,0.71076,0.069045216,-0.21943104,-0.2611728,0.02358283,0.27643004,-0.27734733
20409,-4.9591036,-0.06939256,-0.7366574,-0.34780076,-0.41002348,0.0762867,-0.15411164,-0.16123861,-0.03695497,0.6315626,0.39039066
20410,-4.9575295,-0.3203467,-1.1542919,-0.7183497,-0.4628215,-0.34019792,0.31532726,-0.056592472,-0.010661548,0.34192035,0.23508108
20411,-5.9003963,-0.06556613,-1.5120606,-0.73829055,0.07148607,0.2642221,0.021013003,-0.46703312,0.16669609,0.3705846,0.44856322
20412,-6.363637,-0.11761744,-1.5669807,-0.86934817,-0.26369473,0.018614525,-0.16714953,0.09359587,0.42850658,0.8141504,0.29767987
20413,-4.6829157,-0.020619318,-0.791766,-0.5965266,-0.43389145,-0.023927398,-0.07225886,-0.3244665,-0.23054911,0.216387,0.4297577
20414,-6.200943,-0.03270625,-0.9212074,-0.50037867,-0.08617019,-0.5214952,-0.051786862,0.22756216,-0.31721726,0.4010026,0.4460709
20415,-6.0951424,-0.10449003,-1.2819457,-0.50056154,-0.3874031,-0.05546231,0.1817021,0.12694289,0.23457587,0.6075547,0.49376413
20416,-3.2260296,-0.37363902,-0.571469,-0.50026965,-0.056704506,0.09504919,0.053581692,-0.2623875,0.11230456,0.31930023,0.30345708
20417,-4.788541,-0.33319777,-0.92251754,-0.49660206,-0.07025844,-0.08957942,0.06866679,0.0060661947,-0.07985204,0.25659066,0.20875627
20418,-5.297885,-0.29527804,-1.0192767,-0.74590963,-0.40967417,0.20858026,0.27050734,-0.12262399,0.038152985,0.66247535,0.35717985
20419,-7.7003565,-0.09918492,-1.7848152,-0.5735145,0.32969877,-0.03521378,-0.15525185,0.09478338,-0.22107835,0.47039413,0.25726983
20420,-5.495005,-0.11684157,-1.381084,-0.76883876,0.043933466,-0.26142228,-0.3192241,0.096012115,0.03528473,0.49761444,0.10840122
20421,-6.1341367,0.26194522,-1.0224698,-0.69640267,-0.3257048,0.0027438016,-0.19923453,-0.39615238,0.020711588,0.5572563,0.10485425
20422,-4.424453,-0.27349988,-0.9967858,-0.36668476,0.21821326,-0.20113882,-0.30264458,-0.43181852,-0.2916309,0.2991997,0.23110346
20423,-4.236898,-0.34328362,-0.74936473,-0.49452996,-0.051561404,-0.17354514,-0.25623262,0.032342367,-0.1150447,0.4552392,0.11701043
20424,-6.9080486,-0.0988471,-1.2437215,-1.0426594,-0.53647405,0.36390305,0.04386947,0.053635947,-0.16631804,0.6080432,0.636744
20425,-4.047481,0.021674894,-0.6004469,-0.5023125,-0.079797536,-0.2298401,-0.024952251,-0.40121418,-0.1721797,0.13380371,0.13366343
20426,-6.1259227,0.009698858,-0.62381005,-0.6165279,-0.14157987,-0.34247935,0.3435704,-0.0339654,-0.23056409,0.12140426,0.45056438
20427,-5.427941,-0.20575446,-0.9089537,-0.5451007,-0.20882292,-0.03523226,-0.056871153,-0.11748753,0.07678951,0.76888,0.28280592
20428,-7.729181,0.047245294,-1.64904,-0.7890364,-0.06446057,0.03222276,-0.48009542,-0.30793023,-0.2275919,0.3607426,0.6541344
20429,-6.1726146,0.045706294,-1.1806189,-0.95459193,-0.10834022,0.41526943,0.23245011,-0.31258717,0.267562,0.844086,0.32321662
20430,-5.731958,-0.2605318,-0.8145741,-0.83193773,-0.28680667,0.30539942,-0.32864267,-0.5946311,0.27366063,0.5272152,0.14428064
20431,-5.961801,0.15225647,-1.1151689,-0.624139,0.19975972,0.03106568,-0.3566832,-0.78387904,-0.07910124,0.12613997,0.43413967
20432,-4.1179423,-0.1952425,-0.6856313,-0.25865793,-0.03184909,0.24959184,0.044316337,-0.20348202,-0.13177282,0.44783077,0.2285152
20433,-3.9714243,-0.18329419,-0.69976914,-0.3453899,0.133237,-0.01480753,0.16058399,0.19222385,-0.12868766,0.008996796,0.3844114
20434,-3.6457708,-0.21275519,-0.7958162,-0.574928,0.040267926,-0.06472106,-0.02466914,-0.13108395,0.16078974,0.38579616,0.325971
20435,-6.0452356,0.09971962,-1.1647543,-0.7766579,-0.07228493,-0.18075778,-0.3384859,-0.5099713,0.31609958,0.53120977,0.42439494
20436,-6.082912,-0.12808372,-1.6496648,-0.6782051,-0.14126234,0.06341615,-0.051048856,-0.4854885,0.033302,0.4602303,0.24038227
20437,-6.9249415,-0.56667364,-1.5002927,-1.0020213,0.072038606,0.1495302,-0.19565836,-0.38419947,0.18906808,0.7592473,0.39245534
20438,-5.1064363,-0.19039273,-1.0161638,-0.4610892,-0.0625258,0.045852493,0.11147637,0.29027185,-0.059619352,0.27994326,0.58428234
20439,-5.8545456,-0.09627971,-1.32437,-0.48534754,0.18632767,0.18227804,0.071851045,-0.15471773,0.027548999,0.51314396,0.09780525
20440,-4.2505436,-0.06854135,-1.1677145,-0.64995754,-0.1293995,0.12525265,0.061892517,-0.11552184,-0.07652156,0.34296617,0.34514663
20441,-7.6979,-0.34394696,-1.5828977,-0.31050307,-0.5392128,-0.13242343,0.51528746,-0.44691226,-0.5184615,0.47178993,0.5908073
20442,-6.0605073,-0.27495435,-1.2121681,-0.71996593,0.018330617,0.18517649,0.38050893,0.19202085,0.18811372,0.66390556,0.43384153
20443,-5.364599,0.007648583,-1.0325241,-0.49484962,-0.230986,-0.2625805,0.2911777,0.17911276,-0.024726285,0.43826285,0.29460245
20444,-5.2507515,0.11923377,-1.0021672,-0.28009316,0.37223542,0.11835557,-0.22505416,-0.14333016,-0.009589206,0.27262238,0.24781483
20445,-5.7012544,-0.1780608,-1.3204545,-0.9366101,-0.15154792,-0.18935218,-0.1801672,-0.062699035,0.071808144,0.7457246,0.4065143
20446,-6.6366124,-0.00839973,-1.0828053,-0.6395134,-0.47838342,-0.15566984,0.12258315,-0.052651577,-0.22303616,0.31722265,0.19062534
20447,-5.1608925,-0.29130137,-0.61072004,-0.74644774,-0.19605567,-0.3174454,-0.110628374,-0.33499992,0.08026948,0.15918481,0.59562695
20448,-4.413576,-0.40977922,-0.7506739,-0.40586275,-0.6412598,0.017101225,-0.09426365,-0.047201537,0.12969829,0.44282284,0.4334606
20449,-4.4891343,-0.17220281,-0.8583475,-0.7969883,-0.18100971,0.07303409,-0.24231003,-0.41551343,-0.007454062,0.42439973,0.2508215
20450,-5.574326,0.0019381079,-1.4714925,-1.1366521,-0.2829769,0.04612928,-0.0051434683,-0.59168077,0.15608792,0.60388494,0.3230342
20451,-7.0023084,-0.04348112,-1.2620859,-0.8574583,0.18357481,0.074871466,-0.35775647,-0.6226742,-0.030526644,0.5668582,0.2788415
20452,-5.459754,-0.17851524,-0.9443727,-0.6296492,-0.0029531163,-0.06417879,-0.15422411,-0.17388132,-0.20657976,0.1670437,0.03586109
20453,-4.994727,0.024277534,-1.2711481,-0.3032787,0.19032334,0.114115186,-0.2348519,-0.38660133,-0.084329545,0.05821107,0.0011258498
20454,-5.904219,-0.4079391,-0.7817429,-0.6689386,0.072817676,0.14226146,-0.05656662,-0.56571364,-0.090528846,0.33168948,0.05711433
20455,-6.2459035,-0.56372833,-1.2273793,-0.9522419,-0.26471415,-0.4882176,-0.12331308,-0.3673017,0.31399587,0.47361156,0.67395043
20456,-6.1808176,-0.027460169,-1.2062716,-0.82179374,0.06670045,-0.13250847,-0.1966812,-0.32587227,-0.110086694,0.12171386,0.1036929
20457,-5.758487,-0.17399777,-1.1696534,-0.845793,-0.3322278,0.03993212,0.06634472,0.036900513,0.18232217,0.62711376,0.35065052
20458,-6.6843476,-0.11274757,-1.2088712,-0.7381711,-0.32475156,-0.4119556,0.04028102,-0.15858847,0.18125837,0.42186657,0.57241935
20459,-5.1320376,-0.14720127,-1.0025995,-0.56636447,-0.34236872,-0.18750983,-0.064638615,-0.33743814,-0.1968315,0.21596815,-0.06231597
20460,-5.7050385,-0.0707152,-1.0057324,-0.42227,0.395541,-0.22246464,0.079118736,0.06771942,-0.06154734,0.12381334,0.38277182
20461,-4.9291162,-0.1723605,-1.1251383,-0.516711,-0.34087873,0.005890348,-0.13857235,-0.29000938,-0.05190716,0.29883465,0.27396405
20462,-5.273051,-0.26537937,-1.0527766,-0.81793123,-0.4478393,-0.31695777,0.028758202,-0.043429434,-0.16696711,0.44744876,0.47644034
20463,-5.0895185,-0.14715014,-1.1504802,-0.7167634,0.06249505,-0.12053828,-0.4487133,-0.3168112,-0.06261088,0.20126866,0.25392732
20464,-4.587467,0.041838076,-0.76293516,-0.31422806,-0.031190323,-0.19392557,-0.043257855,-0.13342057,-0.070849426,0.34713864,0.18094456
20465,-7.616297,-0.65951174,-1.0876172,-0.83961093,0.21654347,0.021852836,-0.42740124,-0.06881667,-0.16780981,0.5343141,0.5726833
20466,-6.3192797,-0.13602653,-1.2671746,-0.74200296,0.13933954,0.3210795,-0.031183459,-0.6059939,0.16679431,0.3988924,0.08821055
20467,-3.756744,0.012507783,-0.6676936,-0.45195112,-0.109274015,0.020627253,0.10016176,-0.12720548,-0.12387326,0.12766424,0.2849213
20468,-5.15265,-0.2686889,-0.8946127,-0.53987736,0.21839365,0.2928788,0.059921008,-0.5284329,-0.08427918,-0.06725207,0.07317263
20469,-6.1938853,0.0073900837,-1.3655276,-1.0961679,0.07940354,0.06613734,-0.107173346,-0.1216011,-0.01582666,0.1860379,0.23500314
20470,-6.004675,0.007723522,-1.1970975,-0.63907003,-0.15505368,0.13055211,0.060415152,-0.32418504,-0.14376915,-0.008527189,0.48153093
20471,-4.424235,0.009770976,-0.8032522,-0.32131678,-0.22775035,-0.112286985,0.03843371,-0.21969484,-0.17875986,0.56048477,0.17869064
20472,-5.069134,-0.19070876,-1.2715037,-0.7437334,0.041767478,0.14718884,-0.08338091,-0.090116076,0.24490383,0.5909266,0.25409812
20473,-5.1958117,-0.42280343,-1.171283,-0.691613,0.07624749,0.12968887,-0.021016683,0.012925898,-0.14677973,0.422123,0.2476972
20474,-7.3707876,-0.015072861,-1.1301239,-0.3450291,-0.27431,-0.049236618,0.34330127,0.08663175,-0.51117796,0.30903646,0.38818124
20475,-7.7377462,0.21594284,-1.399637,-1.027717,-0.19889489,-0.4670804,-0.41337693,-0.4079028,0.08354553,0.26825747,0.31187865
20476,-4.59262,-0.022312637,-1.0861324,-0.63395214,-0.2038206,0.056825474,-0.1136216,-0.42020878,0.06420089,0.54343534,0.10208517
20477,-6.349462,-0.17587566,-1.6576396,-0.68909377,0.17886332,0.42634594,-0.27680653,-0.34990478,-0.055259608,0.5762945,0.297207
20478,-4.7565594,-0.10268243,-0.61780626,-0.5495446,0.012531735,-0.06784284,-0.18744284,0.04150231,-0.12693064,0.3732686,0.14299355
20479,-6.2198157,0.032774676,-1.2341621,-0.5984743,-0.15026775,0.12829925,0.17172904,-0.37162057,0.015260326,0.36315322,0.522431
20480,-5.4839683,-0.047496937,-1.0544856,-0.69096816,0.00059015444,0.03173987,-0.12780297,-0.032961763,0.23279399,0.8026398,0.03139542
20481,-8.067871,-0.19589998,-1.5792571,-1.1938868,-0.5425837,-0.22530366,0.08801426,-0.49184272,-0.23702417,0.31764475,0.50579727
20482,-4.365491,0.093585916,-0.9117821,-0.43853867,-0.107271865,0.0496417,-0.08103298,0.21088883,-0.13081598,0.35005128,0.43996692
20483,-3.7665834,-0.12711143,-0.7155613,-0.44271743,-0.096487835,-0.081046574,-0.053246126,-0.2629172,0.04110885,0.444686,0.14193709
20484,-6.3601565,-0.18403222,-0.90277606,-0.83472157,-0.67422986,0.5701979,0.35072577,0.19476892,-0.14254358,0.43010587,0.46307975
20485,-4.7743497,-0.19215988,-0.8581084,-0.44562346,-0.3207921,-0.02707237,0.1159774,-0.23754197,0.1113799,0.5560757,0.18072915
20486,-7.32107,-0.09528325,-1.1978724,-0.73566025,-0.8763467,-0.29709667,0.6145547,-0.024105659,-0.32062632,0.66935605,0.61936283
20487,-6.6960278,-0.19861683,-1.6033156,-1.0916345,-0.5236322,-0.19710197,0.25259033,-0.6179614,0.099449374,0.30654305,0.55755264
20488,-6.864803,-0.13898624,-1.0167779,-0.29145235,-0.09003515,0.02860222,-0.11319714,0.085371934,-0.14876553,0.4563537,0.68440574
20489,-5.6962357,-0.14618693,-0.9626241,-0.44094777,0.08151065,-0.13118006,0.05076711,0.15557437,-0.12567136,0.15793927,0.26698223
20490,-4.5974197,0.053977467,-0.85952175,-0.2817621,-0.2422584,-0.117773846,-0.23540966,0.106209986,0.003949675,0.24310382,0.09878221
20491,-5.5502176,-0.08541156,-1.0431367,-0.35591406,-0.90546006,0.2658701,0.5502396,-0.7668111,-0.12248838,0.3796365,0.41727278
20492,-7.466599,-0.1903655,-1.12105,-1.1522593,-0.32484666,0.18123788,0.14642084,-0.52883804,-0.010110976,0.87610453,0.26124692
20493,-7.283261,-0.1446073,-0.8984424,-0.62419724,-0.10264627,0.3997711,-0.31737468,-0.5818449,-0.2790599,0.30900466,0.024211938
20494,-4.8546896,-0.22079043,-0.8954453,-0.6033825,-0.34140775,-0.037613124,-0.06034287,-0.34469035,-0.27154773,0.13854916,0.44447705
20495,-5.177346,-0.25158638,-0.970009,-0.6892887,-0.12075228,0.10333342,0.123842396,-0.4093667,0.009702666,0.39737588,0.51460713
20496,-5.331306,-0.041492715,-0.83723515,-0.6812091,-0.1523832,0.13461788,-0.3093781,-0.631152,0.065142885,0.59540707,0.1714691
20497,-5.2769017,-0.24888094,-1.4546317,-0.55856365,0.69406295,0.06849929,-0.3463733,0.03129904,0.04506533,0.25041378,0.19981189
20498,-5.0981536,-0.17897485,-1.297151,-0.71226007,-0.17417976,0.26111132,-0.11291436,-0.30734026,0.19156054,0.74619496,0.4467267
20499,-6.4256387,-0.39094645,-1.0712945,-0.9631653,-0.21880373,-0.24017023,0.11273067,-0.53225684,0.041658945,0.4918232,0.43440965
20500,-5.637761,0.029370662,-1.6197047,-0.94534904,-0.4306864,0.028295645,-0.0023643626,0.122065105,0.06826088,0.73776037,0.6692456
20501,-5.5858936,-0.15518115,-0.91712886,-0.7386167,-0.03175571,0.63858217,0.14501688,-0.64997464,0.068102024,0.23034793,0.38976488
20502,-6.252867,-0.08566871,-1.4055116,-0.69142973,0.3501702,-0.15197487,-0.41781357,-0.46961233,-0.30879518,0.38174433,0.032902155
20503,-5.074628,-0.18668781,-1.0716825,-0.80565244,-0.047790106,0.20207621,-0.34583846,-0.051078275,0.030861799,0.74925625,0.19876315
20504,-3.9767141,0.093671404,-1.0911045,-0.39066985,-0.19205572,-0.045827627,0.09805747,-0.041977696,-0.003659336,0.18013908,0.2249081
20505,-4.6967573,-0.4048434,-0.98749125,-0.5819539,-0.7246326,0.12761739,0.19451189,-0.22792152,-0.12076363,0.44911247,0.66690856
20506,-6.9213147,-0.06330808,-1.1982926,-0.7073027,-0.0072596404,0.27642733,-0.09501151,-0.17482355,-0.10036078,0.44472206,0.42605385
20507,-7.5336676,0.12439875,-1.8063143,-0.57417494,-0.21371646,-0.39547837,0.13682124,0.16542402,-0.2916184,0.112632565,0.5001891
20508,-5.3616705,0.03988822,-0.9682549,-0.19494303,-0.11500863,0.0982704,0.056454822,0.18798342,0.109912224,0.27449897,0.3141002
20509,-5.404387,-0.11997481,-0.7416405,-0.5490501,-0.2739086,-0.18637368,0.07327087,-0.07615829,-0.04083395,0.33657342,0.48485574
20510,-4.958046,-0.26787555,-1.414231,-0.7645548,0.5036226,0.075188786,-0.21216033,-0.30618554,0.17493433,0.07022043,0.31606942
20511,-7.4307203,0.34019276,-1.8818103,-0.760966,-0.31741267,-0.34437382,0.037771527,-0.2831815,-0.1687288,0.4253294,0.5937631
20512,-4.438444,0.14103207,-0.8803414,-0.40385035,0.023062518,-0.030372266,-0.12033025,-0.24507853,-0.008245455,0.31470144,-0.0030329535
20513,-4.3610253,-0.21166156,-0.8639473,-0.5729838,-0.4922981,-0.17804705,0.14309318,-0.080508046,-0.020405317,0.22634144,0.27169478
20514,-4.412452,-0.25761035,-0.6689446,-0.59340554,-0.18704364,-0.02533976,0.05356137,-0.021823099,-0.017945433,0.2401008,0.24994615
20515,-4.551329,-0.08644314,-1.1257243,-0.75793916,-0.44931507,-0.13984504,0.1435335,0.033891775,0.056964494,0.42242038,0.51549584
20516,-6.184356,-0.39722243,-1.3602289,-0.69579107,-0.15854053,0.34955108,-0.23486519,0.037205964,-0.100016825,0.681806,0.6238266
20517,-4.7451415,-0.009062258,-1.3074137,-0.10260175,0.05396894,0.1787453,-0.015738174,-0.08463167,-0.19510119,0.37691897,0.24178216
20518,-6.744993,-0.22748877,-1.4942619,-0.5256644,0.11662625,-0.015138898,0.053761084,0.05352173,0.06426812,1.063083,0.39733383
20519,-6.2609725,-0.12808697,-1.4732018,-0.6417224,-0.06908459,-0.050183754,-0.05248095,-0.20966579,-0.24303828,0.05937217,0.25844806
20520,-4.734281,-0.08802422,-1.2072552,-0.32745296,-0.06838971,0.16466694,0.19987884,0.07547951,0.07855815,0.41297308,0.38581946
20521,-5.1138377,-0.2942641,-0.8927059,-0.42457286,-0.21026424,0.09827198,0.15003102,-0.28488886,0.100501254,0.5309867,0.20081739
20522,-4.7434325,-0.06907023,-0.89597857,-0.5015373,-0.07667808,-0.07654013,0.11719333,-0.23799552,-0.31301826,0.24540836,0.3339235
20523,-6.782654,0.21822001,-1.4909557,-0.80499554,-0.14358953,0.25805736,-0.20583734,-0.6419115,-0.20830923,0.58302814,0.24240732
20524,-4.210822,-0.2831881,-0.6478242,-0.48367774,-0.0770764,-0.21462736,-0.19550799,-0.14027974,-0.19244456,0.11634953,-0.028051138
20525,-4.5856857,-0.099127874,-1.1099658,-0.29762003,0.12209332,0.36282468,0.006283205,-0.17862856,-0.03369528,0.3227096,0.08761408
20526,-3.9207478,-0.020680964,-0.8882072,-0.3018846,-0.047740456,0.08481248,-0.20985821,-0.30878964,0.089110725,0.47822165,-0.014392917
20527,-7.7717648,0.09950613,-1.7876495,-0.486455,-0.2125215,-0.11484552,0.17608514,-0.36185047,-0.36652565,0.28428906,0.46619052
20528,-5.4427233,-0.05015884,-1.5297948,-0.54937494,-0.41120365,-0.20174344,0.29589087,0.22284128,-0.12681083,0.50787497,0.55960536
20529,-7.6287413,-0.11315032,-1.6257322,-0.68514156,0.10529251,0.42712152,-0.34849295,-0.6119504,-0.19870484,0.5330739,-0.07573719
20530,-6.0131874,-0.27690858,-1.5514542,-0.80328375,0.35114753,0.3419791,-0.25896895,-0.014421746,0.06497384,0.48931807,0.24265069
20531,-5.601636,-0.45827723,-1.4505293,-0.5366775,0.35977903,0.34352362,0.04808237,0.12932,-0.123797774,0.43092492,0.33112782
20532,-6.2395673,-0.12928611,-1.0276182,-0.39318648,-0.40179726,-0.08687033,0.36833745,0.09521457,-0.11359805,0.15035327,0.7782014
20533,-7.204141,-0.40166232,-1.8198814,-1.2784637,-0.06451523,-0.2265135,-0.29079095,-0.05362542,0.4061423,0.9581445,-0.14200908
20534,-4.889829,0.11306129,-0.58616537,-0.6177926,-0.15431318,-0.2710995,0.12557039,0.12620766,0.031766772,0.23654328,0.53021145
20535,-5.4616556,-0.2405327,-1.220621,-0.5078606,0.21421513,0.2079788,-0.14062314,-0.07230971,0.17834103,0.432167,0.09871323
20536,-5.188102,-0.14122932,-1.091191,-0.37766176,-0.2894492,-0.001006417,-0.027484193,-0.37896967,-0.20380697,0.61827767,0.52623254
20537,-6.2945647,-0.20361193,-1.0048739,-0.36108103,-0.08100951,-0.06769282,-0.08999971,-0.2709501,-0.32645765,0.050327852,0.36917126
20538,-6.241192,-0.31734103,-0.925692,-0.47572207,-0.10264856,0.4418488,-0.06901671,-0.18255481,0.108827405,0.82657427,0.27036718
20539,-6.0592656,0.008690416,-1.2234955,-0.52694124,-0.11913171,0.18117213,0.24306573,-0.20428239,-0.05355057,0.34544593,0.45510653
20540,-3.6521943,-0.013781753,-1.1496297,-0.24741253,0.15142897,0.03998885,-0.067541555,-0.15853031,-0.17341517,0.2207074,0.3505611
20541,-5.4397883,-0.08672097,-1.2349653,-0.732121,-0.22711505,0.22337526,-0.28514612,-0.29654685,0.18943924,0.37837055,0.42775002
20542,-5.6921477,-0.24830554,-1.2614472,-0.94356966,0.06776808,0.27676725,-0.0560517,-0.301071,0.33734754,0.2967565,0.053856265
20543,-5.21259,0.17592798,-1.025928,-0.4918781,0.19079646,-0.37084287,-0.042338517,0.029173082,-0.027915692,0.07139345,0.5245394
20544,-6.7602143,-0.37102482,-1.2122157,-0.33846062,-0.508222,-0.39124304,0.30681387,-0.016674284,-0.22528078,0.29170063,0.8039283
20545,-7.718198,-0.552955,-1.0719401,-1.0259628,-0.5821669,-0.31326938,0.06359672,-0.3748686,-0.4486593,0.45745838,0.284488
20546,-5.701308,-0.5053366,-0.8137673,-0.64605623,-0.4177429,-0.015205171,-0.09991023,-0.44665006,-0.201591,0.34811056,0.46906862
20547,-5.9893517,-0.10125532,-1.1467792,-0.8160018,-0.63157547,-0.044739977,0.113310896,-0.1897567,-0.28210443,0.38934255,0.80965585
20548,-6.423383,0.031320885,-1.5978308,-0.6054122,-0.32325286,-0.2799546,0.5180877,-0.12209105,-0.07353704,0.5472409,0.8126805
20549,-7.1215105,0.03534042,-1.3579118,-0.8600039,0.17609577,-0.25891984,-0.15593019,0.19127794,0.2091363,0.9076064,0.32310373
20550,-5.833023,-0.2928592,-0.90983707,-0.9408627,-0.6431599,-0.0019403938,-0.030037146,-0.22395226,-0.02323121,0.38706672,0.83725333
20551,-4.2280984,0.07742527,-1.1301682,-0.30868718,0.42550525,-0.02002541,-0.04153797,-0.0847001,0.010902023,0.09665967,-0.071183026
20552,-5.592239,-0.31208232,-0.9499462,-0.6221108,-0.16586779,-0.1958647,0.12066313,0.0002201572,-0.16189623,0.64857733,0.19915824
20553,-7.2795014,-0.16479088,-1.3736244,-0.6694308,-0.11581438,0.7069121,-0.33361423,-0.17128235,0.12421201,0.36909762,0.40900135
20554,-5.0742974,-0.11031084,-0.9323654,-0.6788097,0.14387482,0.060900427,0.29853502,-0.14177904,0.053558208,0.3298453,0.42221534
20555,-6.5560102,-0.2166911,-1.2805942,-0.4279494,0.5004765,0.24280119,-0.37088844,0.024802005,-0.120780304,0.6363043,-0.13747378
20556,-4.9454665,-0.0060204035,-0.5888188,-0.69909275,-0.31087062,-0.22382045,0.203316,-0.16967954,-0.32290873,0.47359157,0.16077149
20557,-6.0973625,-0.31687132,-1.3005726,-0.46190846,0.45323265,0.035009958,-0.20487434,-0.003530874,-0.155263,0.5169589,0.37891904
20558,-5.218768,-0.19551332,-0.83840364,-0.758017,-0.2692248,-0.22464484,-0.033499192,-0.060964316,-0.074712455,0.37188765,0.58591354
20559,-5.5970817,0.038799908,-0.88952047,-0.609806,0.06802127,-0.3206783,0.018634908,-0.18493184,0.045202114,0.22784911,0.23410031
20560,-5.114519,0.11074815,-0.89766264,-0.66673607,-0.111073054,-0.057696357,-0.1701114,-0.34873843,-0.07914302,0.4967397,0.006793391
20561,-5.30198,-0.021464631,-0.93409103,-0.3730776,-0.56121784,-0.20940816,0.08027216,-0.033107623,-0.33011898,0.35269433,0.41717207
20562,-6.9528217,-0.36710978,-1.5087959,-0.9975579,-0.37722406,-0.036862917,0.26694176,-0.09809714,-0.1638439,0.5407527,0.38821897
20563,-6.203669,-0.08409228,-1.4363518,-0.5090672,0.22109996,-0.04820875,-0.15071884,0.0011873953,-0.4905811,0.54644877,0.0767937
20564,-4.7874446,-0.41822243,-0.76543427,-0.56606656,-0.18691179,-0.12772228,0.05323986,0.16181438,-0.012240173,0.5312125,0.40752432
20565,-5.315673,0.061228197,-0.8832285,-0.69401944,-0.15914279,0.18390498,-0.0034864545,-0.37135285,-0.11527245,0.24691816,0.3741422
20566,-4.2252707,-0.14003952,-0.8383777,-0.6648851,-0.02563935,0.062295306,0.07376725,-0.05894471,0.1430225,0.32839826,0.21478318
20567,-5.4494247,-0.18257889,-0.9950846,-0.117050186,0.08151252,0.0019925097,-0.100480944,-0.16604224,-0.1204073,0.55037063,0.115100525
20568,-6.579158,-0.0719808,-0.8448897,-0.48091763,0.21868019,0.22383581,-0.06662115,0.0272844,0.15524995,0.7341077,0.29170495
20569,-4.4483986,-0.15042101,-1.0621989,-0.6080153,-0.0156984,0.22954965,0.20963441,-0.046674736,0.35217658,0.49924716,0.28479853
20570,-5.0842814,0.0036675008,-0.93027896,-0.58999056,-0.41584682,-0.2573949,-0.036115874,0.0065439222,-0.0814868,0.28418067,0.43761122
20571,-4.8989773,-0.21449675,-0.69686913,-0.3420951,-0.53627336,-0.26541746,0.3900876,-0.12350402,-0.4597924,0.36302027,0.44907638
20572,-6.3355618,-0.18225978,-1.6488197,-1.1073067,0.311171,0.34117228,-0.28084144,-0.14362611,0.45616147,0.7900403,0.06972229
20573,-7.5058975,-0.05389181,-2.1934814,-0.45689884,0.19142129,0.2232831,0.30295086,0.0880066,-0.028536981,0.7084724,0.5650905
20574,-5.2069683,0.27487168,-1.2676631,-0.45417726,-0.15609854,-0.2032549,-0.057688065,0.056660183,-0.17362249,0.4041101,0.082142204
20575,-6.266623,-0.27130282,-1.2983413,-0.7201904,0.08363712,0.37994516,0.17507066,-0.2944152,0.38448542,0.6347307,0.019120999
20576,-7.2355614,0.009496155,-1.4593025,-0.4523609,0.33051467,-0.08095543,-0.2450506,0.14321388,-0.13744347,1.0322794,0.19967303
20577,-7.6896105,-0.15516885,-1.593869,-0.6028176,0.44741848,0.5827,-0.48827282,-0.62930375,-0.05747582,0.30127767,0.1711172
20578,-4.591749,0.071825,-0.9764268,-0.41240945,-0.19352397,-0.31947005,0.057290144,0.14841485,-0.1629128,0.20646289,0.24835682
20579,-5.230248,-0.17033672,-1.0061755,-0.8000772,-0.32471198,0.016330494,-0.08774102,-0.10173306,0.30930507,0.44881892,0.19796628
20580,-6.493478,0.3484038,-1.4247558,-0.6736408,-0.08829661,-0.4860878,-0.34711885,-0.26187035,-0.22393969,0.5267074,-0.00964114
20581,-4.8820176,-0.32996973,-0.98108274,-0.57645124,-0.4219292,-0.32755417,0.10872046,0.04962971,-0.124899045,0.41239956,0.89463836
20582,-4.949764,-0.2209494,-0.9801495,-0.80447143,-0.13370247,-0.22934017,-0.043404587,-0.18200536,0.354206,0.40489274,0.39432034
20583,-5.984732,-0.34449753,-1.1970314,-0.5427009,-0.23353522,-0.2580819,-0.14775941,0.06405202,-0.098010175,1.0072231,0.12767346
20584,-7.573169,-0.11358638,-1.6407052,-0.5497624,-0.305007,0.06893812,0.21262935,-0.18306056,-0.17527564,0.23983125,0.5871183
20585,-4.8968725,-0.1457196,-0.96536756,-0.6855627,0.01265501,0.04410481,-0.017515026,0.050339393,-0.05320082,0.6980911,0.1504618
20586,-6.945175,0.071583904,-1.1347271,-0.8994767,-0.25000846,0.30365068,-0.11032293,-0.86469626,0.10346619,0.21787132,0.38941118
20587,-4.884618,-0.23886296,-0.8113302,-0.79076374,-0.50934887,0.119747825,-0.027575184,-0.27788427,-0.21453686,0.43454742,0.5926778
20588,-4.7604146,0.041078795,-1.0935137,-0.49684912,0.036176026,-0.18225183,-0.2268293,0.050643824,-0.07511524,0.29697898,0.0065138503
20589,-6.263441,0.012529252,-1.115537,-0.36446363,-0.045236606,0.019003188,0.20661706,0.08596328,-0.27104944,0.43360254,0.3816781
20590,-5.991577,-0.23112674,-0.98776793,-0.6327746,-0.18774864,0.27545923,-0.2982941,-0.54217243,-0.09191,0.3423752,0.20068043
20591,-4.7326984,-0.38946727,-1.228329,-0.22022754,-0.65104645,0.3574816,0.18075004,-0.28039706,-0.2791094,0.20585492,0.5268028
20592,-4.540168,0.023200845,-0.77907664,-0.43191263,0.11559395,-0.1288237,-0.2701468,0.13960421,-0.12387918,0.41863513,0.24791941
20593,-5.786252,0.03826071,-1.2348182,-1.020808,-0.40479872,0.09041109,0.15152043,-0.23201936,0.19200993,0.36787808,0.70493954
20594,-5.354908,-0.038917013,-1.2815864,-0.50875807,-0.21547179,0.08504848,-0.1603752,0.18490835,0.011570387,0.49747545,0.4112774
20595,-5.395045,0.036305606,-1.0220633,-0.9711381,0.11355225,0.02688332,-0.17650849,0.02436592,0.068015255,0.68520635,0.3265086
20596,-4.381469,-0.18972015,-0.8846364,-0.5003291,-0.012251155,-0.29349136,0.017137561,0.13695304,0.07435904,0.35900882,0.030641537
20597,-6.6456966,0.0060546203,-1.3119473,-0.61415863,0.15119888,0.17931145,-0.08324767,-0.30618587,-0.06722435,0.04630816,0.069313034
20598,-5.9877462,-0.22427425,-1.0773345,-0.546415,-0.0027486156,0.25497803,-0.060662672,0.28252548,-0.1110677,0.66939795,0.37402
20599,-7.4084992,0.114562996,-1.0695219,-0.19269447,0.033897646,-0.015715158,-0.035284154,-0.21078807,-0.23429285,0.6169746,-0.060459673
20600,-5.865733,-0.17150111,-1.3187786,-0.53202355,0.2970481,-0.006406272,-0.21734045,-0.21945901,0.10834517,0.19244742,0.36884388
20601,-4.716938,-0.093146995,-1.0760748,-0.5266366,0.10681119,-0.14251763,-0.091881,-0.3188909,-0.15715615,0.5161102,0.06988559
20602,-4.3521776,-0.026372667,-0.58278966,-0.58522433,-0.090525754,-0.14357693,0.07407533,-0.35538498,-0.05465296,0.23816743,0.06618982
20603,-5.3404284,-0.2616069,-0.91414404,-0.5411754,-0.46669146,-0.5024915,0.07048039,-0.17461418,-0.20301875,0.56635636,0.36597946
20604,-5.182771,-0.079507455,-0.7922622,-0.39229172,-0.33408397,-0.17348845,0.033123344,-0.20460857,-0.38420781,0.29480907,0.27353323
20605,-6.8129807,-0.031652108,-1.1506488,-1.1436923,-0.42341176,-0.04117806,0.1361316,-0.46871746,0.35813215,0.6101161,0.58577347
20606,-5.1203694,0.16334563,-1.1384137,-0.4892192,-0.002304656,0.10889314,-0.005532232,-0.30878976,0.017870007,0.26630104,0.047266025
20607,-5.5973997,-0.43461707,-1.4400008,-0.6157651,0.13347238,-0.03603438,-0.3018773,0.09634765,-0.1843139,0.22701527,-0.011020209
20608,-5.2320137,0.059273105,-1.1084969,-0.57996416,0.298691,-0.07926002,-0.20238936,-0.16382149,0.30042925,0.4901147,-0.04918303
20609,-5.8174586,-0.2774586,-1.115668,-0.98402923,-0.48566392,0.09838214,0.2643466,-0.2708441,-0.24905778,0.7836937,0.4637752
20610,-4.88394,-0.050213262,-1.0678194,-0.5284849,0.13619854,0.017645989,-0.17691545,-0.102755524,0.09937048,0.31403095,0.31037885
20611,-6.3134475,-0.4265192,-1.3338397,-0.6330839,0.21115017,-0.07630799,-0.20755759,-0.11816556,0.40800524,0.6359623,0.2980425
20612,-6.1835647,-0.32558107,-1.3572905,-0.9158825,0.16474193,-7.1786344e-05,-0.2514282,-0.26786143,0.23541051,0.5042123,-0.025439743
20613,-6.425442,0.066938125,-1.2669733,-0.78778565,-0.20577477,-0.3238122,-0.2928158,-0.0112812035,-0.28696138,0.3428101,0.34282795
20614,-9.408499,-0.68518585,-1.5511558,-1.240374,-0.3399402,0.07250498,-0.06338332,-0.29608256,0.12404858,0.62803125,0.52653545
20615,-6.0538287,-0.07236155,-1.4505332,-0.7055861,-0.009890115,-0.10681479,-0.075702816,0.029026441,-0.036933154,0.5268621,0.35164365
20616,-4.890457,-0.26557675,-1.0298132,-0.6074961,-0.36769414,0.10419259,0.21323346,-0.047159664,0.09624781,0.66721356,0.65036273
20617,-6.5530725,-0.143645,-1.3600515,-0.74160653,-0.27845627,-0.04580247,-0.3767153,0.046864323,0.1636913,0.38505325,0.39668974
20618,-4.968175,0.10252981,-1.2261765,-0.49194485,0.3435614,0.13800418,-0.39970538,-0.112851754,-0.11251861,0.40672395,-0.07197503
20619,-5.8211055,-0.099175885,-1.4842154,-0.7062437,-0.54327536,-0.2320636,0.3520157,0.030063832,-0.25467354,0.5502874,0.41745296
20620,-4.4111853,-0.19295311,-0.7338348,-0.84909165,-0.28683728,0.035646018,0.0658731,-0.22401986,0.28099623,0.38556695,0.24196324
20621,-5.119398,-0.22598974,-0.9946212,-0.6319266,-0.09166789,0.14016825,9.387918e-05,-0.38493222,0.03353224,0.5524766,0.08001193
20622,-5.6601367,0.04864509,-1.1731123,-0.43996558,0.37890077,-0.06180261,-0.34212798,-0.10033361,-0.08013207,0.35075933,0.028053597
20623,-3.239981,-0.049937323,-0.8460977,-0.08408904,-0.054103512,0.11942692,-0.052078493,0.09661716,-0.065096416,0.21398748,0.048179604
20624,-6.4216766,-0.04092021,-1.5948235,-0.45318547,0.28848165,-0.11600027,-0.31725213,0.082358666,-0.2539944,0.019830182,-0.04260096
20625,-7.811678,-0.11955926,-1.2565346,-0.777787,-0.47037047,-0.11917207,0.27992988,-0.061984494,-0.2835172,0.29751503,0.50491714
20626,-6.340783,-0.3034256,-1.5186677,-0.41698343,0.37121624,0.31907094,-0.1013699,-0.27318227,0.09377608,0.3498897,0.5506959
20627,-5.696071,0.15274718,-1.111806,-0.043539282,0.34633958,-0.23106152,-0.09636587,-0.08702471,-0.29021898,-0.051734287,0.24367645
20628,-4.6256943,-0.30018604,-0.9090406,-0.60442954,-0.27969128,-0.20153905,0.008158132,-0.34595445,0.10501861,0.32363477,0.3553352
20629,-6.871558,-0.23533712,-1.4553682,-0.65696245,-0.0561505,0.41998082,-0.089223236,0.062443055,-0.017510297,0.33132672,0.37687412
20630,-7.059033,-0.29811332,-1.0232129,-0.6229004,-0.7727465,-0.5127132,0.34203336,-0.02252599,-0.21852644,0.50311524,0.8888687
20631,-6.537671,0.037288718,-1.0098761,-0.61660576,-0.05354374,-0.20230569,0.16889733,0.0003332086,-0.13328002,0.45482653,0.20243903
20632,-5.7672663,-0.22202134,-1.0273713,-0.79663867,-0.24846742,-0.086512,0.08145689,-0.15982555,0.017886722,0.3584496,0.64163375
20633,-7.0128474,-0.33162034,-1.4836736,-1.3466247,-0.16283305,-0.06664882,-0.45139349,-0.2316362,0.30279213,0.82787144,0.05248334
20634,-5.0137477,-0.35479328,-0.9670316,-0.7823897,-0.05825433,-0.20798717,0.046021905,-0.16994998,-0.0344282,0.55768085,0.21904744
20635,-4.3938813,-0.17155008,-0.9988858,-0.61952674,-0.35964856,-0.06359292,-0.023931812,0.20447223,0.25793004,0.45886648,0.2794536
20636,-4.7581863,0.11057526,-1.0000243,-0.44355592,0.022301061,-0.22376955,-0.0002492871,-0.18593752,-0.046299547,0.6861222,0.19841717
20637,-6.7872314,-0.046015326,-1.1309671,-0.42338237,-0.23796076,-0.022345236,0.41306487,0.14109007,-0.5273693,0.5687771,0.4739734
20638,-4.920733,-0.1288265,-0.83686125,-0.59994817,-0.087303504,-0.33669585,0.12718932,-0.13527428,-0.23535456,0.13685809,0.1176404
20639,-6.309645,-0.15293436,-1.2935408,-0.3321088,0.0025164778,-0.26681644,0.1585008,0.006151539,-0.22784512,0.36187392,0.40662283
20640,-4.5782247,-0.05441996,-1.0161053,-0.55629456,-0.05306206,0.05130624,-0.06661804,-0.08731636,0.1496422,0.76818943,0.41478053
20641,-6.365642,-0.06768249,-1.5764245,-0.42939845,0.20270026,0.14647347,-0.17585059,-0.07132146,-0.15707463,0.31984374,0.18628429
20642,-5.173051,0.057793617,-1.2061547,-0.5982564,-0.29133654,0.2110246,0.11772363,-0.10695912,-0.06963237,0.60454404,0.45081735
20643,-5.467904,-0.11013174,-1.8412975,-0.7922345,0.13992523,-0.19961295,-0.06370937,-0.052405983,-0.049970694,0.34887785,0.22373639
20644,-4.1306744,-0.29913557,-0.72807825,-0.4062539,-0.37670764,-0.091231726,0.14958148,0.044758417,-0.4403357,0.49915016,0.26264632
20645,-7.4930577,-0.32110062,-1.4752896,-0.8573275,-0.6157524,-0.09531549,0.09623268,-0.05058062,-0.26933593,0.46721438,0.9870457
20646,-6.4017935,-0.25331667,-1.5674273,-0.4975487,-0.23133336,0.28420746,0.0068575446,-0.4962304,-0.050896205,0.3323994,0.3356173
20647,-4.153806,-0.23958167,-0.8708076,-0.6472891,-0.37759587,-0.35958838,0.1716832,-0.02373902,-0.2195052,0.4519847,0.39474624
20648,-4.7762423,-0.15357056,-0.75404155,-0.5364687,-0.37641245,-0.21313454,0.003113016,-0.008503104,-0.06540981,0.39895678,0.38993016
20649,-4.900491,0.061571155,-0.769821,-0.26858404,0.5151509,-0.018553508,-0.109338425,0.11842774,-0.29587054,0.16058454,0.15464918
20650,-4.9152074,-0.4679027,-1.0663741,-0.33373588,0.10741089,0.0113746105,-0.021660719,-0.27573812,-0.09012009,0.12245661,0.27888018
20651,-4.7175455,0.1703109,-1.0001118,-0.31390792,0.17643473,-0.16085777,-0.2707478,0.15479387,-0.21368451,0.12486987,0.1276191
20652,-7.292193,-0.08243446,-1.7314233,-0.2897678,0.39925337,-0.022738304,-0.19867776,0.036723882,-0.32143694,0.24186835,0.17416802
20653,-6.4586782,0.14984019,-1.6119807,-0.61743253,-0.07476359,-0.2749849,0.0090257535,-0.08982503,-0.17535946,0.29840606,0.115871795
20654,-5.916114,0.027730834,-0.768543,-0.65194196,-0.43857673,-0.26726228,0.15100588,-0.20814079,-0.35271263,0.12577504,0.54806304
20655,-5.9486637,0.04340121,-1.1983666,-0.31476498,0.1382481,0.17985986,0.0064325184,0.26650015,-0.2657573,0.5238582,0.45535922
20656,-4.0843177,-0.16817935,-0.98470414,-0.37546495,-0.14133394,0.3419698,0.023948565,-0.5471388,-0.23326969,0.19620848,0.062121157
20657,-4.8989425,-0.2002509,-1.1802751,-0.6865155,-0.1487417,0.25308675,-0.3465725,-0.52268064,0.26843575,0.4708046,0.15066406
20658,-5.014126,-0.03097402,-0.98565453,-0.62318194,-0.1078251,0.22543375,-0.13441023,-0.41866466,0.28459746,0.73126847,0.2011631
20659,-4.994168,0.086445324,-1.0187364,-0.47814053,-0.18683322,-0.036452476,-0.0023889653,-0.2638601,0.2048647,0.28517365,0.2520035
20660,-4.179604,-0.29776675,-0.88600314,-0.37277314,0.06275032,0.19748461,-0.3130755,-0.2819408,0.005731512,0.06211017,0.2270589
20661,-6.0602508,-0.21552047,-1.1071647,-0.9929514,-0.6352296,-0.18957736,-0.06061714,-0.0939346,0.04623305,0.59008205,0.48444065
20662,-6.2132363,-0.09556935,-1.2236434,-0.5532019,0.61940235,0.36527944,-0.32033065,-0.58217245,-0.005420983,0.5924165,-0.06599419
20663,-6.897537,-0.064763494,-1.4235479,-0.49441528,-0.07071227,0.10096369,-0.17800643,-0.30459186,0.12653908,0.71963453,0.0044577997
20664,-5.3896775,-0.26177418,-1.1157261,-0.50739866,-0.10095976,0.16328415,-0.19162421,-0.3094683,0.064154975,0.41151717,0.34607625
20665,-5.1015224,-0.33371994,-1.1733097,-0.6089736,0.21088289,-0.20013556,-0.1722658,-0.14473893,0.110576704,0.2556763,0.21937805
20666,-5.8818045,-0.03685636,-1.0870863,-0.41256407,-0.5901494,0.23480275,-0.33698043,-0.22306384,-0.1886533,0.45966378,0.3337823
20667,-6.5869193,0.21652965,-1.4717181,-0.4778924,-0.2006007,0.07648345,-0.09868788,-0.18875574,-0.3073615,0.22745152,0.7584957
20668,-4.905743,0.14710718,-0.87447035,-0.19133146,0.07121331,0.14465193,0.15590295,0.08627288,-0.17764129,0.3062686,0.20722051
20669,-6.814161,-0.3681825,-1.312201,-0.8094067,0.03317488,-0.07864218,-0.33599606,-0.5403695,-0.058480673,0.57327425,-0.06425627
20670,-4.2411213,-0.20744042,-0.74041283,-0.5531244,-0.40897915,-0.01608737,0.06749918,0.06158387,-0.055490732,0.42725092,0.26631966
20671,-8.278395,-0.28188062,-1.730295,-0.8837611,-0.3820536,-0.25582767,0.19540769,0.3022508,-0.19039066,0.72092235,0.67397326
20672,-7.257662,-0.21494167,-1.457041,-0.9958148,-0.26945874,-0.012450794,-0.04739386,0.018977918,-0.23277882,1.1340346,0.6976786
20673,-4.3260503,0.041952636,-0.73645085,-0.5818477,-0.023017265,-0.11999296,-0.0018300591,-0.26442245,0.012763322,0.5014782,0.2544202
20674,-8.684246,-0.43377617,-2.104942,-0.8218678,0.43776655,0.65079623,-0.39830205,-0.3458597,0.30650413,0.9105087,0.011192262
20675,-6.5417523,-0.16416161,-1.2930818,-0.6070247,-0.17994627,-0.12717257,0.19160762,-0.20489042,-0.2551144,0.2834492,0.44356307
20676,-7.261803,0.0035083913,-1.2863183,-0.81564015,-0.4497764,0.3363198,0.46088222,-0.53498757,-0.035923995,0.29869905,0.66955316
20677,-6.0122466,-0.3204705,-0.8738949,-0.75073045,-0.042616326,0.116101675,-0.24865799,-0.7051466,0.17517026,0.16338918,0.6350337
20678,-3.6580327,-0.15907156,-0.8092878,-0.4596383,-0.2601331,-0.27910614,-0.017304782,-0.043807507,0.03612597,0.46754006,0.2084078
20679,-8.786373,0.028213348,-1.5294704,-0.7679061,0.28269255,0.33974266,0.023249067,-0.3340969,-0.11629814,0.22224057,0.2518235
20680,-4.5507083,0.11530036,-0.84049284,-0.5695789,0.000959923,0.13720813,-0.08208818,-0.40286928,-0.09684328,0.54310906,0.24799271
20681,-5.743009,-0.06977893,-0.9290772,-0.60695463,0.24506302,-0.19459076,-0.16774054,-0.1733699,-0.16327745,0.1693342,0.0953194
20682,-5.916439,-0.1030179,-0.9217987,-0.82933676,-0.43028033,-0.11802362,0.08806585,-0.06438044,-0.07082449,0.5422717,0.35765582
20683,-4.7891145,-0.17023744,-1.0404719,-0.485525,0.36656895,-0.17520042,-0.16535945,-0.11280258,-0.024693476,0.36594045,0.006520845
20684,-6.4024267,-0.094517305,-1.1610733,-0.9456904,-0.029948091,-0.31930947,-0.039991364,-0.18442751,-0.14584076,0.54284894,0.17416282
20685,-5.0996413,-0.280816,-1.0657201,-0.53290856,0.14568588,-0.0573527,-0.11705836,-0.15702617,0.07828275,0.7176813,0.19320767
20686,-5.6343884,0.045439564,-1.4952866,-0.2801635,0.2373186,0.22054718,-0.20058611,-0.15935057,-0.1531032,0.3894812,-0.031302646
20687,-4.4333677,-0.19253463,-1.1504811,-0.6055436,0.014526991,0.18502115,-0.113911726,-0.2535495,0.015460111,0.21681313,0.25674137
20688,-4.9124637,-0.17469157,-0.9776732,-0.6692607,0.17018408,0.1592477,-0.27131,-0.29550356,0.13493596,0.40591723,0.093928166
20689,-4.8207965,-0.060272787,-0.9554046,-0.46793887,-0.00478223,-0.034620848,-0.044207312,-0.16967802,0.04303117,0.18888152,0.28491428
20690,-5.733372,0.029491302,-1.0890301,-0.7539248,-0.3761281,-0.07611644,0.0016096309,-0.4171691,-0.048423305,0.2578282,0.30145302
20691,-6.1453147,-0.012089842,-0.9700787,-0.57266057,-0.5680337,0.42352915,0.11924958,-0.53519845,-0.45023584,0.6458435,0.48724142
20692,-4.754497,-0.2783807,-0.7893224,-0.30180258,-0.06999665,0.09542207,-0.37368813,-0.15634772,-0.18562685,0.7586303,0.23916999
20693,-6.3660326,0.13248397,-1.3701417,-0.6314599,0.16461498,-0.18634571,0.033698894,0.29438648,-0.02666364,0.071524344,0.6361888
20694,-4.962413,0.06460853,-1.1239063,-0.5777133,-0.1274809,0.10748045,-0.08611487,-0.3568498,0.0182207,0.3467162,0.20199805
20695,-4.238508,-0.12280634,-1.1179054,-0.2017783,0.18583098,-0.030778762,-0.10798711,-0.078581505,-0.027536562,0.049180254,0.095851175
20696,-5.8710923,0.00901357,-1.2038784,-0.3998388,-0.14476041,-0.06668132,-0.10073932,0.037676953,-0.34224993,-0.07118276,0.45517886
20697,-6.174544,0.055210017,-0.9521411,-0.62559354,-0.29375258,-0.18108344,0.12289995,-0.07605587,-0.26230675,0.10898625,0.39012146
20698,-4.050061,-0.006007053,-0.6428045,-0.2728019,-0.16413999,-0.08779821,0.010095524,0.14585933,-0.2820269,0.5603295,0.34527746
20699,-3.9224074,-0.025903616,-0.7107084,-0.21677129,-0.053304177,0.056849226,0.107593745,-0.3439839,-0.08685285,0.3418246,0.07744836
20700,-6.26742,-0.07563725,-1.0335829,-0.49704045,-0.40262246,0.08849651,0.0067937,-0.3363521,0.03601245,0.4037757,0.44547042
20701,-5.750429,-0.0763734,-1.1645906,-0.8353155,-0.20903157,-0.113291144,0.030768711,-0.065617055,-0.3593744,0.33406723,0.35987273
20702,-6.4738173,-0.4391775,-1.0581785,-0.84034616,-0.08696261,0.15477537,-0.18980399,-0.19172348,0.1354052,0.7071235,0.09704363
20703,-6.111371,0.019499715,-1.2937121,-0.6111057,0.07656825,0.15428121,-0.50949115,-0.5122326,0.16957925,0.29718277,0.24894345
20704,-5.6026726,-0.19424807,-1.1601965,-0.5513063,-0.55571395,0.25746256,0.18634214,-0.24379164,0.102085695,0.7968441,0.41024494
20705,-6.0224977,0.1319734,-1.7933248,-0.57455164,0.18722478,0.24782531,0.13261089,0.045934163,-0.001703944,0.42542624,0.37534624
20706,-5.204739,-0.0144441435,-1.4278518,-0.9996301,-0.28413296,0.10341112,-0.38839328,-0.40983,0.5396918,0.43268886,0.5564723
20707,-5.0635643,-0.12608689,-0.8963902,-0.6007172,-0.053228468,0.13897869,-0.047019377,0.11659045,-0.15989095,0.35384807,0.21871275
20708,-5.595362,-0.14952622,-1.3743176,-0.4127864,-0.0030934238,-0.21320225,-0.008542792,-0.103920005,-0.17427288,0.19485153,0.21836753
20709,-7.1074038,-0.16519956,-1.340761,-0.72896004,-0.31977546,0.08417796,0.26844475,-0.3088703,0.16569583,0.3446274,0.75483847
20710,-5.480502,-0.020092778,-0.8063009,-0.4541226,-0.40967768,-0.23004524,-0.02908929,-0.13472338,-0.30411083,0.4650432,0.15504643
20711,-4.586977,0.05935677,-0.81652266,-0.49673855,-0.22712235,-0.3988276,0.12664145,-0.27536505,-0.14423367,0.3021215,0.39618048
20712,-5.573343,0.017973864,-0.42744696,-0.24625427,0.024398277,-0.07253813,0.0015053246,-0.29997078,-0.228072,0.30301455,0.42775506
20713,-3.8998148,0.031543907,-0.536087,-0.318467,-0.14206058,0.05747731,-0.024101634,-0.054240927,-0.12970495,0.042082984,0.17559092
20714,-6.246397,0.12618291,-1.3989291,-0.279112,0.42013493,-0.1066378,-0.24862064,-0.27525568,-0.5484693,0.16659757,0.29281214
20715,-5.9330688,-0.049044333,-0.97153145,-0.4866677,0.20109284,-0.17642003,0.16820781,0.14333625,-0.04170026,0.3607493,0.40377182
20716,-3.24382,-0.00030057877,-0.7072312,-0.43647933,-0.28295258,0.025987083,0.23376416,-0.061270908,-0.046448067,0.12909737,0.28338066
20717,-6.730509,-0.17982583,-0.9923457,-0.884181,-0.35499617,0.076040834,0.23790036,-0.397344,-0.3248094,0.3750953,0.7529851
20718,-5.916745,-0.04822787,-1.4058087,-0.9509475,-0.24108642,-0.17115144,0.40441602,-0.3983547,-0.04130912,0.62231266,0.15063328
20719,-6.075612,0.019255258,-1.4810789,-0.7151896,0.13727139,-0.14483237,-0.0047340803,-0.12513003,0.022149703,0.6438398,0.053645264
20720,-7.651842,-0.5505047,-1.6257175,-1.0249721,-0.5620261,0.02755456,0.12803413,0.17135163,0.32916042,0.5411509,0.63737226
20721,-3.9837654,-0.31882697,-0.8668572,-0.31185943,-0.015451057,0.25655,-0.2236239,-0.20930563,-0.035785742,0.26361686,0.2511124
20722,-5.110525,-0.27326024,-1.1459886,-0.53584605,0.11160465,-0.0430618,-0.2768001,-0.23585886,0.3042269,0.61725175,0.3686119
20723,-5.1321545,-0.18554738,-0.95026505,-0.54376554,-0.13537833,0.12471257,-0.09571089,-0.16200677,0.13119219,0.46878764,0.14849062
20724,-5.0818834,-0.037615806,-1.2990882,-0.59134644,0.19927688,0.07217062,-0.27234584,-0.30193877,-0.11709046,0.22005825,0.17995133
20725,-7.247767,-0.25409433,-1.5843734,-0.7230581,0.021308599,-0.36205196,0.02384351,-0.020295743,-0.040834658,0.6268698,0.057360318
20726,-4.9411974,0.08682733,-0.8800313,-0.4759287,-0.016451113,0.012333231,-0.062931195,-0.5983318,-0.18609169,0.18159902,0.05500522
20727,-5.7909904,0.121901244,-1.4255099,-0.28767285,0.20882173,-0.10863205,-0.45277452,0.08890238,-0.4511436,0.25754178,0.049111947
20728,-3.6514328,-0.049177125,-0.8076578,-0.42180753,-0.20816974,-0.07824462,0.11941788,-0.2914783,-0.13411875,0.39982215,0.17009303
20729,-5.654155,0.0252316,-1.0421616,-0.45042735,0.17016725,0.18185534,0.059452362,-0.056888625,0.061436713,0.57315326,0.17233406
20730,-6.07069,-0.20327541,-1.6756157,-0.52178997,0.030284733,-0.15760763,0.032862857,-0.088563494,0.000813378,0.54534835,0.23703416
20731,-5.482031,-0.20288214,-0.66956794,-0.7843273,-0.12213407,-0.29500777,-0.08856795,-0.39975744,0.1418764,0.4446603,0.40547505
20732,-4.9865913,-0.29613587,-0.92744154,-0.78229815,-0.47565076,0.16694133,0.16322987,-0.1757312,-0.010478573,0.37761468,0.5425832
20733,-5.592577,-0.35780984,-1.0844625,-0.73145914,-0.4189092,-0.028926577,0.16716997,0.029983457,-0.21034634,0.46081132,0.5128312
20734,-6.0289507,-0.04708701,-0.9481449,-0.74243784,-0.14422014,0.11493273,0.1852868,-0.46732113,0.017427359,0.249532,0.2380228
20735,-5.824276,-0.0032780906,-1.3979902,-0.5269574,-0.048632797,0.31120634,0.02783322,-0.44670448,-0.22006716,0.263888,0.24948676
20736,-5.184209,-0.12535521,-0.7621573,-0.43291333,-0.09166305,0.44631267,-0.34216213,-0.31110173,-0.13421713,0.38029018,0.13634504
20737,-5.6577563,-0.10254155,-1.2652184,-0.72692657,-0.019201761,-0.20064048,-0.137679,-0.3700259,-0.29868358,0.10015317,0.0025046645
20738,-6.179301,-0.32732493,-1.6508269,-0.9495231,-0.1764873,-0.18386728,-0.070125915,0.10900178,0.42019227,1.038794,0.26750562
20739,-4.6355066,-0.09403104,-0.8585593,-0.48052132,-0.023875233,0.45734447,0.022235211,-0.39423943,0.05738187,0.25353506,0.22037041
20740,-5.0302224,0.002816801,-0.87088215,-0.22897397,0.09226972,0.12504421,0.13657291,-0.030354893,-0.086230256,0.3776479,0.16407865
20741,-5.8190513,-0.019273605,-1.3190342,-0.37980142,-0.11391494,-0.04396986,-0.20497543,-0.17415504,-0.37595695,0.56083095,0.45238677
20742,-5.419687,0.17320803,-1.3427906,-0.5962102,0.19547072,0.17943817,-0.13474074,-0.3453043,-0.009500712,0.48589838,0.19320716
20743,-8.218561,-0.018632263,-1.712793,-0.4119171,0.39837405,0.0850552,-0.12901412,0.10164769,-0.25471428,0.19654626,0.08628665
20744,-4.826876,-0.32237822,-1.1363474,-0.5733444,0.049848948,0.15037806,-0.17654334,0.021711383,0.3718936,0.57821196,0.11789619
20745,-5.7641687,-0.30072945,-1.0829611,-0.78792053,-0.6988409,-0.039160453,0.34690744,-0.28598762,-0.32071713,0.4745502,0.5348597
20746,-5.9768305,0.14626737,-1.3837806,-0.4712059,0.26315862,-0.3599019,0.018168982,-0.045251235,0.124996655,0.20401958,0.39938608
20747,-6.5021005,-0.3816474,-1.7136948,-0.40734962,0.2741242,0.04417952,-0.0816189,0.14247587,-0.19065405,0.30334216,0.42729864
20748,-6.1450553,0.05281278,-0.85341436,-0.14365187,-0.039628256,-0.23913755,-0.58640814,-0.22090222,-0.5972353,0.54561,-0.076225996
20749,-6.4332004,0.096550174,-1.5844877,-0.42106697,-0.25290293,0.10602757,0.17213263,0.049096867,-0.3174082,0.17166342,0.6462012
20750,-5.511312,-0.4537782,-1.2824808,-0.9031132,-0.10683845,0.22289063,-0.18673186,-0.15428448,0.31849143,0.9959546,0.2812341
20751,-5.3761535,0.0063342983,-0.9217179,-0.77577823,-0.2572746,0.40085334,-0.04681158,-0.40490425,0.01368757,0.2868212,0.3257491
20752,-4.4926753,-0.04605582,-0.6386343,-0.3385746,-0.44955102,-0.12997426,0.257896,-0.38593397,0.006059058,0.5533073,0.30659992
20753,-4.502924,-0.14064127,-0.94693387,-0.39114422,-0.264922,0.09386111,0.04004303,-0.097243644,0.059935555,0.44811037,0.18670881
20754,-4.479346,-0.0693999,-0.63982683,-0.39290348,-0.25736699,-0.21349187,0.054323148,0.07088504,-0.42551312,0.30860394,0.3073834
20755,-4.966531,-0.24479549,-0.7730825,-0.43536067,-0.23019156,-0.1500135,0.059013687,-0.4490019,-0.17754498,0.21509513,0.3047263
20756,-5.551792,-0.18443458,-1.0682136,-0.9118813,-0.38152057,-0.39856184,-0.22305357,-0.3808884,0.17831522,0.48546737,0.6279537
20757,-5.571722,-0.10448195,-0.91523314,-0.7088212,0.089672916,0.20917115,0.119027555,-0.07901768,-0.05344738,0.19609898,-0.018510696
20758,-4.160459,-0.11929026,-0.8485991,-0.5923848,-0.1939757,0.16295186,0.118717074,-0.1605273,0.33580223,0.58361346,0.12784444
20759,-4.8707314,-0.03745819,-1.03341,-0.31403732,0.05073765,0.09456063,-0.27132204,-0.18192732,-0.066975266,0.24598724,-0.05991915
20760,-5.490568,-0.25216365,-1.1810497,-1.0254189,-0.014321065,0.27400154,-0.03159511,-0.12750693,0.08977668,0.754356,0.22716482
20761,-5.4677386,-0.21656434,-1.1242704,-0.5549893,0.11289769,-0.08591448,-0.08353292,-0.07066886,0.021479554,0.5123238,0.44171697
20762,-4.360475,-0.17666699,-1.160787,-0.342942,0.30444682,-0.11588208,-0.060211666,0.15289968,0.055037327,0.17118052,0.25559536
20763,-4.1869726,-0.20149855,-0.91062444,-0.33878443,-0.18958156,-0.1870214,-0.013706676,-0.29630032,-0.17194918,0.17827924,0.26830378
20764,-9.287142,-0.1741233,-1.5151452,-0.9581409,-0.034780633,0.16599658,-0.3690231,-0.82287216,0.54947937,1.1531068,0.393217
20765,-6.382884,-0.30213052,-1.4069817,-0.63888186,0.14012928,-0.38413548,-0.11697038,-0.008704167,0.08584714,0.3921948,0.2280224
20766,-4.6020203,-0.21782953,-0.87760586,-0.21107848,-0.19065484,-0.25815296,0.095074676,-0.23342553,-0.27383614,0.24991347,0.393242
20767,-6.7386303,-0.20576754,-1.1263251,-0.52110094,-0.1480783,0.062405735,0.29627576,-0.3298699,-0.4714731,0.72881335,0.3675899
20768,-5.2816434,-0.2457139,-1.1485469,-0.43398842,0.15131596,-0.25426257,0.011499969,0.16138549,-0.026173608,0.59290737,0.034815323
20769,-4.9472284,0.026120417,-1.036035,-0.29948643,0.17340182,0.22625206,-0.08588889,-0.32087615,-0.08384164,0.5459756,0.068603925
20770,-4.372087,0.023144908,-0.9213056,-0.16039409,0.23244406,0.02120204,-0.116756864,0.23546593,-0.13920625,0.2933502,0.103144296
20771,-6.3746843,-0.14712095,-1.3112441,-0.85686445,-0.7392485,0.50333285,0.23131995,-0.5985625,-0.170071,0.45923558,0.7249185
20772,-7.327247,0.13289128,-1.7136092,-0.6401766,-0.11759275,0.1275101,-0.30126914,-0.438082,-0.028853515,-0.029385515,0.13480847
20773,-5.885659,-0.03132063,-1.629517,-0.9066689,-0.0046196,0.09370779,-0.27505118,-0.25462577,0.16327867,0.54645616,0.56847817
20774,-5.5304494,-0.15005377,-1.1338402,-0.59145594,-0.3563136,0.04298804,0.102695584,-0.071049586,-0.0022932347,0.3182569,0.29523706
20775,-5.8580832,-0.5278976,-1.0629451,-1.0525578,-0.19643508,-0.032564454,-0.13620509,-0.51436865,0.43200746,0.41189772,0.15516315
20776,-6.0220118,-0.13382848,-1.4562507,-0.6372444,-0.2868023,-0.18654546,0.1430668,-0.03652765,-0.19343282,1.1340101,0.449563
20777,-3.9323683,0.0152905565,-0.93633354,-0.48944625,-0.0049615973,0.17510645,-0.08162956,-0.16002603,-0.15027513,0.35189325,0.35685512
20778,-5.9687915,0.06712374,-1.0760118,-0.42712063,-0.29444236,0.49963474,0.23060454,-0.08764054,-0.20699081,0.6336025,0.6665053
20779,-4.8780255,-0.30521262,-0.8700868,-0.22973639,-0.08101856,0.19322829,-0.06881313,-0.004198903,-0.4595112,0.12512866,0.20751886
20780,-5.8727326,-0.06698143,-0.9398378,-0.71998787,-0.33912897,-0.07838163,0.00040292554,-0.3974559,0.07654637,0.47141916,0.24615823
20781,-5.1425037,-0.15954638,-1.0920033,-0.52902675,0.02300591,0.11472631,0.2289706,0.1047818,-0.20482907,0.30211863,0.32688403
20782,-4.915904,-0.040153738,-0.8160967,-0.44149813,0.21285622,-0.15829118,-0.20296302,-0.15288325,-0.08629864,0.6815941,-0.04708566
20783,-4.1078477,-0.271584,-0.5506794,-0.24396169,-0.31378344,0.14592698,0.13127384,-0.32625625,-0.25537682,0.60388076,0.32101426
20784,-5.19591,0.14605919,-1.3478876,-0.42303303,0.39741108,0.16522372,-0.009237622,0.07182744,-0.14803047,-0.02523265,0.24974704
20785,-4.324885,-0.16622894,-0.62398994,-0.44486162,-0.078598596,-0.17234063,-0.09741435,-0.06932482,-0.16230603,0.35434815,0.29359326
20786,-7.865104,-0.17065907,-1.2395043,-0.6911252,-0.14388622,-0.14898297,0.08132243,-0.11934341,0.004531336,0.9826987,0.3375783
20787,-7.37298,-0.26884213,-1.583106,-0.867589,0.4248819,0.3001042,-0.3192508,-0.21414648,0.42278352,1.1526713,0.10689855
20788,-5.4064703,-0.21485208,-1.0789013,-0.9163873,-0.41917562,-0.081019305,0.15001665,-0.5647757,0.06438446,0.40902254,0.77715665
20789,-7.832133,0.1542511,-2.0233252,-0.46938124,0.0011048461,0.49447286,0.23499107,-0.54024947,-0.19385323,0.15833984,0.3240871
20790,-5.862909,-0.03403525,-1.4134223,-1.022399,0.0026609162,-0.022426644,-0.123570554,-0.43725532,0.06644402,0.7359333,0.2473844
20791,-6.453562,0.100886494,-1.0515218,-0.31146058,0.25074688,-0.26295507,-0.46008533,0.11651825,-0.25825283,0.101729244,-0.006559097
20792,-5.250056,-0.17321165,-1.0171854,-0.5588868,0.06452882,0.13734485,-0.4573046,-0.39388365,0.01672939,0.0057765283,0.23558792
20793,-6.2357187,-0.16100945,-1.2867223,-0.7070593,0.16283533,-0.0075654844,-0.039398037,-0.07378702,0.07541052,0.36801982,0.41618937
20794,-6.7435174,-0.4540833,-1.2961775,-0.46681452,-0.306793,-0.36684626,0.06520003,-0.15470223,0.032834016,0.22752787,0.66401994
20795,-5.6008277,-0.083936155,-1.1151478,-0.29187497,-0.2884301,-0.20540534,0.13581686,-0.39780062,-0.22400776,0.41048843,0.1904594
20796,-4.8567524,0.12089216,-1.4101337,-0.8096996,-0.040541656,-0.09454649,-0.04270825,-0.17729338,-0.14693761,0.4017739,0.3498099
20797,-5.892674,0.13821217,-1.5290557,-1.063756,0.11267613,-0.13017511,-0.19962154,-0.36738765,0.15797171,0.76421005,0.5555191
20798,-5.8798347,0.20831263,-1.0687807,-0.38668394,0.124581955,-0.20610817,-0.018668775,-0.1237879,-0.36635113,0.27056745,0.21564007
20799,-5.931553,-0.24044667,-1.1110632,-0.84930134,-0.6548892,0.031346414,0.27172157,-0.12117957,-0.043740958,0.68900293,0.53454673
20800,-5.897764,-0.34263247,-1.3604496,-0.6196533,0.22306871,-0.04933394,0.16293272,-0.004576179,0.14912733,0.6059766,0.1918257
20801,-5.8295665,0.003148547,-1.1219789,-0.68502027,-0.17193086,0.12904677,0.20910372,-0.4210469,-0.2709413,0.24538334,0.20066594
20802,-4.4316697,-0.009602121,-1.1506221,-0.6426238,-0.112627015,-0.20619848,-0.21083646,-0.1256315,0.1827717,0.26187786,0.4057179
20803,-6.4745035,-0.39611915,-1.2515553,-0.79135334,-0.017338058,-0.50924027,-0.35652235,0.011400733,-0.46687505,0.41595653,0.24529795
20804,-7.002833,-0.45893067,-1.3635813,-0.9001742,-0.31123805,0.43801463,0.04649568,-0.20580174,0.19623151,0.51328325,0.35204974
20805,-6.493088,-0.13459368,-1.0878111,-0.6040156,-0.3945652,0.14455043,0.21883409,-0.7929069,-0.049645007,0.6479632,0.39991334
20806,-6.51836,0.128873,-1.0716307,-0.80711293,-0.48157483,-0.31414592,-0.019599207,-0.56286097,0.14100991,0.57310474,0.58851284
20807,-4.01783,-0.15717003,-0.8724313,-0.43259573,0.34987414,-0.09503928,-0.33066997,0.06525008,-0.055432253,0.16016234,-0.09473158
20808,-5.7397776,0.08402153,-1.2607672,-0.37157902,0.17050122,0.15604575,0.11794486,-0.16493177,-0.19706842,-0.02623501,0.05535299
20809,-5.566593,-0.121285245,-1.0439526,-0.38671383,0.017579231,0.17143375,0.031357158,0.22054818,-0.16641119,0.60109675,0.37203023
20810,-7.650138,0.22211114,-1.2749982,-0.17625915,-0.22910379,0.0034835944,-0.11517619,0.007174006,-0.2895812,0.19754027,0.17919706
20811,-5.513547,0.03770567,-1.2640631,-0.6459878,-0.16087903,0.020804709,-0.04940835,-0.050137132,-0.030513471,0.78896266,0.39336786
20812,-5.099261,0.20453498,-1.1991599,-0.38254753,-0.15040624,0.4961292,-0.20420405,-0.17970839,-0.0042044595,0.23177928,0.17734808
20813,-7.1153965,0.13149455,-1.6998369,-0.80319166,0.013594548,0.002582861,-0.30898798,-0.25452837,0.016238775,0.278197,-0.039027486
20814,-4.7594213,-0.16858068,-0.69101715,-0.3084044,-0.01870591,-0.17756271,0.08131531,0.1668327,-0.2312553,0.28942898,0.31736177
20815,-5.3190174,-0.11025655,-1.4474566,-0.79571384,0.4261581,-0.0028583743,-0.3597682,-0.0037333453,0.039651252,0.2687772,0.033468742
20816,-7.6349516,-0.073054,-1.6620141,-1.0482608,0.5188939,0.16765943,-0.6021179,-0.3125842,0.1939726,1.0422314,0.2885016
20817,-5.763257,-0.13607688,-1.2906154,-0.6663587,-0.016368669,-0.2962762,0.1752912,-0.06168802,-0.012293059,0.28992915,0.24039264
20818,-6.0368676,0.18977547,-0.9710771,-0.18451147,0.04655586,0.12241876,0.05515062,-0.27247423,-0.4602392,0.118225135,0.16609858
20819,-4.378463,-0.15443358,-1.1389141,-0.80828166,-0.036904447,-0.139107,0.16040662,-0.028117886,0.0663111,0.60834813,0.09705453
20820,-7.49113,-0.05599073,-2.0359764,-0.4922443,0.0076813526,-0.12225543,-0.06915765,0.024751466,-0.11438675,0.31677628,0.38671738
20821,-4.245229,-0.14340024,-1.0279065,-0.6377274,-0.28278458,-0.07150468,0.19939435,-0.27162397,-0.007326914,0.23619093,0.18271485
20822,-4.111669,-0.16841003,-0.89050186,-0.42754108,-0.0817889,0.35392112,0.1675739,-0.09682034,-0.0754307,0.6044591,0.16881682
20823,-6.1733065,-0.39497983,-0.89318466,-1.0582907,-0.51982737,-0.120433256,0.04755449,-0.23993723,-0.17331837,0.35898292,0.7293563
20824,-7.6471047,-0.5692816,-1.1109911,-0.95389396,-0.08372561,0.26994777,0.18721588,-0.18681484,0.37447926,0.76397204,0.44927976
20825,-6.504699,-0.21836144,-1.1441224,-0.82961875,-0.43513924,0.06020456,0.4257493,-0.22373207,-0.0026151165,0.32060176,0.4533286
20826,-8.091505,-0.061092023,-1.7996292,-0.83051735,-0.14133278,-0.29311967,-0.2036082,0.057414122,0.15528926,0.6960178,0.18649408
20827,-5.7846065,-0.015615485,-1.5265679,-0.77924293,-0.06401435,0.48587525,0.10304812,-0.29655915,0.24937142,0.54709435,0.34402075
20828,-6.0557775,-0.4464405,-1.2501116,-1.0438645,-0.34513503,-0.10334031,0.08684312,-0.36378857,0.12088233,0.7062165,0.15272841
20829,-5.3369284,-0.35069337,-1.0901392,-0.6358422,-0.24608609,-0.39336896,0.154096,-0.17047454,0.00867138,0.32253104,0.52848905
20830,-5.787515,-0.10908569,-1.1920054,-0.8504008,0.09265512,-0.21600689,-0.16568086,-0.34110174,0.279166,0.8828575,0.18576674
20831,-5.696131,-0.07827414,-0.8181751,-0.79299307,0.03621107,0.015030908,0.022794377,0.036442123,-0.018888073,0.54143167,0.36785772
20832,-6.8150325,-0.5463465,-1.2466532,-0.7623551,-0.46782866,0.53489375,0.01444002,-0.6781781,-0.07985727,0.7402969,0.68642306
20833,-4.7679677,-0.2541785,-1.2221481,-0.59076005,-0.2701992,0.08142155,-0.082741775,-0.43736717,-0.024079805,0.4724223,0.082705
20834,-5.9663754,0.10389662,-1.492338,-0.38709795,0.08888707,0.16705999,-0.24204524,0.122171246,-0.033808626,0.32009372,0.2994156
20835,-5.633253,-0.074938715,-0.8516738,-0.25654972,0.21869567,-0.2341682,-0.29594132,-0.20028676,-0.10271711,0.44584596,0.394655
20836,-4.8147445,0.009925624,-1.4783491,-0.39305174,0.47919124,-0.11378498,-0.2618545,-0.050231487,-0.061274536,-0.021740343,0.07956345
20837,-4.365846,-0.04324531,-0.72727454,-0.382883,0.012781128,-0.17604373,0.049823195,-0.25809288,-0.2504829,0.283817,0.48656976
20838,-5.8914437,-0.42018768,-0.97158915,-0.4154523,-0.30946633,0.058318425,-0.17620267,-0.086938106,-0.40512002,0.56095207,0.56769425
20839,-7.0885506,-0.37428117,-1.2268047,-0.86998606,-0.26366326,-0.09289999,-0.09587312,-0.37052265,-0.16291143,1.15094,0.120988175
20840,-5.784488,-0.12073888,-0.7200822,-0.3544886,-0.3418549,-0.32825398,0.081352934,-0.27769986,-0.26596093,0.50935096,0.2712038
20841,-6.1886773,0.058112208,-0.9537499,-0.46134517,-0.58205134,-0.119384855,0.40206718,0.043743603,-0.38230112,0.38427743,0.4255484
20842,-6.392401,-0.12376812,-1.0975052,-0.6783855,-0.06346343,0.0031627128,-0.272214,-0.11179962,0.0411159,0.5661757,0.3308842
20843,-4.507436,0.11601291,-0.9715911,-0.1591697,0.014244819,-0.10116026,-0.117089696,0.0881357,-0.2888665,0.3093765,0.21966724
20844,-5.128876,0.014158698,-0.97378016,-0.40596986,-0.35110378,-0.20192164,0.22194088,-0.2600896,-0.0616173,0.56709796,0.41257685
20845,-6.580579,-0.14289628,-1.4446677,-0.8418435,0.21335177,-0.021579161,-0.24503572,-0.09814091,-0.10065984,0.9756352,0.29812992
20846,-4.133856,-0.015122932,-0.70880425,-0.29288515,0.031370904,0.17984685,0.007885679,0.019983454,0.027657729,0.57560974,0.14784107
20847,-5.147648,-0.14067705,-1.1634753,-0.35114482,0.5198442,0.13265347,-0.40845728,0.18007077,-0.043179817,-0.08469709,-0.062210284
20848,-5.2445383,-0.027898882,-0.83734435,-0.5538104,-0.18811987,-0.39250976,-0.030757498,-0.2039576,-0.31661755,0.41269612,0.2386723
20849,-6.135623,-0.16573861,-1.3326311,-0.7016281,0.2938823,-0.076829284,-0.21342938,-0.07490271,0.1376609,0.62686443,-0.12920466
20850,-4.810462,-0.12944107,-0.9290577,-0.8738969,0.0709454,0.13269137,-0.15715927,-0.13293074,0.34458253,0.4067543,0.072916836
20851,-7.449566,-0.034099344,-1.2915579,-0.61631554,0.03669429,0.042374093,-0.03915718,-0.23272198,-0.27904886,0.36652082,0.30821967
20852,-6.087733,-0.17827466,-0.9280626,-0.8368238,-0.037761956,-0.050280888,-0.11411569,-0.2754686,0.10328256,0.72402674,0.22164722
20853,-5.0790925,-0.20899688,-0.84287417,-0.6116413,-0.1845212,0.16211857,-0.113041274,-0.007993231,0.011485361,0.44588828,0.5431904
20854,-4.9487505,-0.1072776,-0.814028,-0.43844607,-0.0009487029,0.26100242,-0.0866591,-0.0782242,-0.021133611,0.16565096,0.3181318
20855,-5.9473763,-0.3600972,-1.0674353,-0.77020776,-0.79543275,-0.3894782,0.41589007,-0.017447194,-0.32503557,0.50969875,0.59500253
20856,-2.824843,-0.22163165,-0.6551795,-0.25857514,-0.017790677,0.044242796,-0.08328043,-0.02422286,-0.17054765,0.30315802,0.31688476
20857,-5.316185,-0.2140364,-0.87654257,-0.53137815,0.12093327,-0.109343216,0.022091534,0.1652123,-0.13648763,0.43063805,0.30971375
20858,-5.617429,-0.29512993,-1.1583047,-0.60438496,-0.2807789,-0.014597507,-0.50517976,-0.033124924,-0.012268206,0.43415058,0.37893143
20859,-5.542448,-0.21717249,-1.4933419,-0.5258385,-0.023781436,-0.06704225,-0.22216721,-0.0783192,0.074611194,0.435494,0.16303186
20860,-6.061862,-0.2323923,-1.0929316,-0.26516363,-0.5015963,0.28548032,0.072908506,-0.13021076,-0.093645014,0.96027696,0.50133216
20861,-6.26714,-0.35060868,-1.4074247,-0.91600275,0.16374995,0.35101426,-0.115671165,-0.01766985,0.06067977,0.68382853,0.47530147
20862,-5.2576237,-0.18169081,-1.214879,-0.50288993,0.1723134,-0.1659025,-0.3923176,0.22435166,-0.044387393,0.4154807,0.24086544
20863,-4.4177346,-0.16753232,-1.083405,-0.567679,-0.0021876846,-0.02905751,0.17583513,0.079302765,-0.24415101,0.43842894,0.44128996
20864,-6.0116467,-0.36504763,-1.2402798,-0.5586106,-0.19582622,-0.19990571,0.22002643,-0.18422818,-0.049340047,0.20525059,0.43127596
20865,-4.6596413,0.105173916,-1.1317807,-0.51894474,0.21232074,0.047161885,-0.07557098,0.023809534,0.035041675,0.41337827,0.3061286
20866,-5.9879603,0.05149326,-1.455257,-0.40513563,-0.06079773,-0.1409011,0.3167321,0.054766744,-0.121978134,0.108396,0.3790872
20867,-4.508428,0.01611446,-1.0096107,-0.39440647,-0.14001386,-0.04851495,0.086531475,0.30472708,0.0064929333,0.27303404,0.3255559
20868,-5.7383995,-0.31612027,-1.0826889,-0.47617164,-0.12449274,0.4411537,-0.06426579,-0.2661728,0.304439,0.6093479,0.42889598
20869,-6.3114996,-0.3056849,-0.99765843,-0.60391736,0.33251643,0.28379244,-0.24853007,0.15565243,-0.18365738,0.4616252,0.35650703
20870,-6.7590227,-0.14832681,-1.0601504,-0.8480468,-0.47118506,-0.0999354,0.32484198,-0.07545228,-0.32560205,0.32010308,0.54914004
20871,-4.247968,-0.023506176,-1.0055295,-0.5073456,-0.01287148,0.18004987,0.00422208,0.051001318,-0.10310257,0.20765834,0.32359722
20872,-4.986885,-0.35741943,-0.8332237,-0.34205636,-0.17058222,0.068206966,-0.080484256,-0.18091753,-0.16527288,0.43840563,0.33874422
20873,-3.8555057,0.036293574,-0.9691987,-0.41850653,-0.033471446,0.091372795,0.05119156,0.10894966,-0.016137326,0.21693604,0.39535117
20874,-5.4378786,-0.2266455,-0.74838465,-0.3457432,-0.27748445,-0.20913954,-0.110204704,-0.46933517,-0.44868985,0.3269531,0.31516147
20875,-4.406876,-0.34444013,-0.73038805,-0.48475358,0.02300924,0.19856629,-0.14778939,-0.21196987,-0.049264923,0.26813042,0.035513304
20876,-5.6507325,-0.21874811,-0.95997745,-0.52066606,0.32860407,0.36554974,0.038572956,-0.068689615,0.14266434,0.5935714,0.15289403
20877,-6.4248843,-0.31077218,-1.4088429,-1.0150143,0.14148113,0.04300506,-0.033649713,-0.2496627,0.3474421,0.56992733,0.17736882
20878,-6.9939685,-0.15280385,-1.9541961,-0.7979183,-0.25551698,0.06626655,0.16049862,-0.40434995,-0.28011087,0.37567994,0.15626699
20879,-6.005801,-0.052393,-1.4221603,-0.89942926,-0.07105453,0.16067773,0.25015506,-0.27726892,0.2724785,1.1741639,0.28444558
20880,-8.0857315,-0.42217433,-1.0541891,-1.0774747,-0.37852418,-0.25817746,0.13320294,-0.20705639,-0.10582272,1.1531016,0.25936177
20881,-5.0816326,-0.030810513,-1.0403706,-0.302844,-0.35331336,-0.0067730565,0.20424213,-0.2636266,-0.4540709,0.23180054,0.44849527
20882,-5.580715,0.04302628,-0.6488707,-0.5141946,-0.3051837,-0.29389036,0.13973704,-0.45087764,-0.27539706,0.08084316,0.44600052
20883,-5.7722874,0.11580859,-1.4432082,-0.59086555,0.16598743,-0.0495954,-0.26759392,-0.09974019,-0.29033127,0.091795646,0.0062892013
20884,-5.0623727,-0.21837322,-0.590356,-0.79290617,-0.60822386,0.033391148,-0.013406268,-0.0442494,-0.09605057,0.49381396,0.13212503
20885,-6.304445,-0.5143532,-1.1272006,-0.6237633,-0.22261368,-0.6092526,-0.46827492,-0.14634436,-0.05333353,0.41565004,0.4547558
20886,-5.801327,-0.31751147,-1.0519289,-0.3920575,-0.108717516,-0.18187624,-0.03505704,-0.33209598,-0.09605409,0.09300322,0.61952424
20887,-5.4459486,-0.18898822,-1.27796,-0.56335044,-0.16408747,0.058907926,-0.07539522,0.108899355,0.15724078,0.49591586,0.16053969
20888,-6.1328278,-0.09887093,-1.3129746,-1.0496517,0.25669467,0.021013228,0.026858848,-0.37920028,0.44008535,0.5413111,0.5761227
20889,-5.332318,-0.059402276,-1.1595638,-0.69638777,-0.20100105,0.08983188,0.0691101,0.044998713,-0.055449203,0.46452945,0.31206638
20890,-6.8107414,-0.12555447,-1.3822079,-1.0076776,0.1378428,0.29263985,-0.030328374,-0.38985842,0.11127623,0.17866674,0.29160354
20891,-5.0834656,0.13037412,-0.9620032,-0.40755984,0.19078185,0.11225476,-0.30616885,-0.206428,-0.030991169,0.45570242,-0.11783496
20892,-6.7677274,-0.26699692,-1.6568811,-0.8568715,0.22898948,0.60672385,-0.4692176,-0.40182713,0.23529473,0.6996418,0.24162285
20893,-4.6261506,-0.06960549,-0.7972626,-0.38191485,0.032928452,0.3156538,-0.13831636,-0.2007416,0.08534882,0.28171617,0.1953491
20894,-5.1257925,-0.3393779,-1.162567,-1.0640831,-0.15372223,0.09422604,-0.072583735,-0.03546053,0.42159802,0.75810134,0.50934047
20895,-7.779867,-0.32233733,-1.5660844,-0.7867451,-0.6607692,0.43450975,-0.31157765,-0.40853563,0.0822545,0.63091785,0.66082335
20896,-6.2676497,-0.087944426,-1.3998122,-0.62847835,-0.67096716,0.3691995,0.12716703,-0.14677106,-0.20516387,0.8273792,0.38373595
20897,-6.688255,-0.15326357,-1.2762923,-0.8684894,-0.42464808,-0.08575837,0.1886274,-0.59902364,-0.11526765,0.6281382,0.27967855
20898,-4.293144,0.07092713,-0.83738244,-0.18379705,0.004650145,-0.03901682,0.10477571,-0.275748,-0.18752103,0.23539676,0.37806517
20899,-5.7710757,0.07414616,-1.294605,-0.44861314,0.058851145,0.075372115,-0.09970233,-0.27963692,-0.12680632,0.07368062,0.021976933
20900,-5.8189654,0.09666463,-1.4022607,-0.34450138,0.31796944,-0.08209335,-0.1825588,0.0050573647,-0.06705045,0.06782053,0.24569346
20901,-6.793911,-0.18732053,-1.64786,-0.39391118,0.38725048,0.023768434,-0.24457313,-0.26614735,-0.14112553,0.16227667,0.10929029
20902,-4.5686765,0.0052083386,-0.77776915,-0.38882512,0.05707786,0.42058122,0.006041926,-0.24031913,0.245786,0.51074266,0.2399646
20903,-6.1847496,0.040642142,-1.6109681,-0.49034506,-0.025621926,-0.38623703,-0.12568201,0.21697128,-0.40067112,0.468554,0.20419478
20904,-4.324377,0.06786535,-1.0400062,-0.47916073,-0.27666557,-0.11675084,0.08241512,-0.25912428,0.12827119,0.16823466,0.28888962
20905,-6.1896095,-0.40695384,-1.0331167,-1.0002073,-0.13265063,0.52720016,0.112693876,-0.06794038,0.01322981,0.42055994,0.6137483
20906,-5.72741,-0.12892982,-1.2088172,-0.20201261,-0.8561944,0.1914254,0.35712793,0.113198444,-0.32686827,0.52861464,0.5982117
20907,-8.000529,-0.20007925,-1.4587078,-0.31894788,-0.073604465,0.2979427,-0.32039744,-0.23390555,0.0808734,0.36312354,0.15843661
20908,-7.0364747,-0.4930577,-1.4741701,-1.0220319,0.31020847,-0.14531718,0.014687588,-0.042396635,0.34633058,0.86350656,-0.09077361
20909,-5.300881,-0.12936226,-0.96382946,-0.38362503,0.14560127,-0.012194393,-0.12944464,0.0071482183,-0.22784245,0.3836037,0.14715704
20910,-5.7139072,-0.33309317,-1.0848347,-0.67043066,-0.24209276,-0.124584556,0.15342878,0.17748863,-0.02707524,0.81633735,0.23531897
20911,-5.0478296,-0.024237927,-1.1974698,-0.61682135,-0.19086267,0.31507212,-0.13838518,-0.2805092,-0.14276657,0.3560711,0.3204919
20912,-4.743597,-0.2991715,-0.732094,-0.27730665,-0.32155928,0.32364023,0.033870734,-0.2604745,-0.08523077,0.5755972,0.4252801
20913,-4.6347356,-0.07228757,-0.53497535,-0.3197217,-0.31880486,-0.17333202,0.011488792,0.27758178,-0.06725163,0.39405343,0.4900397
20914,-4.499741,-0.107499234,-0.65405226,-0.11080094,-0.19044073,-0.053331617,-0.07432695,-0.11131922,-0.2988072,0.47270945,0.11475598
20915,-5.8596087,-0.14931567,-0.7315735,-0.59317106,-0.8541043,0.17013037,0.13180225,0.0033341306,-0.16649991,0.40310413,0.4887323
20916,-3.118296,-0.010260957,-0.6960765,-0.35862368,-0.14825381,0.01736285,0.021443505,0.05448638,0.018743088,0.27765983,0.20708457
20917,-7.076223,-0.015633814,-1.0988503,-0.83580023,-0.6725129,-0.15826218,0.08215052,-0.38989472,-0.35690704,0.34009215,0.3248022
20918,-6.5978785,-0.36312914,-0.94137394,-0.47009048,-0.6096668,-0.31522983,0.18070026,-0.07442751,-0.26268056,0.29504985,0.9841046
20919,-5.7294874,-0.29784915,-0.9667676,-0.26486796,0.19382305,0.3138758,-0.1312806,0.2332788,-0.2529564,0.79465806,0.50618005
20920,-4.2009096,-0.17318206,-0.7555618,-0.5892144,-0.13879682,-0.2786789,-0.026116796,-0.17939892,-0.029218337,0.2275258,0.44052112
20921,-5.5155463,-0.1490709,-0.6623328,-0.61907226,-0.5800451,-0.0005049249,0.20244165,-0.5001665,-0.18721317,0.5306708,0.21369286
20922,-5.6341896,-0.13088919,-0.9212482,-0.013858727,-0.38883352,-0.35891974,0.20091826,-0.19369958,-0.39156932,0.34182993,0.4465261
20923,-5.1897473,-0.11854987,-1.3688169,-0.8212419,0.16907589,0.021594843,-0.16319878,0.07377173,0.12615658,0.61898273,0.25121143
20924,-5.794586,-0.06423476,-1.0579118,-0.8769648,-0.002836146,-0.06392193,-0.13430686,-0.4077351,-0.033230536,0.1070715,0.1737255
20925,-5.373758,-0.3331292,-0.91442525,-0.61930555,-0.4367469,-0.3967356,-0.09391343,0.011673245,-0.22190933,0.61872476,0.28713498
20926,-7.3141584,-0.0283886,-1.6592993,-1.101803,-0.13204278,-0.14769705,0.060537033,-0.2230363,-0.2571643,0.35706243,0.17718941
20927,-7.7247453,-0.024573285,-0.9230868,-0.90758896,-0.34854284,-0.018002974,0.2431567,0.0012084758,-0.23023637,0.39070675,0.76939416
20928,-6.8557434,0.023324788,-1.6910586,-0.72815895,-0.45128956,0.56177515,0.55361855,-0.40418053,-0.44591153,0.11730136,0.34768474
20929,-6.8927298,-0.2442268,-1.1903915,-0.8157018,-0.41721332,-0.05613607,0.23314674,-0.5733359,-0.2585344,0.22467431,0.5982757
20930,-7.572511,-0.4453315,-1.8960599,-1.1391749,-0.06625334,0.34618175,-0.14727607,-0.09789892,0.70987004,1.0925602,0.6259623
20931,-6.4844494,-0.19321392,-1.1212215,-0.78012574,0.55138487,0.5631239,-0.41725034,-0.48814338,0.15873115,0.4658754,0.07722938
20932,-6.0643754,0.034355655,-0.9724468,-0.49509108,-0.10838407,0.0711475,0.24453713,-0.07514006,-0.026538251,0.32256663,0.10907301
20933,-5.3041854,-0.1739279,-0.81243753,-0.534511,-0.11294249,0.20322895,0.16886812,-0.4401514,-0.050691947,0.13473238,0.36219174
20934,-5.631157,0.11052267,-0.844154,-0.5468375,-0.20212728,0.07431797,-0.010802942,-0.09134421,-0.26429158,0.4570249,0.34624723
20935,-4.8034263,-0.3708163,-0.6467675,-0.5429165,-0.22231822,-0.24882995,-0.04269527,0.0647341,-0.40698975,0.1886649,0.1664275
20936,-5.2489944,0.03728043,-0.9779287,-0.3412977,0.43456736,-0.11386998,-0.5234644,0.037806578,0.041253284,0.3689555,-0.115708195
20937,-5.543292,-0.31441638,-1.315275,-0.6716627,0.15173523,0.29073524,-0.44430336,-0.41472545,0.23467922,0.43960562,0.20922503
20938,-6.4608045,-0.2785607,-0.9963499,-0.74710304,-0.383333,0.2335742,0.19235747,-0.1426981,-0.07735483,0.24844265,0.39659524
20939,-6.2346487,-0.22276458,-1.3602709,-0.29052305,0.05783667,0.2665847,0.0573752,-0.2557153,-0.052009694,0.20111565,0.2512124
20940,-4.83702,0.12949379,-0.9005801,-0.23221877,0.034856804,-0.06149763,0.05829354,-0.08537612,-0.1319409,0.41679567,0.14568853
20941,-6.400768,-0.14127648,-1.8437304,-0.6868541,0.2420939,0.17386782,-0.42098424,-0.095849425,0.23608273,0.44249043,0.022675402
20942,-7.8799996,-0.3539506,-1.5086967,-0.62834406,-0.30204526,0.08842729,-0.16471103,-0.16593838,-0.46311224,0.63469636,0.4635045
20943,-4.682104,-0.08934252,-0.5928551,-0.37567672,-0.5345191,-0.21022813,0.20688285,-0.058174483,-0.39896703,0.3688856,0.3684164
20944,-5.3797665,0.037225705,-1.2579943,-0.7876381,-0.10035769,-0.109153114,0.25096235,-0.03790313,-0.00895091,0.87246364,0.09086497
20945,-4.4332075,-0.22900298,-0.67892855,-0.64849615,-0.27680978,0.07643957,-0.00459027,-0.26473895,0.058434494,0.46513876,0.3083387
20946,-6.8330307,-0.0150935585,-1.0683326,-1.02168,-0.3592515,-0.35447967,-0.05691863,-0.052474894,-0.106063776,0.86542004,0.39238968
20947,-5.221962,-0.06252656,-0.8468316,-0.4380205,0.15219702,-0.019167319,-0.08876418,-0.29329067,-0.2620462,0.28953195,0.28077546
20948,-6.999264,-0.18784723,-0.9968017,-0.8102278,-0.27638668,0.36333042,0.013896289,-0.42454138,-0.07780053,0.03706335,0.36250678
20949,-5.3027406,-0.11619912,-0.8182528,-0.48278522,-0.4051153,-0.064778775,0.1454215,-0.11927468,-0.05111005,0.43891636,0.48636648
20950,-7.596519,-0.12304117,-1.5836105,-1.1027396,0.07802277,-0.22711581,-0.4753921,-0.70538735,0.31215197,0.85519874,0.49652126
20951,-5.8599186,-0.17314698,-1.6747371,-0.39316893,0.16083468,0.09537852,-0.035627507,0.26834095,-0.039960705,0.48731595,0.33611605
20952,-5.78085,-0.30491167,-1.2003598,-0.80784863,-0.1628612,0.01252176,0.04661285,-0.25781897,0.077576526,0.49773932,0.20641674
20953,-6.239674,-0.2014571,-1.1290687,-0.67373145,-0.58260727,-0.16783507,0.0018956056,-0.28705618,-0.23531277,0.21346131,0.6804598
20954,-7.5469155,-0.16573189,-1.4771523,-0.76358914,0.45244518,0.19223094,-0.34939256,-0.06782751,-0.012442019,1.1329284,0.1921645
20955,-7.783562,-0.07179628,-1.757224,-1.0075793,-0.5095104,0.10533528,-0.12754136,-0.13526745,0.18172324,0.9669229,0.4993922
20956,-4.9749775,-0.19798867,-1.1529641,-0.65307343,0.0030769748,0.4064597,0.36378402,-0.11152928,0.15698187,0.6962718,0.27362433
20957,-5.869337,-0.3091598,-0.96458244,-0.86793125,-0.59154534,0.18606268,0.32923242,-0.4724202,-0.04965782,0.569622,0.69387233
20958,-6.1445656,-0.3127864,-1.1817884,-0.59046227,-0.4374482,0.24522318,0.1941492,-0.047443256,-0.030260416,0.62970465,0.36758736
20959,-5.7710385,-0.43899614,-1.1444247,-0.76035476,-0.31760287,0.015049104,-0.038688842,-0.1424255,-0.16841775,0.33779636,0.28149575
20960,-6.2298794,-0.11474412,-1.1602758,-0.7172648,-0.26368746,0.62873834,-0.22570185,-0.25425,-0.0062314123,0.74906725,0.29183236
20961,-4.3219056,-0.18450199,-1.1942108,-0.46942747,0.08735103,-0.016403742,-0.05014324,0.12843111,-0.01994172,0.40807393,0.29425085
20962,-5.9026403,-0.26931113,-1.2753161,-1.0493782,0.10864988,0.097400956,-0.2019749,-0.564618,0.45209947,0.6817191,0.2886931
20963,-5.0342336,-0.16649652,-0.9055899,-0.268513,-0.025774246,0.25486487,0.10622873,-0.22473587,0.082065105,0.39462966,0.20458813
20964,-6.036714,-0.116500646,-1.2061386,-0.6002634,-0.29020426,-0.024377022,0.07860564,0.1968252,-0.15247591,0.42059955,0.8618046
20965,-5.9588647,-0.02715585,-1.18385,-1.0126914,-0.0043984675,-0.21135855,-0.040999446,-0.37165886,0.23848414,0.5520166,0.41752896
20966,-5.243408,-0.3169414,-0.92131174,-0.5495688,-0.26444048,0.011034593,-0.35791847,-0.16954216,-0.07255741,0.53276783,0.4200678
20967,-4.803278,-0.17751104,-1.322457,-0.55365473,0.2039246,-0.09725138,-0.366061,-0.11527597,0.4362675,0.33117524,0.32847035
20968,-5.924311,-0.036849,-1.1846784,-0.51659983,-0.32908797,-0.34753817,0.18036821,0.21668753,-0.4116746,0.27576086,0.6266253
20969,-3.9995713,-0.27159062,-0.81727,-0.66731715,-0.068223745,-0.09918357,-0.061351806,-0.18411522,0.06970408,0.1538832,0.30725515
20970,-4.10032,-0.09049059,-0.8083474,-0.29658997,0.3478757,-0.14407042,-0.23135395,0.1006983,-0.2131821,0.12795192,0.04815631
20971,-5.9884405,-0.019232627,-1.4586451,-0.48424888,0.26076764,0.042181388,-0.28811565,-0.21456483,-0.2846728,0.4723215,0.04212394
20972,-5.3164353,0.09753148,-0.819051,-0.23859055,-0.06420194,0.12491996,-0.07617159,-0.1635717,-0.1766586,0.18105237,0.3012307
20973,-4.7691617,0.037177492,-0.73084044,-0.4350764,-0.33232015,-0.16455273,-0.04267132,-0.097263575,-0.3276481,0.48753992,0.22119989
20974,-5.726365,-0.16516571,-1.1318768,-0.43787944,0.16065057,-0.026483513,-0.14565136,0.32659826,-0.059971385,0.17528015,0.18326046
20975,-4.859873,-0.1205315,-1.1118153,-0.6774314,-0.21029206,-0.1911945,-0.15607491,-0.26315007,0.12830086,0.6443601,0.24638508
20976,-5.6417856,-0.08707734,-1.1585375,-0.53117687,0.004619964,-0.30635107,-0.24398987,-0.04333683,-0.1454442,0.51614887,0.34423572
20977,-5.320878,0.090264894,-0.87266284,-0.40282014,0.05893589,-0.03963981,0.29892495,-0.082403906,-0.028654335,0.29127997,0.14271879
20978,-5.47805,-0.18490289,-0.79891217,-0.7342677,-0.23454784,0.13603623,-0.02980851,0.058683656,0.11134653,0.5783809,0.25610745
20979,-6.69035,-0.23573102,-1.398116,-1.2419521,-0.17442529,-0.1118492,-0.21981281,-0.38433385,0.1316874,0.2745343,0.15173198
20980,-6.164215,0.03294552,-1.3071476,-0.35558707,-0.18271336,-0.018055223,-0.008322337,0.0511775,-0.16616121,0.124187455,0.18617737
20981,-7.556515,-0.10692081,-1.8052962,-0.6866647,-0.27338883,0.22958347,-0.28122246,-0.47047204,-0.21687587,0.3726759,0.35515276
20982,-5.3914385,0.027625304,-1.1705699,-0.62723225,0.2455238,0.08689964,-0.12651639,-0.11883848,0.17503594,0.2576053,0.27851716
20983,-6.531586,-0.3343507,-1.2758516,-1.3059338,-0.28069204,0.14199519,-0.02602075,-0.6344512,0.694063,0.77070695,0.7624241
20984,-5.5992665,-0.07671225,-1.1576655,-0.45006084,-0.14274275,-0.23387718,0.013996081,-0.4165285,-0.24911924,0.25042626,0.12704353
20985,-6.500616,-0.11260451,-1.096062,-0.7960884,0.06249051,-0.17800982,-0.40064308,-0.09192572,-0.02137064,1.0033034,-0.0047869748
20986,-7.7630305,-0.41498876,-1.5294546,-1.1886287,0.31837776,0.28302675,0.02224785,-0.42904088,0.20230606,0.45245457,0.2418569
20987,-5.59266,-0.16721818,-1.1789593,-0.41670772,-0.12634449,0.05522032,-0.225925,-0.39690065,-0.18065736,0.25151628,0.016972192
20988,-7.1487346,-0.1496517,-1.6920033,-0.30526772,0.2662199,0.3486001,-0.2664145,-0.2799439,-0.06874074,0.13429448,0.017323121
20989,-5.0563865,-0.13676782,-0.8791016,-0.650346,0.07622328,-0.17242923,0.1933197,0.30164975,-0.016431121,0.424258,0.19614084
20990,-5.1823,0.041445468,-0.8108731,-0.3912712,0.22909482,-0.36171848,-0.1947374,-0.23168167,-0.06707766,0.30624804,-0.005066517
20991,-5.046604,-0.047059618,-1.2324315,-0.36520794,0.21693674,-0.18963824,-0.22513063,-0.08576576,-0.10151063,0.48104194,0.25024602
20992,-6.29905,-0.46664643,-1.0226989,-1.1035345,0.018257929,-0.025434103,-0.2072961,-0.23655537,0.278959,0.6751802,0.5056214
20993,-5.2136717,-0.35166663,-0.7401014,-0.59120965,-0.06615978,-0.1497142,-0.1499399,-0.21898353,-0.19998568,0.55450493,0.0012846459
20994,-6.1954274,-0.0013669422,-1.2063535,-0.7349995,-0.24220109,-0.008783637,0.10190411,-0.03516248,0.017221583,0.8960179,0.4100687
20995,-4.900413,-0.017668728,-1.2612001,-0.5955562,-0.04297909,-0.033939075,-0.010980087,-0.28348735,-0.05452992,0.47111458,0.5778636
20996,-5.8659525,-0.31360528,-0.988366,-0.9686654,-0.0047234423,-0.25053382,-0.1739247,-0.18100572,0.28385898,0.6391829,0.16270909
20997,-4.811775,-0.34959486,-0.7287293,-0.49140894,0.14445062,-0.22490276,-0.24521019,0.11941625,-0.094461046,0.43753612,0.105052315
20998,-8.015782,-0.37341827,-1.5091586,-0.6946096,-0.5518625,0.2201391,0.43092746,0.53197783,-0.30328828,0.4990026,0.6909432
20999,-5.572414,0.039677754,-1.333792,-0.53844255,-0.3166871,-0.16091608,-0.20266405,-0.013640951,-0.009230021,0.5167865,0.40275514
21000,-6.218531,-0.308842,-0.936388,-0.516239,-0.8268755,0.5016919,0.37792024,-0.3259958,-0.2607747,0.5846212,0.6826081
21001,-3.5207167,-0.099463895,-0.6936637,-0.10819851,-0.20318152,-0.0974041,-0.09489712,-0.02018027,-0.11643346,0.043774966,0.2343067
21002,-6.2371655,0.13138671,-1.4844707,-0.5181553,-0.0054022134,-0.05077795,-0.17063317,0.32108068,0.003394233,0.51109743,0.2324003
21003,-4.8835177,-0.16390651,-0.53704655,-0.4755817,-0.3199935,-0.0304039,0.06433281,-0.13147974,-0.25267124,0.22672985,0.24171954
21004,-5.268173,-0.30092916,-1.0556448,-0.57606566,-0.38097093,-0.08058119,0.04476043,-0.13591078,0.16351883,0.43049887,0.30935326
21005,-5.330954,-0.1927754,-0.93466944,-0.4017713,-0.28995323,-0.23437177,0.00499068,-0.17481397,-0.3719076,0.43836194,0.2138437
21006,-5.4687915,0.11421357,-1.1787113,-0.4518176,-0.03111506,-0.031715333,-0.06869127,0.017641362,-0.11414626,0.45693293,0.4027942
21007,-6.341302,-0.19274732,-1.4344006,-0.668617,-0.4109326,0.19538757,0.25357062,-0.122442,0.13856399,0.4513699,0.49378726
21008,-6.093547,-0.22383304,-1.1100172,-0.68377954,-0.37109765,0.43834794,0.20650533,-0.26983353,0.35988387,0.67121613,0.6353618
21009,-5.357472,0.002815947,-1.2073125,-0.61937857,0.02294697,0.12696937,-0.050388277,0.10409043,0.12908143,0.44222084,0.19601096
21010,-6.1763654,-0.06079455,-1.2439237,-0.6259986,-0.0910877,0.26808274,0.08414035,-0.9365609,-0.16584218,0.31444725,0.109157085
21011,-7.031397,-0.31764814,-1.4736599,-0.5508402,-0.09984397,0.11728392,-0.2170066,0.22567724,0.033173654,0.59481966,0.5357058
21012,-5.0148883,-0.30909443,-0.83420366,-0.39224195,-0.19826642,-0.030980572,-0.015267349,-0.41352078,-0.23243089,0.26430055,0.19460939
21013,-4.8647037,0.022132138,-1.0617769,-0.77025384,-0.05189711,-0.052652176,-0.046128284,-0.597413,0.0054603852,0.37415782,0.45859477
21014,-5.608384,-0.25311768,-0.9395409,-0.43507528,-0.339137,-0.0136563815,0.15451008,-0.45214733,-0.519513,0.30336228,0.5607869
21015,-6.827084,-0.30230066,-1.1885792,-0.7735481,-0.16204256,0.51973116,0.26133627,-0.11428041,0.040896524,0.50548375,0.5126323
21016,-8.041575,-0.3000968,-2.0336742,-0.89982134,0.7710168,-0.17531364,-0.5687607,-0.2125132,-0.04196255,0.32964176,0.0063301167
21017,-5.7019143,-0.12166546,-0.7141781,-0.641351,-0.3727779,-0.027742215,0.349403,-0.08598687,-0.27653638,0.32590023,0.11659974
21018,-5.0435123,-0.31167042,-0.93408805,-0.19103728,0.23429342,0.14331114,-0.2481911,-0.096474856,-0.099557295,0.40980405,0.101183206
21019,-6.946125,-0.009898529,-1.278813,-0.29644257,-0.44390303,0.19049299,-0.2970127,0.28913838,-0.1680077,0.33322525,0.25103706
21020,-5.888133,-0.16415757,-1.3595959,-0.93380094,-0.22939958,0.03570108,0.39157924,0.1801098,-0.08097825,0.6968362,0.38247496
21021,-6.616716,0.07564489,-1.2772291,-0.7983406,-0.46235237,-0.10745898,0.25660253,-0.41339645,-0.0069808587,0.3772466,0.2708907
21022,-7.1656113,-0.6249848,-1.418226,-0.7127669,-0.63527393,0.26930207,0.24406254,-0.15809326,-0.034059733,0.8864168,0.8356332
21023,-8.400348,-0.31554016,-1.1741168,-0.9099498,-0.54544777,-0.37545854,-0.09950065,0.051214963,-0.2478991,0.74618113,0.7658703
21024,-7.0958066,0.07490465,-1.5870521,-1.03462,0.10554886,0.19663194,-0.27175522,-0.13482712,0.38151076,0.44405168,0.46049365
21025,-4.512969,0.05726439,-1.074965,-0.5209178,0.09233837,-0.23558988,0.028910492,-0.034906656,-0.00056954846,0.15307346,0.24162889
21026,-6.7795205,0.06488576,-1.0117722,-0.9451197,-0.14509422,-0.017785735,0.40205514,-0.44702435,0.07522197,0.21487315,0.54877734
21027,-6.4082656,-0.30412236,-0.9383924,-0.9922625,-0.21667877,-0.1758053,-0.33465323,-0.675208,0.31635264,0.3218319,0.61970115
21028,-5.344463,0.07554078,-1.2102684,-0.4716352,-0.03516838,0.2846818,-0.14836612,-0.011373088,-0.11470857,0.19131222,-0.09602285
21029,-4.9807987,-0.19671187,-0.92983735,-0.6763718,-0.31331724,-0.03869656,0.0190509,0.17728409,0.0044749603,0.26052567,0.31424546
21030,-6.282054,-0.25093034,-1.0786544,-1.1836295,-0.20849138,-0.12382476,0.13246316,-0.8105239,0.19297788,0.36510703,0.4415652
21031,-5.6038723,-0.22472,-1.0338415,-0.8466321,-0.25709605,-0.02445469,-0.105267465,-0.23213342,0.13484205,0.17928693,0.5821228
21032,-4.8974648,-0.08853227,-0.9014794,-0.5481289,0.26112518,-0.16980436,-0.19967663,0.07208513,-0.072618715,0.28285462,0.026948003
21033,-5.0350566,0.034191474,-0.96954894,-0.28606576,-0.15459575,0.08944011,0.24130853,-0.112527,-0.09707131,0.20891944,0.24995387
21034,-7.477659,-0.4881004,-1.0656699,-0.48011294,-0.6183042,-0.31818795,0.11309956,-0.21898985,-0.2898658,0.20973288,0.66981566
21035,-5.4892406,-0.19647226,-1.11297,-0.5368589,-0.16038553,0.1872512,-0.08465273,-0.39183033,0.16675696,0.43339518,0.29629236
21036,-5.6685996,-0.044332493,-1.0652282,-0.5257171,0.030240953,0.09499159,-0.13408184,-0.3311469,-0.15959711,0.37362206,0.13859205
21037,-4.5573654,-0.13957645,-0.6908287,-0.46571535,-0.04884043,0.061592188,-0.197838,-0.3201483,-0.15376227,0.61869735,0.03975901
21038,-4.700093,-0.1647134,-1.1112212,-0.46644568,-0.018663973,-0.0065542003,-0.1379697,-0.08952483,0.14963372,0.41774577,0.22554173
21039,-6.201464,-0.14416236,-0.8618881,-0.5043974,-0.4068649,-0.53939646,0.2114604,-0.002005145,-0.19192939,0.28919503,0.5312044
21040,-7.4723525,-0.18616165,-1.6302593,-1.0084369,-0.13370778,0.1505265,-0.054850355,-0.5057913,-0.026103532,0.43163747,0.22621822
21041,-6.433877,-0.49976495,-1.5314615,-0.9092604,0.6936247,0.20723929,-0.5681265,-0.22893603,-0.09701267,0.48492557,-0.03962146
21042,-6.2428284,-0.030653339,-1.6824212,-0.35165647,-0.20484458,-0.09491805,-0.24374215,0.043317273,-0.26697433,0.47029918,0.5797156
21043,-6.336666,-0.02790387,-1.352583,-0.6954506,0.029779697,0.40087104,-0.06487463,0.06934246,0.026259013,0.67386186,0.15163971
21044,-5.151932,-0.22139518,-0.8513917,-0.7440704,-0.22153386,-0.26453805,-0.17690986,-0.036007524,0.0015979111,0.3342684,0.30045673
21045,-5.401791,0.09872722,-1.3801786,-0.8740939,-0.22254165,-0.3338167,0.056192275,-0.21985419,-0.18016654,0.29135054,0.3935248
21046,-6.0602098,-0.18953393,-0.88497454,-0.7314886,0.029586904,-0.18289493,-0.009054369,-0.0665164,-0.004085675,0.4560888,0.52982795
21047,-7.592726,-0.21434578,-0.8970683,-0.90343624,0.03992089,-0.26046306,0.25583336,-0.22555254,-0.04501932,0.054810043,0.6529137
21048,-5.6698027,-0.2607785,-1.3891549,-0.71752495,0.045038562,-0.299735,-0.14491962,0.11562194,-0.124088645,0.648459,0.24155293
21049,-3.3007324,-0.107731216,-0.75017864,-0.50715303,-0.051145937,-0.006136355,-0.24270989,-0.1277272,0.1271883,0.4171218,0.058442887
21050,-5.7143373,0.08594745,-0.9186516,-0.7100763,-0.2448858,-0.23992674,-0.08472209,-0.3389784,0.122510955,0.5369793,0.30887118
21051,-6.1102242,-0.14492434,-1.2611054,-0.73940504,-0.0370144,-0.016824035,0.21325271,0.017521247,-0.06232836,0.54241306,0.51280624
21052,-5.619217,-0.1825114,-0.939988,-0.5914511,0.2681258,-0.26588422,-0.16766489,-0.3186448,-0.103417434,0.15350136,0.13899611
21053,-6.968146,-0.38858816,-1.0934173,-0.749864,0.084662914,0.22753718,-0.26094815,-0.23932648,0.1333963,0.7306023,0.5802215
21054,-5.2921515,0.19319747,-1.0901525,-0.46346697,-0.0034372783,0.1300197,-0.27063823,-0.20629641,0.0880871,0.3914965,0.02888279
21055,-5.699888,-0.070598856,-1.2870256,-0.82462543,-0.2194322,0.059801474,-0.07347531,-0.11923415,0.1026938,0.49247798,0.8519338
21056,-4.3699374,-0.07076656,-0.94599193,-0.5896392,-0.560926,-0.060499072,0.10667501,0.031056462,0.1116669,0.32293507,0.76374066
21057,-4.211079,-0.3101264,-0.9062814,-0.25735533,0.009910592,0.12042537,-0.06780671,-0.0015305541,-0.09621683,0.31786126,0.27545753
21058,-5.682641,-0.445447,-1.4655526,-0.94935495,-0.10366271,-0.12054886,-0.07918569,-0.30918545,0.24921983,0.5743973,0.345264
21059,-4.871479,-0.024852965,-1.2314408,-0.3989093,0.027878284,0.19816455,-0.2888361,-0.32305202,-0.117515236,0.29229298,-0.048081756
21060,-5.5826645,-0.03494256,-1.2802386,-0.81926864,-0.029510336,0.028798362,-0.07715043,-0.052638844,0.309524,0.5523497,0.26480684
21061,-4.8691697,-0.08263635,-0.87976503,-0.53103447,0.17120865,0.06888728,-0.07426076,-0.073365405,-0.06349636,0.4100318,-0.14909293
21062,-4.930993,-0.19457652,-1.1368678,-1.0257206,0.24894652,-0.02321405,-0.3198514,-0.26232976,0.18502432,0.21182363,0.066041574
21063,-5.3946667,-0.016490187,-1.0307553,-0.5121755,0.16729185,-0.058384754,0.06361171,-0.11828398,0.051574804,0.5738952,0.3847715
21064,-4.290377,-0.20624079,-0.96128535,-0.30403644,-0.15324852,0.19738011,0.013304919,-0.33039832,0.04092084,0.6265057,0.062074915
21065,-5.4011602,-0.056136128,-1.0892173,-0.72604597,-0.10486502,0.17594273,-0.05083546,-0.09258057,-0.036482684,0.3823459,0.34478685
21066,-4.469593,0.12289119,-1.0919509,-0.658618,-0.30407816,0.35682338,-0.11324827,-0.62791693,0.22659534,0.39606777,0.15632598
21067,-6.023089,-0.08653152,-1.0930746,-0.3293939,-0.2406186,-0.226448,0.13807714,-0.069234125,-0.081165254,0.3127341,0.40603432
21068,-5.4929504,0.21276416,-0.9831617,-0.6352938,0.015946897,-0.41691136,0.0046798596,-0.4288463,-0.306595,0.0024244674,0.2560913
21069,-5.796372,-0.19450039,-1.0467112,-0.85779244,-0.35405076,0.19667393,0.20425965,-0.45339593,0.14116478,0.76254404,0.6126406
21070,-5.2088275,-0.1131127,-1.2118783,-0.7277859,0.19401507,0.28839082,-0.08369452,-0.4919698,0.37671256,0.36076808,0.21195087
21071,-5.0363812,0.040245708,-1.2817285,-0.47543886,0.13197778,0.16887027,-0.080403745,-0.07833346,-0.009676108,0.34585598,0.27164096
21072,-3.6735303,0.076244526,-0.66151375,-0.45573542,-0.17951128,-0.16316655,-0.09382271,-0.2494835,-0.0016045365,0.33309627,0.20996708
21073,-6.662455,-0.02848266,-1.2130293,-0.26360238,-0.23960015,-0.13217244,0.06430893,0.05597063,-0.25350153,0.7133285,0.15004922
21074,-6.3933015,-0.09483229,-1.3539104,-0.63113356,0.23713686,0.09820829,-0.13867146,-0.3415325,0.24416216,0.52273494,0.31168598
21075,-6.7563725,0.13091384,-1.3391106,-0.4460143,0.43800423,-0.018272072,-0.37117183,-0.03600297,-0.31666592,0.074655116,0.092835136
21076,-5.569613,-0.07568687,-0.98037666,-0.41452712,-0.11309394,-0.23975512,-0.097983025,-0.25395083,-0.14553206,0.06179358,0.3115725
21077,-4.7451754,-0.026775252,-0.87668574,-0.45260558,0.083375394,-0.060595527,-0.007824485,-0.15055242,-0.0711633,0.1352236,0.06066629
21078,-5.0598173,-0.26459172,-0.71364146,-0.45842773,-0.19464542,-0.09270211,-0.095118865,-0.04473204,-0.1561103,0.38295212,0.14987445
21079,-5.6721945,0.06029982,-0.68040997,-0.56740963,-0.47342,0.07219823,0.49260283,-0.27261737,-0.15335302,0.29455206,0.31746247
21080,-5.2671685,-0.006179883,-1.162528,-0.2765565,-0.25122896,0.011870561,0.05405655,-0.18963026,-0.054587506,0.61139375,0.20925632
21081,-5.0231347,-0.15739736,-1.3269053,-0.56956965,0.45300883,-0.04025503,-0.27107975,-0.039066307,0.10031403,0.10879501,0.15727796
21082,-6.965422,-0.16138513,-1.6225883,-0.88402385,-0.4708992,0.065435946,0.45770362,-0.29373834,0.25823933,0.61332643,0.3225815
21083,-5.573246,-0.12434636,-0.91605383,-0.5930897,-0.35171402,-0.05580637,-0.19552961,0.021551043,-0.24267487,0.48992077,0.15079889
21084,-5.8194385,-0.1975092,-0.9598683,-0.5637762,-0.09369719,-0.18225378,0.016525846,0.0020977631,-0.09938889,0.31705713,0.32091632
21085,-5.355788,-0.001018526,-0.90469706,-0.5054353,0.07508685,-0.28550333,0.088406116,-0.22246984,-0.1322521,0.29790324,0.20839538
21086,-6.08568,0.072541736,-1.5276845,-0.18748568,0.0022116113,0.525753,0.040747296,0.15269499,-0.14403905,0.570985,0.35029718
21087,-5.6778927,0.113991916,-1.0823803,-0.32427034,0.058016706,-0.11653793,-0.10138631,-0.25107315,-0.12277107,0.30003697,0.1619268
21088,-4.98263,-0.3467007,-0.8867612,-0.59759223,0.08505302,0.18792595,-0.113801286,-0.44888663,0.007836032,0.0528221,0.2069873
21089,-4.5258384,0.009066296,-0.80127347,-0.44021094,0.2790387,-0.31826764,-0.31117967,-0.21709685,-0.24343692,0.18679357,0.0797614
21090,-5.9016976,-0.1997222,-0.5712554,-0.73350674,-0.3171743,-0.25775665,0.57409954,-0.0044314675,-0.022968339,0.20834033,0.46746314
21091,-3.800934,-0.30958012,-0.593047,-0.5454601,-0.358353,-0.178079,-0.058538467,-0.08734731,0.023357037,0.28064668,0.3451845
21092,-5.778394,0.0014181165,-1.1507442,-0.64230025,-0.009639382,0.51491725,0.08464063,-0.541703,0.41824836,0.7959256,0.17160112
21093,-5.33532,0.15562974,-1.3826063,-0.34469524,0.05566046,-0.2877131,-0.01066226,-0.04066091,-0.07099595,0.10971846,0.37278348
21094,-5.9277215,-0.7687508,-1.5598919,-0.7467035,-0.194952,0.34650993,0.11523386,-0.010010917,0.20486717,0.6863992,0.7054566
21095,-5.023302,0.03593762,-1.0148411,-0.7411628,-0.074016355,-0.103411905,0.3583451,-0.2842485,0.22559416,0.58061934,0.4263584
21096,-5.2012196,-0.17486785,-0.93945074,-0.19766305,0.39138728,0.1627068,0.086652346,0.32897803,-0.13526931,0.47408384,0.21386085
21097,-6.364544,-0.12562867,-1.2589221,-0.8075805,-0.70181954,0.05472864,0.3622265,0.22100984,-0.18164887,0.7615466,0.6562703
21098,-6.2851763,-0.08630153,-1.0479391,-0.6185389,0.032540828,0.19734271,0.08290286,0.16212812,-0.33566594,0.6044641,0.53720856
21099,-6.599421,0.021369198,-1.2282014,-0.5054631,-0.085336775,0.33678865,-0.00693548,-0.14766349,-0.17795914,0.1328253,0.41651192
21100,-3.962373,-0.18742749,-0.96013945,-0.39084685,-0.2308742,-0.012347801,-0.15538473,-0.27675828,-0.04456117,0.2909587,0.19909638
21101,-5.8291283,0.074079506,-1.03186,-0.5996372,0.004105813,0.3777758,-0.27335674,-0.34733152,-0.18969621,0.70099884,0.2603724
21102,-5.7970095,0.034009703,-1.2537637,-0.47869694,-0.18614255,-0.039804004,-0.11064188,-0.16204543,-0.11706887,0.60187674,0.2568847
21103,-4.8803945,-0.3234484,-0.85643685,-0.5347547,-0.5473973,0.053271558,0.07536906,-0.29611778,-0.049258754,0.37683526,0.18180047
21104,-6.612145,-0.19705763,-1.0235583,-0.7919337,-0.39745006,0.31836987,0.072612256,-0.52243495,-0.028765207,1.0246259,0.61088026
21105,-7.510619,-0.61518663,-1.4512684,-0.6914467,-0.28218105,-0.26054883,0.5288007,0.25321132,-0.37236118,0.8312866,0.32487327
21106,-6.1050444,-0.17455062,-0.91469383,-0.5106108,-0.2929253,-0.021968845,-0.14361806,0.042801164,-0.044327676,0.59284997,0.38876626
21107,-7.792734,0.2213748,-1.5605605,-0.6825211,0.094529316,0.078807786,-0.04680478,-0.16390301,-0.13118362,0.4408328,0.46382535
21108,-5.053263,-0.3342933,-1.4971061,-0.7269539,0.15857588,-0.033649687,-0.25400233,-0.076770656,0.13923371,0.46068463,0.28739393
21109,-6.0774918,-0.23140532,-1.7414944,-0.9797925,0.19667919,-0.017303241,-0.075553514,-0.43063498,0.19230062,0.72031015,0.16719909
21110,-4.869276,-0.19550739,-0.8653724,-0.54498357,-0.50573677,-0.23369268,0.25137505,0.031141816,-0.3557708,0.4568514,0.3235814
21111,-5.440354,-0.26791862,-1.0382944,-0.7889048,-0.048733283,-0.06839999,-0.031116158,-0.35018018,-0.19331339,0.5353115,0.17617132
21112,-5.025075,-0.13879098,-0.8629245,-0.4804229,-0.19328775,-0.24976806,0.13721669,-0.029499328,-0.0558244,0.09921917,0.30558875
21113,-6.7540727,-0.21911079,-1.2892026,-0.90010494,-0.19620112,0.10363087,-0.44203547,-0.1911864,-0.10897128,0.41895336,0.26429614
21114,-5.7817044,-0.076286115,-1.0497521,-0.1965059,-0.4169949,-0.106314704,0.13233037,-0.38523084,-0.14028406,0.4495151,0.56162506
21115,-7.0735474,-0.34767383,-1.1679083,-0.8539411,-0.62618184,0.17101821,0.25161955,-0.5370467,-0.5185023,0.40965572,0.7545314
21116,-5.67401,-0.20759884,-0.8078775,-0.4009301,-0.27806583,-0.04268906,0.18968743,0.06631694,-0.14006142,0.614382,0.40405792
21117,-6.6723237,-0.13483052,-1.5913891,-0.66909844,-0.035568565,0.29987007,0.40334177,-0.20096226,0.22631249,0.92312384,0.25440446
21118,-6.698185,-0.17542216,-1.6035445,-1.0650069,0.09694179,0.06720346,0.03300911,-0.50726235,0.12950921,0.3129001,0.30093226
21119,-6.0562663,0.24927753,-1.3152245,-0.30819234,-0.061138593,-0.12782441,-0.102613136,0.15857755,-0.21835837,0.26350236,0.19447576
21120,-6.90846,-0.19641118,-1.6547518,-0.6584126,-0.20335126,0.1738794,-0.45095015,-0.665352,0.08844925,0.2635562,0.36759025
21121,-5.079357,-0.11360182,-1.3120923,-0.81737375,-0.097337104,-0.022915054,-0.05701506,-0.24017411,0.011955139,0.2691763,0.6379312
21122,-4.3466682,-0.169783,-1.2127905,-0.34902433,0.06865464,0.18756524,0.042427313,-0.1748118,-0.09999197,0.47057128,-0.09853272
21123,-7.207955,0.08864645,-0.9655467,-0.3880436,-0.28774494,0.16625217,0.042396553,-0.9008755,-0.26405194,0.013530891,0.40899298
21124,-5.7106957,-0.059474874,-1.2851729,-0.38275805,-0.12154586,-0.25586373,0.09763326,-0.098161675,-0.3239989,0.22974713,0.35568643
21125,-7.085883,-0.12102854,-1.4249611,-0.82469696,0.1280588,-0.108993664,-0.18061809,0.102356076,0.03218419,0.53735864,-0.055060595
21126,-4.8162932,-0.037213475,-1.2228117,-0.49945694,0.014887102,-0.15350465,0.009267898,-0.18828101,-0.16265616,0.5625542,0.06778176
21127,-6.8020887,-0.2815994,-1.2013172,-0.9035268,-0.4811361,0.08514616,-0.026980288,-0.11197494,0.19512092,0.6242069,0.6170314
21128,-5.5715857,-0.18562084,-1.3973703,-0.3205557,0.091801845,-0.13467973,-0.15707918,-0.0048247026,-0.3702175,0.44698778,0.29889634
21129,-7.2993574,0.17506607,-0.8925883,-0.37183794,-0.23965609,-0.23387942,0.08804329,-0.09456812,0.0359324,0.47934258,0.18046972
21130,-5.0887146,-0.2422853,-1.1054068,-0.8536757,0.13988882,0.12540112,-0.046836022,-0.1297815,0.22826155,0.44978434,0.09659365
21131,-6.8961773,0.2142211,-1.3683679,-0.58161366,-0.40711835,-0.40265596,0.08586275,-0.047772065,-0.093799934,0.46654186,0.4731321
21132,-6.302459,-0.27274293,-1.2366358,-0.41380215,0.34883508,0.28928202,-0.40532738,0.1307913,0.29983017,0.55405724,-0.19688398
21133,-8.238358,-0.449416,-1.3002796,-0.68410546,-0.32081166,0.42604524,0.27543825,-0.27982625,-0.5249335,0.350428,0.697711
21134,-4.4579306,-0.17356448,-0.8629735,-0.40753505,-0.053425837,-0.22860365,0.08376908,-0.1676112,-0.37710878,0.31189632,0.21905257
21135,-5.5455523,0.045849506,-0.97730404,-0.86115474,-0.33761296,-0.34460258,-0.34447828,-0.3385397,0.20381711,0.81358176,0.46944523
21136,-3.649408,-0.1319074,-0.7392418,-0.49357063,-0.104014054,-0.05090612,-0.05647455,-0.20227341,0.16736391,0.462587,0.2219317
21137,-4.836746,0.09604154,-0.9944742,-0.5342266,0.035423387,-0.17091393,-0.17015412,-0.43881795,0.1415453,0.4738713,0.23160458
21138,-5.459901,-0.13375926,-1.1683077,-0.651821,0.18064925,0.15064749,-0.14385888,-0.33549166,0.1384294,0.27264038,0.3679665
21139,-6.9989877,-0.11334664,-1.671572,-0.7565053,0.12775277,-0.15479966,-0.5990363,0.09239925,-0.086523876,0.7585696,0.087764636
21140,-6.4696035,0.08427539,-1.1724311,-0.6450856,-0.27245972,0.03124504,-0.15564673,-0.17640778,-0.091125675,0.50552016,0.33509293
21141,-5.9098153,-0.4285159,-0.8151321,-0.6106844,-0.33196697,-0.0002668323,0.14774789,-0.40006256,0.0031415299,0.43334106,0.6052194
21142,-6.1644225,0.13081132,-1.3454511,-0.3749203,-0.46053874,-0.36669838,0.22493432,0.064741924,-0.21939577,0.034396075,0.47519523
21143,-7.296121,-0.028271887,-0.985712,-0.5039519,-0.32691982,-0.30682832,-0.054277033,-0.3771963,-0.4090119,-0.18260372,0.5548426
21144,-5.584547,-0.18786946,-1.1931173,-0.98800427,-0.5634965,-0.13546042,0.08985608,0.006428346,0.034779914,0.26489073,0.5643494
21145,-5.3446236,-0.12489368,-0.91593105,-0.50704676,-0.062668055,0.03431941,-0.11231704,-0.34349713,0.022359509,0.41285148,0.4175895
21146,-6.299121,-0.21737729,-1.3063277,-0.99410033,-0.24019289,-0.007500437,-0.24275292,-0.325556,0.27411082,0.94563735,0.5463322
21147,-6.967883,-0.16495755,-1.3603073,-0.67820877,0.3048023,0.14469466,-0.5033263,-0.5270655,-0.11466728,0.19952872,0.3752523
21148,-3.9023767,-0.1700459,-1.0254841,-0.31065378,0.24347019,0.086939976,-0.08005189,-0.054656222,0.015628938,0.25983986,0.1374337
21149,-5.3818264,-0.074579515,-1.0984708,-0.53097284,0.028094353,0.047009192,-0.07884537,0.199563,0.013194983,0.6897929,0.32515088
21150,-6.1051702,-0.3092835,-1.3931535,-0.66406673,0.0014735973,0.19722852,-0.3969207,-0.15557227,0.06795247,0.793248,0.090987094
21151,-5.7134414,-0.17277679,-0.8554909,-0.7012428,-0.15888171,0.18798742,0.18250498,-0.28061643,-0.44875118,0.21500356,0.5459498
21152,-4.6603613,-0.07519316,-1.0588622,-0.5137994,-0.33476457,-0.22541268,0.18514416,0.04534843,-0.082891315,0.2992423,0.3903763
21153,-5.6207356,0.16453843,-0.9691859,-0.5385709,0.12783517,0.36252558,0.047965806,-0.3144438,-0.030241387,0.48766324,0.35827023
21154,-5.1840754,-0.18494612,-1.0923251,-0.40980753,0.21069041,-0.060581855,-0.16883978,0.2042593,-0.18380563,0.6637675,0.08575339
21155,-6.4359713,-0.13289855,-1.4249537,-0.61420083,0.016360119,-0.16550772,-0.17390507,-0.2742363,-0.21519785,0.42323473,0.49935094
21156,-4.8522987,-0.21418127,-0.94234985,-0.29240933,0.10711888,0.22332853,-0.06561564,-0.4171305,0.028945778,0.0042693513,0.11172535
21157,-5.4094973,0.15147279,-1.0290128,-0.74500656,-0.015334766,0.015469969,-0.1473102,-0.14844915,-0.08526276,0.63090706,0.42259485
21158,-7.0714254,0.081517,-1.1789514,-0.7695746,-0.16755436,-0.00015258417,-0.111606084,-0.5508125,-0.25280792,0.5210133,0.22713457
21159,-5.4833827,-0.16039309,-0.924575,-0.83329904,-0.026245715,-0.29700726,-0.01768813,0.18707848,0.059429854,0.68752456,0.15151578
21160,-6.165414,0.21212026,-1.2821723,-0.4717434,-0.16227084,-0.29284978,-0.15531117,0.15809047,-0.06997891,0.73432845,0.1643116
21161,-6.2535524,-0.18096602,-1.2119644,-0.4644622,-0.8720384,-0.03543519,0.12500167,-0.23387069,-0.05404272,0.5295494,0.69761586
21162,-4.7407875,0.07582762,-0.8095389,-0.8125903,-0.2596671,-0.32822996,0.0334004,-0.335807,-0.08827516,0.33592492,0.21381055
21163,-5.7403045,-0.04831941,-1.2645216,-0.6999897,0.056364715,0.1975092,-0.118363045,-0.4022961,0.16858794,0.5549735,0.1367846
21164,-5.0377154,-0.1658492,-0.9674216,-0.5212646,-0.49102682,0.10132174,0.07032241,-0.086779244,-0.0050316975,0.70188886,0.4241622
21165,-4.7087955,-0.052534364,-1.0009555,-0.50010806,-0.09487449,0.06540519,-0.030084062,-0.11932678,-0.115968645,0.009308094,0.1841206
21166,-6.568287,-0.23367897,-0.9851926,-0.28071043,0.24521029,0.053996608,-0.34714147,-0.70898575,-0.11615141,0.351616,0.2040677
21167,-6.760663,0.071669884,-1.8531225,-0.4734852,-0.09510034,-0.09140209,-0.23018253,-0.06574038,-0.44151413,0.7348005,0.17602953
21168,-5.4123464,0.16159227,-1.203588,-0.3012191,0.07664709,-0.13463593,-0.16679429,-0.31914863,-0.080896884,0.44462344,0.2131505
21169,-6.22258,0.00258401,-1.2441118,-0.7923783,0.028340725,0.048541464,-0.054554954,-0.31571308,0.13226846,0.73202616,0.57187486
21170,-6.218253,-0.17388786,-1.1016774,-0.7290874,-0.0013283351,-0.092589356,-0.18331301,-0.02318866,0.053514235,0.41626382,0.5333948
21171,-5.7484064,-0.23453385,-0.93953377,-0.4827795,-0.26976702,-0.4458397,0.14596999,0.042789534,-0.18614374,0.3818791,0.26086542
21172,-4.7020288,-0.13015024,-0.9024335,-0.7327627,-0.26566708,0.005533154,0.13175692,-0.29700813,0.112381905,0.52581125,0.46009853
21173,-4.8056145,0.027331844,-0.94376427,-0.086432815,-0.056010563,0.15660146,0.10376985,-0.034441628,-0.19777009,0.19243887,0.19964212
21174,-5.5284567,-0.18601832,-1.3912345,-0.9528666,-0.018552752,0.18258737,0.122723565,-0.37111896,0.18452358,0.52002305,0.5155862
21175,-4.71213,-0.27248973,-0.9043232,-0.6964248,-0.33830938,0.27339458,-0.0947767,0.13355307,0.08055472,0.4246318,0.18467578
21176,-5.339497,-0.16460873,-1.3292705,-0.7133467,-0.27343035,-0.0065276353,0.094553076,-0.02552574,0.023593621,0.5599774,0.30347183
21177,-5.0841823,-0.30864334,-1.0809485,-0.3651933,-0.20957969,0.12130936,0.010564339,-0.082978934,-0.065427765,0.719353,0.5274388
21178,-6.3490276,-0.1431254,-1.2971641,-0.75441885,0.4495395,0.06568164,-0.49271885,-0.20231523,0.28492826,0.3978309,-0.11113188
21179,-7.676116,0.011898125,-1.729387,-0.5080284,0.14843994,-0.20679095,-0.36031035,-0.3029097,-0.25261506,-0.17219384,0.5568399
21180,-4.61312,-0.25725332,-1.013105,-0.4813001,-0.016823962,-0.17909656,-0.08075382,-0.26243228,-0.10790334,0.45464104,0.21966094
21181,-4.3406725,-0.16505994,-0.6754954,-0.52084917,-0.19676933,-0.06782597,-0.08711081,-0.41886008,0.007083185,0.10229619,0.5418879
21182,-5.668915,-0.19116955,-1.0114757,-0.32617745,-0.48796967,-0.0068727033,0.34758133,-0.56408733,-0.19119838,0.088066645,0.7162846
21183,-5.37142,0.1283613,-0.87621534,-0.7877947,-0.12664334,-0.20162281,0.24027003,-0.13623308,0.07003977,0.60078365,0.45486242
21184,-5.9630527,-0.088613555,-0.9504816,-0.15103911,-0.4899084,-0.3982584,0.22604278,-0.19402254,-0.23902898,0.34648964,0.41880727
21185,-5.1811237,-0.41320476,-0.97234786,-0.88635975,-0.41148147,-0.3314126,-0.059197992,-0.1296921,0.18634991,0.4461201,0.5762442
21186,-7.215329,-0.502891,-1.0176344,-0.7117991,-0.32996655,-0.00950576,-0.23950078,-0.121093355,-0.07910945,0.63415945,0.5746868
21187,-6.5343604,-0.2978659,-0.96814215,-0.85746604,-0.18016328,-0.10449934,-0.122938074,-0.18310632,0.055814005,0.9598356,0.3761464
21188,-5.949228,-0.33208892,-0.9265152,-0.6142377,-0.6843565,-0.24516053,-0.10992192,-0.37770835,-0.3876261,0.46972483,0.265207
21189,-4.7830796,0.003367884,-0.7608506,-0.29372296,-0.2670988,0.10208574,-0.048005596,-0.07361214,0.12464019,0.4450404,0.5352087
21190,-5.310744,-0.068026684,-1.3881913,-0.72662014,0.19219145,0.14044498,-0.16037278,-0.32049477,-0.16385846,0.2738853,0.03182601
21191,-5.471686,0.053661436,-0.8563358,-0.4332065,-0.25363874,0.3330137,-0.124688245,-0.40939805,0.12732992,0.51808494,0.074489534
21192,-5.5866356,0.11635135,-1.374115,-0.86327744,-0.4722612,0.04552535,0.047028206,0.106162734,0.21685505,0.46891192,0.7494166
21193,-4.7232757,-0.3190852,-0.98920536,-0.5513482,-0.567526,-0.2087625,0.38980365,-0.022771442,-0.25325736,0.4142292,0.45093593
21194,-5.394469,-0.005968079,-0.9692235,-0.5140698,0.047897484,-0.1151039,0.024064466,-0.032443114,-0.1723615,0.25644732,0.3700981
21195,-4.7230315,0.015180672,-1.134608,-0.68683356,-0.13446283,0.098445565,0.17095788,-0.014839809,-0.16280912,0.44337416,0.34703654
21196,-4.8832808,-0.2721682,-1.2879387,-0.6850018,0.015105894,-0.09345516,0.03581576,-0.51237935,0.19010215,0.51278865,0.21656847
21197,-6.935089,-0.020366598,-1.2457368,-0.6723643,0.45728153,0.20792471,-0.35295293,-0.0765325,-0.085129015,0.7272369,0.21265823
21198,-6.902294,0.07119695,-1.696603,-1.0317686,0.072674096,0.041157763,-0.20892964,-0.08503334,0.318896,0.35868323,0.2390546
21199,-6.4299355,-0.26572356,-1.0627975,-0.6375568,0.017339382,-0.19803898,0.032744687,-0.49765912,-0.43116328,0.581022,0.26770258
21200,-5.0273376,-0.14453979,-0.9515701,-0.2258145,-0.2045171,-0.08621874,0.029444132,0.026709564,-0.19849178,0.38236663,0.39477694
21201,-6.5575876,0.11981202,-1.2758598,-1.0920631,0.07134226,-0.060038418,-0.19381735,-0.19444562,0.2535025,0.63529336,0.21906845
21202,-4.9934406,0.010270673,-0.98679024,-0.39670363,-0.07394502,-0.18790244,-0.059547737,-0.21185902,-0.43381476,0.013569981,0.26795965
21203,-5.092886,-0.12220405,-0.812943,-0.30775607,0.024702448,-0.4015081,-0.2188256,0.08687641,-0.5110872,0.23789625,0.08116916
21204,-6.308654,0.026384838,-1.8079627,-0.78343385,-0.16248879,0.008104076,0.26031408,-0.2821695,-0.017879548,0.5419523,0.4543592
21205,-7.4170055,0.03257343,-1.3721911,-0.45882484,-0.59416205,0.2199358,0.17657809,-0.030932141,-0.04259579,0.67254925,0.3677071
21206,-6.952515,-0.38744742,-0.9700972,-0.96738803,-0.48098963,0.21048254,0.200259,-0.24362385,-0.12917143,0.0608302,0.39245373
21207,-5.8670983,0.109740034,-1.2260069,-0.4264095,-0.14574055,-0.034742877,-0.2383598,-0.0018666796,-0.04350896,0.4333695,0.25600195
21208,-4.8406043,-0.118841216,-0.81363195,-0.31956023,-0.3197028,0.5014341,-0.022408828,-0.456396,-0.065164655,0.2799925,0.40268287
21209,-4.7953753,-0.17331354,-1.2635877,-0.61993784,-0.26898623,0.0964755,-0.08183847,-0.41414315,-0.021647217,0.42256263,0.35623175
21210,-6.6113443,0.04520956,-1.6950666,-0.7128302,-0.07314132,0.09769858,0.06577427,0.05600982,-0.023468161,0.37668303,0.7124251
21211,-6.286792,-0.18764941,-0.8302145,-0.72805965,0.08919825,-0.20173524,-0.4437748,-0.19919674,-0.2948313,0.45283952,0.2268836
21212,-5.6900163,-0.17267734,-1.1066617,-0.7413631,0.22765163,-0.14091784,-0.28927857,-0.14680366,0.14882083,0.58649075,0.42664194
21213,-5.781401,-0.042637132,-1.5788813,-0.43386248,-0.10954697,-0.1218781,0.10511736,-0.041552104,0.09679197,0.35846835,0.2537069
21214,-5.2574477,-0.3959014,-1.1640034,-0.665459,-0.18802406,-0.26119995,0.16727369,-0.06604179,-0.16571645,0.19983914,0.43506485
21215,-4.720904,0.08255314,-0.82121795,-0.68239874,-0.5190233,-0.0506545,-0.11824495,-0.11080052,-0.041568406,0.39044446,0.41494423
21216,-4.481593,0.048773106,-0.9017912,-0.5896758,-0.012534726,-0.15773496,-0.27650395,-0.09498117,-0.05702474,0.540823,0.300429
21217,-6.123498,0.05731328,-1.2018559,-0.6277005,0.066049464,0.11022121,0.030531589,-0.30316868,0.060139082,0.18485309,0.30778325
21218,-5.9685397,-0.20598571,-0.7336934,-0.5748715,-0.30971143,-0.27846253,0.15648453,-0.0372596,-0.38528866,0.20597936,0.49580958
21219,-5.280081,0.15681285,-0.83204246,-0.72878623,-0.60712385,-0.07658276,-0.101881236,-0.37984943,0.12595655,0.65096,0.4366786
21220,-7.452164,-0.18563092,-1.5323682,-0.2975828,-0.69910747,-0.15191887,-0.30280873,-0.04146143,-0.24010922,0.13473375,0.60016173
21221,-4.546932,-0.13492316,-1.1456608,-0.4264103,0.21663107,0.12571523,-0.20690127,-0.1266003,0.05261869,0.41547573,0.22094409
21222,-6.394727,-0.018044788,-1.0016277,-0.38953707,0.23805176,0.14850983,-0.37601173,-0.08569956,-0.04139936,0.3621393,0.02636668
21223,-5.099944,0.0498486,-0.78554493,-0.24747393,-0.30979666,-0.28498393,-0.14391904,-0.3685516,-0.1990984,0.28072396,0.5045159
21224,-5.419759,-0.21274154,-1.1510023,-0.4238132,0.15024284,-0.0942239,-0.2197377,-0.07875433,-0.24319525,0.17447732,-0.0780739
21225,-3.9990816,-0.06408912,-0.7934199,-0.42619634,0.15491603,-0.06740969,0.03816937,0.04622925,-0.06367713,0.12320442,-0.032664556
21226,-4.589895,-0.16006483,-0.52759194,-0.54312384,-0.48444965,-0.11115147,0.14081153,-0.035842404,0.045591846,0.36479422,0.33383185
21227,-6.258726,0.18989214,-1.116312,-0.31382817,-0.11980393,-0.4112808,0.24125166,-0.15930702,-0.058426715,0.26466104,0.1506167
21228,-4.2518334,0.08469836,-0.5627882,-0.24495578,0.06881098,-0.042157948,-0.08191307,0.07735012,-0.22480918,0.09413961,0.12778564
21229,-5.495815,0.08031355,-0.8803583,-0.07477208,-0.4302801,0.12845361,-0.08498232,-0.17266273,0.053307034,0.424314,0.11460852
21230,-6.2473335,0.063693434,-1.4350703,-0.56291735,-0.19430998,-0.063324146,-0.021398932,-0.16456598,-0.34608692,0.70638216,0.34378386
21231,-4.8162527,-0.02644566,-0.9311945,-0.43545717,0.0683226,0.15708233,-0.015822954,-0.13556176,-0.06580339,0.35946223,0.14474142
21232,-4.6265087,-0.3500592,-0.7293891,-0.474175,-0.39945814,0.0111120865,-0.04212803,-0.24287182,-0.100337185,0.40461874,0.42727566
21233,-4.703593,0.15101986,-0.82776386,-0.27948302,-0.12231835,-0.2338017,0.002720466,0.3169571,-0.26679403,0.46367636,0.23214045
21234,-4.64435,-0.18635641,-0.8413494,-0.62423074,-0.0004947479,-0.093759134,0.11969671,0.05158396,0.05051934,0.36443704,0.2696049
21235,-6.8983655,-0.2604035,-1.5183258,-0.4185496,-0.14303078,0.16981083,-0.013762913,-0.20081694,-0.17869708,0.49535432,-0.021153707
21236,-6.3985634,-0.2845587,-1.3642236,-0.050968356,0.4099175,0.20851623,-0.26735234,-0.093420595,-0.2023486,0.13364907,0.35321718
21237,-5.6167064,-0.17220029,-1.0125934,-0.31092325,-0.40198457,0.28213853,-0.22074872,-0.5989641,-0.282057,0.4325405,0.07374326
21238,-4.9523554,-0.2016478,-0.92900926,-0.49123985,-0.16247992,0.35036826,-0.17878859,-0.5409315,-0.15119366,0.27087238,0.09267651
21239,-3.7510667,-0.06494702,-0.8641624,-0.28679258,-0.057527915,0.0087073855,0.057934072,-0.24913648,-0.15695505,0.37520254,0.13582052
21240,-5.9815545,-0.08113496,-1.145538,-0.31311938,0.36926487,0.27036422,-0.42262092,0.05384841,0.027974159,0.7772368,-0.07039959
21241,-5.6416416,-0.059123967,-1.5568045,-0.8044246,0.29218647,-0.16972825,-0.11352982,0.075881995,0.10128034,0.36639178,0.1468393
21242,-8.645174,-0.36203957,-1.6297902,-1.4233719,-0.29826444,0.07058948,0.030719284,-0.5363545,0.23410988,1.0415311,0.62685883
21243,-7.0508513,0.24542832,-1.9230332,-0.8885434,-0.15365276,0.10100374,0.05791248,-0.7501532,0.051710367,0.525559,0.33598584
21244,-6.422919,-0.21957278,-1.2859253,-0.94832844,-0.46770853,-0.24967729,0.019169556,-0.018859552,0.16888446,0.54989505,0.47608766
21245,-4.900862,-0.2836827,-0.95698065,-0.38573214,-0.15325122,-0.24763389,0.12328172,0.028172407,-0.014928589,0.24206513,0.13017373
21246,-5.957967,-0.045632455,-1.508426,-0.7167446,0.47998822,-0.14819786,-0.21329127,-0.25688696,0.17243992,0.25044212,0.20360447
21247,-4.613831,-0.32472545,-0.76946735,-0.46914575,-0.03320146,-0.06647297,-0.26680246,0.0061581945,-0.28540805,0.35143355,0.31012753
21248,-5.0341773,-0.19721605,-0.82698053,-0.596951,-0.42985737,-0.15938273,0.026960514,-0.0866951,-0.37982166,0.5521493,0.06825606
21249,-6.991107,-0.13081273,-1.2358761,-0.8295531,-0.16676289,-0.083519556,0.112245984,0.19556355,-0.2557257,0.8354228,0.3834682
21250,-5.5153227,-0.2926259,-0.88203555,-0.66863763,0.26501748,-0.29449117,-0.29405972,-0.13645083,-0.0066329744,0.57267493,0.010072652
21251,-5.7745247,0.05789223,-1.2761754,-0.84928334,0.009619234,-0.2655251,-0.2855802,-0.21067953,0.093532875,0.35369718,0.02806501
21252,-6.1949215,-0.021765884,-1.2273875,-0.56752694,0.2987916,0.483604,-0.17747112,-0.074695796,-0.076775014,0.8190656,0.573779
21253,-7.8849397,0.02972176,-2.1433187,-0.24760169,0.32214582,0.0010251482,-0.0028611869,0.13736248,-0.25947776,0.4058771,0.4015572
21254,-5.738639,-0.31124553,-0.81032735,-0.6072153,-0.10011936,-0.085263535,0.3185249,-0.18632361,-0.14731316,0.39913535,0.7041222
21255,-4.915686,-0.12038131,-1.0932777,-0.03413887,0.10178244,0.028558757,-0.10725433,-0.21254592,-0.29759446,0.13533284,0.10891377
21256,-6.2482677,-0.1314282,-1.2602491,-0.56621385,-0.28612998,0.021069113,0.52949864,0.016742826,-0.026617931,0.5198809,0.57129556
21257,-7.0821652,-0.6452007,-1.2885977,-1.1970372,-0.47453013,0.37140185,-0.17950846,-0.39659828,0.02809323,0.57874614,0.6170019
21258,-6.6266084,-0.15888005,-1.4177865,-0.7747567,-0.01775279,0.14398322,-0.36294398,-0.5371669,-0.13254277,0.13439701,0.29174438
21259,-5.535811,-0.016154531,-0.8911529,-0.55577105,-0.14036588,-0.3990841,-0.09724546,0.046612956,-0.24529962,0.59996116,0.30836493
21260,-6.3350034,0.087879196,-1.3728752,-0.6253734,-0.24568948,-0.043683235,0.5210844,-0.37314698,-0.22004525,0.53435856,0.72738063
21261,-6.812291,0.02222077,-1.193562,-0.6656471,-0.075950965,-0.2657249,0.114255555,-0.20293605,-0.17440467,0.33177063,0.18281983
21262,-4.4275875,-0.15809964,-0.72600573,-0.76991385,-0.22108492,-0.36700684,0.064144365,-0.17726412,-0.044054963,0.5417002,0.05852566
21263,-5.9694138,-0.11908738,-1.3842409,-0.42033553,0.0320865,0.16010998,-0.0030395575,-0.14855692,0.103715055,0.35743493,0.26498976
21264,-6.331947,-0.1911297,-1.3356816,-0.4921068,-0.4209046,0.4064312,-0.058196887,-0.6693076,0.31554505,0.4960086,0.51854557
21265,-7.1029115,0.10547436,-1.1591915,-0.49340057,-0.05473237,-0.1817462,-0.022408288,-0.039708473,-0.28477028,0.2730043,0.4170846
21266,-4.197064,-0.20039412,-0.9696865,-0.7382386,-0.29722577,-0.14151509,-0.0271657,0.1689416,0.034076273,0.571254,0.23902899
21267,-7.086341,0.055940818,-1.8927516,-0.5589961,-0.044283368,0.23449738,-0.5025411,-0.18654202,-0.18424118,0.26282454,0.4361383
21268,-5.665955,-0.30830687,-1.0628705,-0.8324328,-0.32977185,0.101581104,-0.10595714,0.03030702,0.16995607,0.8574809,0.37435827
21269,-4.9476643,0.018361565,-1.1490479,-0.25919595,0.1520281,-0.16597992,0.12403072,0.095649146,-0.08263313,0.55589,0.310164
21270,-6.4989815,0.10954589,-1.3859438,-0.49380207,0.32594636,-0.19971962,0.049357887,0.10733588,-0.20069195,0.18662758,0.39540085
21271,-6.2562113,-0.35855907,-1.6853528,-0.4242651,0.17194708,0.3478154,-0.16455781,0.021475889,0.021827262,0.38068444,0.06390712
21272,-4.5982146,-0.123164564,-0.99067515,-0.5698393,-0.18018544,-0.040593017,0.25575328,0.24808002,-0.110255376,0.26318905,0.34009266
21273,-6.4489417,-0.385118,-1.2271595,-0.6437359,-0.48007086,-0.072295204,0.16129024,0.058266886,-0.14762515,0.48375043,0.96463025
21274,-5.4520297,-0.056489397,-0.98509,-0.6041664,-0.1474193,-0.28073913,0.0050084684,-0.07422974,-0.02099506,0.75414777,0.30783102
21275,-6.076096,0.27800652,-1.1517335,-0.39036512,-0.18548615,-0.1519378,-0.07308393,-0.29437122,-0.19143538,0.18950428,0.31577492
21276,-6.3383136,-0.20173913,-1.3390552,-0.304226,0.3539987,0.4237756,-0.3090729,0.066391766,-0.039049625,0.7849573,0.10958329
21277,-6.443139,-0.14633116,-1.2990599,-0.31270656,0.3095651,-0.16134678,-0.48392096,-0.1610072,-0.2645491,0.6215018,-0.05667288
21278,-4.033162,-0.20753992,-0.93034536,-0.6303073,0.037673768,-0.20490827,0.023033842,0.027212063,0.040861346,0.1689335,0.26988146
21279,-6.711202,-0.21878958,-0.9301939,-0.89682573,-0.3935493,0.05232278,-0.061630614,-0.22959687,-0.15019259,0.04974012,0.45289767
21280,-6.1561584,-0.31479982,-1.0961809,-0.6207946,-0.07372313,-0.4125852,-0.003918263,-0.16672392,0.041799076,0.49728566,0.58046705
21281,-5.4640455,-0.07272652,-0.827168,-0.35330194,0.04518584,0.044811573,0.0789928,0.08733211,-0.24371849,0.08705082,0.27133113
21282,-6.349942,-0.09198923,-1.2524886,-1.2184657,0.12251918,0.16599807,-0.07203195,-0.52591085,0.3641273,0.21532525,0.55288094
21283,-6.661486,-0.16790456,-0.97411084,-0.75706834,-0.07990702,-0.058108278,0.14288054,-0.15812017,-0.51185393,0.3372077,0.3936588
21284,-6.267631,-0.0020212606,-1.5613695,-0.7616934,0.15562564,0.29350626,-0.25737137,-0.15056619,0.28448713,0.957861,0.20114668
21285,-8.172434,0.03452348,-1.711197,-1.0224911,-0.13922478,-0.3043096,0.17335793,-0.33739057,0.14612047,0.79116637,0.06723111
21286,-6.673064,-0.5306461,-0.89814645,-1.0268803,-0.6729082,-0.57133853,0.060855813,-0.10550087,0.038557857,0.5141184,0.63544124
21287,-6.117845,-0.17332838,-1.3646698,-0.648657,0.27516896,0.04855654,-0.22228289,-0.16982399,0.24097902,0.74016374,0.3111617
21288,-7.554776,-0.045407545,-1.2033026,-0.79380727,-0.15286002,-0.5214068,0.13731627,-0.19856706,-0.4298697,0.32312265,0.029522378
21289,-6.9113784,-0.14208958,-1.1853619,-0.6090891,-0.109094046,0.15952492,-0.10784041,-0.38944754,0.1802316,0.398051,0.26098946
21290,-4.909328,-0.08034977,-0.7472746,-0.7145559,-0.072813965,0.21870165,0.023009297,-0.19854374,0.14790647,0.55795026,0.34956166
21291,-3.9603722,-0.3116029,-0.870973,-0.43362582,-0.34084404,0.1926018,0.14833818,-0.478807,0.19797833,0.39024022,0.46876448
21292,-6.475836,-0.125409,-1.201343,-0.8700721,-0.08907271,0.19889177,-0.27055094,-0.5797097,0.2089201,0.54361224,0.5228796
21293,-4.890531,0.10029161,-1.0095222,-0.51679015,-0.09494124,-0.056167513,0.2512769,-0.16679475,-0.06597992,0.36043265,0.30472594
21294,-4.707696,0.026946709,-0.99397963,-0.77446973,-0.08133954,-0.040128388,-0.018312387,0.06635061,0.12884215,0.35876477,0.34834477
21295,-6.1815815,-0.17306565,-1.247869,-0.6111607,-0.21379873,-0.15742883,-0.014720648,-0.35537365,0.076242395,0.31246752,0.36361605
21296,-4.432419,-0.18513729,-0.9165072,-0.67989725,-0.250449,0.007386091,0.20696473,-0.112305135,0.2467749,0.6382208,0.19804597
21297,-4.9874787,0.14233722,-0.8714073,-0.43533215,0.1333031,-0.25828642,-0.1306789,-0.003786211,-0.13729896,0.56725645,0.16558823
21298,-4.3775783,0.08879193,-0.9908833,-0.4014,-0.21244062,-0.31192672,0.3233239,0.032434754,-0.18061928,-0.0051539624,0.29365647
21299,-5.7245436,-0.08178331,-1.1155951,-0.3045778,-0.6549699,-0.312235,0.12757546,0.18326166,-0.064813256,0.313205,0.5446149
21300,-4.426294,0.17893296,-1.0119779,-0.3904129,-0.054798774,0.054802697,-0.018828627,0.30759773,-0.08092301,0.25172243,0.3525749
21301,-6.0599003,-0.08140392,-0.8612421,-0.75869524,-0.051542222,-0.22327694,-0.06396527,-0.22446755,-0.086081676,0.59585136,0.06112513
21302,-4.67285,-0.13492915,-0.7297111,-0.5345073,-0.15540788,0.18847044,0.25132793,-0.15497226,0.008970756,0.19812317,0.4898706
21303,-9.368644,-0.12941764,-2.1775641,-1.1304703,0.010493169,0.38145387,-0.36617646,-1.0018374,0.019479893,0.43191618,0.40671638
21304,-5.74383,-0.30402517,-1.0967556,-0.36469817,-0.3024132,0.01421722,0.25364596,-0.15216759,-0.2155884,0.8760586,0.37136555
21305,-7.5159545,-0.038320776,-1.4708558,-0.88673663,0.12067394,-0.25397098,-0.43557826,-0.30001938,-0.08905739,0.34878474,0.11406466
21306,-6.458752,0.15021136,-0.97011924,-0.7183654,0.039431073,0.05459449,-0.2326679,-0.31005922,-0.038801298,0.33584297,0.031284805
21307,-7.566133,-0.2284691,-1.3319682,-0.74572426,-0.48081693,-0.4542296,0.20626615,0.2955457,-0.28214392,0.68192476,0.69706583
21308,-7.4153695,-0.335326,-1.8495185,-0.51158994,0.6280372,0.5435393,-0.33565807,-0.20095134,0.06895075,0.58026993,0.08345
21309,-5.3978324,-0.09059175,-0.9586074,-0.8129822,-0.35335505,0.17129403,-0.0029431442,-0.7903689,0.17568415,0.553732,0.47683182
21310,-5.639439,-0.1614746,-1.3608917,-0.75517344,0.1553481,-0.020036768,-0.046737295,-0.15131311,0.11128042,0.2741292,0.20292298
21311,-5.6318426,-0.25184733,-1.058132,-0.9992268,-0.005560923,0.09313679,0.23573734,-0.22783826,0.12324196,0.36754024,0.5235768
21312,-5.340607,-0.4376561,-0.933821,-0.43398058,-0.5819338,-0.28994435,-0.05408307,-0.28677285,-0.14481783,0.4630382,0.7830139
21313,-5.719722,-0.012820364,-1.2287197,-0.312766,0.42418304,0.3537119,-0.2871353,-0.8146231,-0.022143202,0.31035498,0.087958336
21314,-4.269886,-0.36400995,-0.90450126,-0.87151414,-0.23662147,-0.14593737,-0.3332058,-0.16440375,0.056330614,0.48516065,0.28614944
21315,-6.3170204,-0.22633074,-0.7980306,-0.8242397,-0.84388816,-0.070592955,0.35045722,-0.34601298,-0.5103753,0.46103343,0.66833305
21316,-6.419485,-0.36635342,-1.2429452,-0.9224603,-0.32704115,0.1458473,0.20124072,0.24037008,0.13679881,0.48349333,1.0965124
21317,-4.6498556,-0.015745457,-1.1342839,-0.36401623,-0.3191192,-0.043780144,-0.21270595,0.049910985,-0.31734678,0.56938887,0.4084424
21318,-6.703365,-0.029561963,-1.0710571,-0.53444403,-0.3538513,0.61818266,-0.12509577,-0.73001784,-0.13751252,-0.009071614,0.25749764
21319,-6.202073,0.14631565,-1.0529301,-0.38385305,0.1288486,0.16383763,-0.2537163,0.37855592,-0.1723597,0.23747551,0.2777175
21320,-5.100409,-0.2575692,-0.592127,-0.6785478,-0.5334759,-0.2548173,0.15464331,-0.23439297,-0.011247773,0.2458183,0.4935648
21321,-6.2061615,-0.17495449,-1.2270412,-0.957424,-0.42564154,-0.058070883,-0.12096646,0.041233167,-0.0053889975,0.3813436,1.1874723
21322,-4.935785,-0.34677023,-0.75937957,-0.38870335,0.0421063,0.15271182,-0.26135626,-0.25101432,-0.21353945,0.40352422,-0.016872253
21323,-4.8430104,-0.11624062,-1.1092453,-0.5041062,-0.029175108,0.1962124,-0.070745066,-0.25652355,0.16560459,0.74076873,0.3543351
21324,-6.4459395,-0.08140117,-0.96216995,-0.62291884,-0.39643896,0.08281988,0.27286804,-0.61364806,-0.3074551,0.3487826,0.40879968
21325,-6.750442,-0.06079829,-1.5483645,-0.93119967,0.039121885,0.24047329,-0.07753066,-0.6910299,0.037084363,0.8704421,0.4620725
21326,-6.056588,-0.20429765,-1.3779557,-0.5530996,-0.46853223,0.54722023,-0.11633573,-0.30282485,0.107929535,0.41976735,0.4150675
21327,-4.861932,0.11951094,-0.85995203,-0.53896284,-0.14237234,0.02626826,-0.05671429,-0.3009091,-0.12630737,0.16162542,0.3527858
21328,-6.0269957,-0.20747569,-1.2159765,-0.72372985,-0.42527264,-0.281375,-0.07634141,-0.00058642216,-0.036288515,0.46878555,0.3150008
21329,-5.6828904,-0.31642568,-1.0600736,-0.6491292,0.12827201,-0.062089168,-0.11027706,-0.25736323,0.18946022,0.4634545,0.0352955
21330,-5.9322166,-0.34527028,-1.0655748,-0.70673656,0.08314926,-0.3324418,-0.45084196,-0.19070983,0.018689774,0.5234294,0.018681955
21331,-5.2455688,0.03184802,-1.057225,-0.4773608,0.3660919,0.063512444,-0.14086542,-0.29217178,-0.18095128,0.42241517,-0.0013964092
21332,-5.729394,0.08748345,-1.0237993,-0.5097997,-0.33724546,0.5260113,-0.18413867,-0.32805115,0.017037868,0.40193883,0.38302848
21333,-5.495239,-0.33618918,-0.9369167,-0.5982325,-0.13312142,-0.37819278,-0.12504543,-0.39932808,-0.11906329,0.104448155,0.3560897
21334,-5.962878,-0.21431397,-1.0216117,-0.64250034,-0.2777476,-0.26594085,0.41618595,0.11557444,0.10133047,0.5393317,0.34736097
21335,-4.971674,-0.020693514,-1.2762352,-0.5236177,-0.01614259,-0.02288956,-0.11396278,-0.13373199,-0.010998247,0.22423032,0.1815249
21336,-6.4968786,0.02356405,-1.1764973,-0.86176157,-0.32735574,-0.21367432,0.052388176,-0.6491346,-0.26501986,0.116584934,0.30018452
21337,-8.30883,-0.5321409,-1.1531618,-1.2851324,0.27029434,0.015438415,0.1105705,-0.15700452,0.17328607,0.27669427,0.14272587
21338,-6.1958222,-0.22399794,-1.070599,-0.54246116,-0.19335736,0.2374569,-0.049662177,-0.35563394,-0.07086338,1.118455,0.2985743
21339,-5.6049643,-0.021646831,-1.218275,-0.74861985,0.37975013,-0.0007343171,-0.08921879,-0.29864177,0.31469655,0.30869624,0.29801938
21340,-7.1332912,-0.5794224,-1.3151678,-1.0723518,-0.2655568,0.5481664,-0.13104804,-0.31976157,0.2761414,1.180469,0.7111262
21341,-4.496466,-0.06356316,-0.83080786,-0.32245845,0.23463179,-0.096490934,-0.13613413,-0.105702676,-0.08454974,0.45620018,-0.0839215
21342,-6.3557544,0.011626593,-1.3826308,-0.78600514,-0.29396707,-0.24942963,0.14700523,-0.48920998,-0.10355279,0.3286237,0.7654576
21343,-5.9497604,-0.07491095,-1.1239995,-0.36759531,0.21451718,0.108975895,0.15390573,-0.25424132,-0.14210595,0.5071989,0.26642376
21344,-5.4780006,0.105824575,-1.2103679,-0.4624887,-0.081201576,0.071042456,0.012847083,0.118134305,0.101838455,0.547838,0.37336725
21345,-6.545549,-0.18773584,-1.2923701,-0.62568325,-0.6620125,0.03025334,0.12496846,0.30846503,-0.07244529,0.45243403,0.44982845
21346,-4.624123,-0.16009231,-0.7177433,-0.62018865,-0.4584383,0.19176057,0.30356485,-0.29905954,-0.09601168,0.26687893,0.5167452
21347,-5.6572347,-0.2554695,-1.3607239,-0.80976117,-0.33001745,0.06832197,-0.1181839,-0.22215246,0.31763765,0.609496,0.5517237
21348,-6.637169,-0.16963315,-1.2773088,-1.2018287,-0.031314258,0.025695251,0.10754009,-0.15395583,0.2951857,0.71942616,0.3301551
21349,-5.512237,0.07660147,-0.71401626,-0.35519773,-0.18862167,-0.4750858,0.12313731,-0.1814436,-0.29391238,0.5883674,0.15524925
21350,-4.741853,-0.13920052,-1.0545256,-0.47425532,-0.07093391,-0.05498468,0.117679924,0.03865177,-0.17143612,0.64870954,0.30210355
21351,-6.0393605,-0.069573686,-0.86427987,-0.5052224,-0.13761704,-0.114054054,0.14717822,-0.355348,-0.27120692,-0.040771004,0.15545535
21352,-4.236093,-0.43466917,-0.61020947,-0.6773382,0.030518426,-0.13222902,-0.16620772,-0.17580476,0.10492889,0.43244967,0.021793554
21353,-7.15089,-0.6377744,-1.20381,-0.9703725,-0.21026507,-0.16335812,-0.23702605,-0.33150744,0.025592458,0.78835344,-0.003791581
21354,-4.6888804,-0.055163246,-1.0186175,-0.3201684,0.02689366,-0.17804787,0.17237625,-0.01515962,-0.0022358336,0.34636086,0.25040492
21355,-5.817995,-0.18671225,-1.2211906,-0.83535093,-0.19823979,0.23063843,-0.22763266,0.28166708,0.47517848,0.85485953,0.34005535
21356,-4.6738424,-0.090252675,-1.1260997,-0.2436398,0.13879812,-0.12467949,-0.21733864,0.09238261,-0.019483915,0.1764492,0.039430503
21357,-4.727239,0.16500166,-0.7907035,-0.17783406,-0.0093660075,0.079907104,0.119133964,0.09989691,-0.14120194,0.10979041,0.2934656
21358,-3.6819577,-0.23121332,-0.83688575,-0.44573656,-0.19403292,-0.08529361,-0.058236964,-0.10516329,0.052163474,0.29336908,-0.010954964
21359,-7.1465507,-0.3804794,-1.3851132,-0.82649547,-0.46424204,0.023966715,0.25746804,-0.39780995,-0.06786971,0.9119227,0.518337
21360,-6.3935413,-0.20834094,-1.2855936,-1.1518902,-0.5220555,0.29147118,-0.01591248,-0.25694975,-0.029983675,0.5099626,0.8231187
21361,-7.185678,0.090472884,-1.8623472,-0.8121153,0.21885878,0.035587832,-0.1426533,-0.43920532,0.119931564,0.0020660749,0.34961438
21362,-5.916269,0.05666905,-0.8579739,-0.6177898,-0.03193439,-0.44451225,0.19879831,-0.12080068,-0.15475327,0.2956962,0.27628985
21363,-6.0153465,0.19814868,-1.232148,-0.5285723,-0.15726462,-0.22530912,-0.2380521,-0.29926977,-0.0026668664,0.64485455,0.0559785
21364,-6.764796,-0.19171837,-1.3793191,-0.84143424,-0.2999864,0.122051716,0.4290196,0.12581351,-0.124071956,0.56265664,0.654387
21365,-4.973069,-0.18240707,-0.9104191,-0.40398172,0.35979518,0.013497644,0.11222581,0.13838063,-0.03816045,-0.12912118,0.3608974
21366,-7.231857,-0.14513955,-1.1945317,-0.9620995,0.021407902,-0.027844016,-0.19354257,-0.5674842,-0.062785044,0.105470225,0.34501615
21367,-6.9436774,-0.16965847,-1.3609561,-0.66209334,0.039288424,-0.1430271,0.24053092,-0.54618627,0.09703703,0.56549376,0.17397842
21368,-4.96612,0.23681323,-1.1617119,-0.065161616,0.0886717,-0.14155935,-0.15326416,0.018340996,-0.4365866,0.20955814,0.18023938
21369,-5.30292,0.041692924,-1.4470376,-0.8467822,0.18725905,-0.0070594186,-0.10526818,-0.46416414,0.039778817,0.3769766,0.19203077
21370,-5.1118197,-0.10636406,-1.2506045,-0.4677987,0.0249128,-0.39408058,0.046133406,-0.06718255,0.060400404,0.29286075,0.20688875
21371,-6.2933984,-0.18113811,-1.2063081,-1.0257305,-0.331928,-0.0448088,-0.13108027,-0.6383779,0.0061052097,0.28986067,0.312111
21372,-6.348226,-0.041875623,-1.162268,-0.7109405,0.485491,0.0061774305,-0.3244153,-0.063732564,0.023092367,0.6807564,-0.10687641
21373,-5.249037,-0.04729652,-0.9499688,-0.88441384,-0.010421537,0.01420965,-0.09980539,0.052396737,0.1124714,0.43124363,0.24866726
21374,-5.644898,-0.09275324,-1.013332,-0.6807103,-0.4557173,-0.10943058,0.21016638,-0.4703553,-0.14479743,0.3637967,0.2266867
21375,-5.6451635,0.16578108,-1.1236514,-0.36301392,-0.15300511,-0.16635461,0.22898938,0.10521478,-0.41443756,0.25243795,0.5998998
21376,-6.7215753,0.14421712,-1.266174,-0.8003188,-0.41116974,-0.2096439,-0.30083266,-0.4071814,-0.16324182,0.41143116,0.48119566
21377,-5.0831485,-0.23773663,-1.1959195,-0.64838415,-0.6135914,0.22464901,0.2921639,-0.1498643,-0.03271374,0.45372057,0.44369045
21378,-5.332837,-0.07653166,-0.6526134,-0.5256457,-0.3601295,-0.37536687,-0.16878042,-0.12202614,-0.31509143,0.39228052,0.17654017
21379,-4.5353217,-0.13254346,-1.1156597,-0.4946018,-0.2237706,-0.04740776,-0.031156808,-0.15422869,-0.25275305,0.32343143,0.10010711
21380,-6.640046,-0.18196005,-1.4153664,-0.76137954,0.113190554,-0.21820703,0.055486307,0.0752285,0.5527422,0.59363335,0.39450365
21381,-5.401548,0.089748286,-1.0110108,-0.8087922,-0.58202946,0.015743323,0.01833271,-0.16398336,0.05401282,0.3611547,0.4488904
21382,-5.802944,-0.122100905,-1.3178288,-0.8654137,-0.38887906,0.37052917,0.1273299,-0.31365836,0.1449918,0.6172084,0.13661295
21383,-4.276592,-0.15815727,-1.0322165,-0.49010557,0.21111299,-0.005978409,-0.06164834,-0.20884429,0.24630505,0.5211427,0.16419216
21384,-5.1306763,0.19251558,-1.3638864,-0.42012066,0.14992248,0.2714787,-0.19090982,-0.3017995,-0.47007716,0.16111122,-0.09038926
21385,-5.6450253,-0.11462925,-1.0786561,-0.1767361,-0.07070699,0.14628628,-0.014923557,-0.10733841,-0.18704589,0.3065644,-0.0225585
21386,-6.0920153,-0.19329047,-1.020041,-0.66185296,-0.034490302,0.04205217,0.026196793,-0.7583741,-0.10663583,0.10043003,0.34061435
21387,-5.8455715,-0.2116804,-0.92865175,-0.5506036,-0.47513616,-0.10476246,0.4256139,-0.356318,-0.18334113,0.3356402,0.5838458
21388,-5.719213,0.010591987,-1.4277606,-0.6998261,-0.2160666,0.00088165887,-0.124793775,-0.36150625,0.08170614,0.49938363,0.39306226
21389,-4.595561,-0.15524705,-1.099773,-0.5454117,-0.11938662,0.26094443,-0.16646145,-0.4260328,0.0028318232,0.287234,0.009243783
21390,-6.483258,-0.15475398,-0.9149768,-0.602473,0.2917722,-0.30499405,-0.17400676,0.2219366,-0.09066139,0.057391666,0.21544567
21391,-5.347494,-0.030101523,-0.92763263,-0.66160667,0.1755131,0.041427527,0.042853184,-0.04499787,0.025314648,0.43143877,0.16783904
21392,-5.1872015,0.25457802,-1.1449752,-0.5769254,-0.36099258,0.29774833,0.021751884,-0.48200202,0.05322414,0.15435317,0.47259548
21393,-7.3445125,-0.080972455,-1.660159,-0.84327745,0.17942849,0.348777,-0.13039544,-0.6432008,-0.018499276,0.0922517,0.2763236
21394,-6.3896594,-0.50235724,-1.1095802,-0.110322945,0.05982533,0.061107412,-0.20281649,-0.33492386,-0.29605693,0.7069249,0.07710107
21395,-5.1201367,-0.37886667,-1.2741625,-0.80660075,0.27446085,-0.18414852,-0.18047541,0.042388685,0.3593255,0.49299696,0.22087952
21396,-5.127643,-0.034482967,-1.1199076,-0.15045105,-0.15406421,-0.002902167,-0.13838549,-0.31781498,-0.4607016,0.35709655,0.30379543
21397,-5.6149006,-0.21192273,-1.0832742,-0.33412638,-0.17736825,-0.36025423,0.26618415,0.20420752,-0.1875129,0.3555906,-0.014710671
21398,-6.386047,-0.18798928,-1.5389186,-0.66693056,-0.16508412,0.17800643,0.19470122,0.085299,-0.11926207,0.24584153,0.40647483
21399,-5.349377,-0.31701428,-0.82588434,-0.8596854,-0.56646246,-0.41434348,0.053377297,-0.5816976,0.21084404,0.42706263,0.7350134
21400,-5.5978465,-0.111053795,-1.5169078,-0.7524867,0.12270782,-0.2729019,-0.08064332,-0.4142425,0.12056407,0.3411706,0.14296694
21401,-6.928883,0.11782709,-1.3946679,-0.8142402,0.38179648,0.06766528,-0.07224908,-0.6600336,0.16188392,0.23136586,0.23585203
21402,-5.534169,-0.16326773,-0.91264945,-0.97406906,-0.086682595,-0.02427097,0.19244911,-0.13623308,0.30244422,0.2649797,0.43966234
21403,-5.6790457,0.018278822,-1.0467201,-0.16102433,-0.08579486,-0.3437178,-0.025672704,0.017291846,-0.5132181,0.73488474,0.25102133
21404,-3.9722738,-0.105287135,-0.7068087,-0.3948084,-0.3603974,-0.20506695,0.12626547,-0.3116109,-0.041841157,0.55099505,0.090816155
21405,-6.107086,-0.057559084,-1.455921,-0.909367,-0.21701573,-0.11178785,0.05956503,-0.53392845,-0.12512615,0.3046025,0.29001722
21406,-5.7276835,-0.25761795,-1.738077,-0.77263,-0.27064264,-0.048990708,-0.018833809,-0.16333754,-0.02442067,0.7674404,0.54906946
21407,-5.429607,-0.24250127,-0.9695016,-0.7455657,0.23055115,0.20001017,-0.039988447,-0.45459184,0.26091665,0.61628306,0.44822717
21408,-6.4968534,-0.3465499,-1.0443289,-1.2348021,-0.18267636,0.10216148,0.46595123,-0.0038261665,0.05893238,0.68163776,0.6290656
21409,-5.105427,0.021987144,-0.90462285,-0.44883963,0.003834708,0.21108349,0.06297301,-0.34917343,-0.1422342,0.04105218,0.28696746
21410,-5.552709,0.1507624,-1.344458,-0.3109924,-0.08168712,0.10011459,-0.096044146,0.1231035,-0.029578915,0.53749657,0.22281167
21411,-5.7909136,-0.05521069,-0.9481201,-0.49100214,-0.5251494,-0.5274055,-0.01613278,-0.0155683365,-0.47858164,0.44055578,0.15316924
21412,-5.8857183,-0.095653415,-0.9311399,-0.47355664,-0.08693589,-0.12307872,0.013145655,-0.006673403,0.06558639,0.7142278,0.41606036
21413,-5.8899627,-0.3943076,-1.321581,-0.63459426,-0.1186315,0.18484436,-0.29213417,-0.4995915,-0.056573756,0.586824,0.3092886
21414,-5.786529,-0.10652841,-0.9625822,-0.6998996,-0.6634906,-0.11368695,-0.017674163,-0.28941396,-0.27433193,0.6923791,0.47956327
21415,-4.693341,0.052980717,-0.95849425,-0.53857803,-0.058992542,0.33282316,-0.14189114,-0.5879182,-0.057425283,0.24760771,0.17242518
21416,-5.684212,-0.23123823,-0.8610773,-0.78675425,-0.70889693,0.075777754,0.31452933,0.11341501,-0.2837812,0.51079625,0.73909307
21417,-6.59377,0.08744099,-1.4422967,-0.64097595,0.18492751,-0.5864571,-0.35623312,0.059458144,-0.07732255,0.3460242,0.05303921
21418,-4.7564683,-0.06218942,-0.8515406,-0.62662697,-0.22775993,0.33898234,0.13665023,-0.22436854,-0.017098507,0.8728797,0.10271869
21419,-6.5640407,0.047137402,-1.8336395,-0.52338773,0.097994015,0.2086885,-0.13491827,-0.0033850754,-0.18747805,0.42606094,0.29475194
21420,-7.1173844,-0.28413662,-1.4553151,-0.7298179,-0.64433795,-0.29765296,0.14284493,-0.070920154,-0.20562185,0.8760188,0.51519924
21421,-6.7491746,-0.049576398,-1.2243727,-0.66613907,-0.029262641,-0.08187419,0.16545074,-0.10449722,-0.094165765,0.91679215,0.405141
21422,-5.220543,0.018140238,-0.86803555,-0.64608413,-0.32969314,-0.27234483,0.21629623,0.17464077,-0.0627581,0.45026344,0.14573027
21423,-4.4283648,-0.027517062,-1.0239576,-0.44737455,-0.14250503,0.08614876,0.054364413,-0.48040673,-0.026511764,0.63478523,0.1867408
21424,-4.625462,-0.032119114,-0.6415757,-0.48800865,-0.25819516,-0.06332543,0.08493154,0.08276814,-0.13393584,0.12528245,0.39050373
21425,-5.4479256,-0.43727365,-1.1038796,-0.6777878,0.37731668,-0.2858513,-0.07298052,0.053076684,-0.04200437,0.41600734,-0.0059686163
21426,-6.5567584,-0.19856627,-1.3728148,-1.3023306,-0.6766785,-0.06831709,0.0060201744,0.0356788,0.0052027637,0.5889626,0.7457383
21427,-5.0933647,-0.3349175,-1.1571692,-0.3908621,0.035536632,-0.23618467,0.12905464,-0.10353768,0.049898356,0.44118997,0.05532223
21428,-4.0207877,-0.4478525,-0.7445135,-0.6722191,-0.3846365,-0.0030232333,-0.04328436,-0.17286813,0.14636773,0.45587435,0.49518675
21429,-4.618748,-0.30234027,-0.7802863,-0.7196239,-0.50974494,0.0075091915,0.047361393,-0.058593683,-0.08665268,0.5109073,0.69713354
21430,-4.683919,-0.15439811,-0.832011,-0.5121719,0.12521961,0.023873748,-0.13268097,0.072580986,-0.21141094,0.45206678,0.06891933
21431,-5.4684806,-0.0671441,-0.8245143,-0.6775546,-0.31783372,-0.19945377,-0.03705693,-0.28803924,-0.11829607,0.35231465,0.40771827
21432,-5.7820296,0.06288263,-0.9785637,-0.5235936,-0.059320286,-0.23059903,0.059011325,-0.13638796,-0.1693407,0.18167561,0.3759138
21433,-5.235636,-0.023684751,-0.8286858,-0.31417084,-0.03936629,-0.06043598,0.07731556,0.27289584,-0.052615687,0.6832827,0.15606776
21434,-6.7700734,0.100261524,-1.0634556,-0.6962694,-0.14923374,-0.009500727,0.042170618,-0.33150128,-0.17355281,0.3459963,0.47890761
21435,-4.5634656,-0.2746902,-0.78830945,-0.64664245,-0.6479309,-0.14257616,0.43029097,0.071300015,-0.085588306,0.1780215,0.44312757
21436,-5.7078843,-0.12991795,-1.1026598,-0.6139219,-0.12366346,0.3950534,0.037322406,-0.5277526,-0.058593035,0.94773453,0.5151361
21437,-5.5659995,-0.19709052,-1.1961377,-0.33838806,-0.1392005,-0.24807565,-0.08920118,-0.0131480545,-0.15206794,0.20040509,0.27119058
21438,-6.821274,-0.066266865,-1.172186,-0.5063936,0.3910428,0.32390207,-0.15584375,0.2444619,-0.12427038,0.88761395,0.5324928
21439,-5.6878905,-0.2566238,-0.8263776,-0.39790514,-0.3288995,-0.20638853,0.202164,-0.018942568,-0.24674232,0.5125724,0.5946357
21440,-7.228258,-0.13357832,-1.4355778,-0.90809023,0.07006652,-0.1614659,-0.31248957,-0.56808615,0.46701708,0.48701578,0.28455552
21441,-5.967678,-0.14676882,-0.8007132,-0.63481176,0.019043045,-0.13947435,0.12807673,-0.071015485,-0.100712515,0.43969983,0.13244137
21442,-5.308054,0.057564296,-0.98957187,-0.6990459,0.091362156,-0.26234794,-0.11851197,-0.008049082,0.011639025,0.0051965257,0.45936742
21443,-5.5047183,-0.073738776,-1.010491,-0.39805496,0.17866145,-0.030041888,-0.08768633,-0.129991,-0.22733045,0.17890075,0.16440278
21444,-4.621928,0.12209645,-0.67018026,-0.22143848,-0.29920578,-0.18474819,0.052770916,-0.105314486,-0.28554705,0.14644448,0.3560954
21445,-5.26038,0.005850455,-1.5089649,-0.37108108,0.1519425,0.21030352,0.08825821,-0.1842505,0.013649972,0.06381748,0.28035003
21446,-5.6259604,-0.14525749,-0.9492136,-0.46397823,-0.27223814,-0.5311979,0.11294664,-0.067899026,0.07250041,0.37365508,0.32953686
21447,-4.9138126,-0.13562232,-1.1871924,-0.6124716,-0.13995615,-0.41558957,-0.033124357,-0.040614136,-0.20021026,0.487583,0.17894205
21448,-6.9706984,-0.035508297,-1.3642839,-0.9404062,0.084918454,-0.08701152,0.06115607,0.007696432,-0.042504482,0.4574687,0.7061586
21449,-5.8031464,-0.22772643,-1.094258,-0.8578061,-0.629347,0.15630682,-0.1110661,-0.09537101,0.06623187,0.48270908,0.38697115
21450,-6.5442395,0.403704,-1.164723,-0.65463084,-0.07563542,0.01215101,-0.07669801,-0.15993486,-0.25455132,0.21894369,0.25668648
21451,-4.362264,-0.18252727,-0.7627289,-0.44107237,-0.312913,-0.23642397,-0.042403273,-0.09597331,-0.37706664,0.39019275,0.21504311
21452,-3.7057471,-0.08191422,-0.99208313,-0.25106284,-0.03777013,0.14105552,-0.05952415,-0.12064063,-0.13504873,0.30504045,0.14673072
21453,-5.0020967,-0.15677328,-0.9585589,-0.46928713,-0.3548534,0.085372634,-0.09874844,-0.32511762,0.09752156,0.15760691,0.36055183
21454,-5.5810704,-0.013333631,-0.9880207,-0.5834782,-0.2879374,0.03733002,0.010170184,-0.16106696,0.039821364,0.5526585,0.5304824
21455,-6.473696,-0.49833283,-1.0623565,-1.1685927,-0.13704208,-0.108800896,-0.07162629,-0.15807134,0.13473764,0.56862026,0.5139987
21456,-5.4739957,-0.05551872,-1.1866153,-0.7058962,-0.4025183,-0.058965616,0.398644,-0.52413946,-0.052359484,0.42094427,0.536213
21457,-4.5748296,-0.029965632,-0.7662024,-0.3525653,-0.60072196,0.15012884,0.17095987,-0.46326694,-0.11700368,0.5279942,0.3258797
21458,-5.3655057,-0.27683017,-1.0689943,-0.4332764,-0.11761735,0.25247633,-0.23550835,-0.16756076,0.022794839,0.56752646,-0.2295945
21459,-5.4946504,-0.31437197,-1.0593743,-0.51014304,0.056899663,0.046855748,0.057641402,-0.36548206,-0.2648063,0.45522928,-0.17891599
21460,-5.782737,-0.09491171,-1.0865594,-0.5556224,-0.19708616,-0.2159482,0.15209927,0.043725044,-0.12737626,0.7359447,0.089662954
21461,-5.0680003,-0.006578411,-1.049212,-0.8029482,0.049967892,0.045682654,0.02863282,-0.5725167,0.23418719,0.32179943,0.6472169
21462,-3.0226672,-0.15051807,-0.47614652,-0.2042025,-0.065906994,0.066122904,-0.002076202,-0.060999036,-0.16983321,0.16222502,0.1607304
21463,-5.885186,-0.3308385,-1.1003393,-0.7265727,0.074416324,0.106850855,-0.25792935,-0.23212694,-0.1716256,0.025056109,-0.086823136
21464,-5.9911685,-0.25101772,-1.0949821,-0.8588803,-0.52434397,-0.28439534,0.15987098,-0.30026415,-0.15611911,0.52985567,0.7457557
21465,-5.124245,0.09964642,-1.1644663,-0.24696755,0.5103072,0.082037546,-0.37848732,-0.05598879,-0.085744396,0.10530072,-0.08125098
21466,-6.8849764,-0.1202828,-1.1108377,-0.6854069,-0.5530115,0.23747884,-0.054609008,-0.16032064,-0.2549851,0.11990205,0.34897503
21467,-5.8162937,-0.2335148,-1.0130228,-0.26166886,-0.41199934,0.20100214,0.11647964,0.050071992,-0.42043325,0.17649499,0.31469238
21468,-7.00861,-0.084885,-1.4599956,-0.63437355,-0.17788698,0.47514015,0.0597536,-0.50597304,0.13747361,0.4953674,0.24486715
21469,-4.588767,-0.1618717,-0.95915604,-0.38464716,-0.17970642,-0.10971442,0.05402875,0.19142675,-0.1341032,0.43304443,0.28565356
21470,-6.6113296,-0.3694817,-1.8293029,-0.88344,-0.33600473,0.20283602,0.0027605472,-0.007814571,0.1269812,0.64702934,0.87727857
21471,-6.014473,-0.17759141,-1.7046036,-0.66219777,0.046685282,0.21793328,-0.26483023,-0.30421358,-0.33277765,0.65517634,0.1733084
21472,-6.498286,-0.014328145,-1.4417288,-0.562657,0.37280747,0.015682166,-0.27156812,0.08503443,-0.048340634,0.3672479,0.12542538
21473,-6.391286,-0.39972273,-1.2605021,-0.48016164,-0.12483104,0.18146348,-0.059003174,-0.20918123,0.006988397,0.38038623,0.3641566
21474,-6.531229,-0.24745907,-1.7893324,-0.6643544,0.2896786,0.1220081,-0.25849524,-0.10106741,-0.08091345,0.09185823,0.007367313
21475,-5.2451615,-0.2619971,-1.0639184,-0.8883422,-0.17663975,0.08796669,-0.10263126,-0.30481315,0.2257359,0.8398938,-0.006226412
21476,-5.247841,-0.111650504,-1.023236,-0.6590664,-0.33937833,0.10281378,-0.02727262,-0.26665133,-0.2406045,0.28295207,0.30832547
21477,-5.074703,-0.15180095,-1.0407244,-0.6257469,-0.39375457,0.17931683,0.26577017,-0.36343876,-0.18680832,0.32652014,0.37022597
21478,-4.876585,0.09070326,-0.9609112,-0.7184376,-0.11377023,-0.2719422,-0.2067819,-0.5025415,-0.128562,0.7230986,0.12070718
21479,-5.127563,0.048147947,-1.0139918,-0.3319323,-0.24126476,-0.031833462,-0.0459727,-0.42922664,-0.0941228,0.36070544,0.34389183
21480,-5.0366664,-0.17590044,-0.8617242,-0.6976615,-0.027471567,0.26214576,0.18653744,-0.4586095,0.20157847,0.4604093,0.39010325
21481,-4.6713877,-0.04198765,-0.71031344,-0.30916184,-0.47842726,-0.06433237,0.028664656,0.036588542,-0.13924877,0.3623602,0.29328683
21482,-5.6668406,-0.032542128,-1.1356432,-0.6628043,-0.07469397,-0.27844125,0.077547766,0.01793364,0.10113208,0.55854577,-0.02962178
21483,-6.2781787,0.11765404,-1.2977886,-0.90940887,0.07666479,-0.0804262,-0.13256875,-0.119241305,0.020494048,0.418507,0.32807204
21484,-4.4512873,-0.19311316,-0.7595703,-0.33245167,-0.19407621,-0.21638955,0.04462995,-0.12216862,-0.0980675,0.37646866,0.58138406
21485,-5.173393,-0.21102348,-1.021363,-0.9804377,-0.36076966,0.24958226,-0.10425559,-0.47713497,0.26584545,0.68980134,0.351664
21486,-5.9025035,0.0026457175,-0.965263,-0.15904236,-0.038151428,-0.13315158,0.0057371436,0.13060752,-0.49352002,0.69033325,0.2260432
21487,-5.5267944,-0.12617122,-1.0600498,-0.6050459,-0.649079,-0.060488515,0.41125593,-0.03802614,-0.45951062,0.31656772,0.40973818
21488,-5.765317,-0.1791657,-1.1526942,-0.9979105,-0.52747446,-0.16287287,0.04522832,-0.36763856,0.036245085,0.2622872,0.6294626
21489,-5.5854454,-0.32814768,-1.302419,-0.45852095,-0.06286905,-0.04082373,0.12664063,-0.06720811,-0.25920764,0.08358206,0.19053322
21490,-5.362591,-0.4018725,-1.3053637,-1.0382682,-0.2687953,0.0845411,-0.099025786,-0.3833619,0.23016955,0.4157905,0.45807555
21491,-5.878288,-0.38895774,-0.95595276,-0.53959465,-0.23537497,0.34879935,-0.07794658,-0.3437791,0.08105796,0.3929628,0.27822915
21492,-4.4183,-0.026074179,-0.81846434,-0.50715256,-0.5439158,-0.1322249,-0.0760093,-0.119631894,-0.1607894,0.7309092,0.26062837
21493,-6.5408635,-0.35226408,-1.0557871,-0.65262884,-0.25839332,0.22542182,0.28601342,-0.41231966,-0.20706648,0.74661523,0.056782033
21494,-7.4479904,-0.33505073,-1.3624847,-0.9100004,0.2639169,-0.20311584,-0.15942077,-0.304706,0.12904152,0.51399386,0.4249412
21495,-4.5257506,-0.10139254,-1.0031011,-0.5678394,-0.2899655,0.14711758,0.0041891905,-0.20365813,-0.007810343,0.49662116,0.31943867
21496,-5.3654895,0.2207509,-1.2311649,-0.56780696,0.021363294,0.010395066,0.052510772,-0.45514205,0.19486511,0.21165138,0.09946226
21497,-6.347136,-0.035621557,-1.1910814,-0.3502402,0.30464026,-0.03642676,-0.1105237,-0.054717615,-0.24850027,-0.008739092,0.22663215
21498,-5.4231997,0.11508419,-0.7397055,-0.44881397,-0.17121302,-0.11771217,-0.015519698,-0.22206791,-0.3842589,0.42518356,0.43884915
21499,-6.412018,0.05771648,-0.85296386,-0.55658853,-0.27429155,-0.013910495,-0.46893713,-0.64177275,-0.25296757,0.03407267,0.10245202
21500,-5.5441947,-0.18894243,-0.71620065,-0.5509139,-0.5179498,-0.15627965,-0.0947376,-0.48110682,-0.15323035,0.689523,0.7136004
21501,-4.179532,-0.036782317,-0.6832638,-0.23530526,-0.2005509,-0.081636414,0.07498246,-0.4041265,-0.27694848,0.19225007,0.13365602
21502,-5.7286644,0.07219701,-1.0796465,-0.24921083,0.18859783,0.4508856,-0.10682717,-0.6475462,0.052300274,0.30477938,0.094376154
21503,-6.8333144,-0.08019506,-1.7013025,-0.77112514,0.031203102,-0.094844386,-0.28532073,-0.006935416,0.196147,0.52126795,0.45489684
21504,-4.609992,-0.14745036,-1.0640786,-0.49279594,-0.18204652,0.05103492,0.13709082,-0.17492092,-0.086274214,0.59996593,0.20990133
21505,-6.5297904,0.11860231,-1.1274053,-0.65804553,-0.2594598,-0.37948823,0.20060006,-0.28052068,-0.2100852,0.21935171,0.5810682
21506,-5.433264,-0.062467296,-1.2159735,-0.61801064,0.1159778,0.069353655,-0.01705797,-0.021007907,0.12957971,0.43476894,0.36075875
21507,-3.980643,0.12139973,-0.45995164,-0.5164071,-0.4115961,-0.03749703,-0.067693435,0.02047954,-0.037375912,0.4842103,0.33822733
21508,-5.447228,-0.088264994,-0.9560393,-0.9147473,-0.3744341,0.04785314,0.028064441,-0.4323005,-0.036247954,0.19500071,0.45975366
21509,-6.0414767,-0.3969372,-1.0021645,-0.71800596,-0.04003961,0.07897461,0.026378531,-0.1943139,-0.08833554,0.5864521,0.52682513
21510,-6.1932755,-0.30341643,-0.94863564,-0.7044356,0.17886098,-0.31697774,-0.13999881,0.0057970625,-0.2606166,0.20133822,0.31432638
21511,-4.97699,-0.20499745,-1.1522263,-0.71184075,0.05315531,0.0183234,0.19062702,0.007922033,0.048484996,0.7877988,0.1408945
21512,-6.4107294,0.1272842,-1.1242267,-0.53502345,0.08653613,-0.19580856,0.16046456,-0.26935002,-0.43123373,0.60771567,0.3275653
21513,-5.7336783,-0.35160926,-1.2205349,-0.4641922,0.15318437,0.1151407,-0.09046143,-0.25935942,0.06865894,0.5095628,0.30845684
21514,-4.8404675,-0.15175839,-0.9743155,-0.71630365,-0.033389002,0.041906685,-0.12813815,-0.31300128,-0.044878155,0.40674397,0.38929093
21515,-5.959897,-0.3534709,-0.9826937,-0.38877162,-0.5872726,-0.31094617,-0.016979877,-0.24957761,-0.32086512,0.2496364,0.6265269
21516,-6.478322,-0.11856781,-1.5306908,-0.8396135,0.30750084,-0.085728005,-0.004142804,-0.030068217,-0.063693985,0.5704634,0.2673921
21517,-5.8598547,-0.012166704,-1.4988607,-0.13043,0.21341302,0.113604605,-0.06190241,-0.043760277,-0.3001285,0.35537216,0.045546282
21518,-6.41207,-0.12019363,-0.75390583,-0.63679093,-0.3400547,-0.12901308,0.06457881,0.07854819,-0.33036348,0.40181705,0.6493289
21519,-4.425774,-0.052715167,-0.8926866,-0.64361465,-0.52395034,0.049800072,-0.064469196,-0.3266509,0.080245525,0.26078683,0.5385654
21520,-6.2343426,-0.33080465,-1.9595689,-1.1541096,-0.59897405,-0.19832823,-0.1597102,-0.055809386,0.36163405,0.81783116,0.7332336
21521,-5.9919157,-0.15375338,-0.5058289,-0.38387078,-0.40625495,0.027289722,-0.16912802,-0.36553678,-0.11891617,0.3468724,0.25549382
21522,-3.75295,-0.15657696,-0.83615625,-0.64013994,-0.11516132,-0.026360922,-0.11905839,-0.2710849,0.30447885,0.37869123,0.28368035
21523,-4.7167287,0.030859128,-0.91481614,-0.49105096,-0.45477322,-0.045203853,0.12788555,-0.39271834,-0.24223371,0.46294054,0.5213311
21524,-5.084816,0.17625377,-0.9855469,-0.24900582,-0.0171334,0.09288801,0.089235306,-0.14666681,-0.10420575,0.221173,0.16568756
21525,-6.055194,-0.30186275,-0.9927177,-0.7460268,-0.12498478,-0.05255145,0.40934858,0.008911714,0.059689812,0.96658367,0.33198854
21526,-5.5040436,-0.1692443,-1.0620363,-0.62587404,-0.11411697,0.018816758,0.23860683,0.15185428,0.11510086,0.5490322,0.2717246
21527,-6.03129,-0.2250364,-1.1027201,-0.78916925,0.13775234,-0.39356714,-0.04549691,-0.1574493,0.060107544,0.25222543,0.26749998
21528,-5.229793,0.0030847364,-0.8760874,-0.37589982,-0.2995946,0.052338876,0.1130848,-0.14367928,-0.10381917,0.31205598,0.38139576
21529,-5.709158,-0.40042278,-0.9898823,-0.4901706,-0.47346115,-0.29153657,0.20216964,0.13650079,0.079504974,0.64364713,0.637121
21530,-5.2321916,-0.020751733,-1.3574355,-0.4172471,0.25050238,-0.106104486,0.02976251,0.10032414,-0.13272385,0.12259748,0.3207796
21531,-4.7829037,-0.22216365,-1.0851681,-0.5340318,-0.3029221,-0.016664678,-0.1408529,0.06799739,0.013894914,0.34479633,0.5292354
21532,-5.981791,-0.035558335,-0.86377424,-0.6781307,0.113946654,0.037916325,-0.03706799,0.020119932,-0.10256681,0.70936996,0.51370496
21533,-6.8946033,0.08186612,-1.1579785,-0.77507126,-0.43585768,-0.44288456,-0.019880086,-0.24566233,-0.34508124,0.8245977,0.20347205
21534,-7.5929465,-0.7799307,-1.4027538,-1.1381553,0.3439184,0.50150627,-0.4652968,-0.82255703,0.010933711,0.36630675,0.0077149323
21535,-6.5546303,-0.32975122,-1.0785335,-0.7357798,-0.36534768,-0.10620399,0.15561059,-0.30097726,0.013863279,0.75416356,0.63400567
21536,-5.0273523,-0.02110472,-0.945897,-0.6163973,-0.07419877,0.101706676,-0.39011207,-0.3135629,-0.0041296184,0.35771596,-0.02716124
21537,-6.2992277,-0.31604046,-0.9539989,-1.0601703,-0.36131433,-0.080423795,0.0017775055,-0.44414878,0.072613925,0.25059742,0.83389676
21538,-4.833214,0.04910835,-1.3617254,-0.59884405,-0.09083746,0.39208323,-0.16378663,-0.31833133,0.13315518,0.51992565,0.21313432
21539,-5.8923717,0.098434426,-1.0610306,-0.25739858,-0.2092245,0.21058023,0.4322536,-0.005821606,-0.13737999,0.24006942,0.30159026
21540,-7.028222,-0.44304794,-1.0915569,-0.6263125,-0.36728725,0.021442335,0.004250147,-0.026674649,-0.16129358,0.6798748,0.8646035
21541,-5.344227,-0.13822012,-1.5965065,-0.8656082,0.09429861,-0.037179228,-0.0417613,0.05153528,0.054327205,0.5749956,0.24555953
21542,-5.1535325,-0.10753874,-0.77204657,-0.5886679,-0.24094605,-0.106869005,0.1870627,-0.0666783,-0.0309244,0.36786872,0.25341228
21543,-4.6462197,-0.19368243,-0.91206944,-0.75270164,-0.19409178,-0.0886137,0.093731105,-0.08785935,0.077248715,0.2026028,0.13331658
21544,-6.275546,-0.28451613,-1.1133069,-0.51696175,0.03447321,0.117948405,-0.0724812,-0.19370045,-0.058373854,0.036765482,0.21138942
21545,-5.1081333,0.03382462,-0.9272442,-0.5299511,-0.079720624,-0.21626124,-0.14270101,-0.17299072,-0.11672865,0.3482145,0.25924358
21546,-7.5770545,0.08990265,-2.0973752,-0.9815651,-0.20556253,0.17809296,0.009593829,-0.35610738,-0.17789608,1.1722159,0.63700324
21547,-5.4396152,-0.178846,-1.0062703,-0.76043296,-0.18597712,0.076482914,0.055880822,-0.25335652,0.051198624,0.58172745,0.46082294
21548,-6.28136,-0.17700836,-1.8405958,-0.699941,0.14522453,0.026497893,-0.49463668,-0.0683534,-0.07979253,0.5653122,0.44077143
21549,-6.228093,-0.039149966,-1.0708567,-0.39913732,-0.6438663,0.074793555,0.17870264,-0.47143114,-0.55502206,0.22963788,0.634354
21550,-4.8042746,-0.012594518,-1.2454678,-0.73415184,0.02299442,-0.11947645,-0.072300255,-0.14168647,0.073365204,0.42898414,0.38959497
21551,-5.366726,-0.04632717,-1.0147446,-0.44634643,-0.18548852,-0.22172321,-0.27241132,0.054037154,-0.14881636,0.29177442,0.23591961
21552,-6.0418067,-0.3946247,-1.143,-0.7694675,-0.66323775,-0.29252863,-0.19520982,-0.30556938,-0.07536486,0.23924324,0.6530078
21553,-5.6516924,-0.26019755,-1.7786481,-1.0663611,-0.030104594,0.58802086,-0.15517952,-0.68188864,0.25109437,0.6559412,0.5500931
21554,-5.0452867,-0.10531252,-1.1193086,-0.62296104,-0.049914185,0.22159253,-0.38564533,-0.34028092,0.04281082,0.32991028,-0.072559714
21555,-5.566201,-0.08436191,-1.1825345,-0.24512845,-0.008646188,0.2663564,0.2597471,-0.076374285,-0.35442895,0.41276044,0.12004714
21556,-5.170181,0.12069056,-0.85981584,-0.46714354,-0.10815484,0.014506394,0.22546898,-0.29478028,-0.1966074,0.5102501,0.013180216
21557,-7.843303,-0.35960332,-1.7617486,-0.8424247,0.29269254,-0.3959375,-0.029438581,-0.05039859,0.048173934,0.7116936,0.28411528
21558,-6.2659726,-0.040795203,-1.0073956,-0.6167372,-0.41727763,0.13381253,-0.06334913,-0.22729956,-0.119149804,0.11633161,0.11329996
21559,-5.6411643,-0.25974753,-1.0902966,-0.7499384,-0.3618636,0.09242506,-0.12878668,-0.4192084,-0.14260697,0.40716735,0.4134495
21560,-4.5856175,0.063806616,-0.9070785,-0.36047462,0.045443892,0.057862464,0.07737978,-0.11474339,0.07067917,0.49107048,0.26129404
21561,-5.042602,-0.060806956,-0.72171766,-0.3658791,-0.11850747,-0.09016806,0.22286697,0.3342829,-0.13599537,0.3755174,0.4577476
21562,-6.040285,-0.11081778,-0.94754386,-0.61384165,-0.80860627,-0.73713535,0.0052044517,-0.30794457,-0.33446068,0.451262,0.55943024
21563,-6.0200667,-0.28528678,-1.5592225,-0.73195183,0.09668635,0.008592125,-0.424201,-0.03457974,0.032539904,0.7348668,0.24414137
21564,-4.053866,-0.011783713,-0.7081469,-0.72969484,0.040001087,0.055615872,0.042525534,-0.19819124,0.16093,0.41304964,0.22386397
21565,-4.760816,-0.087548316,-1.1786295,-0.42865512,0.08450715,-0.28348345,-0.12810218,-0.19844763,-0.13871144,0.12825787,0.4586356
21566,-5.90625,0.09816391,-0.9576851,-0.15871145,0.14585795,-0.25398678,-0.105664134,0.14306998,-0.25413144,0.4872983,0.23138535
21567,-5.1199985,-0.17487666,-0.78188497,-0.5874409,-0.22751375,-0.02388936,0.112985715,-0.40429246,-0.24040104,0.22475521,0.44794825
21568,-6.630589,-0.3323886,-1.3544018,-0.6270649,-0.2443465,0.49665672,0.079206534,-0.20262337,-0.124111965,0.48232204,0.4939628
21569,-7.5013022,-0.20850806,-1.741038,-1.2011974,0.4160273,-0.25879347,-0.62614954,-0.50024694,0.04551792,0.54479605,-0.05995091
21570,-6.491322,-0.030678079,-1.5230169,-0.783075,-0.3272016,0.6035289,0.12042888,-0.44477144,-0.16085,0.27504334,0.6047403
21571,-7.146492,-0.16075064,-1.4875951,-1.1007665,-0.5590714,-0.026232764,0.0050793057,-0.6358427,0.15131262,0.31163636,0.93028563
21572,-3.886473,-0.10798456,-1.0288477,-0.42139152,-0.35303143,-0.088689834,0.3058586,-0.19272754,0.08854483,0.33994249,0.4950926
21573,-6.6479926,-0.28636938,-1.5262864,-0.37373337,-0.5102223,-0.18928061,0.2978506,-0.050870985,-0.5691283,0.49156854,0.6996442
21574,-4.5145073,0.109978,-0.95431787,-0.5493458,-0.05676446,-0.09969685,-0.010166778,-0.050657667,-0.21517585,0.12137129,0.08574928
21575,-4.2187843,-0.16042013,-0.56227607,-0.52794003,-0.21473917,0.31941217,0.19545603,-0.1849203,0.0785386,0.5385669,0.41696027
21576,-4.821274,0.023158275,-1.0942484,-0.46424565,0.40284044,-0.04688373,-0.093470246,-0.17417048,0.11191657,0.21832421,0.0025784997
21577,-5.3538303,-0.18061504,-0.8613988,-0.7705044,-0.111211084,0.13938563,-0.2508816,-0.08149326,-0.15455379,0.29139057,0.19382854
21578,-4.115036,-0.024521247,-0.9109462,-0.4776938,-0.073918134,0.105898514,0.08684092,-0.20309003,0.0916333,0.33684012,0.28566888
21579,-5.348463,-0.01609512,-1.1072035,-0.8434434,0.20193653,0.011730166,-0.24579518,-0.3041203,0.1258551,0.21760724,-0.14047392
21580,-6.7486715,0.020996414,-1.1879675,-0.77191144,-0.20566888,-0.37740922,-0.015319391,-0.20932443,-0.30185813,0.13978592,0.5086835
21581,-5.87901,-0.11550357,-1.4199209,-0.95348877,-0.49247035,-0.22993088,-0.12825333,-0.20803414,0.075961396,0.5707202,0.7525581
21582,-7.3009334,-0.38240016,-1.4163651,-0.6036252,-0.80832136,0.03619498,0.32143494,-0.1962079,-0.46689883,0.23042949,0.60044545
21583,-4.5848722,-0.28690237,-0.8384179,-0.46302518,0.116133444,-0.20679457,-0.14158079,-0.00046049058,0.023503728,0.52184826,0.24899109
21584,-4.8858714,-0.1970206,-0.80497664,-0.36372715,-0.26058945,0.03445056,0.18276544,0.21953255,-0.37807003,0.547735,0.55872095
21585,-5.3773065,0.21044633,-1.0591037,-0.4588099,0.0063590123,-0.085186385,0.04028855,-0.19725004,-0.18320456,0.054100093,0.31215727
21586,-4.4088264,0.13337854,-0.8199167,-0.25182912,-0.2733757,0.16832806,-0.11506138,-0.49783012,-0.04785732,0.2028618,0.2814427
21587,-7.8758016,-0.5232591,-1.6379913,-0.2086692,0.53620523,0.24798115,-0.22648501,0.27943733,-0.19031563,0.66414356,0.52846843
21588,-5.082014,-0.09329425,-1.179526,-0.6505346,-0.44653895,-0.1303302,0.063730374,-0.22038063,-0.19540921,0.48175254,0.31156442
21589,-4.70266,-0.20744967,-1.1262707,-0.304034,0.0648709,-0.029137295,0.18689266,0.22972472,-0.25586927,0.24626552,0.48746336
21590,-4.5294337,-0.24200179,-0.89165694,-0.57232773,-0.21113312,0.085564874,0.15029284,-0.1959704,-0.20975381,0.41152918,0.13977355
21591,-5.049152,-0.0911698,-1.1380117,-0.41946322,0.4334162,0.09268979,-0.26343244,-0.020702997,-0.04003986,0.18893936,-0.106216714
21592,-5.807125,-0.009487773,-1.0474811,-0.52430236,-0.086183,0.04897242,0.018515365,-0.346454,0.066086836,0.32478473,0.3512826
21593,-4.9124956,-0.30133554,-0.68449306,-0.499371,-0.11847587,-0.019671774,-0.032666925,-0.07963134,0.029098295,0.45218658,0.6194502
21594,-6.2499948,-0.16497244,-1.1300809,-0.5713371,-0.23246723,0.07365662,0.20344442,-0.017666006,-0.19653338,0.3152822,0.28766537
21595,-6.107364,-0.2733892,-1.2223994,-0.4757259,-0.10954516,-0.27633333,0.17573258,0.18276277,-0.27298117,0.5888424,0.13782164
21596,-6.7012334,-0.056015182,-1.3214023,-0.9078288,-0.066449136,0.32489443,-0.04581049,-0.038166873,0.18969916,0.55377614,0.4888458
21597,-6.5634246,-0.4634055,-1.4871416,-1.2827384,0.32054627,-0.038238935,-0.35825393,-0.38353488,0.52743167,0.5708872,0.17384379
21598,-5.256179,-0.39423257,-1.1242795,-0.9523662,-0.13452233,-0.10882137,-0.18937553,-0.32006213,0.4068576,0.6274926,0.3922108
21599,-4.5702457,0.069565676,-0.82931346,-0.5500913,-0.28208327,0.15722804,0.20801641,-0.33609563,-0.19003405,0.5336729,0.42172235
21600,-4.5004187,-0.09872767,-0.9127223,-0.094287775,0.0031102744,0.2725898,0.09639131,-0.26171303,-0.076304264,0.31524977,0.13553742
21601,-5.4482684,-0.028894223,-1.5025169,-0.61913514,0.1772539,0.16048001,-0.13211441,-0.3094513,-0.10291743,0.1625198,0.06371099
21602,-7.198663,-0.20727752,-1.5599661,-0.851447,0.6001037,0.15946342,-0.2987695,-0.13486525,0.20397209,0.8627926,0.14668228
21603,-6.117999,0.04367946,-0.80718577,-0.6408991,-0.16532044,0.059814803,-0.39214838,-0.39761376,0.0067295907,0.3374185,0.30455974
21604,-5.694638,-0.2647863,-0.7804721,-0.7641064,-0.30074182,0.19926292,-0.13159731,-0.40806323,0.28147057,0.7865775,0.59143835
21605,-3.9256773,-0.31923538,-1.0534539,-0.55040216,0.0060627013,0.07754059,0.17660215,0.04705055,0.005816129,0.28189516,0.13011348
21606,-5.6608005,-0.27537993,-0.7821368,-0.7967572,-0.059698023,-0.07437761,0.091439426,-0.23196785,-0.107753865,0.09858764,0.2464028
21607,-5.7263823,-0.06811582,-1.0862795,-0.15381071,0.00026906515,0.4352725,-0.22684595,-0.19578826,-0.17369275,0.12586157,0.17866924
21608,-7.3218884,-0.3003715,-1.6433481,-0.989425,-0.10952446,0.14568287,-0.22160749,-0.53239155,0.41684625,0.26877716,0.7279266
21609,-3.8479195,-0.2370864,-0.85494554,-0.4287389,-0.055243943,-0.04440034,-0.23737994,0.18793163,-0.045401208,0.3422764,0.08284323
21610,-4.7650976,-0.19652034,-0.85303956,-0.47052965,-0.321954,-0.2623964,0.13151823,0.17438759,-0.35058755,0.3293505,0.16560167
21611,-3.9236584,-0.14985384,-1.2251183,-0.46087223,-0.075055026,-0.19235943,-0.027134366,0.1229665,-0.12329376,0.16179825,0.13238887
21612,-4.645959,0.16568886,-0.85116357,-0.5265352,-0.31497505,-0.14468203,0.049008735,-0.4463036,-0.022656294,0.23967677,0.42329413
21613,-7.0941978,-0.55952513,-1.1218252,-0.85678583,-0.3859017,0.062111378,0.12951839,-0.10333873,0.04338696,1.0378724,0.8688856
21614,-6.7969255,-0.47606394,-1.4340581,-0.9958081,-0.6430083,-0.11930311,0.062573686,-0.036791444,-0.074508846,0.66664946,0.72952646
21615,-7.4679737,-0.19905275,-1.4383553,-0.6405019,-0.14017047,0.6532734,0.0057635694,-1.120071,0.047541715,0.48879325,0.32921138
21616,-5.8780146,-0.14614989,-0.8606346,-0.49202257,-0.19036755,-0.061594523,0.22329547,0.08972089,-0.25178728,0.36416468,0.30774516
21617,-4.3330054,-0.21068634,-0.82749456,-0.40194717,0.25972188,-0.0059711114,0.014440253,-0.056794696,0.12354087,0.2002942,0.16124833
21618,-6.0656185,-0.19414891,-1.0021448,-0.5588377,-0.04839524,-0.12621574,-0.39465418,-0.03203281,-0.24859427,0.08032832,-0.010545666
21619,-5.795204,-0.014805983,-1.1046193,-0.9003461,-0.070231035,-0.6570751,-0.17007394,-0.2408543,0.015696744,0.49590412,0.1213769
21620,-6.790903,-0.15744671,-1.1521302,-0.93821853,-0.66690326,0.38709742,-0.039571006,-0.5204922,-0.32240102,0.25251424,0.6970747
21621,-4.419386,0.06526272,-0.9786101,-0.38999867,0.032909386,-0.20119515,-0.05716216,-0.27459484,-0.08590187,0.25554204,0.27067968
21622,-5.6299076,-0.24843328,-1.1212689,-0.6153101,0.22956625,0.021431815,0.039150685,0.12178256,-0.08989726,0.4185424,0.62754595
21623,-5.3886747,0.0040641474,-0.8176319,-0.62387854,-0.41033283,-0.027209416,0.24605905,-0.0576957,0.14873365,0.7407158,0.52922857
21624,-6.503947,-0.349052,-1.130184,-0.71431834,-0.3376702,0.34175038,0.41513896,-0.5130735,0.058941923,0.82130206,0.1530691
21625,-6.4904194,-0.21764979,-1.3299272,-1.0439922,-0.44919997,0.3827498,-0.33052418,-0.4469928,0.34739876,0.7162514,0.47034198
21626,-5.7549634,0.013671324,-1.3679578,-0.8974928,-0.26457465,0.1120595,-0.119607665,-0.45616782,-0.04123646,0.4313782,0.34588155
21627,-5.233291,0.16634502,-1.1028771,-0.49488878,-0.09856891,-0.05497945,-0.10265342,-0.51450896,-0.029804388,0.21799491,0.2916946
21628,-5.9523106,0.088409685,-1.0739793,-0.54200286,-0.33674046,-0.44931388,0.26361176,0.1281475,-0.1581506,0.25319624,0.32110032
21629,-4.771933,-0.26294085,-0.9511977,-0.6759772,-0.30424646,-0.12640104,-0.20783694,-0.65949106,0.1550852,0.19164817,0.6155199
21630,-5.726016,-0.18262185,-1.3919411,-0.76272374,-0.08137034,0.053932212,0.18077005,0.26589918,0.052608892,0.9936571,0.34691852
21631,-4.438361,-0.09214871,-0.6866,-0.45136356,-0.09442071,-0.13401969,-0.15995347,-0.16092665,-0.057357475,0.39017373,0.3466004
21632,-6.901705,-0.17377762,-1.3449551,-0.47632295,0.14170595,-0.029798076,-0.2074216,-0.03325735,-0.48753184,0.6409554,0.24467073
21633,-5.3102,-0.013859584,-0.71323204,-0.33146188,0.3007003,-0.2136493,-0.14072722,-0.18679014,-0.15360264,0.23377992,0.23705846
21634,-7.1391544,-0.09823571,-1.6209601,-0.605895,0.21840814,-0.09477654,-0.24508043,-0.44081855,-0.03256268,-0.081902735,0.29971948
21635,-5.61061,-0.18348199,-1.2904912,-0.3104782,0.40300846,0.31703937,-0.108767554,0.034179233,-0.14512214,0.19649436,0.23769401
21636,-4.370548,-0.05273021,-0.81998414,-0.82040334,-0.41261038,-0.015402777,-0.046422925,-0.1456402,-0.0002568625,0.32700053,0.43239984
21637,-5.294971,-0.3538557,-1.2678401,-0.25097024,-0.08241755,0.06753187,0.050422266,-0.002164524,-0.106720984,0.4917646,0.021276401
21638,-4.8017516,-0.22127126,-1.0330453,-0.6553059,0.1502254,0.5249543,-0.024546877,-0.27752748,0.29618445,0.25205758,0.26454073
21639,-6.492919,-0.32711983,-1.0511961,-0.74027544,-0.01901984,-0.4107589,-0.121510066,-0.4415948,0.28407472,0.3662846,0.565747
21640,-5.6620917,-0.15423006,-0.73430675,-0.5420205,-0.17158961,-0.17397292,0.20545818,-0.5520096,-0.41382524,0.24532613,0.3556022
21641,-6.307441,0.080191486,-1.208096,-0.90440243,0.11944285,-0.23944867,-0.1907346,-0.0023765722,-0.048375145,0.7100815,0.22972362
21642,-7.774446,-0.34211573,-1.3164245,-1.3412151,-0.8126385,-0.008363906,0.15728356,-0.29241955,-0.22539602,0.23495632,0.72041917
21643,-4.623536,-0.060777795,-1.0372427,-0.42786992,-0.24142101,-0.03505632,0.29284593,-0.3152454,-0.07191208,0.45522007,0.16465725
21644,-5.542719,-0.071674235,-1.0512773,-0.4952612,-0.15014301,-0.03679211,0.03988231,0.021917848,-0.029021056,0.5124731,0.257542
21645,-6.646232,-0.2888969,-1.345411,-0.8136096,-0.33657253,-0.053582728,0.15434259,0.002855495,-0.1217365,0.41431934,0.48639008
21646,-4.9646244,-0.05333058,-0.8027973,-0.48522967,-0.06274579,0.038532577,0.33018777,0.08828683,-0.06341482,0.4220301,0.30137116
21647,-3.8680022,-0.084859446,-0.78742313,-0.627187,-0.13519733,0.04175035,-0.17335165,-0.3775278,0.1760364,0.542538,0.14330286
21648,-6.0256805,-0.17452177,-1.2595353,-0.7888963,0.10454406,0.1897887,-0.24633972,-0.38887885,-0.012461631,0.14370984,0.364555
21649,-5.425846,0.0714387,-1.2386034,-0.83252454,-0.05349553,-0.28454792,-0.017823774,-0.15477471,-0.22828564,0.32114863,0.0079308525
21650,-5.2650275,-0.028252754,-0.8392916,-0.42125428,-0.47603005,0.43363124,0.013722133,-0.64707637,-0.05726236,0.28748453,0.16916768
21651,-5.1522083,-0.14462402,-0.93969685,-0.42721686,-0.24218792,-0.14106908,-0.061601438,-0.30349824,-0.05682502,0.44401985,0.15291907
21652,-5.6741896,0.17952703,-1.2156774,-0.5391142,-0.24457991,0.13158272,0.5055722,-0.14066698,-0.23314111,0.19011441,0.5845271
21653,-5.86707,-0.3902105,-1.134126,-0.6623026,0.18320732,-0.3280676,-0.25299665,-0.027783709,-0.2228049,0.3170462,0.02042671
21654,-4.739773,-0.14168327,-0.995506,-0.75661004,-0.29485846,0.30206275,0.26520362,-0.1755812,-0.029961435,0.3426641,0.31344953
21655,-7.2941623,-0.28594142,-1.0179449,-0.94883746,-0.26643315,-0.27037507,-0.25219992,-0.42550698,-0.26384583,0.60341716,0.6165985
21656,-4.741184,-0.0045825206,-0.613228,-0.38134122,0.013592927,-0.31582618,-0.16380432,0.096004955,-0.1908206,0.7132404,0.08160829
21657,-5.1409593,0.114308454,-0.90650564,-0.567632,0.2173989,0.14682084,-0.12269867,0.05301448,-0.08212734,0.5898284,0.36688668
21658,-3.827515,0.033672594,-1.0192373,-0.32010874,-0.11612697,0.14453954,0.09266397,0.028263355,-0.07395671,0.1909406,0.15704721
21659,-7.4851832,-0.24986924,-1.570726,-0.9209174,0.04458451,0.41521782,-0.026659533,-0.5132444,0.09334146,1.1256182,0.48877075
21660,-5.385204,-0.012947313,-1.1848328,-0.823204,-0.05020069,0.018376864,-0.131474,-0.4980949,0.15293781,0.19240676,0.5406215
21661,-4.7918572,-0.16107157,-1.0368538,-0.6988801,-0.45269105,0.08900831,0.4042353,-0.32268277,0.061248958,0.26980555,0.3666454
21662,-6.3515296,-0.86860573,-1.022281,-0.81095165,-0.27285784,-0.13541082,-0.06146037,-0.53076774,-0.09758505,0.6325641,0.7058699
21663,-5.968563,-0.1591521,-1.1837306,-0.58921117,0.026182648,0.113885656,0.1537738,-0.24099508,0.13748524,0.5275231,0.22512211
21664,-4.807979,-0.08724489,-1.0003711,-0.57976747,-0.12501642,-0.1356146,-0.16892591,-0.20186903,0.013944948,0.37798682,0.14113255
21665,-4.9505196,-0.10057744,-1.3884933,-0.7506787,0.05935604,0.3162349,-0.12318278,-0.5608723,0.25398955,0.3686412,0.4335369
21666,-6.11722,-0.15286566,-1.004955,-0.8877346,-0.014419137,-0.056186378,0.120094,-0.2531477,0.09169279,0.32044956,0.22888824
21667,-4.7252297,-0.14944115,-0.649775,-0.53080165,-0.10561952,0.05989216,0.16056359,-0.0618335,-0.19624847,0.28615415,0.12838987
21668,-5.3719397,0.09076004,-1.1405873,-0.51195455,0.14239743,-0.30611467,0.00369098,-0.34340438,0.18129331,0.3570451,0.27580157
21669,-4.3005786,0.13857962,-0.8602673,-0.28710142,0.026186695,-0.13398959,0.08672443,0.022246856,-0.011206057,0.12696703,0.1950426
21670,-6.9907613,-0.24777038,-0.8588879,-0.5045415,-0.11347252,-0.21133566,-0.18163578,-0.3755914,-0.12594406,0.19524398,0.52307236
21671,-5.9431567,-0.09984267,-1.1696582,-0.39670557,-0.027277226,0.07614485,-0.07101917,-0.20593426,-0.122625455,0.63386494,0.21322589
21672,-6.097498,-0.19357057,-0.8480638,-0.7238084,-0.06447185,-0.18697745,0.12707748,-0.18261334,-0.0913225,0.3806036,0.18156949
21673,-4.397622,-0.065388046,-0.89778817,-0.3987326,-0.073819295,-0.046401307,-0.07260125,0.16031216,0.109294824,0.34127158,0.20228517
21674,-6.352266,0.1912495,-1.2685225,-0.7273726,-0.31478187,0.101466365,-0.13805336,-0.23034908,0.1683034,0.62361753,-0.031746462
21675,-6.2440124,-0.14683399,-1.3284082,-0.891798,-0.49666852,-0.1442219,0.5511576,0.12218968,-0.20579849,0.8595018,0.92869216
21676,-5.545271,0.073911875,-1.3213416,-0.39269453,0.36237973,0.06552831,-0.14886357,0.084111676,0.010533104,0.07293252,0.1429656
21677,-4.2428308,-0.07222292,-1.1582528,-0.55154186,-0.11296366,-0.14353512,-0.019863814,-0.008358451,-0.17250104,0.34396157,0.37097868
21678,-4.8115344,-0.10019664,-1.0265493,-0.7342855,0.13966951,-0.3432492,-0.09549113,-0.12975238,0.110892065,0.5470557,-0.1137997
21679,-4.763522,0.100464776,-0.66548014,-0.34257683,-0.18374014,-0.23430814,0.20457229,-0.08873842,-0.31092548,0.2459522,0.14311919
21680,-4.5934134,-0.22766925,-0.67354375,-0.39756775,-0.3269924,0.09195028,0.23546953,0.09197889,-0.090716794,0.27734846,0.38456112
21681,-5.848792,-0.024969783,-1.0377109,-0.8112475,-0.25323066,0.30989808,-0.14872952,-0.18363567,0.09206855,0.42854506,0.43255487
21682,-5.2578344,-0.06794882,-1.2673972,-0.5957816,0.24531601,-0.1671756,-0.2634633,-0.19946319,-0.026327359,0.5386761,0.13110073
21683,-5.4681196,-0.47471276,-1.0173178,-0.9112227,-0.5237629,-0.09107722,-0.009553193,-0.13491222,-0.13092172,0.72604877,0.49150056
21684,-6.5354943,0.056284353,-1.5441527,-0.5417522,0.5315111,-0.2133112,-0.22000693,-0.22440563,-0.104156,0.15991226,0.2867472
21685,-6.0260396,0.11674863,-1.1194848,-0.7956121,-0.59364986,-0.08333031,0.07253892,-0.41937068,-0.10117495,0.3538799,0.13275024
21686,-7.8153415,-0.5538027,-1.7713002,-0.97945005,-0.18662363,0.10266216,0.18694584,0.07332709,0.003867277,0.91566443,0.550427
21687,-5.624446,0.14969918,-0.9725437,-0.59465647,-0.002596741,-0.022093825,-0.34538653,-0.2282068,0.012193297,0.36877474,-0.01512193
21688,-6.2611685,-0.02766044,-1.2725288,-0.7835989,0.25325206,0.21842025,-0.39800298,-0.5408879,0.20566094,0.40504268,0.033873387
21689,-5.8862343,-0.42972755,-1.4133219,-0.20661288,0.47510314,0.20934156,-0.11139634,-0.31889233,-0.082079485,0.1814398,0.53156596
21690,-6.3542786,-0.50645584,-0.8173113,-0.7720106,-0.15322204,-0.42443043,-0.23348308,-0.08291581,0.072312884,0.41650566,0.7476237
21691,-5.777076,-0.21606088,-0.51311594,-0.20697619,-0.07007281,-0.31983078,-0.03447782,-0.077148296,-0.25207055,0.4762499,0.43144098
21692,-5.865769,-0.2991444,-0.8763888,-0.35897282,-0.45252773,-0.058291197,-0.11731947,-0.32354596,-0.3811716,0.38789076,0.46038836
21693,-3.999926,0.016025577,-0.6919999,-0.38953525,-0.21184814,-0.2653007,-0.0065215407,-0.014758164,-0.13648261,0.25546053,0.24530117
21694,-5.44417,-0.30197194,-0.9615354,-0.4669671,-0.0702028,-0.3643095,0.018394489,-0.07390879,-0.26600888,0.16963182,0.60395646
21695,-4.4746857,-0.24323086,-1.1084982,-0.39176366,-0.08351284,0.0024322974,0.10725184,0.19358304,-0.11975777,0.5426419,0.31663084
21696,-5.7447248,0.053817295,-1.1530402,-0.6757095,0.21407698,0.51057595,-0.03262774,-0.21870068,0.107326016,0.4114016,0.2773143
21697,-3.6420326,-0.017953854,-0.8739816,-0.7006402,-0.1546556,0.07404424,-0.1807668,-0.33721128,0.16882905,0.35264364,0.17699422
21698,-5.831958,-0.41270193,-1.4718117,-0.72101855,0.05777897,-0.2152821,0.09089999,-0.10818205,-0.11185907,0.32601473,-0.059821688
21699,-4.64139,0.006711495,-0.78792346,-0.74731785,-0.22995329,-0.2644986,-0.011753603,-0.28508022,-0.053738035,0.12975222,0.7015536
21700,-5.552621,0.01252135,-1.3181572,-0.45427755,0.0390384,-0.36057806,-0.035669617,0.020564847,-0.11994833,0.23879175,0.22638805
21701,-6.9639306,0.1309335,-1.0428679,-0.39394766,-0.3890403,-0.13915889,0.3155529,-0.018491697,-0.55769145,0.4020221,0.29710212
21702,-7.8514357,-0.26379943,-1.7613354,-1.1551982,-0.46788085,0.3286417,-0.3026898,-0.6696179,0.037423745,0.5134728,0.57254916
21703,-4.511453,-0.17050837,-0.7504807,-0.4155798,-0.14030889,-0.14864655,0.09678564,-0.24761888,-0.2662882,0.20995583,0.39074546
21704,-5.3129687,-0.045772795,-0.9298345,-0.49005073,-0.22997929,-0.10008355,0.3232275,-0.1461554,-0.37132716,0.24265791,0.57764614
21705,-4.74972,-0.2182762,-1.3385401,-0.7695709,-0.038527917,0.040279604,0.22596504,0.04728716,0.024205541,0.22063255,0.45038977
21706,-4.980886,-0.1948695,-1.047015,-0.99509084,-0.5692256,0.08400451,0.037523907,-0.17432657,-0.13897635,0.37935355,0.4794028
21707,-7.247763,-0.24941175,-1.0075973,-0.6769934,-0.39185205,-0.12634218,-0.07798923,-0.08829819,-0.30056038,0.10580256,0.76399034
21708,-5.809505,-0.13520369,-0.85258996,-0.5123022,-0.5446922,-0.39892995,0.50783855,-0.2255042,-0.36264095,0.62484133,0.30255443
21709,-5.8675117,-0.3500483,-0.40739316,-0.73393846,-0.25287175,-0.026702072,-0.016680814,-0.38536078,-0.29298714,0.30317944,0.25195593
21710,-6.478165,-0.017706722,-1.2326647,-0.49598503,-0.15330139,0.11022341,-0.041265707,-0.55794746,-0.16996846,0.43365002,0.29962513
21711,-5.9567833,-0.14435877,-1.0777972,-0.54849917,-0.029858245,-0.08264466,-0.07477605,-0.19474913,0.07575421,0.24809003,0.40864
21712,-4.6811543,0.058333073,-0.71099263,-0.15903652,-0.3645209,0.20090885,0.101890415,-0.08831011,-0.06938073,0.30031243,0.3682887
21713,-5.3887954,-0.012758453,-0.9707707,-0.51477635,-0.2700336,0.1100402,-0.14546758,-0.047351606,-0.039025582,0.55729294,0.020074038
21714,-5.94631,-0.26764366,-1.4278618,-0.41401955,0.28954592,0.43063778,-0.01733502,-0.049282134,0.08773457,0.77372843,0.32561404
21715,-5.7394824,-0.23485784,-1.102845,-0.3038696,0.16321875,0.11203627,-0.09496646,0.13414429,-0.1927202,0.13004605,0.37435597
21716,-5.1032476,-0.25031734,-1.0509913,-0.84333384,-0.6294731,0.037402518,-0.1737019,-0.18177204,0.47273332,0.6831919,0.47776145
21717,-7.0571775,-0.21674022,-1.692722,-0.749441,-0.024082817,0.057840873,-0.2593365,-0.3052888,0.17843035,0.6559424,-0.0046233954
21718,-4.7774653,-0.05000412,-0.88330775,-0.557702,-0.32269692,-0.2554962,0.23167907,-0.2823614,-0.033703603,0.5889602,0.10731129
21719,-5.90497,0.03605074,-1.1266679,-0.4965269,0.02697001,0.17721745,-0.11937132,-0.56947565,0.118739314,0.45768726,0.3673624
21720,-6.1093245,-0.0012680907,-1.4630383,-0.49751222,0.5555611,0.12129797,-0.17233819,-0.20436336,0.16804326,0.11290933,0.09354257
21721,-5.4746695,-0.2569216,-0.94473976,-0.5525856,-0.20577314,0.13644268,-0.14532267,-0.04064709,0.11209818,0.96359074,0.59440583
21722,-6.3548126,-0.6048024,-1.1409547,-0.87756956,-0.24158314,0.06529541,-0.5130188,-0.576436,0.12602824,0.8641568,0.37918913
21723,-4.8620296,-0.022986088,-0.90388674,-0.48197016,-0.3983526,0.47954065,-0.16794173,-0.26968145,0.14846134,0.7822354,0.44268528
21724,-8.510222,0.05714472,-1.4910965,-0.8324146,0.5656588,-0.40195626,-0.188848,-0.27465913,0.056718342,-0.004229325,0.25554976
21725,-6.7014494,0.11040271,-1.2934242,-0.3738916,0.23161565,0.01720813,-0.38012934,-0.027775576,-0.28122178,0.5201147,0.3474882
21726,-6.027381,-0.1583936,-1.7384845,-0.70565754,-0.3181727,0.17997077,0.30879775,-0.071861416,0.16029169,0.9454739,0.30593607
21727,-4.6942763,0.04967246,-0.90015954,-0.4029492,-0.2314892,0.11461342,-0.19463986,0.083916724,0.08264,0.3733239,0.25634834
21728,-5.3174257,-0.19650312,-0.98206586,-0.46022618,0.020793876,0.3408866,-0.121462844,-0.19374703,-0.3099039,0.43430972,0.42062926
21729,-6.4430823,-0.10835879,-1.2186689,-0.84821224,-0.4845269,0.18222177,0.12289241,-0.39985505,0.025209263,0.41355374,0.4060188
21730,-7.285445,-0.049527973,-1.1783217,-0.639119,-0.36753285,-0.05205093,-0.19576547,0.0866638,-0.086991794,0.7639932,0.5259242
21731,-4.5201273,-0.12556486,-0.88194233,-0.45384884,-0.10215234,-0.21277398,-0.064320266,0.21065582,-0.19895385,0.4407435,0.39166078
21732,-6.6441293,0.06240856,-1.6232568,-0.18953058,0.25296786,0.32690114,-0.017905425,0.122029215,-0.2488956,0.4287734,0.42325875
21733,-6.09705,-0.2703331,-0.8689701,-0.57243353,-0.45709288,-0.22073497,0.18207231,-0.21912827,-0.3271766,0.6372221,0.62069905
21734,-6.9908156,0.03971241,-1.5469509,-0.7942585,0.21015893,0.3504429,-0.4249753,-0.4913933,-0.027048087,-0.09555105,0.12078404
21735,-4.511967,-0.40204546,-1.1479498,-0.79944414,0.089060314,0.1790496,-0.2409197,-0.21583086,0.14733991,0.44146833,0.26340544
21736,-5.7432055,-0.16806501,-0.9729237,-0.7168959,0.10740144,0.56225985,-0.37378532,-0.48037753,0.035451032,0.52144295,0.33456773
21737,-6.4357376,-0.3514409,-1.3057019,-0.8061841,0.26925954,0.03283299,-0.30324233,-0.24201176,0.0047055306,0.20984635,0.02143874
21738,-6.8996778,-0.28871617,-1.1010054,-1.0286521,-0.07657129,-0.050649706,0.067296565,-0.22565387,0.117919885,0.1497503,0.49188545
21739,-5.1121693,-0.25428247,-0.77679336,-0.4237865,-0.07656366,0.057120312,0.16246164,0.19997564,-0.27187347,0.45876184,0.21895473
21740,-5.1903577,-0.1641162,-1.4110106,-0.2142401,0.2132184,-0.28122896,-0.14398576,0.04793915,-0.14642282,0.23458554,0.12647389
21741,-4.519613,-0.13110197,-0.71148,-0.46626395,-0.13401039,-0.025547463,0.1613763,-0.33559793,-0.30167583,0.2690767,0.20939212
21742,-4.2110887,-0.14810385,-1.0245051,-0.5296667,0.17602244,-0.12615828,0.1272521,-0.13182978,0.10661305,0.24239095,0.21521278
21743,-5.603082,-0.34384748,-1.1930966,-0.78605723,-0.053557977,0.3730079,-0.09516264,-0.75995886,0.13128223,0.877557,0.27025777
21744,-6.385258,-0.20822646,-1.5522883,-0.7993312,-0.04462002,0.20881422,-0.32155856,-0.7542726,0.4284471,0.4991798,0.30716953
21745,-6.15495,-0.116690904,-0.6717575,-0.6409681,-0.33671758,0.07718203,0.30690342,-0.17470153,-0.28538865,0.2515719,0.50172037
21746,-4.2699013,-0.14622098,-0.5445224,-0.27055547,0.2172413,-0.070008576,0.07632437,-0.22122967,-0.24389856,0.27088073,0.24096775
21747,-7.201367,-0.018631943,-2.4874413,-0.917335,0.38223842,-0.073082455,-0.24393047,0.017595204,0.10188463,0.23383656,0.45595497
21748,-5.9013295,-0.3430979,-1.0949807,-0.30252814,-0.065767944,0.5129801,-0.3235694,-0.92528343,-0.046002254,0.3488736,0.27998444
21749,-5.769152,-0.189296,-1.616583,-0.7741721,0.4844278,0.3647169,-0.13880315,-0.12761346,0.11975793,0.26095673,0.3005948
21750,-5.521048,-0.04640846,-1.1622,-0.4002623,0.2855818,0.2448743,-0.23667519,-0.34320214,0.2590068,0.60730094,0.1300664
21751,-6.543931,-0.5540269,-1.2091817,-1.0621367,-0.47347513,0.15517332,0.045983117,-0.35519406,0.19764812,0.8321538,0.38692653
21752,-5.1195607,-0.060510594,-1.0499618,-0.39554223,-0.44638053,-0.24057446,0.124216855,-0.042780437,-0.20138258,0.2576101,0.26790634
21753,-4.7496877,-0.076470286,-0.9774649,-0.37282538,0.18056928,0.027420582,-0.14218138,0.124095224,-0.31531262,0.5179312,0.14112702
21754,-3.5379467,-0.08545269,-0.8090826,-0.29723567,-0.085121684,-0.12947574,0.028280813,-0.012550734,-0.20182833,0.3581786,0.10386885
21755,-5.329914,-0.07679746,-1.2969036,-0.36320528,-0.17157274,0.08514557,0.09455145,0.015844502,-0.30508077,0.22055371,0.6525622
21756,-5.8514757,0.036908705,-1.1677423,-0.48813915,-0.1385188,-0.16623273,-0.17023109,-0.27681676,-0.14437033,0.20185234,0.33473694
21757,-6.5118165,-0.1642791,-1.1819274,-0.6470068,-1.0235502,-0.28669423,0.005364884,-0.058778837,-0.30742255,0.65520066,0.6952649
21758,-5.5394764,-0.2831476,-1.1599317,-0.8016413,-0.08313204,0.554364,0.056178648,-0.5441487,0.2795823,0.5505764,0.48835972
21759,-6.5980306,-0.107683405,-1.3444973,-0.5171477,0.26769066,0.05537139,-0.29184955,-0.06937892,0.03799825,-0.021805141,0.36673886
21760,-6.421425,-0.30675426,-1.3248706,-0.469367,0.07577141,0.073551804,-0.12645434,-0.3291376,0.034386728,0.3255947,0.2515024
21761,-6.5731964,-0.35970145,-1.5021329,-0.33555797,0.35214543,0.10701015,-0.31451973,-0.5878006,-0.02601613,0.40984455,0.2898768
21762,-5.8773355,0.21793914,-1.0830977,-0.4650042,0.0001894231,-0.1302571,-0.1680379,-0.15098016,-0.23906727,0.57909834,0.34175688
21763,-6.9067454,0.0718169,-1.1736981,-0.58520883,0.062911086,0.013305218,0.3553374,0.023596192,-0.21366403,0.5950284,0.32811728
21764,-7.8160186,-0.39912388,-1.4030223,-0.9913467,-0.537248,0.15112127,-0.07598165,-0.28220084,0.19465142,1.1412791,0.27660567
21765,-4.989774,-0.032653764,-1.1998801,-0.82729775,-0.4488616,0.4091499,0.07624448,-0.5016204,0.23303676,0.61519706,0.2859033
21766,-6.7442536,0.18357506,-1.4645426,-0.19629787,-0.3771224,-0.45237035,0.5092656,-0.16589116,-0.43301526,-0.03896348,0.6618266
21767,-6.4109225,-0.14854698,-1.1376748,-0.7695265,0.114723034,-0.17953297,-0.17121522,-0.32982758,-0.08460469,0.4237569,-0.12408886
21768,-3.8081822,0.0031040576,-0.7912883,-0.48636058,0.039034035,0.124054916,0.04944836,-0.08185167,0.11558273,0.25937268,0.11874479
21769,-4.236037,-0.0393858,-0.5419742,-0.4155988,-0.033251554,-0.23999466,-0.09961374,-0.046660073,-0.26341885,0.33425075,0.008650711
21770,-4.3542953,-0.08987054,-1.0561001,-0.6134045,0.014686875,0.00200934,-0.10380334,-0.022127135,0.13030685,0.5177059,0.31232744
21771,-5.905541,-0.06314524,-1.1889167,-0.8544099,-0.12081187,0.48890954,0.24451378,-0.2761154,0.044696108,0.8752176,0.302684
21772,-4.4901567,-0.1579268,-0.8230923,-0.77623254,-0.4408394,0.037104227,0.11136455,-0.25515315,0.060668528,0.4112672,0.5241975
21773,-5.878664,-0.07053969,-1.1838073,-0.92164713,-0.32120234,-0.52899253,0.31211573,-0.44094175,-0.030262144,0.048467208,0.38372198
21774,-8.545824,-0.2746945,-1.7992182,-1.0841358,-0.36148384,0.44124973,-0.011497605,-0.15732875,0.12019042,0.7486396,0.39376464
21775,-5.328746,0.020819152,-0.6252417,-0.7104243,-0.5372368,-0.14360742,0.34443247,-0.34009117,-0.2939976,0.4705894,0.35678712
21776,-5.701974,0.050340805,-1.319605,-0.49163306,-0.11673734,-0.08857641,-0.091672175,-0.10982856,-0.17727567,0.46344835,0.41755316
21777,-4.287646,-0.20342529,-1.0040154,-0.43824705,-0.12611237,-0.49617994,-0.024454277,-0.04887803,-0.11700529,0.2164259,0.23921296
21778,-6.7648726,-0.28869927,-1.1623263,-0.69686836,-0.33005843,0.41202807,-0.18767458,-0.3627512,0.19048628,0.59289116,0.26723933
21779,-6.221082,-0.082523435,-1.4811429,-1.0611037,0.26761314,0.010677624,-0.14805363,-0.21583766,0.3355659,0.48083457,0.35026503
21780,-6.406548,-0.10796128,-1.0165491,-0.6413773,0.11571555,-0.2898985,-0.18064307,-0.15679412,0.0014594533,0.57962185,0.414628
21781,-6.1313305,-0.4819108,-1.1842262,-0.86212915,-0.13602781,-0.3190418,-0.109502956,-0.17489786,-0.09737083,0.8428205,0.35362247
21782,-5.3181806,0.19133222,-1.0284953,-0.357369,0.13261788,-0.17148902,-0.06797397,0.36174524,-0.24335523,0.23566906,0.34466818
21783,-4.890702,-0.025020018,-1.1011993,-0.55224615,-0.3497943,-0.07669778,0.33602297,0.10244146,0.056284167,0.74166554,0.34453073
21784,-6.550751,-0.19587971,-1.5204737,-0.90206015,0.29810855,0.07552166,-0.07194185,-0.1627699,0.05912239,0.7024651,0.37459102
21785,-5.7706285,-0.30893207,-0.7819423,-0.9015739,-0.43089584,0.06848302,-0.05497343,-0.24143112,-0.023203636,0.2780477,0.4439242
21786,-5.226607,-0.11184191,-1.3222394,-0.5616272,-0.15102722,-0.07374238,0.31743252,-0.24499369,0.016571475,0.5101561,0.22405116
21787,-5.8681235,-0.11986743,-1.0128266,-0.5641556,-0.03348567,-0.16793045,0.08785855,-0.5877831,0.03926652,0.50671023,-0.016044967
21788,-6.5118403,-0.10576433,-1.1342767,-0.845624,-0.09576471,0.16038305,-0.20594469,-0.12008392,0.13535115,0.65789247,0.22761545
21789,-5.4192543,0.017964091,-0.8432668,-0.4340007,-0.34113663,0.11089192,-0.054919668,-0.3556806,-0.19026032,0.3148488,0.34806845
21790,-6.642079,-0.19346401,-1.3056624,-0.59601533,-0.007446245,0.22921939,-0.21316566,-0.5340714,0.033556752,0.38830268,0.2618914
21791,-4.0024133,-0.21734835,-0.78055036,-0.56485003,-0.2602469,0.076597966,0.020533372,-0.07472168,-0.043385744,0.39287102,0.30122077
21792,-6.4586782,-0.15026605,-1.3561343,-1.0236346,-0.74472153,0.031901814,0.25147906,-0.10452976,-0.14795303,0.31774426,0.68610495
21793,-5.7319827,-0.24800162,-1.2830147,-0.68686163,-0.09875383,0.23906614,0.19224162,-0.1926374,0.17353262,0.25661287,0.11555676
21794,-4.801336,-0.047835395,-1.1229978,-0.4882026,-0.2716448,0.103950486,-0.18764277,-0.09245019,-0.08728215,0.29975605,0.2414512
21795,-5.1687036,-0.13187833,-0.8952079,-0.6663253,-0.113967665,-0.19967768,-0.17100082,-0.13640296,0.1930125,0.48571628,0.07574937
21796,-5.545718,-0.2470387,-1.159014,-0.9746124,-0.11117662,-0.33498883,-0.08156852,-0.18194593,0.24733992,0.36821976,0.47739106
21797,-7.059279,-0.06350763,-1.5524069,-0.60220957,-0.14277408,-0.15834618,0.2533262,-0.2235763,-0.13632903,0.043676388,0.7967872
21798,-6.0061245,-0.3926679,-0.87479615,-0.59071934,-0.32212496,-0.5199783,-0.115059756,0.01786976,-0.40716588,0.45679298,0.29231986
21799,-6.744799,-0.14760947,-1.6848788,-0.74374044,0.09968024,0.18679194,0.057371356,0.15679611,-0.0563341,0.7316373,0.78265303
21800,-5.7236,0.07337861,-1.0320368,-0.67790496,0.29796863,0.2761982,-0.19269305,-0.3977862,0.10900835,0.2986781,0.2629363
21801,-5.080398,-0.010793309,-0.8872047,-0.3746208,-0.3454764,-0.04918794,0.17377889,-0.2669899,0.10322448,0.38941097,0.21885799
21802,-5.3563476,-0.0406206,-1.1685466,-0.80891275,-0.12685509,-0.06590905,0.046891697,-0.49793074,-0.19105786,0.22708805,0.32544386
21803,-5.481456,-0.05819696,-1.2467101,-0.9799307,0.032399263,0.22612588,0.14265683,-0.48890254,-0.0733635,0.32751787,0.13646558
21804,-6.1482944,0.17446028,-1.106163,-0.45872512,-0.09103544,-0.11998747,0.13457282,-0.211461,0.008923117,0.06951587,0.57310593
21805,-5.998901,0.15012127,-1.0515828,-0.4829149,-0.4304075,0.08302548,0.100722484,-0.35304925,-0.1643815,0.43910342,0.23760451
21806,-3.826233,-0.03023808,-0.7440801,-0.45843315,-0.0586726,-0.010295916,-0.12958768,-0.39046124,0.19922993,0.3146064,0.19593397
21807,-5.095526,-0.15707222,-0.86791486,-0.915907,-0.5795861,-0.124053046,0.13151106,-0.045736484,0.13680977,0.4665812,0.36708727
21808,-5.8324404,-0.36216044,-1.002256,-0.9742296,-0.37390092,0.25140065,0.03196832,-0.1041834,0.015782345,0.8504374,0.45247632
21809,-6.7976265,-0.044698417,-1.0928361,-0.7333513,-0.23927641,-0.016387857,-0.04296506,-0.24170086,-0.2195752,0.81809425,0.48097447
21810,-4.6085916,-0.09545113,-0.8152527,-0.21760958,0.2741767,0.04435099,-0.10860989,-0.05489216,-0.19747859,0.1301725,0.29131314
21811,-8.8071785,-0.19126718,-1.5045133,-0.708106,-0.09745518,0.07019339,0.11972089,0.33213183,-0.49658346,0.28043616,0.6589978
21812,-7.6913366,-0.092057064,-1.7462362,-1.0932645,0.33886096,-0.24297245,-0.31508324,-0.18762003,0.12123439,0.3007932,0.62243295
21813,-3.9235692,-0.14381231,-0.94153684,-0.59060496,-0.012447005,-0.118502825,0.014285999,-0.21283552,-0.19012894,0.14979723,0.016960545
21814,-6.026885,0.035068598,-1.1631433,-0.63325036,-0.043470323,-0.07643524,0.13227546,0.30878538,-0.1464181,0.35888156,0.22814572
21815,-6.145554,-0.16104434,-1.5117677,-0.85709536,-0.02026671,0.01031652,-0.06801738,-0.19970405,0.1853992,0.6551635,0.6328577
21816,-5.697065,0.0017362372,-1.0885985,-0.63282114,0.12300773,-0.2851563,0.0485743,0.11242255,-0.1323422,0.4421332,0.29256454
21817,-5.765622,-0.052188184,-1.5418578,-0.5214164,0.281483,0.34232432,-0.27717847,-0.37603554,0.27938792,0.36367825,0.06467025
21818,-4.7168827,-0.05117657,-1.1830183,-0.7589321,0.026280416,0.012147956,-0.29549283,-0.34346947,0.2702263,0.43197617,0.28930292
21819,-6.917192,-0.2782811,-1.506012,-0.5635504,-0.1341449,-0.056705497,-0.0036854232,-0.41867933,0.07011474,0.16972047,0.19130489
21820,-5.435001,-0.08855602,-1.1948231,-0.44649318,0.050495453,-0.55264133,0.09708953,0.24839556,-0.18893185,0.10130273,0.09303563
21821,-5.6541014,-0.10664201,-1.2900156,-0.47140402,0.14662085,0.12898377,-0.29847825,-0.3650294,-0.020311316,0.23352209,0.12606567
21822,-5.0571413,0.00349065,-0.8437126,-0.55057514,-0.4354317,0.32736635,0.0018900316,-0.3495953,0.084332526,0.5820996,0.23926097
21823,-4.96792,0.11546735,-1.3405361,-0.15220365,0.38593715,0.25021297,0.059266683,-0.01905188,-0.14340466,-0.004375967,0.13095331
21824,-4.7626762,-0.1897135,-0.95016885,-0.38286605,-0.0829618,0.054092575,0.018452749,0.2756388,-0.10588111,0.63796157,0.040062528
21825,-5.272196,0.21696337,-1.0180933,-0.45091304,0.18798596,-0.25760287,-0.09094351,-0.3817604,0.07091528,0.31587967,0.17620678
21826,-5.681033,-0.0001297472,-0.8321003,-0.39660448,-0.08552492,0.23615313,-0.1402488,-0.39830756,0.045683544,0.4031706,0.003819569
21827,-6.5719776,-0.11921993,-1.200147,-0.59049684,-0.70997345,-0.064440385,0.62185353,-0.118466906,-0.2399659,0.5795805,0.3566362
21828,-5.446166,-0.19827126,-1.3011049,-0.6592877,-0.22612995,0.17489962,0.12916946,-0.22855261,0.0967537,0.6237671,0.21298863
21829,-8.312384,-0.23018572,-1.7985717,-0.6010465,-0.54785407,-0.14844775,0.23799391,-0.14239392,-0.18601114,0.417662,0.79850626
21830,-8.339947,-0.22135052,-1.7094609,-0.8138237,-0.20690015,0.095077835,0.27145427,0.37791115,-0.18786445,0.45761728,0.71652365
21831,-5.089853,-0.114372596,-1.1495652,-0.4231496,0.10099979,-0.042029604,-0.026734143,0.01365309,0.10177107,0.29523697,0.47669548
21832,-5.5382733,-0.4440219,-0.883169,-0.98435223,-0.21117929,0.30364507,0.20701714,-0.21463999,-0.09457889,0.5022425,0.4279951
21833,-5.601325,-0.058387768,-1.0362402,-0.6205094,-0.5372997,-0.055637673,-0.07758848,-0.12992465,0.009525339,0.49322143,0.1459595
21834,-5.440843,-0.031866133,-1.0025377,-0.58455235,-0.17497176,0.3897109,0.09429231,-0.12687226,0.076820076,0.29853448,0.16859066
21835,-5.5201044,-0.22301209,-1.2702563,-0.54643655,0.038464505,0.015543327,-0.12461633,-0.35315147,0.059164472,0.51564574,0.22415863
21836,-4.557138,-0.043643836,-0.8720015,-0.42708367,-0.2520535,0.13554555,0.030960701,-0.21887955,0.16623977,0.3578929,0.46418196
21837,-5.2348757,-0.27163935,-1.0590287,-0.24347001,0.074429244,-0.114106834,-0.115564294,0.18636169,-0.04760334,0.20991422,-0.0432148
21838,-5.447633,-0.019523032,-1.3207406,-0.29698855,0.36650476,-0.121789694,-0.23897348,-0.10102369,-0.14594594,0.114850186,0.011221459
21839,-3.8724349,-0.021556135,-0.6996447,-0.28540125,-0.112040564,-0.0479085,-0.07318651,-0.37778035,-0.07613415,0.14304242,0.24862495
21840,-5.7170396,-0.39516214,-1.770934,-0.75673467,0.068378136,-0.18595119,-0.2557581,-0.28895614,-0.16135582,0.45122132,0.36178485
21841,-5.8196836,-0.3497409,-1.1091168,-0.4219854,-0.08808953,-0.17410748,0.076000616,-0.32278824,-0.3285116,0.16081293,0.40935043
21842,-4.1151786,-0.07717131,-0.64587444,-0.26320013,-0.3641079,-0.26688468,-0.1079916,-0.11913543,-0.19722198,0.36159205,0.33469784
21843,-5.488575,-0.23142588,-0.9073674,-0.6955223,-0.15436518,-0.1793968,0.18203495,0.09890715,-0.15514979,0.45852062,0.18958125
21844,-5.4710045,-0.06101772,-0.9925456,-0.8058347,-0.35660222,-0.35159618,-0.14780527,-0.102904454,0.15531448,0.6365289,0.24422207
21845,-7.9824443,0.06719543,-1.5719475,-0.77522045,-0.030109225,-0.08354391,-0.43784994,-0.24267331,0.016830904,0.03897817,0.767868
21846,-6.6592073,-0.16338003,-1.3923984,-0.9088109,-0.31584817,0.40686113,-0.061895482,-0.975554,0.27070343,0.67451656,0.32230163
21847,-4.219365,0.028834272,-1.1248293,-0.6659467,0.08190953,-0.16181295,-0.094234034,-0.20391445,0.2362218,0.13207634,0.14865199
21848,-5.936592,-0.16031483,-1.6618767,-0.8437477,-0.2787528,0.08535079,0.008835741,-0.2628052,0.16724417,0.48547137,0.59089214
21849,-4.9704304,-0.30798593,-1.0080457,-0.55780894,0.07204687,-0.42161208,-0.065013856,0.09376803,-0.18631916,0.21501522,0.15448105
21850,-5.994784,0.117945775,-1.079291,-0.009661517,0.34584692,-0.162329,0.15193103,-0.156488,-0.5484976,0.18842089,0.30928203
21851,-6.2753325,-0.20151572,-1.1410794,-0.4972188,0.11362697,0.5417628,-0.38682973,-0.5555769,0.0056912024,0.56379896,0.08098426
21852,-4.640207,-0.5068305,-1.2906917,-0.731275,0.18720028,0.23298727,-0.30562878,-0.21856876,0.18669963,0.45590457,0.014045843
21853,-4.778508,0.08740605,-0.69860554,-0.5633153,-0.16984378,-0.20310491,-0.42846847,-0.22394693,-0.14917272,0.35124248,0.27070272
21854,-5.6866603,0.19649157,-1.1447697,-0.5777463,-0.13400798,-0.16279359,0.063776866,-0.48484626,0.19697744,0.51508725,0.16924825
21855,-4.71111,-0.21402168,-1.0415589,-0.543101,-0.15375496,0.02386717,-0.18104681,-0.086261965,0.071998864,0.5786333,0.0808844
21856,-5.79235,-0.26348963,-0.51308984,-0.65255445,-0.13261274,-0.060460314,0.22473148,0.15813765,0.029649228,0.1816703,0.22128345
21857,-4.577523,-0.07597793,-0.9574506,-0.43192604,-0.20049387,0.13045478,0.050164405,-0.22631958,0.121604174,0.5939499,0.37595952
21858,-5.586475,-0.15066187,-1.273538,-0.7020601,-0.031246798,-0.046650898,-0.083283395,-0.2771513,-0.15228939,0.12725517,0.28458357
21859,-4.929435,-0.17793185,-1.0477285,-0.66543865,-0.38847128,0.053663585,0.12742136,-0.060594022,0.033645105,0.24175073,0.40324622
21860,-4.78023,0.041568004,-0.79547983,-0.40046528,-0.047004275,-0.240116,-0.23976476,-0.18690911,-0.27184045,0.4137574,0.2785799
21861,-5.7488766,-0.21399698,-0.84426045,-0.71713775,-0.2844189,-0.2873168,0.035622586,-0.10167232,-0.34480593,0.18808034,0.33266535
21862,-6.0479755,-0.26363218,-1.4933976,-0.4059788,0.3350881,0.26720744,-0.27330938,-0.029224807,-0.064694986,0.80235803,0.13656843
21863,-5.4874864,-0.10916372,-1.1787007,-0.76266366,0.06681361,-0.113482974,0.2260621,-0.044820018,0.1321867,0.40477997,0.17594397
21864,-6.3038473,-0.23538424,-1.5947574,-0.8660011,0.118576705,0.1402348,-0.023032267,-0.28478032,0.099987596,0.49752128,0.49086016
21865,-6.136736,-0.4811035,-1.1607776,-0.49415904,0.23654163,-0.22984912,-0.09315657,-0.05368617,-0.006523244,0.30872422,0.40134174
21866,-5.493988,-0.23057704,-1.0251776,-0.6302607,-0.36376417,-0.05654327,0.19236013,-0.14993723,-0.18790998,0.29162776,0.29681408
21867,-5.147674,-0.108978316,-1.0810735,-0.94494003,-0.13399637,0.0406255,-0.075812615,-0.4647006,0.028205864,0.25003603,0.6019292
21868,-5.790192,-0.32700732,-0.88335663,-0.9606331,-0.04009509,-0.18113716,-0.048162047,-0.11740031,-0.13313945,0.23942225,0.30095613
21869,-5.809546,-0.010751103,-1.0500193,-0.60234696,-0.38047135,-0.47324818,0.27142155,0.011478117,-0.531502,0.39115795,0.3950936
21870,-7.2831206,-0.3296532,-1.562263,-1.0413289,-0.36689603,-0.40708268,-0.1943787,-0.040849514,0.34080487,0.83666086,0.46104866
21871,-5.1866245,0.20529126,-0.9527492,-0.5906018,-0.0008373889,-0.083597146,-0.11072305,-0.24090087,-0.10610005,0.12941037,0.04721639
21872,-6.218559,0.19469547,-1.3885688,-0.5574244,0.25103402,0.34093297,-0.20042555,-0.34981093,0.10786292,0.04358081,-0.04218697
21873,-5.2039375,-0.11431955,-1.3202653,-0.73576725,-0.29482576,-0.16269787,0.43933085,-0.34873852,-0.109121054,0.264028,0.3343709
21874,-5.197727,-0.35442588,-0.8595098,-0.5118983,0.12493917,-0.029054288,-0.17153771,-0.07987191,0.026358388,0.64642626,0.23795018
21875,-5.9122443,0.0031795711,-0.8429042,-0.53344405,-0.12479537,0.008246167,-0.40664637,-0.059158653,-0.2963708,0.24407075,0.17400184
21876,-7.3420076,-0.11135793,-1.5668848,-0.7250714,0.59517395,0.18874875,-0.6308842,-0.21053669,0.07192918,0.3693676,0.10972547
21877,-5.8025994,-0.39634937,-1.3760288,-0.46071786,0.13021393,-0.06296553,0.24863079,-0.12764132,-0.12535025,0.2781161,0.43171152
21878,-4.550465,-0.17866513,-0.92642957,-0.7802782,-0.28347778,0.20334803,0.2127311,0.034894682,-0.016487116,0.58090544,0.48110363
21879,-6.5736446,-0.55138296,-1.1315513,-0.76988226,-0.18372719,0.32694602,-0.217258,-0.39232743,-0.0059474353,0.7453137,0.24050398
21880,-4.6626945,-0.14174211,-1.4253914,-0.48414427,0.090589456,0.06338979,-0.26497743,-0.22635561,0.095612556,0.39147946,0.31918585
21881,-5.7871895,-0.1655061,-1.5650343,-0.77728605,0.16968022,-0.13797323,-0.28290644,-0.02020857,-0.034871876,0.45084256,-0.04432431
21882,-3.8599362,-0.04059322,-0.98574406,-0.45207575,-0.21272111,-0.12892632,0.3643849,-0.22674194,-0.055203155,0.4091599,0.23580965
21883,-7.4459577,-0.12998584,-1.6808578,-1.111367,-0.4625607,0.0114254225,0.134782,0.21210036,0.085456096,0.50121087,0.626563
21884,-5.377474,-0.17466378,-1.1798455,-0.48727956,-0.55789214,-0.12244786,0.54430693,-0.3364268,-0.16847146,0.5290983,0.40851113
21885,-6.240796,-0.15789449,-1.0558635,-0.5375073,-0.24153854,0.11752633,0.4077949,-0.15387504,-0.03334543,0.60599196,0.35345358
21886,-5.5819187,-0.18028192,-1.2787507,-0.36053917,-0.935513,-0.08852417,0.4231513,-0.045674182,0.02237763,0.31444454,0.8185215
21887,-3.6532068,0.020962415,-0.7487098,-0.43991187,-0.20027447,-0.10433552,-0.08676854,-0.025517175,-0.11105551,0.36251488,0.25160596
21888,-6.701616,0.0587317,-1.421926,-0.6206517,0.2830083,0.06887834,-0.3796609,-0.3550431,0.2947343,0.52951556,-0.114073046
21889,-3.4419947,0.054902542,-0.73068696,-0.17530838,-0.04102136,0.035429917,0.18267024,-0.10323517,-0.22115664,0.25279248,0.07951247
21890,-6.3123155,-0.4240616,-1.3866963,-0.28825384,0.25720194,0.08103672,-0.22381955,0.22269776,-0.2696163,0.5734807,0.2789766
21891,-5.462529,-0.06627598,-1.1199319,-0.8818294,0.0691945,-0.18202223,0.08288454,-0.051923744,0.0017268173,0.35092738,0.27986795
21892,-4.971868,-0.1276569,-0.7004935,-0.51958096,-0.40306833,-0.23491701,0.09225506,-0.31676468,-0.027219275,0.36209443,0.5674605
21893,-6.2792134,-0.1269037,-1.1282773,-0.8069764,-0.037558235,0.36637855,-0.04688144,-0.28254503,0.20806903,0.14042911,0.3361921
21894,-5.026909,-0.10754945,-0.8864241,-0.538618,-0.0685768,0.33337784,0.058164682,-0.46427414,-0.23258881,0.32989952,0.15397228
21895,-6.146733,0.1719445,-1.3231726,-0.69490576,0.03281084,0.093994476,-0.24677454,-0.5421316,0.022206863,0.20276396,0.26737258
21896,-6.169983,0.09041401,-1.2937152,-0.6725926,-0.37234405,0.0029782513,-0.0048267953,-0.4328419,0.06745829,0.30643493,0.42996582
21897,-6.00392,-0.13811067,-1.1595141,-0.7971387,-0.17978789,0.10825787,-0.2616939,-0.6647233,-0.019366326,0.25547552,0.07602825
21898,-4.4313254,-0.1907966,-0.9188778,-0.31505397,-0.2975075,0.026827682,0.20483303,-0.14867729,-0.15778986,0.5194853,0.28052875
21899,-6.126776,-0.14919779,-1.3278631,-0.47252867,-0.2157263,-0.009557309,0.14031453,-0.31501153,-0.011082239,0.22431773,0.33173248
21900,-4.798676,-0.25874904,-0.9918925,-0.60562736,-0.12722902,-0.033714555,-0.060988925,0.019231593,0.06385506,0.4732727,0.3944008
21901,-5.0812883,0.17820688,-0.7737222,-0.56992227,0.0069767227,-0.15538241,-0.071601525,-0.079539046,-0.01331602,0.107156694,0.33429262
21902,-4.4293513,0.030907549,-0.86629254,-0.47808316,-0.45173416,0.08873388,0.12263734,-0.109430276,0.02047766,0.4092735,0.26905382
21903,-6.604093,-0.30798876,-1.4748272,-0.91091573,0.21294244,-0.113717675,-0.27216733,-0.20984904,0.09461992,0.49194333,0.4559118
21904,-4.0071874,-0.059224356,-0.88804036,-0.5582651,0.14063507,0.029355993,0.13236697,-0.23209575,0.12148035,0.19116299,0.033446837
21905,-7.925418,-0.77309155,-1.2929099,-0.77236956,0.030968137,0.16299619,-0.07652245,-0.20072238,0.11933758,0.62929654,0.4003354
21906,-5.7518406,0.17675328,-1.2958163,-0.5757182,-0.16237286,0.06250431,-0.1375634,-0.33657175,0.2118917,0.37467808,0.54539883
21907,-5.4429655,-0.20367375,-1.0743164,-0.56237817,-0.24953648,-0.035858404,0.04356432,-0.37754533,0.0016221032,0.5441259,0.6193197
21908,-8.846379,-0.51132107,-1.5322274,-0.8088622,-0.5265281,0.24578069,0.10704744,-0.8849615,-0.38425714,0.35529828,0.50439686
21909,-5.60468,-0.12582976,-1.5570736,-0.17277245,-0.21958281,0.100278616,-0.23608708,0.1057323,-0.28392488,0.35660914,0.18813923
21910,-5.26313,-0.19110535,-1.0942934,-0.5031218,-0.14585635,-0.06423689,-0.30204737,0.1863723,-0.21731779,0.465192,0.3616459
21911,-4.35588,-0.35458001,-0.95210934,-0.6137508,0.13626596,-0.0034975968,-0.16443992,0.13108371,0.1844349,0.4237013,-0.026601013
21912,-6.854576,0.024612185,-1.002792,-0.7031888,-0.16687503,-0.16561736,-0.24879093,-0.48250523,-0.041280888,0.2989293,0.33787206
21913,-6.1057434,-0.32452863,-1.422497,-1.0308781,0.08110011,0.093560725,-0.044725098,-0.46086708,0.3438073,0.4843538,0.30129677
21914,-5.4530997,0.24311225,-0.67959064,-0.3497042,0.08946082,0.06144529,-0.016556028,-0.43696412,0.020587169,0.51405406,0.21673515
21915,-6.6308722,-0.2558287,-1.4350173,-1.0114336,-0.33985612,0.102677785,-0.085598916,-0.5117248,-0.029860342,0.5666553,0.25982156
21916,-3.9427629,-0.13767195,-0.84950584,-0.25248837,-0.08087245,-0.05977145,0.27139542,0.09094306,-0.24230854,0.20529434,0.4070802
21917,-5.378244,0.038274582,-1.1091477,-0.634556,-0.3106358,-0.011410773,0.016823838,-0.6962961,0.11445587,0.54828537,0.6254211
21918,-7.394766,-0.16996516,-1.3476442,-0.77529246,-0.06568611,-0.20897579,-0.15288731,-0.111466326,0.06916982,0.49033532,0.4219998
21919,-5.2364273,-0.1772538,-1.1895713,-0.7701007,-0.40023685,0.053267665,0.36473855,-0.22125943,0.19177857,0.5242527,0.31361562
21920,-4.5833945,-0.47376105,-1.1267536,-0.61314857,-0.12335991,-0.04663997,-0.19668864,-0.47774628,0.25785667,0.5952201,0.21911465
21921,-6.4551854,-0.17731687,-1.1092299,-0.6299329,0.18248324,-0.094233245,-0.06658972,-0.17943783,0.32679608,0.69553256,-0.08597535
21922,-7.1799264,-0.474095,-1.252448,-0.49015343,0.53699905,0.3457821,-0.36903793,-0.029117672,-0.11680268,0.8748655,0.21034157
21923,-5.6241403,-0.25202212,-1.1966081,-0.761389,0.09710661,-0.0060371086,-0.21389005,-0.53150016,0.30586782,0.59794444,0.01163369
21924,-5.6585183,0.12798432,-1.1898887,-0.6344268,-0.15016866,0.21180353,0.017063249,-0.08254298,-0.071686484,0.38181618,0.4208524
21925,-8.398538,-0.07020554,-2.0469809,-0.70598954,-0.45548508,-0.76663417,0.503326,0.15920466,-0.2415077,0.4167362,0.41149655
21926,-5.4222965,-0.11389129,-1.1522491,-0.66457796,0.11117357,0.23620898,-0.26600593,-0.22494335,-0.19536336,0.34175143,0.14324678
21927,-6.5977054,-0.1809034,-1.5838314,-0.75615364,0.29064697,-0.10529193,-0.19818224,-0.27577507,0.2716446,0.2736351,0.40375352
21928,-5.342233,-0.13698776,-1.0957519,-0.6276086,0.055536848,0.56927663,0.20420052,-0.065673426,0.1045045,0.5403426,0.16824326
21929,-5.4420495,-0.4324919,-0.70709485,-0.1626443,-0.4659029,-0.2467031,0.0039061871,-0.14657122,-0.38023204,0.39957744,0.4662941
21930,-5.18143,-0.01014167,-0.9504688,-0.34221065,-0.09963614,-0.16018523,-0.19568546,-0.14253089,-0.19362338,0.23486926,0.25423315
21931,-5.4504194,0.1449117,-1.3387195,-0.89148146,-0.54097164,-0.19881998,-0.05753815,-0.13910155,-0.033175953,0.23162639,0.5321159
21932,-5.5416436,-0.315805,-1.3781241,-1.0806004,-0.055125993,0.5593443,0.09070368,-0.6735408,0.58991104,0.8228431,0.34907284
21933,-5.881213,-0.3210025,-1.4326303,-0.7548049,-0.033688124,-0.015003314,0.14976156,0.21755596,0.182268,0.95445687,0.4120948
21934,-4.8629804,-0.0957374,-1.0698174,-0.7034672,0.028250854,0.15815036,-0.09000231,-0.14819863,0.13247016,0.8701974,0.30508986
21935,-5.1669555,-0.46422684,-0.9576656,-0.44732693,-0.23443481,-0.4067495,-0.032509897,-0.012515591,-0.14669433,0.22306526,0.19246657
21936,-7.211487,-0.14719959,-1.4663424,-0.6994487,0.41805664,-0.2845888,-0.13408679,-0.383861,-0.077066526,0.2937025,0.32114694
21937,-4.253404,-0.14913352,-0.6545337,-0.5121896,-0.47754928,-0.42819458,0.20916793,-0.09144628,-0.10352009,0.48885015,0.5406355
21938,-5.9830446,0.26789206,-1.2830834,-0.47899485,0.16985276,-0.07025691,-0.08293517,0.058036044,-0.01292192,0.036658004,0.16594698
21939,-6.1454344,-0.5084104,-1.0667536,-0.6251659,-0.3971313,0.36021942,0.23157878,0.2523165,0.2808859,1.0024405,0.5112003
21940,-4.471098,-0.137093,-0.61589503,-0.57741755,-0.06341906,0.13900512,-0.13732302,-0.23983927,-0.010450853,0.18805288,0.09910416
21941,-6.260826,0.20680486,-1.5963936,-0.46667635,0.08799734,-0.052675158,0.022737553,-0.38793835,-0.47468197,0.85595983,0.45010376
21942,-4.8302984,0.035383813,-1.1845595,-0.41587678,0.051114473,0.30117023,0.025294729,-0.42855263,0.038601317,0.24037392,0.06307474
21943,-3.8989365,-0.08093503,-0.55028117,-0.3952565,-0.4208491,-0.06212642,0.16670106,-0.1628871,-0.15159741,0.16365443,0.24196927
21944,-5.2118554,-0.26360235,-0.7041989,-0.36966258,-0.08668201,-0.28928584,0.23032762,-0.014422221,-0.27042162,0.2656624,0.6116768
21945,-7.1015754,-0.42008045,-1.4295392,-0.90537256,-0.21343245,-0.03038276,0.46113572,0.14712754,0.10770599,0.88909864,0.67194974
21946,-6.236745,-0.15959227,-1.3473631,-0.6640659,-0.49431974,0.01597353,0.3467301,-0.014504774,-0.069764696,0.3580677,0.4412932
21947,-6.344912,0.22840518,-1.3751031,-0.57478064,0.08171034,0.10724867,-0.05278848,-0.76831216,-0.28135478,0.60556066,0.23601688
21948,-8.15612,-0.14213409,-1.0512478,-0.87528175,-0.50805175,-0.12955666,0.42071852,-0.4734688,-0.44127938,0.39668605,0.4467354
21949,-6.063934,-0.013580508,-1.3161823,-0.9154858,0.21113761,0.15215611,-0.13515483,-0.5273007,0.19342442,0.19849807,0.40149412
21950,-4.099436,0.10130714,-0.6154505,-0.47553876,-0.34516412,0.00022787694,-0.24945448,-0.22443444,-0.057267547,0.45762295,0.20560518
21951,-5.336482,-0.33316657,-0.9789993,-0.3788868,0.013990322,0.24139652,-0.0057691066,-0.20164737,-0.39344534,0.32080996,0.6412059
21952,-6.610346,0.074850366,-1.1312027,-0.44341508,-0.20173225,-0.32656676,-0.08433896,-0.33922204,-0.08217011,0.39293256,0.25131115
21953,-6.6107097,0.016483575,-1.1784754,-0.8139886,0.15006417,0.36199123,-0.16486049,-0.37359402,0.22502507,0.97950363,0.43528023
21954,-4.9981046,-0.13294712,-0.5523364,-0.63907135,-0.7139139,0.0539759,0.009547326,-0.12854129,-0.28052175,0.37997985,0.39014608
21955,-6.215378,-0.12809056,-1.1211199,-0.23000243,-0.1431494,0.17486459,0.04946793,-0.1676817,-0.5728531,0.52373594,0.22238326
21956,-5.217924,-0.19725694,-1.0179067,-0.8518911,-0.06589612,-0.14007446,0.27858123,-0.060751125,0.14839323,0.56614256,0.09691561
21957,-5.7677073,-0.19789146,-0.96269244,-0.71847,-0.2883711,0.0703454,0.1735505,-0.46011645,-0.11606482,0.56298083,0.11404949
21958,-5.313279,0.043959223,-0.9896222,-0.3813464,-0.051340666,-0.054009646,-0.040549736,-0.082405165,-0.11018145,0.40597332,0.10179651
21959,-4.5115023,-0.10185395,-0.9292101,-0.7834481,-0.017495451,-0.16556443,-0.08191381,-0.26896626,-0.10333697,0.38467845,0.2835929
21960,-7.814259,0.04898125,-1.6241269,-0.5700306,-0.40860838,-0.20365116,0.30507448,-0.025396211,-0.4175066,0.16704531,0.43311378
21961,-6.771372,-0.2247486,-1.5530967,-1.1196508,0.38888043,0.23359056,-0.29958752,-0.56678617,0.31735292,0.38046312,0.53489685
21962,-5.483313,-0.3164531,-1.2756346,-0.87103623,-0.5024032,-0.10878127,0.27513385,0.008896688,0.024779063,0.42330983,0.6955187
21963,-5.7779555,0.0059266156,-1.0557232,-0.5328504,0.45773104,-0.2736699,-0.17042968,-0.075878814,-0.14704971,0.41954628,0.045963477
21964,-4.8060927,-0.034453463,-0.66759574,-0.58506876,-0.08856877,-0.25536764,-0.21126209,-0.27948228,-0.23608355,0.36073458,-0.06702858
21965,-4.5534782,0.019904854,-0.8257751,-0.48299783,0.036251582,-0.07006411,-0.21598823,0.045595393,0.035186984,0.28376326,0.1538645
21966,-5.861236,-0.2530193,-0.98812723,-0.9113136,-0.16845103,-0.31336647,0.074576944,-0.09794,-0.08761006,0.63437283,0.48420227
21967,-5.115124,-0.037824366,-1.1442528,-0.51090235,0.40682963,-0.25679934,-0.18275116,-0.20528653,-0.010021506,0.15168484,0.04627222
21968,-5.934038,-0.21416266,-1.1670173,-0.7912588,-0.4766426,-0.0628829,0.5440513,-0.016414784,-0.19655256,0.52863395,0.26342034
21969,-5.1900015,-0.050907675,-0.9418778,-0.6326318,-0.4126194,0.07783793,-0.08896882,-0.50522286,0.025128784,0.49749234,0.22055957
21970,-4.329073,0.015649017,-0.7204175,-0.3897125,-0.18933807,-0.08269973,-0.07309552,-0.1592656,-0.16599053,0.29770383,-0.07110306
21971,-6.096383,-0.29329935,-1.3801988,-0.6743008,-0.1269718,0.1268878,0.100532226,-0.33431262,0.112319306,0.4776719,0.4075046
21972,-6.0994196,0.018971652,-1.2639351,-0.34030348,0.32235336,0.15377542,-0.28454983,0.030766444,-0.18512915,-0.042649157,0.0052690394
21973,-7.8449397,-0.121785745,-1.0639408,-0.60340786,-0.8164386,0.085010655,0.51801234,-0.6173257,-0.4317053,0.3246516,0.8032669
21974,-6.9829607,-0.5279265,-1.3125702,-0.47493488,0.027795373,0.16368985,0.0093648005,0.41703874,-0.3550507,0.49792573,0.5612634
21975,-5.683029,-0.13917774,-0.85352355,-0.6689247,-0.5584602,-0.00080076605,0.29974815,-0.47948042,-0.24921192,0.34728003,0.43804473
21976,-4.7280326,-0.24976687,-0.73907626,-0.6538102,-0.5458069,-0.05060271,0.35553634,-0.067826495,-0.355019,0.2795565,0.26579174
21977,-6.1635833,-0.08630259,-1.0387425,-0.73043907,-0.47131062,-0.029941272,0.066198125,-0.010394454,-0.16194403,0.6051407,0.3656088
21978,-5.8370886,-0.52437115,-1.0933028,-1.149545,-0.33623958,0.13512671,-0.23633052,-0.21353231,0.37886074,0.90802217,0.5218665
21979,-4.865557,-0.11419143,-0.84928584,-0.53658134,0.4639471,0.008091484,-0.14209144,-0.11489561,0.17991935,0.41212037,-0.009800867
21980,-8.266088,-0.19013137,-1.922867,-0.60922146,0.79673177,-0.19252388,-0.33572602,0.2540493,0.07911544,0.4567925,0.2077234
21981,-4.758294,-0.09952406,-0.9854077,-0.5523699,-0.3659366,-0.02133239,0.15558738,-0.47355416,-0.11784163,0.41876787,0.5153267
21982,-6.47783,-0.24654679,-1.0905339,-0.6968222,-0.1551964,0.50680256,-0.18551888,-0.41184935,-0.15214446,0.8163156,0.45959982
21983,-3.6919725,-0.24189056,-0.68905497,-0.31618252,0.002796942,0.15761875,-0.14482355,-0.32431236,-0.13187568,0.26419258,0.14232506
21984,-5.8998065,0.06841203,-1.3659397,-0.87164044,-0.11088764,-0.20204964,-0.09714746,0.27411488,0.01023611,0.53594923,0.3080516
21985,-5.5779543,-0.12074801,-0.865765,-0.53628427,-0.2907696,-0.10480542,-0.13788374,-0.32146886,-0.10568818,0.3564061,0.27516907
21986,-5.846918,-0.23270041,-0.898395,-0.8751344,-0.32027578,0.42237794,-0.030598551,-0.92569864,0.1824769,0.403004,0.5725012
21987,-6.323734,0.10187079,-1.4664115,-0.50553083,0.32624874,0.14492376,-0.051053554,-0.29694358,0.2582925,0.3104379,0.057267208
21988,-4.5247326,-0.20571834,-0.83615416,-0.70681876,-0.27034074,-0.0572934,0.27683142,-0.25305355,0.23884818,0.5721949,0.44366354
21989,-5.1949396,-0.18231648,-1.2456216,-0.48417222,0.1634716,0.106605634,-0.25027946,-0.20548497,-0.23152882,0.7540752,0.06729548
21990,-5.2387652,-0.001481357,-0.63044566,-0.56251746,-0.22916898,-0.124357805,0.07066549,-0.21761078,0.02452354,0.37431523,0.5193565
21991,-5.512657,-0.1642212,-0.80104053,-0.76675093,0.12431887,-0.15306729,-0.12245097,-0.053444177,-0.029694295,0.42990115,0.16769432
21992,-5.429881,0.1953449,-0.5979869,-0.4115652,-0.032721605,-0.42428607,-0.1190551,0.0035129278,-0.09049871,0.3814735,0.12325498
21993,-7.277558,-0.2620968,-1.2740735,-0.7077777,-0.7633884,-0.025010087,-0.0067900335,-0.06422108,-0.2048475,0.50579405,0.37536675
21994,-7.140759,0.025626872,-1.3219043,-0.8574496,0.07429125,0.24846347,-0.1477721,-0.043365866,0.06876646,0.47213554,0.36795056
21995,-5.828654,0.0924215,-1.2113037,-0.41835123,0.021351587,0.009688152,-0.15784669,-0.43521434,-0.28355044,0.47837487,0.14509855
21996,-5.576661,0.0069659473,-1.3726895,-0.42735466,-0.05904121,-0.2254012,-0.048283692,-0.18807784,-0.43345988,0.38158482,0.18064992
21997,-5.46689,-0.16533308,-1.0856863,-0.87949586,-0.21834745,0.22312155,-0.0086567635,-0.58953375,0.019255418,0.0856719,0.45205587
21998,-5.61059,0.098487526,-1.0206039,-0.38372976,-0.0054891403,0.1415814,-0.48766232,-0.0066597145,-0.17594191,0.09741822,-0.20072728
21999,-5.646345,0.0022694613,-0.9643691,-0.76136774,-0.19508342,-0.22770533,-0.023832992,-0.25743747,-0.10575455,0.3228973,0.4304343
22000,-6.9421773,0.22005956,-1.4258722,-0.5582667,-0.0027825036,-0.20757012,-0.079371125,-0.5317149,-0.3235008,0.32539284,0.46144998
22001,-5.0683775,-0.08329218,-1.1576784,-0.33060038,-0.21524921,-0.072145894,0.13937789,-0.05213914,-0.0040743034,0.39816454,0.47702405
22002,-6.146811,-0.15732437,-1.1858162,-1.1060169,-0.5226489,0.43269575,-0.1982538,-0.21207339,0.18316998,0.8316687,0.7046244
22003,-5.363855,-0.045764413,-1.242629,-0.9918721,-0.2407285,-0.15977892,-0.0067137154,-0.24673834,0.10558499,0.4040137,0.3746533
22004,-4.496039,-0.12340094,-0.79141587,-0.6611269,0.04101656,0.11729444,-0.0013120985,0.04787738,0.07426603,0.30943736,0.35442
22005,-5.7948112,-0.14823197,-0.85890585,-0.48845524,-0.51622987,-0.09990696,0.20304951,0.07191284,-0.083959214,0.686687,0.75791395
22006,-6.869955,0.13963944,-1.1203076,-0.52971447,0.39767984,-0.21384145,-0.42008227,-0.12005433,-0.25262776,0.56507325,0.28833273
22007,-6.884232,-0.0503317,-1.2141933,-0.79217225,0.18035033,0.50128454,-0.12653251,-0.97075224,0.22253571,0.36448562,0.25491342
22008,-5.242148,0.12516381,-0.7555423,-0.45695457,0.041569524,-0.20510037,-0.28284055,-0.34606457,-0.31973425,-0.089041986,0.21991509
22009,-3.6344864,-0.055829328,-0.6834766,-0.45018187,-0.09261975,0.06891815,0.12172115,-0.13909613,0.0064217886,0.28490013,0.29252678
22010,-6.1766915,-0.31896356,-1.6182591,-1.0436041,0.19396342,0.24471454,-0.29524514,-0.7679038,0.5057966,0.43647948,0.6167619
22011,-4.99166,-0.0012624124,-0.87935853,-0.30231512,-0.042949777,0.17179273,-0.11861334,-0.35306278,-0.10739353,0.369777,0.19250655
22012,-5.647006,-0.25922284,-1.1587764,-0.70803183,-0.26200783,0.122663446,0.049559306,-0.45186254,0.0050819684,0.20073874,0.42640582
22013,-4.845522,-0.2817977,-0.9179348,-0.37598908,-0.39680904,-0.14729263,0.11311894,-0.24133042,-0.07640828,0.2570866,0.67787135
22014,-5.5080814,-0.13485016,-1.0963538,-0.65277165,0.40556008,-0.10265261,-0.17972095,-0.38544446,-0.044813477,0.3360263,0.16924249
22015,-4.7763896,-0.12124638,-0.9711862,-0.5105769,-0.2760383,-0.00876949,0.05952952,0.08235592,0.097752705,0.58309406,0.45038438
22016,-7.293203,0.0023711189,-1.2521474,-0.5068725,-0.4841007,0.40139604,-0.0030282848,-0.16497004,-0.026054299,0.618689,0.34601024
22017,-4.586622,0.0117288185,-1.0805844,-0.560415,-0.3363555,-0.15386122,-0.010133908,-0.2904269,-0.2303128,0.26130247,0.3673939
22018,-6.3718133,-0.23525701,-0.78629285,-1.0313764,0.2900572,-0.13068953,-0.17270377,-0.39062598,-0.020208241,0.4117779,0.05515427
22019,-4.749807,-0.22199346,-1.0727972,-0.3668213,0.113474,-0.030675381,-0.0039851144,-0.017043227,0.036125682,0.2594029,0.12329562
22020,-8.37537,-0.3940526,-2.0571125,-0.97344184,0.9434952,-0.35633314,-0.44092193,-0.14778581,0.45768204,0.59496534,-0.19998845
22021,-7.032894,-0.20764534,-1.4716761,-1.2633606,0.28546527,0.30618113,-0.24147947,-0.32232058,0.29542488,1.0291442,0.2856695
22022,-8.436917,-0.52006775,-1.401416,-1.1172196,-0.7165101,-0.29514325,0.30971253,-0.22073366,-0.3687125,0.55644524,0.9806982
22023,-7.0735598,-0.083974645,-1.2489308,-0.37997466,-0.15124592,0.18589774,0.009402483,-0.43884844,-0.30063438,0.2913348,0.84460586
22024,-7.2675023,-0.28675008,-2.1995058,-0.6628188,0.36869437,0.5968932,-0.17103434,-0.16999151,0.23004735,0.5748919,0.53969514
22025,-7.329052,-0.3544355,-1.1476282,-1.0410498,-0.47840816,0.19207372,-0.09721772,-0.37198332,-0.29521245,0.3986265,0.47722468
22026,-6.8375463,-0.11841397,-1.1457226,-0.23211724,-0.09219453,-0.1010899,-0.25677472,0.15708141,-0.3025602,0.47013468,0.6326305
22027,-5.131315,-0.35260472,-0.9687642,-0.8208833,-0.1517054,-0.34456992,-0.06389156,-0.3509519,0.22951138,0.2263378,0.6975356
22028,-4.617859,-0.30064985,-0.8410262,-0.48080552,-0.13293621,0.08535258,-0.26344532,-0.118495055,-0.18888056,0.3749449,0.19639476
22029,-7.073577,-0.053442392,-1.7311288,-0.9974117,-0.12836559,-0.29692268,0.13255754,0.10632575,0.016352411,0.75939524,0.25719878
22030,-5.96534,-0.27348262,-1.4007328,-0.88586545,0.13001561,-0.17467055,-0.30857477,-0.21073963,-0.10685965,0.3753312,0.114973135
22031,-5.215036,-0.081157796,-0.9594818,-0.58939207,0.43319654,-0.3416401,-0.37117058,-0.23519942,-0.13316938,0.39123133,0.14104642
22032,-4.8074546,-0.13133752,-0.8592072,-0.7739107,-0.26774427,-0.27666128,0.30175912,0.07916721,0.013411743,0.31503713,0.35550183
22033,-3.9876556,0.07619772,-0.77029103,-0.07904602,0.054020345,0.019820206,0.0598077,-0.12709968,-0.227352,0.30582243,0.068249635
22034,-5.9336925,-0.08596202,-0.6494388,-0.8966661,-0.42902777,-0.16355087,0.04064958,-0.6635498,0.14963055,0.5559548,0.3071126
22035,-5.46013,-0.19140448,-0.56334,-0.7225893,-0.45874885,-0.0793353,0.0006436277,-0.11420854,-0.2436681,0.2122052,0.4167934
22036,-5.1995482,-0.049838178,-1.229981,-0.51317877,0.2393991,0.07122266,-0.14219776,-0.07055708,-0.10171253,0.8092363,0.19048184
22037,-5.035587,-0.35695842,-0.53813225,-0.68399894,-0.8089991,-0.26506227,-0.053578444,-0.12789878,-0.15252945,0.5344169,0.36041558
22038,-4.435943,-0.28526166,-0.6309369,-0.75111127,-0.32619315,-0.12764463,-0.15318358,-0.5163363,0.04368131,0.08440398,0.36131468
22039,-4.2955594,-0.0035514804,-0.8226404,-0.54651827,0.07610507,0.19861898,-0.15974607,-0.3801538,0.14427774,0.10840747,0.25227416
22040,-5.1372604,-0.16162916,-0.85570997,-0.41486287,-0.16351281,0.2780273,0.2951181,-0.10259256,-0.16540068,0.5423271,0.3111165
22041,-5.6128807,-0.16111003,-0.9706767,-0.6202486,0.00482958,0.044170383,-0.13661411,0.08400452,-0.19278511,0.077316664,0.26319045
22042,-4.739771,-0.3621812,-0.88584965,-0.5141897,0.07471145,0.016956896,-0.19403988,-0.1487989,0.27218994,0.6811278,0.10240872
22043,-5.0284805,-0.01035435,-0.90136105,-0.47603735,-0.63423336,-0.24675487,0.043744586,0.008163411,-0.2939521,0.35063246,0.48497215
22044,-5.525566,-0.15354891,-1.1075357,-0.47723347,-0.22966877,-0.2885782,0.22552188,0.3278272,-0.494771,0.45110187,0.10586083
22045,-5.460657,-0.08453971,-0.8497448,-0.6766714,-0.4531968,0.7350915,0.19209242,-0.05718144,0.08918238,0.8238691,0.60060596
22046,-6.1004443,-0.41857922,-1.1710202,-0.634759,0.19665419,0.055090327,0.10245596,0.05814542,0.059093915,0.37411234,0.5955039
22047,-5.695064,-0.028902069,-1.0371047,-0.23772277,0.4473099,-0.03749571,-0.22482568,-0.18277459,-0.20475794,0.45306638,-0.15660042
22048,-6.2261286,-0.07451136,-1.5355113,-0.61554945,0.09801797,0.16621734,-0.07303635,-0.14792056,-0.10183933,0.16510147,0.2522042
22049,-6.564776,-0.16126895,-1.3151195,-0.8980575,0.56162643,0.14287975,-0.586971,-0.22811551,0.25378954,0.2241619,-0.010020846
22050,-5.643624,-0.027734682,-1.5300834,-0.44680417,0.28516427,-0.15678544,-0.25363138,-0.3051948,-0.29912576,0.18263923,0.09717443
22051,-5.51886,0.08960042,-1.1205586,-0.7096582,-0.18764871,-0.17366987,0.0665281,-0.23219457,0.070314586,0.43512112,0.17319614
22052,-5.0408635,-0.27625987,-0.7751964,-0.5323379,0.05961134,0.06404284,0.06961021,0.20968685,0.059377156,0.5378286,0.24507123
22053,-5.9472322,0.018641055,-0.7166575,-0.44658178,-0.45081937,-0.15939766,-0.0072955536,-0.23402315,-0.2052777,0.12714581,0.4210153
22054,-4.003581,0.042917147,-0.87045115,-0.29085797,-0.018080229,-0.03775736,-0.095736206,-0.046242014,-0.07608829,0.30949965,0.022377403
22055,-5.0695353,-0.0890863,-0.79093033,-0.6276284,0.1561498,0.15925764,0.073398516,-0.26813358,-0.0016674437,0.0070464765,0.36553532
22056,-5.611706,0.022066832,-1.3263823,-1.0125115,0.01577653,-0.06533727,0.045060337,-0.18528362,0.07139603,0.64042616,0.31942296
22057,-4.825058,-0.09608686,-0.92027736,-0.6003317,-0.22524934,-0.22123884,0.13154845,-0.09387519,-0.057714775,0.25422192,0.20695984
22058,-6.425369,-0.27141657,-1.4856461,-0.93264514,-0.03583115,0.052248597,0.25727206,-0.092845574,0.33288226,0.5901169,0.31329736
22059,-6.4607477,-0.2937516,-1.4557536,-0.9011228,0.25873205,-0.32555723,-0.50059855,0.05302278,-0.24769361,0.19494863,-0.33312494
22060,-4.616413,-0.12063445,-1.0223254,-0.72701585,0.16493025,0.0060340734,-0.119266994,-0.44154915,0.036013782,0.31879517,0.100612156
22061,-5.475579,-0.02728578,-0.66964346,-0.35880584,-0.41166744,0.112929896,0.04685641,-0.46018863,-0.1140527,0.42890394,0.39473853
22062,-4.6697946,0.25409365,-1.0192525,-0.58145505,-0.319557,-0.06695481,0.04902587,-0.18008521,0.017756198,0.25435558,0.14069755
22063,-4.8926406,0.030405845,-0.8528147,-0.39800248,-0.104913846,0.11638789,0.03207219,-0.06259994,0.03156753,0.48088005,0.14387973
22064,-4.288178,-0.0052550556,-0.6602507,-0.28037542,-0.11601074,-0.21077877,-0.0452105,0.11038153,-0.06679594,0.36666438,0.2278208
22065,-4.2592506,-0.107117414,-1.254066,-0.66977835,-0.12226222,0.021799259,-0.025102071,-0.005544301,0.009753279,0.41232127,0.22184582
22066,-6.161353,0.008061528,-1.3591057,-0.40010387,0.2537007,-0.3985824,-0.11077226,-0.16252448,0.1352871,0.15391092,0.30888468
22067,-5.490237,-0.3577342,-0.83958775,-0.90589005,-0.38331506,-0.18486142,0.033215966,-0.41805112,0.23759913,0.4668616,0.7171242
22068,-5.157147,-0.20516261,-0.78056854,-0.48128453,-0.21482745,0.16243203,-0.02345844,-0.31516528,-0.21793431,0.53143257,0.60479414
22069,-8.466838,-0.50115204,-1.7634804,-0.7476604,-0.5256589,0.79382706,0.7761921,-0.17814952,-0.086571254,0.6299656,0.4690935
22070,-4.344299,-0.19205277,-1.3362062,-0.7265016,0.16213964,0.054617275,-0.16078395,-0.1538002,0.3141824,0.35001755,0.49773872
22071,-5.8110766,-0.14824946,-1.3135926,-0.69921,0.04285035,0.021783836,-0.24541323,-0.23918338,-0.06749973,0.22906433,0.3343643
22072,-6.089993,0.04432348,-0.76486015,-0.55570865,-0.35815674,-0.20989448,0.1010702,-0.3227495,-0.36485833,0.2219996,0.32952607
22073,-4.976775,-0.24095832,-1.2131877,-0.57743585,0.09396729,0.108058676,-0.33556524,-0.17640387,0.03357017,0.57781136,0.1516649
22074,-3.4502118,-0.08080125,-0.58137745,-0.28123704,0.06392989,0.07845792,-0.107536316,-0.33630955,-0.20477423,0.33025807,0.1256907
22075,-5.6896987,-0.5276195,-1.4364673,0.13688548,0.09857889,-0.03607245,-0.17161159,0.0019004429,-0.44723684,0.27394533,0.37853208
22076,-6.1241183,0.10751008,-1.0950581,-0.80810213,-0.482296,0.29470438,-0.26264387,-0.51408654,0.07370624,0.43945152,-0.110358246
22077,-5.8222857,0.009940383,-0.92399037,-0.5860006,-0.011333961,-0.20553318,0.16714475,-0.054954663,-0.010447549,0.16094491,0.5360427
22078,-4.1073785,0.064201154,-0.89105755,-0.5216595,0.058467276,0.026057227,0.07751864,-0.10514278,0.056742392,0.23610893,0.3524729
22079,-6.289423,-0.2680733,-1.3066925,-0.9665982,-0.46068692,0.06372751,0.119864665,-0.6923306,-0.046888486,0.46863514,0.34454235
22080,-5.5549436,-0.30771542,-1.0707213,-0.83016795,0.16246562,0.039340444,-0.28348026,-0.30563006,0.294575,0.5641913,0.03786633
22081,-7.3335805,-0.09903902,-1.2197107,-0.8853581,-0.027237123,0.04380899,-0.3820879,-0.43521088,0.07378153,0.2723096,0.54743254
22082,-5.2864404,0.20445229,-0.9531319,-0.5198516,-0.3216373,0.02570586,0.11805805,-0.19723435,-0.16016886,0.5416854,0.30686086
22083,-5.5631804,-0.2106706,-1.1622283,-0.64935917,-0.03345414,-0.13950978,-0.14394341,-0.12286184,0.12735936,0.37294927,0.14756396
22084,-5.103829,-0.15741232,-0.70636714,-0.5643889,-0.51820576,-0.24713145,-0.04269589,-0.09021946,0.11600971,0.6974454,0.24341129
22085,-4.114919,-0.22009662,-1.0246521,-0.45906967,0.080485515,-0.18781732,-0.077217884,0.15618,-0.26630035,0.08374796,0.14273694
22086,-5.468482,0.047127258,-1.1243299,-0.5530984,-0.34419852,-0.15772344,0.08693402,-0.14763714,-0.113097414,0.33038387,0.3404029
22087,-4.9176564,-0.11675683,-1.1804816,-0.36694232,0.13122924,0.29292357,-0.1586116,-0.21888752,-0.06952445,0.08567686,-0.11412852
22088,-5.2585344,-0.05504361,-1.4294257,-0.6194047,0.27496168,0.5619232,-0.20030458,-0.47745454,0.023222571,0.2974941,0.18046659
22089,-5.577146,0.054066643,-0.74648637,-0.12926185,-0.113594815,0.033869058,0.09995217,-0.18682314,-0.42436692,0.38355908,0.06802591
22090,-6.3095245,0.009588131,-1.3394037,-0.24248889,0.76134926,0.091504134,-0.115947224,0.25622097,-0.079779685,0.3235414,0.16598569
22091,-4.2199364,-0.080358356,-0.91051096,-0.68495077,-0.26600072,0.1253115,0.15263733,-0.32194602,0.0014238609,0.26700896,0.3374664
22092,-5.9834833,0.17208281,-1.3102906,-0.4020021,-0.08235084,0.095418885,0.009127327,0.11900811,0.13039239,0.5195945,0.37519476
22093,-4.507604,0.09534012,-0.8448413,-0.6347798,-0.15214129,0.024721405,0.09621038,-0.018284196,0.16097003,0.3665951,0.44602022
22094,-5.1521826,0.018375428,-1.1124004,-0.7512662,0.25160795,0.019935597,0.09609607,-0.32353953,0.20011911,0.34608763,0.41629288
22095,-4.639015,0.1418644,-0.9484458,-0.28432626,0.008155616,-0.061222307,-0.31771818,0.016023356,0.059501335,0.6217217,0.044902604
22096,-5.9411893,-0.18017487,-0.62932813,-0.54556626,-0.27133054,0.15116955,-0.1048933,0.062927134,-0.10919142,0.9045493,0.24585474
22097,-6.3404384,-0.16983603,-1.4563491,-0.9172186,0.09881789,-0.22100244,0.05376698,-0.21739784,0.092218384,0.29913083,0.37908846
22098,-4.889486,-0.15006189,-0.6969911,-0.43025383,-0.24269812,-0.12540615,-0.09995711,-0.342248,-0.090447664,0.28810534,0.4548727
22099,-4.526185,0.08407616,-1.0271301,-0.47364417,-0.18927678,-0.0077723376,0.13430762,-0.13780597,-0.18881977,0.5077852,0.12972991
22100,-6.775133,-0.4779165,-1.5478377,-0.33780837,0.025246684,0.42717177,-0.11374672,-0.046887793,-0.35221338,1.1895336,0.43584296
22101,-5.50895,-0.007148671,-0.84937733,-0.50318295,-0.54101527,-0.058255173,-0.017028715,-0.3737597,0.018213198,0.2256936,0.55617386
22102,-4.491186,0.053578515,-1.0922393,-0.51138306,0.05951287,-0.032991353,-0.057221048,0.02205994,0.032056082,0.23082773,0.44831324
22103,-4.440959,-0.0868503,-0.62713635,-0.58199626,-0.25095505,-0.333071,0.11450199,0.013651013,-0.045845293,0.5716961,0.16601315
22104,-6.30346,-0.3592104,-1.1694825,-0.6917548,0.3988745,-0.013523603,-0.37740898,-0.180442,-0.121877864,0.88862,-0.0833654
22105,-5.0570035,-0.33580017,-0.9752768,-0.8058616,-0.43407744,0.15467648,-0.11715224,-0.123065256,-0.07700204,0.5197704,0.33266467
22106,-5.810768,-0.005329811,-1.4189429,-1.1306353,-0.12452733,0.22700655,0.2754152,-0.16462187,0.046241626,0.40057644,0.4761122
22107,-4.380305,-0.10683927,-0.8150155,-0.48384917,-0.45253322,0.13659024,0.081320696,-0.5015427,0.042872228,0.25130606,0.34148562
22108,-5.87864,-0.32893375,-1.1625849,-0.8895636,-0.19911557,-0.24700673,-0.040725354,0.10644855,0.06355634,0.62681144,-0.094596826
22109,-7.2098007,-0.5906038,-1.3522549,-1.0239978,-0.22538207,0.063809514,0.036362708,-0.17727959,-0.19226958,0.657665,0.44599432
22110,-4.288634,-0.27222097,-0.7594557,-0.45567107,0.09720514,-0.028377768,-0.12116372,-0.02930096,-0.1424667,0.41591156,0.058728732
22111,-6.5579767,-0.046146385,-1.47286,-0.5371985,-0.15737341,0.19699785,0.34721702,-0.0109044,-0.11274871,0.6084588,0.3966671
22112,-4.963567,-0.16200916,-1.3813611,-0.5463068,-0.053462718,0.00027345074,0.023602849,-0.40526378,-0.08408879,0.35177284,0.24077636
22113,-5.470071,-0.382405,-0.88206935,-0.6702802,0.002290537,0.12373502,-0.15159053,-0.032569237,-0.21794233,0.35406718,0.11913689
22114,-5.2948256,0.01148597,-1.5296834,-0.6032043,0.05353342,0.18126622,-0.15679471,-0.2848851,0.23480426,0.4912991,0.2153975
22115,-6.958729,-0.115430206,-1.3925449,-0.90546066,-0.38665375,0.020546757,0.15197673,-0.008539742,-0.13857368,0.67585355,0.2859046
22116,-6.246249,-0.3050297,-0.91173065,-0.7616207,-0.36013544,0.20348941,-0.082138635,-0.40092218,0.050536163,0.58805937,0.5347346
22117,-6.4175596,-0.26362902,-1.4351549,-0.41396862,0.36916527,0.08416534,-0.17580573,-0.057287402,-0.070099495,0.35814047,0.14658497
22118,-4.374763,0.014504265,-0.8743539,-0.54693544,-0.17004953,-0.3590604,0.17830676,-0.17927276,0.08396712,0.38173008,0.39241472
22119,-6.311418,-0.065223195,-1.1483952,-0.5872401,-0.20802115,-0.4231099,0.07073856,-0.002299806,0.14073482,0.3642091,0.53521234
22120,-4.396903,-0.072284326,-0.76991284,-0.65326834,-0.2864394,-0.18026572,-0.10151983,-0.12829678,-0.12711285,0.6267986,0.26170862
22121,-5.8045225,0.20214157,-1.2994738,-0.59780663,0.11474347,-0.08387727,-0.2793419,-0.093542054,-0.037933648,0.4120841,0.24910985
22122,-5.4426003,-0.19988523,-1.083594,-0.4471904,-0.2085086,-0.24207754,0.26180193,0.32398638,-0.11874579,0.5259301,0.41401184
22123,-5.6555834,0.039244745,-1.2492439,-0.9937413,0.06738384,-0.09334293,-0.18466851,-0.1192302,0.18297651,0.5814607,0.058978748
22124,-7.3257065,0.0458711,-1.2259223,-0.48726404,0.1337254,0.29196668,0.06529403,0.19520642,-0.24302565,0.71167123,0.5289164
22125,-5.6547318,-0.1632233,-1.59296,-0.57249,0.09754434,-0.041462462,-0.07930456,-0.17848668,-0.06662232,0.020241275,0.2977898
22126,-5.4496107,-0.29066625,-1.3207984,-0.4430573,0.22232968,-0.044116672,-0.21344759,-0.01233279,-0.22847532,0.45928943,0.15866774
22127,-6.9259615,0.17617767,-1.5246569,-0.34194273,0.083754756,0.071109295,-0.056602478,-0.14493674,-0.05636491,0.35087642,0.09131006
22128,-6.425764,-0.26814893,-1.4326218,-0.70725614,0.04225832,-0.3457448,0.20544128,0.14456637,-0.10948545,0.5527821,0.41310373
22129,-4.974535,0.074767694,-0.9276841,-0.6184977,-0.43709296,-0.019282881,0.26630366,0.19946852,-0.12864633,0.47377998,0.32975402
22130,-4.6650705,-0.10346876,-0.92286044,-0.33858573,0.11808354,0.20605618,-0.2749429,0.13005799,-0.28119373,0.39240795,0.3297292
22131,-5.1869874,-0.008796033,-1.0165794,-0.36105603,0.048230205,-0.33369267,-0.12360623,-0.10917617,-0.18675074,0.2752457,0.4240843
22132,-6.47699,-0.21569566,-1.1028134,-0.68644017,-0.0017661289,-0.1246956,0.07433615,-0.04939437,-0.009398183,0.49615633,0.5138818
22133,-6.297465,0.042645715,-0.79493994,-0.44310462,-0.48568657,-0.1734575,0.088449314,-0.036822207,-0.25519016,0.2812215,0.35785937
22134,-4.5065937,-0.0591618,-0.7404884,-0.24026325,-0.12752497,0.17633069,0.22256742,-0.30587125,-0.20922814,0.08049501,0.3204318
22135,-5.2538357,-0.25664446,-0.97504646,-0.9028172,-0.21031776,-0.32532609,-0.055563405,-0.20531894,0.3814812,0.5363719,0.33212927
22136,-5.9486933,-0.19592908,-1.1803029,-0.88089967,-0.3718711,0.067047775,0.3646528,-0.44647634,0.035210244,0.62796754,0.36180827
22137,-4.68221,-0.059270274,-0.87936866,-0.4108666,0.23415765,-0.30819464,0.01130241,-0.10760558,-0.015045587,0.349181,0.15191165
22138,-6.8787894,-0.2431591,-1.2602239,-0.7009721,-0.16538964,-0.3130235,0.04866929,-0.017491266,-0.4129258,0.16748616,0.49240044
22139,-5.6024356,-0.2653853,-1.4651088,-0.89316905,0.35886127,0.19018456,-0.41395184,-0.17069988,0.08554051,0.40443483,-0.11671261
22140,-6.1117797,-0.23653713,-0.85722214,-0.5656086,-0.6308287,0.018543456,0.017615443,-0.6713032,-0.26977396,0.305477,0.53390265
22141,-5.5793853,-0.29342768,-1.0631821,-0.7868691,-0.15645292,0.35599607,0.043523125,-0.397882,-0.08722384,0.40656495,0.296032
22142,-5.3138456,-0.41486642,-1.0751278,-0.82073754,-0.48101985,0.28366804,0.21523206,0.10608032,0.20943896,0.65247834,0.43630257
22143,-5.5000615,0.032903086,-0.8970189,-0.32134798,-0.17642562,-0.26799363,0.11844691,-0.2727147,-0.34268388,0.14902818,0.3479522
22144,-6.171849,-0.20632593,-1.3420619,-0.86411643,-0.5026509,0.10836817,0.0071245413,-0.4537304,0.16352853,0.38295725,0.40677026
22145,-5.8763447,0.031674888,-0.73668313,-0.64531255,-0.17007071,-0.18561892,0.20247062,-0.17533308,-0.09327315,0.10033488,0.6910142
22146,-5.242185,0.16768956,-1.3286242,-0.44503573,-0.17966743,-0.55453664,0.12933457,0.16026522,-0.21113025,0.2129065,0.24540664
22147,-6.0241117,-0.16721912,-0.9302529,-0.8119031,0.015237035,0.04579068,0.07043814,0.1302915,0.080769345,0.69978267,0.3078421
22148,-4.6956353,0.028132148,-0.9280364,-0.36337957,0.3275077,0.26688737,-0.15967144,-0.3877815,-0.100260995,0.32684365,0.092065185
22149,-5.7017436,-0.18445362,-1.408841,-0.10318222,0.39668506,0.019791413,-0.31597346,0.046465926,-0.2360516,0.053937033,-0.08265888
22150,-4.28927,-0.06620362,-1.1776407,-0.4935183,-0.19139263,-0.14938037,0.16161366,-0.13279586,-0.08785026,0.3045582,0.20252989
22151,-5.646088,0.13378432,-1.001322,-0.5856841,-0.19147131,-0.5812844,0.21841031,0.0524268,-0.26579437,0.12591453,0.35418355
22152,-7.595766,-0.27547562,-0.7153509,-0.8177162,-0.80977744,-0.33550018,0.1860534,-0.16791531,-0.47982565,0.088708535,0.76814765
22153,-5.5823116,0.00024018995,-1.2860626,-0.82051736,0.1348214,-0.034583054,-0.22220308,-0.12356771,-0.037804127,0.52484983,0.33395007
22154,-5.0170684,0.19596155,-1.2216849,-0.7166089,-0.29553673,-0.10916763,0.0737366,-0.24839139,-0.20114043,0.53240246,0.08507888
22155,-6.1793756,0.34835184,-1.0386803,-0.6391725,0.14768337,0.030334983,-0.435807,-0.05156894,-0.054933853,0.35901004,0.09241742
22156,-5.006501,-0.092933744,-1.0225656,-0.79548454,0.12723431,0.03266343,-0.1899958,0.057167523,0.046621546,0.13037275,0.1758481
22157,-5.736817,-0.0741425,-0.80909336,-0.50497586,-0.7847855,0.343898,-0.08413049,-0.69093776,0.1193098,0.30277172,0.5134792
22158,-6.6406894,-0.0020507155,-1.4015859,-0.6859265,0.42419362,-0.17985483,-0.2146639,-0.18194035,0.16216646,0.53422916,0.26017708
22159,-5.58565,-0.17412081,-1.0145229,-0.5064453,0.21576706,-0.02942979,-0.4507726,-0.09033653,-0.15501358,0.136649,-0.24353793
22160,-4.9218535,-0.038008563,-0.7855283,-0.46711105,-0.44361883,-0.38906062,0.0024835449,0.01951631,-0.06272735,0.24089827,0.37143737
22161,-6.577189,-0.02288061,-1.396334,-0.7534559,-0.042913947,0.23157929,-0.12948123,-0.12728316,0.24421783,0.57297975,0.3370385
22162,-6.7825637,0.04233402,-1.11971,-0.94576484,-0.43218318,0.084170476,0.17350055,-0.04836315,0.058254354,0.6050007,0.3459368
22163,-4.596138,0.15499929,-0.9437852,-0.30012077,0.058253832,-0.14176935,-0.010882632,-0.2784758,0.13215518,0.040744014,0.2645142
22164,-6.550506,-0.73915505,-1.4105439,-1.0039935,0.3258906,-0.16263804,-0.38630348,-0.17044838,-0.003093388,0.623641,-0.34140092
22165,-6.7617173,-0.50926477,-1.4080364,-0.6487027,0.19448067,-0.20345202,-0.34500417,-0.14929752,-0.37461478,0.40242416,-0.015971087
22166,-5.4159393,0.28614905,-0.78765166,-0.32212976,0.33324036,-0.091723874,-0.18506855,-0.03283988,-0.17243321,0.22819926,-0.2207846
22167,-6.8835874,-0.46818063,-1.4596817,-0.9504294,-0.46793467,-0.01504809,-0.21723752,0.25539503,-0.027654154,0.82648695,0.8557072
22168,-5.3355713,-0.046939403,-1.0256684,-0.5947868,-0.6290831,0.10800041,-0.1869375,-0.124233924,-0.011103073,0.37431148,0.3663333
22169,-5.5476804,-0.46945843,-1.571991,-0.7303544,-0.3818975,0.5055504,-0.00856923,-0.32678628,0.09940867,1.0964849,0.7489268
22170,-4.5766654,0.062827,-1.0507752,-0.5508244,-0.18132262,0.23497763,-0.20663346,-0.27704608,-0.1974494,0.34907725,0.28650746
22171,-4.947909,0.20916155,-0.5365692,-0.49361426,-0.10997478,-0.4314404,0.07188148,0.039155588,-0.17620349,0.16119754,0.4372153
22172,-4.2037406,-0.032406066,-0.86187875,-0.042993426,-0.11785265,0.03574837,0.07628119,-0.09271176,-0.31092677,0.25377667,0.094039515
22173,-4.805207,-0.11259636,-1.215102,-0.5122791,0.03413929,-0.113805644,0.0002923077,0.067608856,0.20011072,0.51785684,0.34065196
22174,-6.1954627,0.1724863,-1.2844623,-0.8440135,-0.010119202,-0.120048925,-0.053910002,-0.40574962,0.13823432,0.29952216,0.45652065
22175,-7.4869375,-0.29857022,-1.5839925,-0.96685106,-0.48932067,-0.47642088,0.08126587,-0.50334597,0.0084140245,0.1558098,0.813671
22176,-4.2198076,-0.26334426,-0.8730568,-0.3518621,-0.15689854,0.05500912,0.056366857,-0.38876298,-0.21391048,0.2590675,0.31959215
22177,-6.206384,-0.013511513,-1.3913112,-0.7449764,-0.5772989,-0.16538025,0.11073256,-0.11330189,-0.50793564,0.6090797,0.39134046
22178,-5.2812586,-0.14586969,-1.1159694,-0.68358034,-0.10241406,-0.060181692,0.13147508,-0.16163455,-0.06916388,0.64126575,0.14484407
22179,-7.6522336,-0.06968049,-1.5135514,-0.77049804,0.24527897,0.6426926,-0.35033372,-0.6744584,0.08579524,0.5446121,0.18744743
22180,-4.881418,0.090654366,-0.73402554,-0.36105037,-0.08137303,-0.06309653,-0.026362479,-0.4007312,-0.09563152,0.16736425,0.37028417
22181,-3.9503636,0.024454994,-1.0516294,-0.41962638,0.06938323,0.08337018,-0.042961396,-0.29267448,-0.10788006,0.15191454,0.08682314
22182,-5.150494,-0.1887095,-1.041,-0.88752675,-0.6940739,0.335387,0.12921822,-0.5714282,0.44101456,0.63856745,0.64225954
22183,-4.889752,-0.48739532,-0.98412544,-0.4424304,-0.09756019,-0.05430133,-0.114301756,-0.113930926,0.11627579,0.4972627,0.09603027
22184,-6.5104437,-0.029681709,-1.2715584,-0.78134626,0.11261522,-0.06027741,-0.066482596,0.025791306,0.04549545,0.6464175,0.48363394
22185,-5.8151636,-0.0070935683,-1.3267845,-0.8724019,0.19492753,0.28640437,-0.16663305,0.049644753,0.17082907,0.41605166,0.3336849
22186,-5.2638817,-0.08379467,-1.2836939,-0.1911397,0.12363049,0.024904983,-0.045324527,0.08832485,-0.14001301,0.28249624,0.32502323
22187,-6.332151,0.17794214,-1.3427167,-0.20570762,0.27584013,-0.11225408,0.06256748,-0.23688135,-0.41123855,0.0019080844,0.1389177
22188,-3.9589632,-0.106629565,-0.85876083,-0.27392635,0.08718383,0.06832576,0.12444057,0.07815293,-0.021956725,0.45501,0.2591151
22189,-6.3492985,-0.43901888,-1.4680717,-0.8380622,-0.27857345,0.3769061,0.0016926397,-0.07823167,-0.009025825,0.44626635,0.6840135
22190,-6.0680017,-0.12521414,-1.0776398,-0.7728141,-0.3269439,-0.18610053,0.4703291,-0.022650676,-0.30151716,0.46607593,0.54323334
22191,-5.351785,-0.011124748,-1.0755068,-0.72011036,-0.23174512,-0.26510453,-0.2694596,-0.28949925,-0.06648386,0.18226153,0.23734747
22192,-6.3446956,-0.14818028,-1.4276258,-0.7227361,-0.4332124,0.17375182,-0.16327754,-0.71451193,-0.11142863,0.88168705,0.5721832
22193,-4.5038824,-0.035622302,-0.828681,-0.47759777,0.11012808,0.10128833,-0.08365274,-0.17126992,0.059631392,0.33480322,0.1972051
22194,-7.1965594,-0.31751582,-1.0695133,-0.9830121,-0.38087574,-0.20368144,0.4051068,-0.25267485,-0.3573072,-0.036383875,0.86303157
22195,-6.513708,-0.12371832,-1.3630632,-0.30527827,-0.013275364,0.07278617,-0.08250202,-0.17512645,-0.18462434,0.32912028,0.61542785
22196,-4.7053022,-0.12505148,-1.1097462,-0.5568042,-0.1703039,0.13623118,0.20611088,-0.19709149,0.2950108,0.41064346,0.51903737
22197,-4.9715686,-0.19568723,-1.3864828,-1.0486066,-0.34516874,0.24456848,-0.1396226,0.1344737,0.42844662,0.57664925,0.4662661
22198,-6.8683577,-0.17391272,-1.2958636,-0.3242329,-0.84903085,-0.15480134,0.10828483,0.13892835,-0.3961294,0.6418718,0.80181706
22199,-3.928376,-0.11862804,-0.7736616,-0.4429535,0.11287713,-0.080884285,-0.03121885,0.03934348,0.21707308,0.39267868,0.09061999
22200,-5.1461554,-0.24634008,-1.3678961,-0.71008533,0.06543231,-0.13800949,0.035116576,-0.25302,-0.004763728,0.25408906,0.25224957
22201,-5.719696,0.07100205,-0.8814955,-0.5292584,-0.033034593,-0.38213623,0.082155995,-0.024021512,-0.052702382,0.17490289,0.32692948
22202,-4.6794505,-0.018907916,-1.1288208,-0.45347148,-0.06158638,0.21663696,-0.04023426,-0.079120964,-0.17501813,0.6955632,-0.011640414
22203,-4.8654084,-0.17205618,-0.8123377,-0.48131293,-0.049612693,0.43034405,-0.13109145,-0.09814459,-0.11141148,0.3921861,0.37303242
22204,-5.4854655,-0.26727024,-0.95827615,-1.0095396,-0.06665304,-0.05681961,-0.1308295,-0.29982466,0.13783106,0.33364683,0.25226572
22205,-5.242607,0.171668,-0.93098986,-0.55589926,-0.10978248,-0.19017307,-0.17457432,-0.17919123,-0.22419082,0.57331383,0.1279519
22206,-5.3029685,0.15693584,-1.1315849,-0.7565789,0.14105815,-0.019386556,-0.2897842,-0.39903814,-0.0894948,0.4523436,-0.09904942
22207,-5.414513,-0.1742106,-1.1100826,-0.5616814,0.15468629,0.15126221,-0.25224906,-0.06849172,0.11768976,0.54474545,0.2573879
22208,-6.2833214,0.29729944,-1.0940554,-0.92552453,-0.30928335,-0.0053307517,0.22775294,0.06946387,-0.108650535,0.6068823,0.59798235
22209,-6.620007,-0.03653634,-1.4946076,-1.0167521,0.104466565,-0.45128387,-0.27700946,-0.08503287,-0.094638765,0.5641612,0.42365006
22210,-6.3463125,-0.35020676,-1.3672842,-0.878398,-0.48235616,0.12537323,0.435356,0.12883031,0.13731101,1.0771234,0.8750048
22211,-6.300662,-0.23711114,-1.1766471,-0.34595558,0.3592468,-0.052922517,-0.2681246,0.18350327,-0.16064224,0.52601624,0.21442014
22212,-4.5385227,-0.08503649,-0.9214098,-0.34162417,-0.31801087,-0.24620627,0.341948,-0.10778865,-0.24960698,0.35395515,0.21335673
22213,-5.3063035,-0.063974276,-1.1277128,-0.5800846,-0.058492705,-0.34854525,-0.15752141,0.06362344,0.122592345,0.47298232,0.24504401
22214,-6.3410444,0.08627263,-1.0474263,-0.52344984,-0.1710095,-0.023432137,0.17216912,0.08090706,-0.54965466,0.21050143,0.5918467
22215,-5.8634477,0.0040630805,-0.8705195,-0.5192019,-0.2737166,-0.19902329,-0.08195516,-0.39710048,-0.12278554,-0.067685366,0.40601835
22216,-6.557668,-0.38591993,-1.6594117,-0.65879154,-0.54122007,-0.30101383,-0.054451354,0.3132253,-0.011254435,0.43630418,0.6463189
22217,-7.091968,-0.050913427,-1.2916061,-0.72221804,-0.27743486,0.05277612,-0.05327312,-0.10554356,0.10726518,0.6255402,0.48695365
22218,-6.15937,-0.3673805,-1.0571098,-0.8415769,-0.282606,0.098035,-0.042727266,-0.4076667,0.13340059,0.39365113,0.67574304
22219,-6.2156873,0.1155074,-0.9055348,-0.72536165,-0.030426534,0.01006528,-0.12862287,-0.18024199,-0.2423896,0.32711864,0.21575563
22220,-6.2189336,-0.3155638,-0.9866845,-0.920012,0.18215787,0.08690772,-0.5108078,-0.074352145,-0.020699652,1.2908986,-0.016549688
22221,-4.3732553,-0.18105836,-0.7942721,-0.30619422,-0.1759798,0.108405836,-0.06284444,-0.16834404,-0.086444594,0.48474857,0.0063767456
22222,-5.761428,-0.09348578,-1.3021173,-0.46517977,0.0027633475,-0.14460784,-0.2907352,0.008899864,-0.26913318,0.25235942,0.012217242
22223,-4.8466125,0.25488728,-0.95064926,-0.43158996,-0.055737272,-0.14956753,-0.19522424,-0.24064213,-0.30577868,0.19744688,-0.056061372
22224,-5.3305798,-0.17361753,-0.811522,-0.5408655,-0.25877196,-0.108387716,0.26026338,-0.2607361,0.029536894,0.042780083,0.34421867
22225,-6.2400336,-0.14696257,-1.3518033,-0.84541076,0.06523634,-0.15470329,-0.05268328,-0.02396067,-0.043569587,0.019503344,0.2924129
22226,-5.6442876,-0.16176425,-1.1837187,-0.326863,-0.22431543,0.0057876343,0.10148638,-0.28079018,-0.23339345,0.31251702,0.4157249
22227,-4.3238716,-0.15505885,-0.84865075,-0.58925325,0.028603168,-0.13823448,0.09833055,-0.05932813,0.009557571,0.29353866,0.23495238
22228,-6.2039385,-0.19216537,-1.607334,-0.35689527,0.004104279,0.47590733,0.009365706,-0.22350869,0.049243823,0.6201334,0.5041603
22229,-4.7421846,0.15817003,-0.75710154,-0.54434925,-0.18454203,0.08504025,0.22747156,-0.31679657,-0.09585155,0.17048058,0.35917398
22230,-6.32991,-0.3108667,-1.592997,-0.91627747,0.36278528,0.09799471,-0.306786,-0.2730744,-0.08498384,0.5166204,-0.03847007
22231,-6.6362724,-0.32887036,-1.4299513,-0.8133883,0.08544598,-0.080452144,-0.28798658,0.023679726,-0.104605176,0.23188439,0.45354912
22232,-4.7181373,-0.14754583,-0.85437566,-0.7647955,-0.055778295,-0.14645527,0.13286406,-0.26024595,0.07632951,0.43414566,0.3695835
22233,-6.3832297,-0.046895318,-1.1668007,-0.6001271,-0.04973401,0.3557436,0.15426213,-0.52003706,-0.15297268,0.26599225,0.13097873
22234,-6.5780497,-0.074797526,-1.2997825,-0.721996,-0.36268342,-0.05768455,0.076833464,-0.025391372,-0.19861686,0.3722226,0.4286214
22235,-5.508853,-0.2467015,-1.0175612,-0.63059956,-0.3197983,-0.30514026,0.001760616,-0.19018772,-0.3600416,0.31104138,0.19147858
22236,-6.4809494,0.396445,-1.6755892,-0.21968886,0.1016358,0.008178169,0.006937662,-0.05744701,-0.29558393,0.17644776,0.22614864
22237,-4.888997,-0.06397526,-0.7431947,-0.62452966,-0.14647739,-0.24080522,0.18136576,-0.26993358,-0.16573444,0.1870784,0.30495322
22238,-6.8193464,-0.08888481,-1.6735573,-0.5479462,0.4516635,-0.06995905,-0.23786101,-0.024075674,-0.1318519,0.60105324,0.0267176
22239,-5.723987,-0.116551906,-0.68947387,-0.7252402,-0.17434396,-0.009874633,-0.2510129,-0.67699873,-0.092550665,0.22854897,0.31748685
22240,-5.4164133,-0.2329222,-1.2556756,-0.49316484,-0.19930021,-0.028471842,-0.4405612,0.12301386,0.14814593,0.78641176,-0.104091346
22241,-5.0827627,-0.18452887,-0.83761555,-0.48581603,-0.36845624,0.031020535,-0.110206924,-0.47278836,-0.15006511,0.14209549,0.38605696
22242,-5.827106,-0.3331155,-1.148206,-0.63045514,0.14109202,-0.27205676,-0.056129336,-0.29512098,-0.21100849,0.4120905,-0.05442629
22243,-6.1864753,-0.27508858,-1.0842854,-0.97517216,-0.265984,-0.18271233,0.043231003,0.15996863,-0.20006992,0.83147925,0.514041
22244,-6.5782695,-0.1247773,-1.7219963,-1.0197916,0.15719509,0.22301568,-0.14129673,-0.05305875,0.53515154,0.7018273,0.10818471
22245,-4.925967,-0.05430359,-1.3727659,-0.4766028,0.16929458,0.030679747,-0.29699218,-0.0020350022,-0.027606701,0.2369726,0.009221527
22246,-5.232681,-0.34926346,-1.0646348,-0.362298,-0.17914404,-0.19680637,-0.08229542,0.08888119,0.053423576,0.6249478,0.35293972
22247,-5.034966,0.017410988,-1.302235,-0.5874168,-0.21146284,-0.0056849224,0.1987339,-0.105030484,-0.08026192,0.29777095,0.4759079
22248,-5.740257,-0.1313988,-1.2021235,-0.16558342,-0.083613224,0.2078797,-0.13612951,-0.10001175,-0.16129896,0.09991437,0.14434996
22249,-6.4549537,-0.091314085,-1.4441708,-1.2322813,-0.60583246,0.074475504,-0.07196035,-0.5974265,0.07326508,0.4171194,0.96100384
22250,-6.344318,-0.01750192,-1.3762524,-1.1088469,-0.23830214,-0.021303963,-0.02685484,-0.1130498,-0.025793383,1.1029208,0.53783065
22251,-6.7527637,-0.039351787,-1.5020181,-1.0861895,-0.05670453,-0.26699394,-0.16078068,-0.28790334,0.09353068,0.63334143,0.29350686
22252,-4.335503,-0.21171579,-1.0382946,-0.46536362,0.012892527,-0.16615005,-0.25333717,0.028381156,-0.07158451,0.37601808,0.025719337
22253,-5.358317,-0.026066877,-1.0980806,-0.954153,0.045605168,0.04652884,-0.094893776,-0.44892603,0.19294697,0.5268132,0.18086222
22254,-6.7449255,-0.22998294,-1.600924,-0.71480554,0.30358782,0.3533798,-0.4175681,-0.66092956,0.3618972,0.039616227,0.20005208
22255,-4.6320205,-0.32444233,-0.69931334,-0.61928445,-0.19980846,-0.083797045,-0.008139188,-0.17336644,-0.050637275,0.5500654,0.55383253
22256,-6.6018457,-0.3145173,-1.1189697,-0.6933255,-0.02604582,-0.1618314,-0.086903244,-0.578933,-0.23887347,0.048309673,0.101887554
22257,-5.6061378,-0.3882762,-1.200416,-0.76151586,-0.31671005,-0.071861364,0.09691662,-0.12899564,0.07383537,0.5327578,0.89745474
22258,-5.578942,-0.10672793,-1.0015357,-0.683486,-0.04229513,-0.19570357,-0.036090214,0.11507327,-0.33351037,0.14925691,0.13712436
22259,-6.635697,0.057773795,-1.7142518,-0.5646927,0.37086436,-0.018684372,-0.32955235,0.060115166,-0.01460911,0.45398638,0.060312755
22260,-6.8258524,-0.053854633,-1.3518556,-0.71010846,-0.7609735,0.017448958,0.35746205,0.0056711216,0.1717895,0.69485587,0.46865237
22261,-5.9972105,-0.24791048,-1.1345977,-0.6591147,0.26500794,0.26057875,-0.49496046,-0.21983281,0.00122602,0.64815915,0.2183149
22262,-3.839909,-0.15255462,-0.71535665,-0.70496213,-0.24488828,0.1525925,0.09442583,-0.2251741,0.20259605,0.4218179,0.30498558
22263,-5.3661366,-0.12456106,-0.90739167,-0.41953838,-0.55163014,-0.17374735,0.43938717,0.04139342,-0.26177323,0.40170768,0.5352073
22264,-5.0057974,-0.12419987,-1.2044289,-0.6083227,-0.20653847,-0.09578135,-0.049845107,-0.12655734,-0.14122128,0.82746124,0.36766422
22265,-6.2338367,0.09174296,-1.003466,-0.8900675,-0.38337168,0.2684741,0.0051065465,-0.6861185,-0.019814944,0.71169966,0.30204618
22266,-5.1139884,-0.17540805,-1.0113546,-0.658327,-0.22162034,0.44675052,0.33388844,-0.26322085,0.001034868,0.39989024,0.7304668
22267,-6.535839,-0.2489235,-1.3198141,-0.91243005,-0.039267376,-0.05813586,-0.21586153,-0.0304285,0.29144403,0.5442749,0.44808227
22268,-7.838065,-0.14587085,-1.4710312,-0.68179965,-0.30530137,0.11454563,0.10293599,0.43840516,-0.36224568,0.45680624,0.9188886
22269,-5.0122957,-0.11673321,-0.74424624,-0.4647752,-0.21733786,-0.22429937,0.08445625,-0.24922353,-0.12898093,-0.10504497,0.20749159
22270,-6.6430864,-0.21882065,-1.6903951,-1.0351195,-0.40497598,-0.0882977,-0.20265543,-0.09551769,-0.049277082,0.62058216,0.42027703
22271,-4.1820006,-0.21862295,-0.82438534,-0.548728,-0.09409934,0.11302623,0.13354763,-0.14254805,0.11119633,0.46786678,0.19736806
22272,-7.9069514,-0.63167584,-1.265831,-0.9623952,-0.97538143,-0.25513875,0.35210434,-0.31501117,-0.14769228,0.47954372,1.2013433
22273,-6.6563306,0.07689818,-0.8347892,-0.5796081,-0.14695756,-0.127256,-0.2950922,-0.32618374,-0.20189165,0.47227627,0.18583493
22274,-4.2528043,-0.11493612,-0.7123156,-0.4247643,-0.30525848,-0.16507854,-0.20530291,0.08967435,-0.17155531,0.12893204,0.020816766
22275,-5.533665,-0.1653887,-0.9730424,-0.8083952,-0.67319125,-0.004022604,0.0212925,-0.36548075,0.13961399,0.4644155,0.7504223
22276,-6.556438,-0.07420215,-0.8394298,-0.6239418,-0.19315082,-0.12703301,0.31397197,-0.18816009,-0.17830822,0.1644404,0.4900576
22277,-6.3272157,-0.2839213,-0.88637114,-0.65706164,0.092859715,-0.01933292,0.16081126,-0.2542498,0.06442554,0.3951704,0.32893902
22278,-5.4138174,-0.15689887,-1.1108656,-0.5858359,0.28267398,-0.09307844,-0.31583193,-0.08546052,0.07133944,0.27679837,-0.112185456
22279,-4.5960803,-0.21886474,-0.72486264,-0.42845267,-0.08825405,0.105323195,-0.20740165,0.056580767,-0.17791176,0.4383432,0.007859065
22280,-4.9437814,-0.021027483,-0.8296237,-0.4822423,-0.016630711,-0.29661137,-0.07359875,-0.03190606,-0.26091012,0.5827508,0.06019843
22281,-4.7185497,-0.2426535,-0.54673636,-0.5014784,-0.46128353,-0.18451613,0.09922097,-0.41547185,-0.21452114,0.35319233,0.23712936
22282,-4.902064,0.072646454,-0.931251,-0.52653646,0.0025085486,0.07256984,-0.47491705,-0.420951,0.14204912,0.27257922,0.110683836
22283,-4.057284,-0.088111155,-0.7662237,-0.5356299,-0.11244579,-0.06386419,0.15570535,-0.18020135,0.025729157,0.44203696,0.47983676
22284,-5.831799,-0.31408593,-1.1044086,-0.67223316,-0.57176393,0.568789,0.29096904,-0.17859419,-0.058788456,0.7444529,0.32977125
22285,-5.6206098,-0.29383218,-1.2923937,-1.0063626,-0.35579276,0.39057076,-0.01014967,-0.51449406,0.24326414,0.60586584,0.45554173
22286,-6.208454,-0.07670999,-1.2820611,-0.81707937,-0.27249238,0.24656513,-0.42308348,-0.19427247,0.069445685,0.8031688,0.5712174
22287,-7.7274456,-0.02411919,-1.6443079,-0.84860635,-0.24983293,-0.14586835,0.17822537,-0.8169051,0.15085478,1.0406699,0.5217805
22288,-4.2761207,-0.076619364,-0.9942631,-0.6867843,-0.24419495,0.24740434,-0.20308243,-0.47307247,0.10658489,0.51169467,0.4703991
22289,-5.487038,-0.14510056,-1.2799529,-0.4284808,0.2712604,-0.21518102,-0.12813947,0.15309778,-0.15348358,0.39278805,0.18085214
22290,-4.9999285,-0.206084,-1.0593399,-0.7286435,-0.31443337,-0.01132302,-0.033458,-0.1237063,0.088003,0.45838183,0.44626528
22291,-4.5385404,-0.18908744,-0.849407,-0.51412714,0.21290413,0.0037266817,-0.08372518,0.026101392,0.082818516,0.4607818,0.2879894
22292,-4.930729,0.0019278317,-0.89736253,-0.40793106,-0.42925793,0.47713774,-0.0011026282,-0.38819334,-0.02520221,0.44559932,0.25867915
22293,-6.3197103,-0.50750744,-1.0998632,-0.72850424,-0.27941093,0.17464894,0.1985694,-0.13663238,-0.124990806,0.44438824,0.7817661
22294,-5.761694,-0.24593346,-1.0436109,-0.42548952,-0.15722723,-0.38556713,-0.07871773,0.07967651,-0.19179367,0.20263246,0.29174092
22295,-4.200341,-0.06500891,-1.1684865,-0.5902274,-0.098688684,-0.13701172,-0.04429998,0.2308699,-0.008642893,0.36882252,0.162853
22296,-5.6486287,-0.19237019,-0.98599553,-0.63220143,-0.1140963,-0.023753244,0.038960222,-0.31571752,-0.19569066,0.12759618,0.5365754
22297,-5.554394,-0.11359056,-1.3924189,-0.80778116,-0.36441126,-0.08725315,0.14680201,-0.3179935,-0.26575005,0.39863533,0.38764808
22298,-4.5505986,0.025377229,-0.89620185,-0.37975734,-0.15215397,-0.0745715,0.078615606,-0.0027583512,-0.26418728,0.10370701,0.24645711
22299,-4.78517,-0.2671751,-1.0928957,-0.61649483,0.124041975,0.07558689,-0.16745177,0.106570445,0.07926748,0.37105268,0.44242582
22300,-5.360704,-0.18177256,-0.898292,-0.76381856,-0.19673564,-0.1668174,0.081673615,0.026581837,0.025602464,0.6558965,0.29512978
22301,-6.2952256,-0.263261,-1.150763,-0.6178002,0.043949313,-0.20544994,-0.08969695,0.028668983,-0.25904244,0.60469,0.26945874
22302,-4.704823,-0.25967193,-1.0967616,-0.6660444,0.07261973,-0.079979695,-0.32670712,-0.1554361,0.29147434,0.5678903,0.101503246
22303,-7.068679,-0.35468066,-1.5880553,-0.8414624,-0.3285478,-0.27122295,0.028061561,-0.48302108,0.17301364,0.4224714,0.62034667
22304,-5.822068,0.0129347425,-1.3353909,-0.7132913,0.004420002,-0.25973094,-0.099436045,0.0618319,0.067852475,0.2292702,0.44801915
22305,-5.369453,-0.1621517,-0.7858718,-0.8104766,-0.22864781,-0.19721368,0.19203915,-0.29230508,-0.40885288,0.2587203,0.19765328
22306,-5.536323,-0.38054672,-1.103292,-0.66869015,-0.06277909,-0.29868925,-0.31519502,-0.093640074,-0.009208497,0.6274171,-0.09149947
22307,-4.4036245,-0.004541573,-1.0867436,-0.3879343,0.33202755,-0.14254273,-0.28848428,0.0033838362,-0.104688294,0.21751626,0.017428095
22308,-3.8373716,-0.16570547,-0.7110344,-0.48970562,-0.38362437,0.225667,0.09517033,-0.4203353,-0.13986592,0.49283633,0.3451603
22309,-3.72628,0.066375546,-0.77842677,-0.45067304,-0.11485647,-0.25642347,0.076077096,-0.062739596,-0.009205386,0.12806338,0.23360166
22310,-7.544764,-0.20922764,-1.2046367,-0.74039584,0.40337265,0.31436193,-0.24029787,-0.33413425,0.08004761,0.2938252,0.38694736
22311,-4.6968455,-0.1363068,-0.6836202,-0.63002086,-0.35162848,0.072371624,-0.04872239,-0.28702307,0.10405446,0.46521038,0.24500929
22312,-5.2252116,-0.3163311,-0.960768,-0.21061765,-0.081464596,0.08739009,0.119622335,-0.18947937,-0.087253906,0.33706465,0.38867188
22313,-5.821216,-0.06259542,-1.2692616,-0.80039275,-0.5216692,0.337255,0.13005356,-0.23684604,0.08442612,0.2965965,0.42962477
22314,-4.5471325,-0.042985097,-0.722818,-0.39845893,-0.39273098,0.12285971,-0.03935655,-0.45902523,-0.24177478,0.544263,0.18627839
22315,-5.207554,-0.020360243,-1.2082332,-0.50584555,-0.0696626,-0.22091809,-0.09102696,-0.0051071597,-0.10827003,0.34962237,0.3439168
22316,-5.625781,-0.15471119,-1.5885855,-0.29079905,-0.31335348,-0.09995086,-0.073159605,0.09499493,-0.44347802,0.6361342,0.46145174
22317,-4.6048117,-0.22499157,-0.7755053,-0.6397381,-0.2634392,-0.025440048,-0.21492548,-0.067617886,-0.20086756,0.6414093,0.37864667
22318,-5.17023,0.0033783182,-1.1583236,-0.80159277,-0.58818775,0.19528925,-0.12978044,-0.31829163,-0.05558926,0.5452257,0.3811428
22319,-5.5445313,-0.2478682,-0.9688426,-0.54429567,-0.15053385,-0.26120454,-0.16235802,-0.3941733,0.112314135,0.6887272,0.29662514
22320,-5.9943576,-0.21214534,-1.3983485,-1.1215285,0.1503752,0.26181257,-0.44151,-0.43262622,0.24264818,0.252619,-0.027228426
22321,-5.936603,-0.46645302,-0.89912057,-0.48891136,-0.38475952,-0.19952138,0.09678521,0.014204235,-0.469439,0.43605047,0.7299388
22322,-6.7439303,0.31593436,-1.2420591,-0.44643772,0.17711344,0.0002828138,-0.43899563,-0.17553106,-0.036081187,0.73018736,0.43288314
22323,-7.5211024,-0.29622325,-1.8237599,-0.7286054,0.41320035,0.14056449,-0.49874952,-0.2510809,-0.10911569,1.0291961,-0.15390986
22324,-6.4182205,-0.21280497,-1.8058094,-0.96024096,-0.3500491,0.19727485,0.09923581,-0.24305013,0.13593516,0.8211319,0.43628734
22325,-6.2832036,-0.026389152,-1.4288238,-0.8714653,-0.19813628,-0.2258264,0.035118952,-0.12720309,-0.26136675,0.48726374,0.4597409
22326,-7.570075,-0.4541269,-1.232182,-1.046309,-0.008808201,-0.024435248,0.27941477,0.047359817,0.046029,0.6434411,0.40656945
22327,-5.408729,-0.46691445,-0.7635786,-0.7115101,-0.26706403,0.19553185,0.081795946,0.06696811,-0.13685472,0.4859067,0.42489153
22328,-4.612906,-0.37277135,-0.8358407,-0.6730406,0.034992244,-0.051568635,-0.19513656,0.22717541,0.04574038,0.31381777,0.33086073
22329,-5.949082,-0.29041988,-1.5456101,-0.5777519,-0.18112288,-0.17742886,-0.008465721,0.20374301,-0.19434747,0.45412868,0.58353436
22330,-7.269089,-0.1633546,-1.4713573,-0.6412099,0.47437242,0.09164829,-0.32335368,-0.641615,0.19392772,0.35188362,0.0959929
22331,-5.702334,0.21072869,-1.546627,-0.55567545,-0.028439688,0.019888012,-0.10718943,-0.17714538,-0.2232864,0.4245245,0.14983726
22332,-5.91512,0.080259144,-0.8947325,-0.7716469,-0.28755674,-0.036160942,0.15407662,-0.2534299,0.099664874,0.4656398,0.42674932
22333,-4.9209332,-0.03678247,-1.0101501,-0.73671377,-0.3658742,0.16855216,0.33075517,-0.30322948,-0.2659739,0.41076696,0.327093
22334,-5.7249146,0.032648996,-1.1437935,-0.44785053,-0.31801364,0.03129107,0.07945869,-0.2633964,-0.46745294,0.33992478,0.23375194
22335,-6.3723574,-0.15849112,-1.53578,-0.50650436,0.26483127,0.33641273,-0.07766871,-0.07403495,-0.06894383,0.35729992,0.4497499
22336,-6.9199004,-0.3232925,-1.3510928,-0.48690584,-0.50720745,0.16512404,0.16562277,-0.4690045,-0.3181693,0.18953507,0.87371755
22337,-5.6070423,-0.15901998,-0.99160355,-0.8195606,-0.5846377,0.084381595,0.062477253,-0.37460443,0.16164356,0.62293017,0.75512034
22338,-6.271981,-0.06442951,-1.3361855,-1.1172191,0.16513376,-0.009996232,-0.24018393,-0.5817697,0.23295443,0.5979909,0.10941694
22339,-5.9323816,-0.32306647,-1.1842697,-0.81734437,-0.4938935,0.31142384,0.38623083,-0.19987795,-0.0649842,0.3940657,0.64864135
22340,-5.082332,0.09211549,-1.1392688,-0.43319112,0.26859602,0.38054174,-0.06627681,-0.21805322,0.045048077,0.51324743,0.1978848
22341,-5.533793,-0.04943898,-1.0651286,-0.7054981,-0.41772336,0.27827108,0.42475316,-0.27037644,0.12530161,0.4944263,0.524771
22342,-4.5424247,0.122175485,-1.1368915,-0.46158808,-0.047416564,0.0971292,0.09651173,-0.15351059,-0.023934701,0.048477042,0.12508006
22343,-6.0063086,-0.19265081,-1.1614555,-0.6664654,-0.018436171,0.06516747,0.124248005,0.018864524,-0.19335261,0.19247603,0.111814156
22344,-6.943825,-0.1213914,-1.1222676,-0.8661304,-0.1648594,0.06388413,0.3148892,0.14106,0.034670375,0.7906233,0.61994743
22345,-4.3681626,-0.1238873,-0.8823974,-0.31140384,-0.16403456,-0.09121295,0.22109728,0.04889711,-0.048443966,0.31664628,0.35475823
22346,-6.261955,0.07742495,-1.1800077,-0.45985633,0.17599933,-0.20369714,0.15349232,0.40505916,-0.05699499,0.4133343,0.24218674
22347,-6.5960426,-0.112793565,-1.0716133,-0.9654686,-0.49735802,0.23938026,-0.298809,-0.43728516,0.17432591,0.4854351,0.35660022
22348,-5.6067758,0.07781653,-1.552129,-0.6183104,0.269827,0.27698618,-0.12382945,-0.10956746,0.09910323,0.4174839,0.2753859
22349,-5.914771,-0.18857557,-1.313913,-0.4339641,-0.76006943,-0.09635657,-0.048998624,-0.07190596,-0.2573423,0.30916512,0.5227644
22350,-6.1412005,-0.40316883,-1.1404054,-0.5445245,-0.09892731,-0.13774791,0.17532782,-0.24829906,0.06651738,0.26556414,0.4091288
22351,-5.4034333,0.14422862,-1.0908244,-0.018645898,0.40882912,0.040226217,0.054506898,0.2666744,-0.27616328,0.30369702,0.20063028
22352,-6.320226,0.080079295,-1.3058552,-0.484166,-0.31177193,0.0010356498,-0.16359779,-0.08437988,0.1420537,0.5794947,0.06638191
22353,-8.074491,-0.24547012,-1.2763709,-0.64703923,-0.36225432,0.045450307,-0.25137287,-0.3219037,-0.26197872,0.4156296,0.2006292
22354,-6.034255,-0.11662698,-1.1686027,-1.1353884,0.029380996,-0.12554258,-0.07685546,-0.24541476,0.15548131,0.7167814,0.33331546
22355,-5.289415,-0.008423396,-1.3715985,-0.6842139,-0.010323752,0.5834562,0.24362294,-0.3062094,0.2504024,0.501636,0.39632297
22356,-5.902219,-0.034584824,-1.027411,-0.53324175,0.045107856,0.30443305,-0.07211855,0.026614677,0.027989173,0.5567048,0.21424417
22357,-4.820466,-0.09349906,-1.0803344,-0.67952937,0.097469084,0.17058927,-0.2520837,-0.3049016,-0.018810047,0.72123015,0.30457443
22358,-5.355654,-0.038816147,-1.2018406,-0.45890027,0.20552897,-0.08218247,-0.5197562,0.020673595,-0.04031434,0.14350516,0.12462023
22359,-5.850102,0.06161014,-1.2220751,-0.5506942,-0.25650564,0.04481034,0.19509482,-0.82441634,-0.1477506,0.53030586,0.20488906
22360,-6.3085947,-0.17204006,-1.048734,-0.49298036,-0.08274411,-0.196324,-0.3811552,-0.2806461,-0.26340285,0.25417066,-0.042027447
22361,-5.203446,-0.100463755,-0.730906,-0.6406833,0.21039386,-0.29044265,0.086027816,-0.09875033,-0.031781286,0.39028412,0.07077377
22362,-6.4520373,0.19085701,-1.1951846,-0.5334857,-0.374611,0.35982853,0.42684904,-0.43116152,-0.27098206,0.43307653,0.36002487
22363,-4.081584,0.038423274,-0.915316,-0.23929325,-0.03055591,0.1577847,-0.2532542,0.12883161,-0.08720029,0.02155476,0.10784658
22364,-5.0269804,-0.24675407,-0.6219785,-0.7215104,-0.704375,-0.11130265,0.36754063,-0.18888552,-0.26686466,0.23521714,0.70025235
22365,-5.8083925,-0.0055563785,-0.6620692,-0.6104938,-0.23670931,-0.46492726,-0.102312505,-0.16941296,-0.15957324,0.37393907,0.15748413
22366,-5.2438335,-0.091262855,-1.3525269,-0.84928554,-0.096470594,0.16131297,0.39076656,-0.4606063,-0.043187737,-0.06874166,0.34365287
22367,-6.5210147,0.15087728,-1.2368231,-0.73474646,0.061341546,-0.38817137,-0.15876141,-0.2583738,0.021339636,0.3475829,0.11278856
22368,-7.3311267,-0.13448097,-1.4865375,-0.86580205,0.16616394,-0.15278442,-0.5427407,-0.13782057,0.11517272,0.7152751,0.11914766
22369,-6.485495,-0.20045483,-1.5363642,-1.1006918,-0.40091738,0.38640898,-0.12171484,-0.47651812,0.21118626,0.84730047,0.6078968
22370,-5.9623976,0.05807773,-0.735052,-0.424426,0.071252555,-0.15527302,-0.045289844,-0.07244588,-0.38597116,0.070742875,0.19114907
22371,-5.938589,-0.25999883,-0.9752322,-0.7279658,-0.32080042,0.20236816,0.19378483,-0.07776828,0.019877108,0.61964303,0.8130991
22372,-6.1839676,0.010894172,-1.5075653,-0.8545576,-0.036611218,0.18380186,-0.36648324,-0.49892524,-0.18381622,0.25768274,-0.10060906
22373,-7.0728774,0.07429076,-1.1787273,-0.8338369,-0.7481608,-0.4610551,0.62211514,-0.11191055,-0.47321585,0.38725045,0.4735842
22374,-6.174676,-0.4446713,-0.891312,-0.59199405,-0.40623862,-0.03245645,0.1133386,-0.24226764,-0.16620399,0.34986338,0.8711286
22375,-5.676756,0.11198825,-0.96088,-0.63368213,0.23408043,-0.37427807,-0.38378954,-0.17542127,-0.14251591,0.45511872,0.11661413
22376,-5.1608777,-0.016731527,-1.0491824,-0.267525,0.08264658,0.15128566,0.19769299,0.04366064,0.07792343,0.39019826,0.34974632
22377,-5.084298,0.022108529,-0.92127514,-0.787501,-0.12131851,-0.07334014,0.07843379,-0.04269164,0.068753615,0.44560203,0.32382634
22378,-5.520629,-0.13036266,-0.9772141,-0.68517333,-0.5409456,0.013967916,0.3363901,-0.39162755,-0.20370726,0.4248573,0.3990064
22379,-6.3230124,-0.1319462,-1.1519613,-0.6285946,0.48923638,0.057667248,-0.11591258,-0.25201178,0.37012112,0.37617716,0.055882234
22380,-6.3446574,-0.0118186,-1.1095985,-1.027818,-0.24150948,0.095435,0.0050969436,-0.074433826,-0.025052847,0.8832699,0.60164815
22381,-8.789491,-0.52271754,-1.4899803,-0.9953784,0.023589518,0.171708,-0.11567848,-0.53977424,-0.06881197,0.3024571,0.60555136
22382,-7.2950983,-0.10125351,-1.8995154,-0.9618517,0.50572807,0.19928938,-0.34187347,-0.60312563,0.27590683,0.43980923,0.07243647
22383,-5.9576216,0.031878926,-1.1494904,-0.4748273,-0.018699596,-0.20248565,0.036630295,0.030370876,-0.17342398,0.20961751,0.3465447
22384,-5.721604,0.05722074,-0.9799628,-0.29490897,-0.18715058,0.03325709,0.13247038,0.04887504,0.08474606,0.5623029,0.40235218
22385,-5.7040033,-0.26290753,-1.2320557,-0.64597785,-0.1763501,0.0047232127,-0.11728331,-0.029479751,0.1580044,0.7479541,0.34259146
22386,-5.6286116,0.092674345,-1.2125092,-0.67220783,0.23506166,-0.1799693,-0.48761946,-0.10066744,0.21271639,0.47229582,0.120524615
22387,-4.271884,-0.26740873,-0.7544507,-0.38436693,-0.511953,0.16195971,0.06834567,-0.23828684,-0.11087781,0.4068894,0.45593342
22388,-5.840053,0.061519716,-0.94920343,-0.7174759,-0.074080005,-0.02473221,0.26999432,-0.23203617,-0.04054548,0.2360641,0.4089632
22389,-5.110978,0.05249134,-0.7095195,-0.19636962,-0.3776441,-0.046423208,-0.0803279,-0.3067754,-0.027635304,0.16690743,0.16387698
22390,-4.811901,0.025258075,-1.2186059,-0.51415247,-0.30335653,-0.27594233,-0.20961532,-0.3097734,-0.20207965,0.57711154,0.65754116
22391,-5.0311956,-0.08185533,-1.2126607,-0.9068108,0.062337726,0.10890711,-0.10772087,-0.3968708,0.27407527,0.42017055,0.712778
22392,-6.5773435,-0.013543193,-1.4037863,-1.1770835,-0.033101093,-0.10590015,-0.16584526,-0.62140137,0.13453932,0.41782647,0.32968554
22393,-5.372962,-0.20147307,-0.9983185,-0.42061046,-0.29391682,-0.1338495,-0.21783663,-0.00566075,-0.21103247,0.541044,0.4839414
22394,-5.6191044,-0.015178391,-0.8266712,-0.5374338,-0.11428264,-0.17593224,-0.24828376,-0.35681042,-0.1785605,0.17819455,0.30820557
22395,-8.005311,-0.19997261,-1.8606377,-0.81746346,0.3092954,0.4361694,-0.571112,-0.21039031,0.074868225,0.4468412,0.051653456
22396,-5.87802,0.23987794,-1.091135,-0.6197342,-0.27114284,0.08243886,0.13499694,-0.8484684,0.11629213,0.6311717,0.17910844
22397,-5.586784,0.27364832,-1.0548191,-0.3472837,0.050074365,-0.112524256,-0.01927026,0.097674154,-0.12778321,0.52652514,0.11592971
22398,-5.0111394,-0.4985791,-0.8254232,-0.27476543,-0.2926148,-0.22690982,-0.11617602,-0.04878185,-0.27880543,0.44570544,0.28570598
22399,-5.1791816,-0.15468241,-1.3366511,-0.83623224,0.036565207,-0.01172786,-0.27374983,-0.120500915,0.4259998,0.573467,0.2941269
22400,-5.6470547,-0.08266613,-0.8863506,-0.022237472,-0.3611599,-0.27406424,0.20816794,0.27702835,-0.5207792,0.37486896,0.22318205
22401,-4.699048,-0.095290825,-1.0882646,-0.73081315,-0.09256099,0.17032148,0.1731353,-0.12009131,0.11735554,0.40367016,0.2359209
22402,-6.438185,-0.16996814,-1.1542151,-0.62746865,0.094709374,-0.35006946,-0.07872031,-0.14400738,0.005744545,0.21057795,0.36408055
22403,-7.049316,-0.06050388,-1.0448952,-0.46253747,-0.65930444,-0.22499497,0.5940989,-0.04837659,-0.521421,0.24966644,0.5426237
22404,-5.4758625,0.022562122,-1.178081,-0.61296546,0.16381899,-0.20713991,-0.1477102,-0.20683202,0.011270914,0.18023115,0.11256874
22405,-5.2672844,-0.018231273,-0.9858664,-0.43674594,0.43327188,-0.009930277,-0.10506269,0.04478965,-0.021561945,0.24524194,0.08830251
22406,-4.9091144,-0.088397294,-1.0085385,-0.67097664,-0.1967262,0.07199134,0.10182906,0.003665423,0.08940159,0.292214,0.23213808
22407,-5.5963917,-0.064256616,-1.4780715,-0.5252213,0.0961605,0.24196762,-0.051941834,-0.19101146,-0.109019265,-0.07811127,0.030657083
22408,-6.1402082,-0.12776919,-1.0056016,-0.38920748,-0.6826441,-0.10859588,0.27497312,-0.6473046,-0.1952168,0.45797437,0.5502585
22409,-6.612622,-0.24207081,-1.5215384,-0.77990365,-0.25299686,0.28721976,0.029041488,-0.098288834,-0.123698756,0.41382313,0.8356634
22410,-7.070767,-0.5957144,-1.2766589,-0.7746623,0.42558947,0.08080261,-0.19915847,-0.043218456,0.022987764,0.64751285,0.13893242
22411,-5.6929383,-0.028939556,-1.1546584,-0.60683364,0.08903409,0.12767985,0.3089223,-0.07611513,0.07072571,0.6314673,0.39647144
22412,-5.07286,-0.09927759,-0.78395057,-0.706159,-0.44146082,-0.11001949,0.30405375,-0.09395447,-0.24195136,0.16526434,0.5148297
22413,-4.8782735,-0.024140779,-1.216585,-0.34930116,-0.093038686,0.19240424,0.1039863,-0.11453132,-0.2704623,0.29883018,0.2899315
22414,-4.312872,-0.28422838,-0.5586054,-0.40451577,-0.4159517,0.1187972,-0.04302711,-0.15349048,-0.065909766,0.4201771,0.3512373
22415,-5.9269814,-0.4911749,-1.3287773,-0.69912165,-0.22965474,-0.36724222,0.16767806,-0.433175,0.04753437,0.37747195,0.58945245
22416,-6.258022,-0.1777621,-1.5880606,-1.1839443,0.100280866,0.2637121,-0.6567571,-0.6237802,0.3464673,0.31860575,0.2986527
22417,-6.769884,-0.13511388,-1.2054441,-0.78538144,-0.0060765943,0.34035236,-0.016597591,-0.55229175,-0.13080779,0.37825838,0.5843002
22418,-6.608457,-0.124832794,-1.4100852,-0.75599504,-0.3981521,0.54931176,0.1948947,-0.2549798,-0.31705523,0.7321053,0.5751921
22419,-8.214991,-0.14129306,-1.4380826,-1.2499914,0.2566174,0.17424697,-0.31156167,-0.32490158,0.08839111,0.73188555,0.44203842
22420,-4.846524,0.10407774,-1.0090891,-0.5513422,-0.08404383,0.2291881,0.13071197,-0.13493511,-0.036928996,0.35291174,0.37122682
22421,-4.809761,-0.05416808,-0.7711225,-0.606445,0.11228731,-0.06536856,-0.1571302,-0.2321417,-0.011715971,0.21951197,0.37004173
22422,-6.542537,-0.2048835,-1.052239,-1.1631099,-0.41798994,0.39712125,0.05925344,-0.37804607,0.21182509,0.23439986,0.6968612
22423,-7.253876,-0.20181988,-1.4100393,-0.9865606,-0.8619611,0.1505291,0.3059752,-0.6216485,0.051514983,0.7454355,0.3108884
22424,-5.2925315,-0.30528677,-1.050162,-0.23045427,-0.60397714,0.05097924,0.16558824,-0.12889875,-0.31377357,0.2610478,0.5229501
22425,-6.1983886,-0.28210604,-1.3331382,-0.95083034,-0.13136794,0.26318395,-0.21605042,-0.41852796,0.33130363,0.50306386,0.5753871
22426,-5.2368927,-0.2907226,-1.1681418,-0.57587636,-0.76959056,-0.034480244,0.17703432,-0.2857563,-0.34144098,0.7065455,0.49806023
22427,-6.954296,-0.04231864,-1.0261782,-0.51515186,-0.08164334,-0.2753091,-0.31692865,-0.40773413,-0.09623479,0.3732986,0.3698913
22428,-5.1155972,-0.17216113,-0.95767635,-0.4182775,0.40401626,-0.028121695,-0.23938204,-0.12591821,0.24783382,0.410643,0.008446499
22429,-5.4382687,0.10404,-1.0848103,-0.4992028,0.28462285,-0.06531078,-0.12975845,0.017215751,-0.26838505,0.19379893,0.1530968
22430,-5.259885,-0.079259425,-1.0556241,-0.52664596,-0.43840268,0.37425458,-0.023246218,-0.031135606,-0.017627096,0.5511866,0.24679878
22431,-6.3139977,-0.016199954,-1.0908449,-0.42690966,-0.3871496,-0.5620119,0.18929467,0.21064438,-0.23512535,0.27290756,0.5428556
22432,-4.4058366,-0.12658067,-1.0057303,-0.4066952,-0.061221935,0.14596298,-0.27742475,-0.24121642,-0.04597743,0.37996554,0.21388552
22433,-3.8769913,-0.09187147,-0.58249915,-0.37525755,-0.5553945,-0.1235947,-0.056070365,-0.177287,-0.17255661,0.30924004,0.28085202
22434,-7.812633,0.18471226,-1.7880102,-0.7977429,-0.33604196,-0.19475628,-0.22574809,-0.30362582,0.096293636,0.26343614,0.33445776
22435,-5.623626,-0.17944267,-0.6941164,-0.65712875,0.18302429,-0.011648012,0.26506135,-0.029493911,0.022317637,0.20064932,0.4242887
22436,-6.366361,-0.57164013,-1.2931087,-0.3572385,0.4337931,0.5541997,-0.45651606,-0.15397184,-0.11063933,0.21807887,0.11172549
22437,-6.706661,-0.036025055,-1.4499531,-0.34168926,0.18921529,0.04406716,-0.2900822,0.38517764,-0.14487317,0.20491597,0.16713381
22438,-6.152721,-0.36566928,-1.2813244,-0.79440576,-0.11981026,0.1659677,0.28614533,-0.1176466,0.27861878,0.46187222,0.23936391
22439,-6.5167766,-0.21549845,-1.4104083,-0.5234754,-0.3038398,-0.024396941,0.1164722,0.0130691435,-0.34509054,0.73199075,0.4360428
22440,-6.216737,-0.24348174,-1.3408101,-0.71688735,-0.044172198,-0.0716772,0.07092239,-0.013650835,0.16508676,0.392594,0.4636824
22441,-5.6518197,-0.10068189,-0.8695613,-0.3047175,-0.13321611,0.11480887,-0.015934747,-0.65867174,-0.0716787,0.31511378,0.2451588
22442,-4.6432414,-0.024381902,-1.1479383,-0.5078496,0.20544793,0.061669316,-0.20780079,-0.34881026,0.18662646,0.23953177,0.02311407
22443,-4.9660635,0.0115510775,-1.0089909,-0.49994606,-0.0517693,-0.11781226,-0.24432479,-0.1733531,0.024611074,0.4158978,0.11323449
22444,-4.4537754,-0.092405416,-0.88305396,-0.3978933,0.13499527,-0.12776205,-0.29730457,0.0010005645,-0.049995147,0.3315889,-0.24327129
22445,-4.9083753,0.05263306,-1.1757854,-0.47144875,0.17570156,0.20488109,-0.1639197,-0.23422787,0.0900377,0.45157948,0.1310964
22446,-5.8357177,-0.24151458,-1.1926185,-0.6158396,-0.037758566,-0.46542114,-0.09206529,-0.12991041,-0.033827424,0.5943791,0.47824442
22447,-4.8049316,-0.37553915,-1.2712609,-0.42391947,0.25969976,0.012107141,-0.16653143,-0.14351964,0.02345359,0.34238565,-0.1351803
22448,-7.5970798,-0.046417736,-1.8620032,-0.8176314,0.079890475,0.6058435,-0.2209356,-0.31007466,0.03415075,-0.024032936,-0.010682079
22449,-5.4618406,-0.4160691,-0.91495764,-0.51069504,-0.7817874,-0.019124212,0.1316503,-0.12635997,0.038295735,0.86894685,0.6336677
22450,-7.7260895,0.011207592,-1.1540833,-0.73381644,-0.09096102,0.25483996,0.09191673,-0.59794486,-0.028479649,0.4594915,0.46356758
22451,-6.1699443,-0.29568994,-0.85612303,-0.731765,-1.0811414,-0.47073752,0.32025123,-0.09178807,-0.07414692,0.574659,0.74168223
22452,-5.7210684,-0.067930296,-1.3410804,-0.5441423,0.52640563,0.13314657,-0.31133696,0.004699559,0.061827645,0.23934306,-0.11641953
22453,-6.5555067,-0.046140086,-1.3972821,-0.7248082,0.015625788,-0.009910315,-0.19048215,-0.04129228,-0.2595906,1.0471535,0.2974976
22454,-6.382924,-0.25978196,-1.3826512,-0.970319,0.12464517,-0.34094352,-0.16174552,-0.16615193,0.22570932,0.767388,0.28606412
22455,-7.532533,-0.026885279,-1.5646738,-0.32899407,0.5435607,-0.14980479,-0.10685637,0.10730019,-0.24968211,0.13571861,0.0061543826
22456,-7.681876,-0.17426276,-1.6390554,-0.69554156,0.43495002,0.9556775,-0.31609052,-0.3413318,0.13072611,0.043947097,0.23514056
22457,-6.0104823,-0.36181146,-1.4747971,-0.7449829,0.11068617,0.1531379,-0.24063776,-0.30966756,0.194787,0.49183846,0.2590315
22458,-6.909515,-0.14150126,-1.6717993,-0.6705167,0.27439955,-0.057085745,-0.38500145,-0.20133583,-0.028458638,0.49494132,0.568501
22459,-6.522455,0.07653512,-1.3088144,-0.6120748,0.042763855,0.1389996,-0.07831501,-0.4696592,0.32823923,0.47954282,0.2317866
22460,-6.9972377,0.0597094,-1.4348661,-0.5495648,-0.18872622,0.5999262,-0.22054078,0.08929744,0.045983166,0.8337453,0.2760954
22461,-7.990386,-0.40525073,-1.9581496,-0.45569047,-0.20952815,-0.4964012,-0.0007718932,-0.12881844,-0.32962805,0.15606654,0.99044234
22462,-5.7627993,-0.47897917,-1.2248111,-0.51394695,-0.06299498,0.2005117,-0.40512255,-0.1282115,0.06942877,0.671093,0.29268068
22463,-4.9727764,-0.13828284,-0.8652727,-0.56927747,-0.089657165,-0.06383764,-0.0797294,-0.09022193,-0.14530593,0.45621935,0.38309816
22464,-5.8601184,-0.06970021,-1.0364273,-0.52907103,-0.51509446,0.30599767,-0.121164896,-0.45153147,-0.17476109,0.20601594,0.084729634
22465,-5.0823703,-0.044846546,-0.84070826,-0.5149687,-0.31645322,0.022253245,-0.2285246,-0.41803887,0.06934813,0.5109515,0.17888123
22466,-5.383445,0.03368319,-1.771291,-0.92050666,0.16097185,0.040455423,-0.38598123,-0.2874762,0.089012265,0.20788243,0.43283927
22467,-5.674638,-0.13142112,-1.7108259,-0.7116589,0.3077031,-0.15780939,-0.20756738,-0.080832444,-0.063563295,0.54910946,-0.05921781
22468,-4.7997103,-0.23991932,-0.64744484,-0.48451453,-0.18974623,-0.31529725,0.18293193,-0.28504187,0.12834118,0.26666477,0.36273417
22469,-7.8968034,-0.2965037,-1.2429905,-1.0847944,-0.5823552,0.04182099,0.5869236,-0.18970689,-0.29959315,0.33346578,1.0015239
22470,-5.2392316,-0.012720996,-1.1570836,-0.6837057,-0.3352236,0.04264329,-0.12855121,-0.12183703,-0.06315583,0.561351,0.3320473
22471,-6.405687,-0.18938003,-0.8912033,-0.5935988,0.055854846,0.20341542,-0.34614894,-0.6412834,-0.020517582,0.17115009,0.08434065
22472,-5.940741,-0.046065588,-1.2547575,-0.6536851,-0.06563587,-0.022264788,-0.025397308,-0.58050734,0.023011751,0.6423942,0.065973446
22473,-4.485311,-0.14189042,-0.8047036,-0.52601075,0.3021782,-0.10365214,0.004898433,-0.059595793,-0.16272287,0.42594442,0.21407211
22474,-4.1470904,-0.015621529,-0.78286445,-0.30046034,-0.07221595,-0.17993027,-0.089897685,0.02634257,-0.16589868,0.24790049,0.21202242
22475,-5.751483,-0.32487887,-1.1307744,-0.43092513,-0.91818255,-0.1805943,0.5992238,-0.114845574,-0.25100878,0.24229197,0.70018965
22476,-5.973204,-0.031133298,-1.2988073,-0.68565035,-0.47205463,-0.17763385,0.07795293,0.024151562,0.17981608,0.3858847,0.58610576
22477,-6.672335,-0.39017817,-1.0094033,-0.8060831,0.12334164,-0.29953015,-0.081420586,-0.39735362,0.06685978,0.22873415,0.8536727
22478,-6.7480907,-0.29805422,-1.5594343,-0.27440417,-0.13099831,0.3122605,-0.103226654,-0.49415764,-0.04711412,-0.07344109,0.60705215
22479,-6.9168935,-0.022329219,-1.1585612,-0.42064053,-0.1826136,0.21443681,0.072723866,-0.33083504,-0.38474303,0.322827,0.24197596
22480,-7.9655895,-0.3202974,-1.1933506,-1.1999344,-0.86859685,-0.2556696,0.250639,-0.17568283,-0.26701516,0.61988634,1.0746182
22481,-5.383117,-0.23825255,-1.2091604,-0.84989655,-0.00021422515,0.087059,-0.20157577,-0.22154176,0.116805784,1.0062648,0.051308874
22482,-4.4314046,-0.1044208,-1.1347901,-0.4067459,0.018393662,0.19146022,0.16991936,-0.2953373,-0.033421174,0.39076293,0.3107259
22483,-6.3090487,-0.25788695,-1.4160041,-0.8558472,0.24453372,0.11472572,-0.14045748,-0.33386385,0.5801348,0.9875348,0.35086778
22484,-5.7385716,0.053634863,-1.146306,-0.39369503,-0.24256296,0.042705085,0.1258247,-0.2432588,0.0048232544,0.36307746,0.18735136
22485,-6.293243,-0.12183148,-0.85911673,-0.42711043,-0.30612156,-0.30441916,0.16664374,-0.16232798,-0.3678311,0.6521355,0.24549133
22486,-7.1283026,-0.5161097,-1.2498735,-0.9643237,-0.2514339,-0.3899914,0.23878092,-0.046476908,0.13171665,0.5576541,0.4603749
22487,-4.7440596,-0.05192466,-0.9845602,-0.73622996,0.042989317,-0.13466483,-0.04394891,0.055071674,0.280469,0.48055762,0.2708794
22488,-5.785555,-0.08666001,-1.0736917,-0.36415124,0.2629088,-0.081392854,-0.044401072,0.12187551,-0.05871746,0.14051734,0.11517896
22489,-5.708879,-0.097425066,-1.0036575,-0.77924734,0.041338984,-0.036491897,-0.29221582,-0.6718725,0.13603063,0.2937234,0.3455649
22490,-5.882979,-0.18982449,-1.5159055,-0.5866828,-0.57549906,-0.100231364,-0.14100668,0.0803463,-0.06329864,0.6302041,0.37580845
22491,-5.0930305,-0.024970494,-0.85553813,-0.42565212,8.762209e-05,-0.095025055,-0.30212814,-0.22228943,-0.23796295,0.4379844,-0.023103014
22492,-4.5376267,-0.18916987,-1.2504302,-0.47887415,-0.58511007,0.04598826,-0.049743943,0.026765795,-0.04189577,0.36060244,0.38747078
22493,-6.070102,-0.20375046,-0.9031908,-0.15776479,-0.21624821,0.42679566,-0.24576025,-0.6609635,-0.22931904,0.15204372,0.16493756
22494,-6.0801845,-0.112005614,-1.2730421,-0.81626254,-0.26505435,0.21405035,-0.115841575,-0.25283256,0.18925154,0.8086269,0.39836022
22495,-6.0228143,0.04131439,-1.5880862,-0.94775426,-0.21700959,-0.16348381,0.049588703,-0.3743712,-0.22575653,0.6009449,0.38378143
22496,-7.8802915,-0.44718742,-1.6300192,-0.3242191,-0.5306148,0.60271436,0.5268042,-0.23451445,-0.3210196,0.4885736,0.9317732
22497,-5.840641,-0.034376778,-1.2205719,-0.8618373,0.14718771,-0.09750388,-0.09983547,-0.41943845,0.30646452,0.5436986,0.107305475
22498,-7.131102,0.21939307,-1.5817477,-0.7340543,-0.33452153,-0.4214095,-0.27249014,-0.21561058,-0.30189323,0.21699925,0.3284246
22499,-5.752505,-0.30594373,-0.7741061,-0.78292334,-0.1291553,0.066115305,0.23946393,-0.1340732,-0.19413118,0.46528974,0.4225354
22500,-4.3692336,0.004957783,-1.3030869,-0.72199196,-0.1527388,0.13191961,-0.0109781725,-0.10682765,-0.077716686,0.58107835,0.36044103
22501,-5.6616535,-0.25388154,-1.2772524,-0.86362743,0.028684933,-0.24605297,-0.15788832,-0.30363128,-0.07468553,0.37850878,0.29485354
22502,-4.5558376,-0.1978937,-1.0174567,-0.748214,0.12083739,0.14790714,-0.2476225,-0.21903118,0.06175395,0.66609955,0.1998197
22503,-6.1970053,-0.015714634,-0.8531859,-0.8062083,-0.459926,-0.14655633,0.04756952,-0.57207185,-0.039537787,0.15860365,0.65957516
22504,-6.134362,-0.23311915,-0.874288,-0.5614146,0.0042450204,0.041855443,-0.2822663,-0.24197519,-0.2536689,0.04916647,-0.04203784
22505,-5.07611,-0.1411746,-1.2445419,-0.60178804,0.3455874,-0.33283234,-0.23474804,-0.15527274,0.055177994,0.13868524,0.38243294
22506,-7.160741,-0.18819736,-1.4971598,-1.2572128,-0.2364087,0.26565856,0.18684256,-0.3360121,0.08163061,0.6265906,0.38080207
22507,-5.1684227,-0.02022224,-1.1270071,-0.60119927,0.0042813662,0.1607871,0.0073179584,-0.5208842,0.13985164,0.16452628,0.34910387
22508,-5.5450644,-0.24224909,-1.2336226,-0.9842544,-0.23462078,-0.11008012,0.06102548,-0.47616524,0.30500618,0.22289973,0.520111
22509,-6.0062766,0.23076312,-1.4215789,-0.6632863,0.12750567,0.0740854,-0.024917696,-0.04575467,-0.07446879,0.3032836,0.2882725
22510,-5.697717,-0.23957786,-1.1177598,-0.5710692,-0.31293806,-0.06790364,0.33487082,0.23102662,-0.2885528,0.51830786,0.57696176
22511,-4.654472,0.22333628,-0.80851996,-0.46958867,-0.03691867,-0.16014071,0.12133683,-0.11745202,-0.15921016,0.1157689,0.42348608
22512,-3.9649642,-0.07632068,-0.64868677,-0.35791245,-0.16009638,-0.07292411,0.2521101,0.009051683,-0.018763216,0.25409892,0.35870177
22513,-6.2176523,-0.19266692,-1.250445,-0.53050673,0.3012725,0.64341754,-0.12718287,-0.22087488,0.03599058,0.46881098,0.31245112
22514,-5.7050443,-0.26350123,-1.1866772,-0.6188777,-0.6857215,0.2729143,0.29559207,-0.16521098,-0.23833932,0.49312454,0.543442
22515,-5.5913086,-0.051841404,-1.1417311,-0.6399552,0.22523518,0.06942848,-0.32485956,-0.07332758,0.06915654,0.9734942,-0.11789844
22516,-5.073911,-0.08932739,-0.86784565,-0.7245143,-0.26651984,0.4202991,-0.005642577,-0.5636063,-0.05707769,0.35327643,0.31668705
22517,-5.9950876,-0.19263184,-0.87091374,-0.10963352,0.12509622,-0.022560189,-0.12126032,-0.32281002,-0.17724113,0.27994406,0.296166
22518,-6.7504473,-0.46460247,-1.1081433,-0.5694915,-0.26385352,0.05663405,-0.18506406,-0.113914885,-0.51775616,0.092012376,0.44984278
22519,-5.332248,-0.2120367,-0.8435803,-0.7488369,-0.020140255,0.35561776,0.32272762,-0.59461737,-0.29868376,0.26180372,0.42848146
22520,-5.9966273,-0.19430807,-0.9283069,-0.841144,-0.48928803,0.100546926,-0.009456019,-0.74761957,-0.016394721,0.42027456,0.6490763
22521,-5.2143335,-0.2500722,-0.65850186,-0.3393227,-0.120817386,0.2784022,-0.2526064,-0.34706447,-0.22829784,0.18867466,0.16494723
22522,-6.064021,-0.18067665,-1.15249,-0.7947957,-0.27800384,0.2733323,0.1145418,-0.04383477,0.1204945,0.41568998,0.6976814
22523,-4.9744024,-0.18278964,-0.5799188,-0.6016479,-0.01258838,0.14244202,-0.31640908,-0.22369663,-0.005934054,0.41989774,0.19315006
22524,-6.3020763,-0.01519232,-1.3867129,-0.6733327,0.12594146,0.38988274,-0.15664002,-0.30060685,-0.033049732,0.18560413,0.33601713
22525,-6.1481814,-0.42872334,-1.3583885,-0.7174407,-0.25535035,0.11504375,-0.18463498,-0.30021057,-0.114290416,0.65497357,0.3671033
22526,-5.1804214,-0.34989613,-0.8690399,-0.32799092,-0.17258564,-0.25661933,0.0031798664,-0.048125878,-0.18751174,0.53078526,0.25453517
22527,-4.963066,-0.23750229,-0.59521264,-0.39443374,-0.14213118,-0.21289845,-0.10695368,-0.088641904,-0.22410774,0.468604,0.57574457
22528,-4.2404275,-0.19248809,-0.96283406,-0.41174364,0.0010247771,-0.13392858,0.34412456,-0.1648563,-0.03641273,0.30560285,0.32629824
22529,-5.306177,-0.40835845,-1.2111287,-0.3120953,-0.12555784,0.14459889,0.14535409,-0.33803365,-0.2852202,0.44232464,0.43329227
22530,-5.457775,-0.21500237,-1.1857203,-0.8849371,-0.590522,0.1438711,0.5162438,-0.09878238,0.074698,0.4224364,0.5359985
22531,-4.796031,0.030292742,-0.7207081,-0.38446173,0.0067088734,0.25786364,0.0077142282,-0.31940356,-0.106541716,0.27879536,0.12195228
22532,-7.022728,-0.35381404,-1.5548478,-1.0086151,-0.1406137,0.36017537,0.04063191,-0.490783,0.23733397,0.7807467,0.18832421
22533,-6.0864034,-0.21252333,-1.0899897,-0.36583266,0.15160602,-0.25338447,-0.27904102,-0.23819089,-0.33542028,0.22997762,0.056390457
22534,-4.2553215,-0.009653785,-1.0741284,-0.253409,-0.28850758,-0.2354941,0.2830731,0.17386508,-0.27040598,0.23817965,0.4634914
22535,-4.7272477,-0.3405477,-0.61058784,-0.4739474,-0.21516779,0.26244503,-0.29813728,-0.3306261,-0.15920268,0.31396383,0.045125317
22536,-5.3914537,0.0037229913,-0.9895931,-0.73779297,-0.2422387,0.12629202,-0.2297078,-0.30888495,-0.17275721,0.22952057,0.09390083
22537,-5.3621645,-0.0515865,-1.0004048,-0.70923203,-0.04128397,0.33660722,-0.1435895,-0.20965233,0.22669233,0.8456533,0.013890561
22538,-5.105318,-0.1043599,-1.010939,-0.57251793,0.17795806,0.13140327,-0.27556467,-0.2673164,0.13355319,0.40972716,-0.019550133
22539,-9.433451,0.17286567,-1.6669319,-1.1049556,-0.40568915,-0.35157204,-0.071708724,0.10236511,-0.19409826,0.20892352,0.68259805
22540,-5.186314,-0.46922147,-1.1608131,-0.53243005,-0.04290003,0.12448892,-0.22934508,-0.19593693,-0.24245204,0.43377697,0.017147338
22541,-5.0012197,-0.22113393,-1.0565678,-0.7860849,-0.2817778,0.52846175,0.10057142,-0.55567235,0.13022722,0.5153479,0.40239292
22542,-5.569969,-0.10478932,-0.95185924,-0.48857614,0.30514336,-0.09195363,-0.11875669,-0.1635309,-0.15935759,0.24829401,-0.019102141
22543,-5.5252533,-0.16999726,-1.5203366,-0.8138289,-0.058299974,0.23536053,-0.41049474,-0.4680845,0.47117183,0.73379815,0.46332842
22544,-5.77587,-0.32676196,-1.3183085,-0.8931322,-0.08114794,-0.3851484,0.03295133,0.020501677,-0.1667469,0.39669687,-0.08215903
22545,-4.3117566,0.021974731,-0.9903407,-0.61400574,0.153083,0.15259336,-0.009043922,-0.4348234,0.08608745,-0.008085608,0.32099062
22546,-6.042272,-0.28685945,-0.91129166,-1.1337928,-0.10702463,-0.17554484,-0.41418117,-0.49122134,0.09121763,0.70839757,-0.105450094
22547,-4.998263,0.018545229,-1.1425999,-0.40508738,-0.04433065,0.04862303,0.4643258,-0.14622124,-0.20530078,0.43804246,0.3447529
22548,-3.7473183,-0.1294996,-0.55437016,-0.3183607,0.032133974,-0.08924217,-0.032169998,-0.16070586,0.061404206,0.32846287,0.1947671
22549,-6.447066,-0.21250384,-1.5997784,-0.4155105,-0.040930916,0.15410084,-0.28061667,0.18676224,-0.49782473,0.7034123,0.63444084
22550,-5.313876,-0.3858278,-0.9296812,-0.8996612,-0.07051621,0.18592472,-0.095591605,-0.22528246,0.19446154,0.6470018,0.11405061
22551,-5.093298,-0.23857644,-0.9486165,-0.467884,-0.3735028,0.18408011,-0.04708371,-0.22941709,0.017191986,0.44892076,0.43659475
22552,-4.066195,-0.16288944,-1.1146567,-0.6892467,-0.24066883,0.25456575,-0.07299619,-0.48026162,0.20372574,0.37834883,0.33147255
22553,-6.7796416,-0.43147132,-1.7388394,-0.99983716,0.31653312,0.14817365,-0.3582684,-0.3492754,0.49197638,0.6283176,-0.09243217
22554,-4.6635466,0.06646996,-0.93010753,-0.50456077,-0.31918728,-0.20608525,-0.046024084,-0.3962585,-0.037049837,0.21085134,0.6690063
22555,-5.4373584,-0.32888353,-1.1225992,-0.6401497,-0.088248685,0.055656984,0.030268215,-0.09761685,-0.10486777,0.40356794,0.1503767
22556,-5.4223237,-0.34395924,-1.6303308,-1.0312817,0.14873151,-0.16194266,-0.42484465,-0.18459976,0.20748238,0.37528104,0.002279492
22557,-4.8683596,-0.24942107,-1.0328971,-0.722031,0.28306362,0.09831276,-0.15447779,0.052083433,0.37431338,0.6342481,-0.09138605
22558,-4.5730505,0.128476,-0.9020879,-0.52376306,-0.08408108,0.13085848,0.07392471,-0.085912086,-0.16954973,0.29199824,0.295795
22559,-5.7733717,-0.12347847,-1.1510649,-0.5752192,-0.77401,0.016163312,0.015666878,-0.05670061,0.023782419,0.65989184,0.50059956
22560,-4.995854,-0.1490321,-1.0683546,-0.6741024,0.36684123,-0.38943338,-0.111907646,-0.15040107,0.06636055,0.07818526,0.006026083
22561,-8.020761,-0.071097225,-1.741254,0.004113083,0.64270884,0.09493099,-0.3069678,-0.020748528,-0.24793114,0.40670913,0.12550794
22562,-5.643133,0.05119487,-0.9312015,-0.3014404,-0.2803974,-0.054127116,0.20531797,-0.072162755,-0.40097758,0.17014359,0.6238943
22563,-7.1543894,-0.01778642,-1.4110949,-0.7051281,-0.3989182,0.54130775,-0.21597886,-0.8006398,-0.009285793,0.44953495,0.33328187
22564,-6.580873,-0.46965626,-1.0501931,-0.7339166,-0.33604914,-0.1695491,-0.083527915,-0.34780377,-0.0025446042,0.32397884,0.22812864
22565,-6.9729447,-0.17835031,-1.2894369,-0.5985333,-0.7523192,-0.24426238,0.4859769,0.11202844,-0.31096572,0.7566706,0.93354803
22566,-4.4796886,-0.11198249,-0.8053463,-0.512616,-0.34834635,0.09909632,0.24695018,-0.14505535,-0.109280854,0.3108324,0.16661766
22567,-5.3075438,-0.08816881,-0.8655809,-0.28588274,0.13805035,-0.031079806,-0.017155021,0.04571411,-0.17207474,0.26336178,0.13253126
22568,-6.160491,-0.078902714,-1.1729783,-0.34011683,-0.390325,-0.46120018,0.21259934,-0.20020804,-0.2587727,0.1422216,0.41323656
22569,-5.437893,-0.07979345,-1.1245161,-0.3024731,-0.009091532,-0.39525825,0.34614897,0.08368926,-0.1490164,0.32965606,0.19581032
22570,-4.9847894,-0.3289714,-0.94885343,-0.5133819,-0.16987239,-0.02407312,0.19901198,-0.19509165,-0.081066474,0.44850823,0.3669419
22571,-5.4865427,-0.09895543,-1.0524249,-0.58968186,-0.31996515,-0.3416928,-0.1006418,0.18854132,-0.26102376,0.22085434,0.39240184
22572,-5.4021893,-0.29337814,-1.0327867,-0.71896344,-0.072071366,0.034385525,-0.06352851,-0.39908662,-0.13750078,0.21676639,0.10283988
22573,-5.58459,-0.047215987,-0.9724439,-0.74525213,-0.35605127,0.032994483,-0.29785666,-0.16243444,0.00525776,0.21231243,0.20796183
22574,-4.7813497,-0.052819382,-1.5090392,-0.80955297,0.11146888,0.24890889,-0.21206857,-0.18163383,-0.064916,0.4287881,0.31394315
22575,-6.615666,-0.23343912,-1.3762804,-0.7206709,0.3082556,0.2096545,-0.18114614,-0.49252966,-0.10703996,0.07167811,0.24504343
22576,-5.2971635,-0.27382502,-1.1489754,-0.66046894,-0.05337205,-0.08940551,0.10794339,-0.22457021,-0.15746987,0.44439343,0.12113315
22577,-5.167917,-0.18594567,-0.87014264,-0.7330982,-0.053500168,0.251929,-0.2684427,-0.29695985,-0.037306637,0.30577102,0.28525224
22578,-6.1792326,-0.22222754,-0.8724484,-0.75774634,0.25568366,-0.3789884,-0.454224,-0.12090566,-0.32831383,0.25221553,-0.027481295
22579,-5.5307665,-0.206518,-1.0347967,-0.50914526,0.27878264,0.20410666,-0.10467134,-0.35002035,0.22563814,0.81612015,0.029158909
22580,-4.4146113,-0.3033482,-0.98611057,-0.40074193,-0.023062157,-0.033134185,0.0010021143,0.013917284,-0.18582946,0.41326764,0.2131233
22581,-4.1065264,-0.1095028,-1.065879,-0.6295329,-0.47822723,0.1663396,0.28395954,0.0066608554,-0.024414377,0.58262706,0.39433005
22582,-5.468713,0.10100987,-1.5016644,-0.2798099,0.41013917,0.43000746,0.04531597,0.089708574,0.02420559,0.098656915,0.08087135
22583,-6.108241,0.06458582,-1.0142286,-0.5143259,-0.48420987,-0.19239129,0.27905267,-0.12110143,-0.22079504,0.22026263,0.6598462
22584,-8.3327875,0.11559768,-1.3380685,-0.6677541,0.020773478,-0.08765029,-0.19411209,0.03154579,-0.19219227,0.758569,0.35373616
22585,-5.255357,-0.08835726,-0.80975544,-0.8529805,-0.7107679,0.015048141,-0.13955969,-0.35803717,-0.06627259,0.1413892,0.6765631
22586,-5.42867,-0.14953665,-1.0876224,-0.5923179,-0.11489188,0.27083218,-0.06649196,-0.22236912,0.0038587945,0.5891604,0.30691466
22587,-5.230495,-0.13576199,-0.9433238,-0.41457164,-0.016066939,-0.13418147,-0.13004825,-0.02341267,-0.07269723,0.102404706,0.46951142
22588,-5.6735797,-0.13529263,-0.89763564,-0.6246254,-0.16223273,0.36422545,-0.059525482,-0.48611304,-0.07638887,0.47533658,0.33561984
22589,-4.9476867,-0.36781964,-0.8242826,-0.7343044,-0.42804715,0.40462548,-0.027578522,-0.5876428,0.22360225,0.68421173,0.33513156
22590,-5.8243556,-0.05872378,-1.4497613,-0.45298085,0.20236237,0.114841305,-0.2567082,0.037004482,0.13256834,0.26317263,0.25245824
22591,-5.138541,-0.061038252,-1.0592433,-0.38062367,0.5417217,-0.15002747,-0.47944063,0.25241667,-0.2533935,0.18770647,-0.12176495
22592,-5.9561014,-0.0012739031,-1.6283084,-0.9150014,-0.11368655,0.04499025,0.11225353,-0.24612075,-0.24989636,0.1996868,0.29269043
22593,-4.98441,-0.017244142,-1.1702989,-0.34725207,0.3003343,-0.26985407,-0.10087184,0.12185528,-0.11892077,0.1033321,-0.071888536
22594,-6.531384,-0.23842,-1.0875908,-0.75216883,-0.39844143,-0.08072285,0.17707703,-0.55770034,-0.6042741,0.30911195,0.41681483
22595,-4.900914,-0.0373429,-0.8844138,-0.17802757,-0.22223254,0.27903563,0.20920753,-0.35356838,-0.31210813,0.39185506,0.19997366
22596,-5.133276,-0.26592806,-0.88451046,-0.38973063,-0.28113273,0.083479986,-0.04765811,-0.21138594,-0.042812012,0.42049423,0.15936151
22597,-8.195807,0.15679425,-1.5599979,-0.95569193,-0.2471771,-0.019071914,-0.18912435,-0.21918458,-0.4480141,0.67278904,0.15208024
22598,-5.7864685,-0.009768353,-1.1811739,-0.62126243,0.072736174,0.2914766,-0.15801933,0.0030496195,0.33084482,0.63829273,0.0016927402
22599,-5.0100937,-0.089268364,-1.1755062,-0.3651598,-0.31558046,0.10409577,0.17616278,-0.21963462,-0.011407798,0.2810001,0.11309743
22600,-6.0822396,-0.08275868,-1.4989449,-0.80549425,0.3642478,-0.14406343,-0.20487079,-0.26037472,-0.018804142,0.22040465,0.038125914
22601,-6.15348,0.029040404,-1.3293624,-0.6092628,-0.47150338,0.44306773,-0.06680678,-0.490598,0.15175042,0.44076383,0.5867186
22602,-4.7797523,-0.17240849,-1.2718186,-0.5222081,-0.21823987,0.3018427,0.19438156,-0.33616957,-0.11853488,0.7932684,0.31784138
22603,-6.6022935,-0.26992044,-0.96336216,-0.68577766,-0.53269005,-0.15462668,0.39585727,-0.06693299,-0.18238372,0.44870487,0.5199682
22604,-6.0345125,-0.26791623,-0.89742637,-0.41941848,-0.31822634,-0.3571717,0.0064291847,0.047893457,-0.38601843,0.46986672,0.4861882
22605,-5.8984313,-0.2964978,-1.2909793,-0.2049866,-0.12450854,0.07919144,0.004226597,0.087687284,-0.13625595,0.808448,0.39818203
22606,-6.1797566,-0.18358155,-1.4870646,-0.64333165,0.097616725,-0.14800876,-0.19101657,-0.09186775,0.051112078,0.24830388,0.23795602
22607,-4.319093,-0.26370713,-1.2941405,-0.4423499,-0.09211937,-0.16524848,-0.008019757,0.069834515,-0.23030831,0.42405972,0.13407294
22608,-7.972533,-0.5929034,-1.4485103,-0.94751066,0.30450514,-0.29282242,0.07494726,-0.33697283,-0.12106158,0.9434506,0.6076276
22609,-6.653949,-0.38221276,-1.3811804,-0.33575916,-0.17583491,0.3971172,0.31306756,-0.37986046,0.08617748,0.61029834,0.58215225
22610,-4.969394,0.042484634,-0.7746248,-0.46454668,-0.1493012,-0.06455601,0.09230566,-0.08756754,-0.18593948,0.2967414,0.079107575
22611,-7.158711,0.010763984,-1.8448203,-0.7134832,-0.22192019,0.42661476,0.48864287,-0.25891683,-0.093804576,0.55930674,0.67657226
22612,-5.9607167,-0.32198495,-0.8484899,-0.6232078,0.10395187,0.010346834,-0.37816644,-0.08519413,-0.16420114,0.24905318,0.25144047
22613,-5.8309436,-0.21462084,-1.1232135,-0.47778147,0.10055806,-0.47000396,0.10920217,0.12040562,-0.14392297,0.23932946,0.13815705
22614,-6.35766,-0.25898758,-1.4491465,-0.945173,-0.2909779,-0.25671035,0.1869905,-0.57358575,0.077073924,0.6563581,0.29900518
22615,-7.1491666,-0.16595307,-1.0667441,-0.8985199,-0.5570366,-0.016701194,0.320463,-0.86660606,0.11532329,0.32624623,0.73873174
22616,-6.661556,-0.14169303,-1.0051094,-0.3011032,-0.26210403,0.012804836,0.2401141,0.011101298,-0.47422156,0.1338942,0.5989094
22617,-7.3660913,-0.5374531,-1.1649666,-0.98004526,-0.07229464,-0.16216245,0.12800527,-0.015116183,-0.123690784,1.1844015,0.8249435
22618,-6.0444613,-0.2939395,-1.1788728,-0.71918434,-0.060687684,0.31751174,0.016131364,-0.2592973,0.25128055,0.74123454,0.5057667
22619,-5.347695,-0.1064688,-1.1716446,-0.45059153,-0.09149144,-0.3184188,0.0047078687,0.029688701,-0.2674957,0.24812831,0.380164
22620,-6.824542,-0.3347984,-1.3775258,-0.7938431,-0.09947233,-0.0695743,-0.1229868,-0.14122392,-0.47297186,0.87966067,0.3721271
22621,-4.142986,-0.06465433,-0.9379296,-0.6379576,-0.17626807,-0.20862924,-0.13474219,-0.10861785,-0.08884019,0.5942665,0.14193809
22622,-5.7572536,0.116339445,-0.9977998,-0.49993706,-0.1735142,-0.13075645,0.0928829,0.45241785,-0.2116046,0.4777716,-0.0008070152
22623,-3.4312494,0.030814946,-1.1403556,-0.46979854,-0.05355186,0.20334189,0.02399987,-0.09609092,-0.059506543,0.20799693,0.17617339
22624,-4.6908436,0.017910492,-1.26835,-0.58834106,0.12737598,0.0359702,0.009502796,-0.26399386,-0.092089474,0.1325004,0.24569002
22625,-5.005384,-0.17834204,-1.356555,-0.65141374,-0.26688927,-0.123998776,0.066407196,0.086654894,-0.116778836,0.53907126,0.46142557
22626,-7.5601206,0.016892878,-1.3709437,-0.87688494,0.10317258,-0.010225102,0.062137514,-0.53674334,-0.42246062,0.09696966,0.15074338
22627,-5.4975166,0.025509756,-1.0232979,-0.841548,0.11281126,-0.1567142,0.100737154,-0.19891207,0.17019758,0.7410472,0.24498537
22628,-5.581153,0.13046713,-0.9278997,-0.09618762,0.0313063,0.16315001,-0.04642809,-0.34526774,-0.41058978,0.23054798,0.29782218
22629,-7.2958827,-0.37118623,-1.6516206,-0.7625392,0.7221867,-0.33196992,-0.18566398,-0.16932063,0.35217872,0.4116593,-0.009168255
22630,-5.7694016,-0.31727827,-1.1852643,-0.75419444,0.20168045,0.08235464,-0.0043520946,-0.12712139,0.121527165,0.7031715,0.1092575
22631,-6.6064386,-0.19846931,-1.4765313,-0.8069084,0.25609788,0.19705597,0.04178898,-0.11457574,0.15986207,0.5995977,0.35547572
22632,-6.0498834,-0.40540758,-1.5299629,-0.57188106,0.11524847,-0.10071731,-0.33808464,0.016640019,-0.07844385,0.63743734,0.016519358
22633,-5.1716127,-0.17245449,-0.9861766,-0.5182425,-0.26318988,0.050400794,0.106025375,-0.34773746,-0.1481906,0.3228559,0.16369742
22634,-7.717237,-0.17429553,-1.6524594,-0.2822173,0.29075494,-0.07014958,-0.12515387,-0.2943991,-0.33446455,-0.35748744,0.115504906
22635,-4.4080696,-0.2639028,-0.9044325,-0.22114758,-0.0027912534,0.4866488,0.034450218,-0.09656073,0.07691055,0.6332953,0.108354546
22636,-4.2685447,-0.09675692,-0.5875705,-0.39093488,-0.0907236,-0.00410953,0.15412313,-0.06511231,-0.018032344,0.3268156,0.18289149
22637,-4.9079623,-0.19184515,-1.2082906,-0.6600826,-0.5067581,-0.03349956,0.15310414,-0.17565906,-0.036409266,0.30991635,0.7933774
22638,-5.81467,-0.26368177,-1.0405271,-0.46851796,0.09160185,0.23209848,-0.11096459,-0.40729722,-0.07348944,0.28919318,0.10118234
22639,-4.668757,-0.031189132,-0.75229746,-0.51742685,-0.15804394,0.22976576,0.04354373,-0.1145174,-0.087125294,0.30880713,0.2279625
22640,-6.808958,-0.07083818,-1.1262758,-0.62866634,-0.43314427,0.12703528,0.24378535,-0.24669713,-0.36618468,0.37008822,0.519491
22641,-5.9092245,-0.087497525,-1.1530598,-0.90885526,-0.03208027,-0.17916329,-0.3366912,-0.20130207,-0.1805981,0.3838584,-0.1703677
22642,-5.2678485,-0.03451435,-1.0594965,-0.81300145,-0.017028827,0.12452949,0.06927054,-0.20634998,-0.07334387,0.33409974,0.13903145
22643,-6.0440707,-0.3731954,-1.2659627,-0.36782277,-0.18333045,-0.0049843313,-0.06164439,-0.057032548,-0.36866182,0.34469354,0.24820967
22644,-5.5686355,0.019343743,-0.98536664,-0.20376876,0.1495133,-0.21520515,0.05058401,0.21390012,-0.61226106,0.26910266,-0.08477485
22645,-6.8993835,-0.12787257,-1.4680327,-0.58252364,0.39732093,0.29730523,-0.102133036,-0.34050462,-0.15295392,0.46052715,0.2218852
22646,-4.345185,-0.040649895,-0.7176054,-0.7582938,-0.09183756,0.13834158,0.13771078,-0.59506154,0.123116136,0.30359057,0.3054051
22647,-5.3319473,0.11033403,-0.6926385,-0.6495284,-0.072724685,-0.17842671,-0.10744567,0.10728833,-0.1769537,0.40806973,0.38194183
22648,-5.1687036,-0.14597636,-0.95779985,-0.47844222,-0.14268912,-0.27592826,-0.08518386,0.09718593,-0.10938898,0.6594978,0.4433291
22649,-6.98631,-0.43961707,-1.3000754,-0.59674776,-0.48261255,0.28041375,0.08076727,-0.072061904,-0.31028968,0.48472688,0.42847162
22650,-6.4367843,-0.25788394,-1.4681686,-0.52261883,0.16620363,-0.0661456,0.050915662,0.29046074,0.11285046,0.57564694,0.36873645
22651,-5.047944,-0.11029141,-0.7143142,-0.61240494,-0.522356,-0.14336303,0.074291624,-0.24669218,-0.13243048,0.5124806,0.079607055
22652,-5.152368,-0.28518695,-1.0725449,-0.5234224,0.002641006,-0.23286237,0.02067839,-0.2468585,-0.019138513,0.45065594,0.39774317
22653,-4.714954,-0.13098927,-0.88127977,-0.64433974,-0.046264138,-0.10375618,-0.009643887,-0.24682578,-0.0054108165,0.29666486,0.31728122
22654,-6.139537,-0.12231007,-0.8735024,-0.43493614,-0.26090342,-0.38626337,0.00014806725,-0.29716444,-0.4644528,0.17234038,0.18267317
22655,-6.177824,-0.039796643,-0.71844405,-0.045397356,0.08724756,-0.4409883,-0.34043372,-0.28473964,-0.5052679,0.2408782,0.42146632
22656,-8.385595,-0.21626586,-1.0927134,-0.5223686,-0.8014393,-0.057449058,0.32000014,-0.17621398,-0.5061863,0.4732435,0.47767508
22657,-5.043357,0.071080774,-0.98056024,-0.81032383,-0.08773664,-0.11250092,0.026543342,0.11255013,-0.036671214,0.17832807,0.47512075
22658,-6.377265,-0.47565505,-0.937545,-0.7501274,-0.2925952,0.603669,0.3570003,-0.3841713,0.06809524,1.1171651,0.44577965
22659,-5.883477,-0.31687617,-1.1876274,-0.7584447,-0.69781274,0.047031276,0.20194933,-0.18621512,0.140879,0.48064965,0.5340068
22660,-5.626501,-0.18420644,-1.2598825,-0.8698968,-0.2779242,-0.07393001,0.30194998,-0.10430156,0.099829644,0.79177344,0.23493081
22661,-6.187179,-0.11410152,-1.0487026,-0.7546535,0.22365202,0.42392898,-0.19623819,-0.5338618,0.211274,1.0261809,0.14302702
22662,-6.2862678,0.1599655,-1.6269456,-0.39181238,0.113196686,-0.11585683,-0.41304922,-0.299088,-0.32362336,0.5671711,0.19333605
22663,-7.3627725,0.17547983,-1.1877499,-0.5840924,-0.28348768,0.21778822,0.31557894,0.2112349,-0.35464004,0.45542616,0.68176913
22664,-5.7565174,-0.18156527,-1.3366636,-0.43715686,-0.1664979,-0.2488461,0.030625723,-0.17967945,-0.230748,0.53241944,0.015427126
22665,-4.5887036,-0.15701275,-0.89853543,-0.4201734,-0.2173059,-0.102940135,0.11820382,0.23833299,-0.08115448,0.63245034,0.34042585
22666,-5.9126954,-0.2967851,-1.0343105,-0.6675188,-0.3446626,-0.06425788,0.061797682,-0.12863748,0.22793968,0.5947608,0.42043594
22667,-6.064849,-0.43477738,-1.2640717,-0.5411813,0.21110207,-0.18930969,-0.08957306,-0.19206342,-0.07933248,0.5783623,0.16746326
22668,-4.7219353,0.030415583,-1.0062685,-0.8472091,-0.15812019,0.026557859,0.20386626,-0.05484081,-0.073372126,0.5522488,0.31148922
22669,-5.5079093,0.081880726,-1.1352085,-0.63032067,0.07484647,0.17514348,-0.26862118,0.13901158,-0.120389804,0.19701047,0.42496592
22670,-6.755026,-0.19629203,-1.4659169,-1.0149194,0.37954947,0.31859195,-0.26288578,-0.2416828,0.37749773,0.632918,0.26462755
22671,-6.7731276,0.09451956,-0.9618861,-0.88420177,-0.5508511,-0.28427678,0.062190022,-0.17661835,-0.27809963,0.5861265,0.28664628
22672,-6.544542,-0.16050912,-1.1920235,-0.78710365,0.13134275,-0.0015171925,-0.030807797,-0.42660612,-0.011160012,0.32457393,0.23454152
22673,-6.044251,-0.19689995,-1.3564857,-0.5476397,-0.497047,0.29052716,-0.16116825,-0.5181972,0.049099527,0.47244582,0.5071881
22674,-4.9545536,-0.16059376,-0.92745286,-0.7418121,-0.06856024,0.45647722,-0.19090976,-0.56152743,0.11701627,0.12837987,0.26188323
22675,-6.5884423,-0.14297931,-1.9687499,-1.0366641,-0.41104645,0.21420585,0.002379585,-0.33990085,-0.002588829,0.5245677,0.62630594
22676,-4.6558924,-0.096324824,-1.1889466,-0.40557024,-0.13385814,0.19299144,-0.12582108,-0.12895982,0.017115591,0.26886433,0.45484063
22677,-7.0025067,-0.15908307,-1.1215384,-0.89827716,0.13216001,-0.21062995,-0.17024133,0.25019008,-0.104674295,0.6722557,0.46015465
22678,-4.852465,-0.15489662,-0.825695,-0.6076239,-0.07236808,-0.22126047,-0.28411943,-0.03575165,0.023217041,0.22944288,0.27144018
22679,-5.3800993,-0.10788971,-1.060792,-0.7434813,-0.056001883,-0.084382705,-0.1028387,-0.4070756,0.1619052,0.5668618,0.5603277
22680,-6.595152,-0.04781356,-1.5410339,-0.7241887,-0.38391256,0.21841928,-0.0900048,-0.488619,0.15202507,0.13429302,0.24592587
22681,-8.275081,-0.40646833,-1.5648495,-1.1184481,-0.2771499,0.6121563,0.12261066,-0.09612305,-0.066087976,1.2431347,0.72370493
22682,-7.445975,-0.39104548,-1.530459,-0.9499713,0.36583698,0.14671774,0.047295596,-0.45945475,0.09227838,0.23052174,0.07030162
22683,-7.7056046,-0.085409164,-1.6702952,-0.7542337,0.2039114,0.49066532,-0.7279183,-0.34924522,0.27095586,0.80478,0.011313435
22684,-4.2468204,-0.043467972,-1.1858841,-0.7445972,0.14908588,0.022758713,-0.27652884,-0.27517113,0.0494067,0.22583982,0.26608688
22685,-5.747623,-0.053308558,-0.9549506,-0.6954652,-0.1641317,0.013097683,0.059426647,0.111011334,0.17020257,0.7675515,0.28773546
22686,-4.95516,-0.3385369,-0.8946799,-0.6807023,-0.11719507,-0.07738491,-0.0040464997,-0.25472334,-0.13444808,0.14906657,0.33397877
22687,-4.398675,-0.114573345,-0.87281144,-0.5772713,-0.051685616,0.022783857,-0.31340688,-0.2868267,-0.12594593,0.068617344,0.25099185
22688,-5.851109,-0.16466425,-0.8528232,-0.8034238,-0.042193633,-0.3900606,-0.01564926,-0.62242556,-0.028354673,0.2566447,0.6445824
22689,-5.4306707,-0.5635601,-1.2036644,-0.5722568,-0.10006839,0.36437625,0.0014176406,-0.0642087,-0.15855217,0.50047517,0.3862553
22690,-7.68888,-0.1384079,-1.331918,-1.0323708,-0.023622919,0.03301313,-0.48291528,-0.57746243,0.42836002,0.81124264,0.27003655
22691,-6.4713793,0.18673441,-0.6606982,-0.42926946,0.10169534,0.23560813,0.014692072,-0.17210393,-0.019978786,0.5601495,0.18326291
22692,-6.0978413,-0.27677995,-1.1171253,-0.48522764,-0.25293356,0.16901462,-0.23632596,0.024616444,-0.14220804,0.2807353,0.49684265
22693,-4.5729933,-0.015355139,-1.0511519,-0.426971,0.2488057,0.13335745,-0.21536659,-0.2652356,0.035229944,0.20062822,0.15014464
22694,-5.5288625,0.06663634,-1.2003778,-0.32555923,0.33168924,0.4437294,0.104186125,-0.2888387,0.03504792,-0.006899358,0.24924666
22695,-7.089511,-0.051148307,-1.3859948,-0.71637815,0.54672617,-0.0025247382,-0.19963528,-0.45678654,-0.161524,0.37449917,0.39701372
22696,-7.9259157,-0.6272141,-1.7109786,-0.54621357,-0.36656398,0.16083255,-0.096113786,-0.2732215,0.09720739,0.5702659,0.71896344
22697,-6.1534777,-0.18625125,-1.1712633,-1.0773057,-0.58387506,-0.26787448,0.036409233,-0.42941004,0.0025413241,0.35019588,0.5243576
22698,-6.5973616,0.2909075,-1.7397321,-0.6164133,-0.060567506,0.10209683,-0.30679438,-0.3951824,-0.23144467,-0.035135888,0.1804291
22699,-5.479521,-0.38016894,-0.71915185,-0.8347441,-0.59105366,-0.2189819,0.17812271,-0.35687593,-0.08939796,0.6575535,0.56821465
22700,-4.534268,-0.051912416,-0.6917405,-0.7322575,-0.1984715,-0.24368958,0.100841634,-0.44126767,0.036764175,0.33932883,0.6319584
22701,-6.7041574,-0.26645327,-1.3049468,-0.9812897,-0.11263623,-0.0972999,-0.43472564,-0.3440985,0.16327439,0.39036116,0.7194408
22702,-4.989699,-0.1945278,-0.7165407,-0.5474619,-0.18722378,-0.44274735,-0.009204884,0.07613705,-0.19541328,0.3265369,0.3684383
22703,-7.2158675,-0.3169287,-1.0597758,-0.7447411,-0.7106768,-0.15144536,0.35594627,0.041013587,-0.2172276,0.4690889,0.89027816
22704,-6.1856723,-0.16581164,-1.3045347,-0.4254601,0.19116463,0.013475591,-0.44863886,-0.0018569678,-0.10666213,0.30467236,0.17861302
22705,-5.870083,-0.20384748,-0.9204664,-0.8312208,0.19936554,-0.09642299,-0.22096586,-0.32309267,-0.010635624,0.40609026,0.304976
22706,-7.40894,-0.2568397,-1.220916,-0.71928746,-0.58411556,-0.011911519,0.4358687,-0.27788368,-0.15543401,0.7999762,0.51729333
22707,-7.4754305,-0.09106855,-1.4561132,-1.2080696,-0.2143356,0.10815562,-0.20300438,-0.38806534,0.5886486,0.86368245,0.2887999
22708,-4.509304,-0.33847365,-0.9975206,-0.74580586,-0.3210634,0.018519871,0.029102065,-0.14986008,0.24338801,0.49926752,0.53231305
22709,-5.174373,-0.070346795,-0.7477218,-0.38541248,-0.26938975,-0.06283608,0.38637903,-0.11065426,-0.35822767,0.15173148,0.62756497
22710,-7.4166226,-0.030882575,-1.0562124,-0.5576251,-0.26245716,0.10030062,-0.06459487,-0.03503433,-0.23484837,0.26888847,0.055127144
22711,-6.3103657,-0.39813313,-1.6127106,-0.6236058,0.042819943,0.37009734,-0.27353898,-0.50247437,0.13909438,0.6383944,0.39242277
22712,-4.7701817,0.102975555,-0.83450013,-0.57620746,-0.57154214,0.037150346,-0.0017111897,-0.29044124,0.056613497,0.590858,0.42426932
22713,-6.1734157,-0.16744485,-1.0421032,-0.6790857,-0.23428465,-0.26567304,0.28647813,0.008615314,-0.18633822,0.648647,0.3974464
22714,-4.560267,-0.24795271,-0.9121148,-0.6756138,-0.010651322,-0.37946314,-0.22074828,-0.06324732,0.13331835,0.38664553,0.4576947
22715,-3.912417,-0.11423415,-0.97350395,-0.28461167,-0.21253559,0.28986394,0.064417265,-0.17171387,-0.024283675,0.3216225,0.37227684
22716,-5.547996,-0.26493338,-1.1757191,-0.5271444,-0.014263259,0.22034438,-0.14768128,-0.25049832,-0.09351677,0.28487593,0.24241953
22717,-4.7127476,-0.17855248,-0.8607097,-0.27919295,-0.25615245,-0.1570432,0.24197267,-0.08809982,-0.16662616,0.20856102,0.46043873
22718,-5.6315923,-0.30968097,-1.0071844,-0.5852652,-0.24589315,0.2126,-0.1898036,-0.3362269,-0.0117218215,0.29121405,0.4399041
22719,-4.8977733,-0.16839427,-0.8207319,-0.5904012,-0.09554038,-0.012457827,-0.010556714,-0.37130517,0.19256385,0.4700975,0.2131116
22720,-6.5786386,-0.35271898,-1.5113566,-0.47764677,-0.04951587,0.048520714,-0.15639092,0.0299849,-0.22355305,0.30520377,0.0353041
22721,-6.6520824,0.02875992,-1.0656157,-0.52140665,-0.03499342,-0.08732363,-0.29288793,-0.2872622,-0.14405234,0.34578934,0.13251472
22722,-5.5437865,-0.29876253,-0.8399819,-0.9761169,-0.3945553,0.14871347,-0.23200962,-0.35376954,0.24518289,0.22930668,0.6354729
22723,-4.646125,-0.11640014,-0.7192259,-0.3632405,0.060126875,0.13371247,0.14889234,-0.14979684,-0.3444455,0.080709204,0.27539122
22724,-4.9408712,-0.25266975,-0.8893445,-0.7235902,-0.09572222,-0.1591994,0.057940736,-0.014751621,-0.0023706648,0.2497686,0.18459137
22725,-6.059841,-0.031618755,-1.3015772,-0.8159639,-0.09327195,0.21259335,-0.01716685,-0.6316467,-0.23357502,0.63081604,0.52150935
22726,-5.4106236,-0.011502578,-1.0458394,-0.75315773,0.02660822,0.034247577,0.08446616,-0.378367,0.07723829,0.3754204,0.49271
22727,-6.0105844,-0.053238206,-1.2635467,-0.56375223,-0.21902609,0.16454814,0.31139076,-0.20125926,0.27553982,0.39349532,0.35554132
22728,-5.6041102,-0.11799613,-0.9430391,-0.25844723,-0.3716851,-0.3047306,0.19468455,0.19995585,-0.47878575,0.3389641,0.6053565
22729,-5.5656853,0.20642686,-1.1856092,-0.70012695,0.3021218,-0.06787295,-0.09870725,-0.32809648,-0.039411925,0.4886432,0.13789473
22730,-7.241304,-0.42735457,-1.291681,-0.7119312,0.5677729,0.1396604,-0.3314231,0.014422555,-0.053388126,0.14200068,0.28997
22731,-6.2759085,0.045359597,-1.1288766,-0.5809809,-0.07633838,-0.38034523,0.0233065,-0.13276795,-0.08700678,0.901808,-0.05752424
22732,-5.719552,-0.06433095,-0.8217449,-0.81771725,-0.62820864,-0.12004903,0.1487524,0.0038725971,-0.064726464,0.52161133,0.2835263
22733,-3.9208894,-0.24934049,-0.77552706,-0.7126511,-0.41599706,0.1592889,0.19495401,-0.19705121,0.15727271,0.43660825,0.30175662
22734,-5.3496013,-0.23196806,-0.94762236,-0.6072635,-0.28567603,-0.12761904,0.13335308,-0.33613122,0.0058969557,0.7967124,0.1528589
22735,-7.180112,-0.47005543,-1.0233071,-0.8231455,-0.11925361,-0.33883882,-0.2953819,0.047225296,0.12533514,0.7334301,0.031011917
22736,-4.7924304,-0.16959168,-0.9196038,-0.52558684,-0.2626779,-0.26133138,-0.14106604,0.07864745,0.16599715,0.53661484,0.3924562
22737,-5.7921724,-0.12045322,-1.415405,-0.60019445,0.13207513,-0.072345026,-0.37025154,-0.189907,0.04530199,0.2287048,0.6856902
22738,-5.280717,0.25017348,-1.0324035,-0.5078056,-0.23646706,0.07711402,0.0883783,-0.30208436,0.032490052,0.41016853,0.3792691
22739,-4.1866226,-0.08988215,-0.99533445,-0.4724372,-0.1566838,0.37622595,-0.25692362,-0.41123396,0.10668179,0.43628958,0.2643588
22740,-5.406717,0.22734652,-1.3200873,-0.48564392,-0.42778906,-0.032812312,-0.05783429,-0.4822512,-0.39139464,0.31040308,-0.18907997
22741,-6.441416,0.010691336,-1.1121359,-0.9261952,0.054462325,-0.03353854,-0.08368209,-0.061635382,0.027625248,0.66022205,0.21630138
22742,-4.832421,0.03331751,-0.81219524,-0.50472444,-0.4058885,-0.12906095,0.28615552,-0.12963451,-0.037415035,0.37663758,0.43654013
22743,-6.6213164,-0.135971,-0.97083455,-0.35995543,0.106261045,0.14035898,-0.18596683,0.044651464,-0.050316364,0.1564235,0.5928666
22744,-5.6014695,-0.21379623,-0.6406653,-0.91098744,-0.5474405,0.46037966,0.08608505,-0.11508811,0.124836355,0.8623373,0.4419676
22745,-5.5918045,-0.358795,-0.7273083,-0.92045116,-0.53569984,0.11923816,0.021495916,-0.01437813,0.08092522,0.71783274,0.553193
22746,-5.118416,-0.4143093,-1.1983058,-0.3531769,0.11750533,0.26861405,-0.33569857,-0.10762366,0.07349722,0.4359952,-0.2548333
22747,-4.251733,-0.29633483,-0.8914042,-0.7285443,-0.30536208,0.22150084,0.09972739,-0.013449639,0.13539746,0.5122444,0.26958743
22748,-4.6930737,-0.10395141,-0.9316302,-0.61774397,0.18025403,0.28102243,-0.2586138,-0.43116814,0.020764876,0.10016091,0.28821507
22749,-6.2146826,-0.30893952,-1.1309115,-0.74174476,-0.28801262,0.33250636,-0.24997707,-0.018421674,-0.0996044,0.3891205,0.42178068
22750,-5.868946,-0.15240356,-0.96713567,-0.8523392,-0.11737433,0.15141127,-0.25590798,-0.07925701,0.24826793,0.7703568,0.5533168
22751,-4.6159234,-0.1884311,-1.0172366,-0.5838157,-0.22590007,0.14429085,-0.05530221,-0.2532303,0.011683868,0.3267807,0.25902382
22752,-4.646287,0.040373165,-1.1755533,-0.76260436,-0.0842284,-0.15815215,-0.040501833,-0.1643619,0.023101602,0.067694575,0.48583302
22753,-5.4884243,0.059454557,-1.398233,-0.87395674,-0.043870766,0.2356698,-0.21036263,-0.4060852,0.33832994,0.480282,0.31822482
22754,-6.219876,-0.029080294,-0.87708455,-0.45077705,-0.23346126,-0.10276055,0.23983134,-0.21260105,-0.4457669,0.16976266,0.4795797
22755,-3.6821556,-0.12657686,-1.108879,-0.19384848,0.110689364,0.32724762,-0.0126439845,-0.15332137,0.06958859,0.24041735,0.088883474
22756,-4.9427176,-0.18910225,-0.86227846,-0.79111683,-0.27213562,0.0863258,-0.13567956,0.03503699,0.1086362,0.8601894,0.34740597
22757,-4.1888905,-0.047579397,-1.0795062,-0.6137508,-0.3074562,-0.08849018,0.014894543,-0.13770327,-0.035128616,0.3739919,0.5539067
22758,-6.0754967,-0.16778114,-0.93257236,-0.77775264,-0.3038134,-0.34664804,-0.21210219,-0.54328984,-0.120887116,0.4707544,0.45530015
22759,-6.496584,-0.48424828,-1.0746739,-0.56064904,-0.26936704,-0.49314016,-0.1170231,-0.035051823,-0.3691675,0.26521766,0.40749812
22760,-7.598396,-0.34395772,-1.8384787,-0.8958405,0.3329029,-0.052830946,-0.33074397,-0.64161026,0.26970673,0.8222567,0.40082335
22761,-5.4398656,-0.23296182,-1.0041411,-0.6691223,-0.4930704,-0.0593063,-0.22269769,-0.31890363,-0.104956545,0.38060978,0.2983016
22762,-6.801574,-0.28054535,-1.2698691,-0.7532582,-0.44441083,-0.0670797,0.24315877,-0.2542785,0.3094349,0.5726393,0.80667377
22763,-4.8139973,-0.14482218,-1.029836,-0.27615467,-0.2346133,0.0482444,0.120564744,-0.11069589,-0.09586712,0.24292457,0.22508453
22764,-5.4172015,-0.09609749,-1.0756375,-0.18106537,-0.2394634,-0.11279155,0.21660839,0.10829475,-0.29041657,0.2789591,-0.030714493
22765,-5.7548423,-0.18983592,-1.3961154,-1.1450075,-0.4752335,0.759537,-0.18962742,-0.3587623,0.37212294,0.65289026,0.6127379
22766,-5.576077,-0.3826639,-1.1836447,-0.5069564,-0.10667384,0.38032752,-0.019122273,-0.2058638,-0.20104282,0.28171352,0.35746145
22767,-4.9878063,-0.27119508,-0.949208,-0.5227509,-0.43710864,-0.22411078,0.14688878,-0.2186663,0.12114862,0.6892518,0.22353236
22768,-5.250677,-0.39615753,-1.1539462,-0.830403,0.25497505,-0.3225208,-0.43877867,-0.229294,-0.20212474,0.64303505,0.13493495
22769,-5.070331,-0.08993836,-0.9344043,-0.84840715,0.0026105824,0.12200013,-0.044335853,-0.17574123,0.11985001,0.1782509,0.18259227
22770,-6.0755835,-0.119478896,-1.2950605,-0.6316617,0.1203724,0.02763232,0.117910326,-0.11643002,0.15258202,0.3072886,0.3778592
22771,-6.102451,-0.13247782,-1.2146231,-0.24579483,-0.109258726,-0.24173144,-0.070381895,-0.23605171,-0.13790841,0.07220024,0.5108633
22772,-5.143497,-0.03889134,-1.2010438,-0.3642799,-0.19133136,0.3228109,-0.285546,-0.279575,-0.086342916,0.13665755,0.02112756
22773,-6.5709496,-0.3259046,-1.4191021,-1.1777127,-0.6095349,0.11428188,0.35703224,-0.12423322,-0.05231992,0.09448056,0.5874506
22774,-4.2520723,-0.034541775,-0.7031591,-0.19733171,-0.30142802,0.15070131,-0.10218714,-0.48823893,-0.23762633,0.3279201,0.05172651
22775,-6.06242,-0.07289736,-1.1368659,-0.43680865,-0.2324036,-0.27840358,0.3834089,0.18045774,-0.20508827,0.31566235,0.5377704
22776,-5.572937,0.03750288,-1.5011209,-0.39710736,0.2185317,-0.2410331,-0.10508047,0.1011954,-0.10753974,0.22566375,0.07124796
22777,-5.827173,-0.04017176,-1.0482965,-0.6782078,0.15141131,0.14528012,-0.0552324,0.05751212,0.039918415,0.30366483,0.46940845
22778,-7.93047,-0.05396514,-1.3977492,-0.60866886,-0.639902,-0.13647978,0.30821434,0.48060113,-0.5375303,0.44098675,0.78028035
22779,-7.4707036,-0.10611448,-1.4414288,-0.3725694,-0.17092557,-0.33457786,0.12290475,0.16094182,-0.3490721,-0.0684136,0.40836382
22780,-6.873107,-0.24232395,-0.8433461,-0.7636693,-0.35608763,0.11606739,-0.23160572,-0.11893489,-0.21074177,0.12874384,0.33599293
22781,-6.241916,-0.08854105,-1.2995172,-0.7687629,0.40080762,-0.5679568,-0.337174,-0.199132,-0.09296822,0.2958173,0.09874501
22782,-5.7693553,-0.17966014,-1.2227001,-0.49034232,-0.4204477,0.24775521,0.11346516,-0.1628417,0.02190781,0.30794883,0.46732792
22783,-6.878071,-0.5113626,-0.9635451,-1.0801069,-0.034824252,0.11746391,0.05648493,0.14147937,0.104189254,0.92457134,0.43695632
22784,-4.8880467,-0.08054008,-0.8969054,-0.24541828,-0.04218607,-0.26784855,-0.11987471,0.23121428,-0.1982216,0.20415431,0.3968032
22785,-4.888734,-0.43750206,-0.98547447,-0.30976462,-0.11329491,0.3124187,0.4608668,-0.2618561,-0.0974241,0.46101087,0.4499832
22786,-6.195389,-0.15562472,-1.1862581,-0.5979294,-0.5994807,-0.52152365,0.1323685,-0.09740577,-0.30927992,0.19450718,0.44050738
22787,-6.431123,-0.23071495,-1.3307941,-0.8894082,0.4565423,-0.12859179,-0.3537995,-0.39482597,-0.02529587,0.79518384,0.22140485
22788,-6.3323245,-0.30570802,-0.9932328,-0.7434761,-0.23695382,-0.3481325,0.033405,-0.32854483,-0.18544844,0.16022845,0.6113483
22789,-5.8468795,-0.10258944,-1.1797801,-0.6426976,-0.41988248,0.09237782,-0.030244023,0.14915088,-0.13186112,0.44626385,0.7185553
22790,-5.2753444,-0.07795308,-0.9746174,-0.53734225,0.13634253,-0.0843492,0.018625315,0.16653015,-0.17340192,0.22578962,-0.10889671
22791,-6.7642255,-0.006547327,-1.3926722,-0.5064021,-0.36638337,-0.13974237,-0.090920284,-0.07448165,-0.09572495,0.091880634,0.6982168
22792,-6.0391293,0.011537803,-1.021078,-0.748847,-0.40383288,-0.01558329,0.3380942,-0.4765548,-0.25813875,1.0833299,0.4835964
22793,-5.020825,0.28508335,-0.7220866,-0.47020325,-0.14239402,-0.38140637,0.1535614,-0.36561847,-0.031630896,0.33766794,0.30535954
22794,-5.358473,0.13872379,-0.90082115,-0.4429573,0.10641258,-0.12112084,0.025249487,-0.21608308,-0.08679931,0.16048504,0.29787606
22795,-4.949192,-0.08649846,-1.0872692,-0.6002289,-0.027886285,0.011193724,0.06166467,-0.18753816,0.2601133,0.31815553,0.4419678
22796,-6.329148,0.18576029,-1.3168876,-0.4093018,0.32078937,-0.28094637,-0.40158477,-0.24744311,-0.67434484,0.43600348,-0.38333794
22797,-6.7337832,-0.27790213,-1.0910926,-0.9595482,-0.02527885,-0.2706895,0.00859059,-0.51510024,-0.028476628,0.2037043,0.34566635
22798,-6.596967,-0.1455341,-1.3102388,-0.9477828,-0.5499006,-0.08576968,0.2065425,-0.046659797,-0.0022355597,0.60709685,0.26892805
22799,-5.885245,-0.29522422,-0.868573,-0.80119777,-0.100726746,0.15423025,0.32208547,-0.40287018,0.3077217,0.61660576,0.79726905
22800,-6.0953174,-0.18417653,-1.2255992,-0.5999618,-0.20086552,0.16521876,-0.036846925,-0.0824223,0.012179197,0.6384557,0.28293115
22801,-6.978764,-0.23058926,-1.2896757,-1.1121256,0.11526608,-0.017783996,0.08770647,-0.7076995,0.14340504,0.45341697,0.43561986
22802,-5.433281,0.039052915,-1.2549937,-0.25368068,0.047558464,-0.15574469,-0.363775,-0.29490867,-0.35266468,0.35605645,0.3403037
22803,-5.051529,-0.14043368,-0.80976593,-0.6161397,-0.6040085,0.4317286,0.14433447,-0.13129623,0.07002246,0.56898975,0.43765402
22804,-5.516724,-0.022280566,-0.91652745,-0.47594136,-0.44359738,-0.26004195,0.10275195,-0.06686541,-0.3437724,0.44287091,0.25542057
22805,-5.2332954,-0.33014584,-0.99670106,-0.77504706,-0.062742405,-0.12810688,-0.318163,-0.33851567,0.27876276,0.59918994,-0.22174683
22806,-5.186166,0.13133998,-1.0211197,-0.538432,0.052710373,0.48075497,0.06299281,-0.114659294,-0.16528265,0.14610493,0.5717892
22807,-6.3893113,0.27676687,-1.8367171,-0.95147383,0.11204474,0.20393723,-0.34948868,-0.43318224,0.28967378,0.41926932,0.22887312
22808,-4.7396436,-0.31807393,-0.8804431,-0.4267665,-0.27653605,-0.021811249,-0.15156196,-0.39818177,0.034608915,0.72770023,0.35048094
22809,-5.9654093,0.080320455,-0.86098254,-0.2700502,-0.07551672,-0.25868088,-0.40054232,0.014313312,-0.28286463,0.219224,0.29848725
22810,-5.3457932,-0.2429275,-1.003499,-0.75302565,-0.54871726,0.17436339,0.32366845,0.02099891,0.2143351,0.4424603,0.5134998
22811,-5.88561,-0.04078528,-1.2112375,-0.3906799,0.11218688,-0.27877122,-0.11972939,0.13095522,0.021141993,0.29326305,0.18216056
22812,-6.25012,-0.3500474,-1.0796217,-0.9925437,-1.1933559,-0.20121501,0.056899205,-0.46985543,0.37857455,0.6304129,0.7075008
22813,-4.7065296,-0.028056853,-0.9042827,-0.3603863,-0.01757197,-0.20923771,-0.28348315,-0.005506268,-0.26046488,0.16572577,0.11724948
22814,-4.4317966,-0.061401796,-1.0785711,-0.56764746,-0.03849891,0.23783255,-0.0041150814,-0.22190684,0.20974268,0.55139446,-0.030537542
22815,-5.2807684,-0.08885213,-0.9397662,-0.2914842,-0.20030996,0.20180587,0.0782325,0.45483604,-0.04986979,0.6550079,0.4669224
22816,-7.3522086,-0.23080523,-1.5249476,-0.6746678,0.20311418,0.38861507,-0.34262007,0.07481479,0.018872127,0.4670913,0.167094
22817,-7.292833,0.057763055,-1.029346,-0.6585723,-0.33269095,-0.20476763,0.026136234,-0.06756018,-0.5088245,0.19324175,0.38845807
22818,-4.692543,0.11002325,-1.2362567,-0.4241033,0.23316498,-0.015613111,0.06052553,-0.22267304,0.16986194,0.10470869,0.2759034
22819,-4.320047,-0.22359282,-0.69198227,-0.2538907,0.017688395,0.08035254,0.16297032,-0.10866597,-0.0012120996,0.4369724,0.33296114
22820,-4.687565,-0.18264288,-1.393671,-0.44277662,0.12221512,0.020303525,-0.12495998,0.008518652,0.03439051,0.3567838,0.19491808
22821,-5.295278,0.19644773,-0.85457385,-0.65873,0.018811261,0.07402392,-0.12289085,-0.6143157,-0.060036547,0.4767751,0.19086578
22822,-5.2608595,-0.4369254,-0.7262531,-0.6860875,-0.2252434,-0.009902364,0.16846755,-0.15660116,-0.20236316,0.25585797,0.42719582
22823,-5.8494415,-0.16876444,-0.78506035,-0.6981341,0.019806392,-0.18905386,0.15356447,-0.08052738,-0.17728212,0.42439458,0.2864606
22824,-5.980804,0.0005576676,-1.2094232,-0.45729735,0.12867723,0.32216644,0.045308422,-0.06613277,-0.28058055,0.33347383,0.087401174
22825,-5.063611,0.16958208,-0.97836125,-0.24471796,0.05759937,0.101383336,0.3612569,-0.070103586,-0.32149455,0.29479948,0.27392498
22826,-4.6372256,0.00065359287,-0.68909484,-0.43434706,-0.13086848,-0.115841866,-0.12906972,-0.5192081,-0.1827165,0.2683331,0.060696475
22827,-5.6919174,-0.1350594,-1.087262,-0.83007073,-0.16700393,-0.1223388,0.015172519,-0.13608555,-0.0046745166,0.32358167,0.3822387
22828,-4.6263423,-0.19000126,-0.8054267,-0.6141817,-0.43425265,0.069010206,0.3948111,0.054963,-0.07036582,0.27348924,0.5951345
22829,-5.928349,-0.16996858,-0.6744149,-0.6458952,-0.006692859,0.05525063,0.03761962,0.11741125,0.15110855,0.6398251,0.66305065
22830,-3.3604546,-0.04322718,-0.73312986,-0.34012288,-0.060908295,-0.0065550786,-0.05955688,-0.21746768,0.018525943,0.31681156,0.2854806
22831,-4.657113,-0.12778616,-0.8033194,-0.38189417,-0.33265686,-0.11970244,0.11121139,0.21775651,-0.102195054,0.39938655,0.49918675
22832,-6.177707,-0.33392188,-1.0234176,-0.9803075,-0.3107225,0.09919255,0.16846614,0.08176164,0.3352743,0.65756696,0.77339417
22833,-4.035154,0.15019925,-0.82837915,-0.053662978,0.08397534,0.1696311,-0.08519392,-0.08528224,-0.18408227,0.35329962,-0.0115575725
22834,-5.963385,-0.029370181,-1.1646819,-0.87737566,-0.48823497,0.40262622,0.11334934,-0.38506746,0.0576109,0.72809565,0.12270091
22835,-6.6967697,-0.022964064,-1.5132138,-0.8518535,0.29415384,-0.12386933,-0.39575985,-0.010907421,0.034427054,0.2047515,0.4674346
22836,-6.567906,-0.054351937,-1.051624,-0.43872562,0.20091568,0.008752441,-0.21914534,0.04253369,-0.0785895,0.8221995,0.16502814
22837,-4.4371557,-0.26044366,-0.9569176,-0.68223035,-0.33580664,0.14079763,-0.13903111,0.012782865,0.1744498,0.2294617,0.5279693
22838,-6.5276017,0.0068233274,-1.1007882,-0.40739328,-0.14319037,0.030959407,0.44106275,-0.0006665522,-0.52209955,0.3727378,0.5841117
22839,-4.031384,0.019149628,-0.8415378,-0.05931989,0.1976374,0.029039701,0.09023557,-0.14418666,-0.10642162,0.31272933,0.039429452
22840,-6.7817435,-0.23325258,-1.1290863,-0.44652689,0.44290018,0.04334937,-0.2224144,-0.07077972,-0.14515258,0.3940399,0.22676031
22841,-6.055862,0.13846934,-1.4201853,-0.7604172,-0.5750741,0.15099512,-0.14105235,-0.24220279,0.001822223,0.2241802,0.41788593
22842,-7.510493,-0.12345351,-1.2920133,-0.43630263,0.34461182,-0.06919994,-0.21940824,-0.23694892,-0.2844134,0.5313007,0.31283423
22843,-8.033014,-0.27339312,-1.1375685,-1.0315379,0.22627701,0.51832,0.10303162,-0.075251274,-0.068540655,0.6380699,0.49756262
22844,-6.204102,-0.4799137,-1.4023019,-0.5227562,0.13158001,0.34490174,-0.26918024,0.04156065,-0.08360719,0.24199066,0.7280796
22845,-3.7008746,0.03596606,-0.78788024,-0.38054296,0.012885606,-0.07278426,0.0562138,-0.0659437,0.021327695,0.36666825,0.2305735
22846,-7.7531095,-0.15652801,-1.4925596,-0.6476096,-0.55233186,-0.31852424,-0.021278117,0.2919726,-0.6448508,0.84877735,0.6348095
22847,-7.0284615,-0.37317833,-1.3480896,-0.94568145,-0.56913286,-0.3336997,0.15147771,-0.011266215,-0.12370759,0.4259125,0.88164216
22848,-5.383505,-0.16825403,-1.1147215,-0.31023958,0.0035226308,0.38986337,-0.18148455,-0.19770578,-0.0152800735,0.07824669,0.15431125
22849,-6.3451395,-0.20774432,-0.89681256,-0.7751635,-0.31249624,0.17909026,-0.48518702,-0.465641,-0.027219268,0.25671348,0.07294294
22850,-6.1344466,-0.205292,-1.0723572,-0.7290695,-0.17546172,0.17627922,-0.29262754,-0.27196452,-0.13212462,0.29460448,0.22252028
22851,-4.847249,-0.21082078,-0.8611989,-0.575001,-0.07214583,-0.1292433,-0.008622211,-0.15143313,-0.1459862,0.48056042,0.45222557
22852,-4.9520802,0.062011696,-1.1573007,-0.47455022,0.15614903,0.44210815,-0.024304982,-0.45577362,0.13231139,0.34326774,0.19973662
22853,-5.947979,-0.095229484,-1.3313415,-0.6515467,0.19521503,0.10363223,-0.10777137,-0.1609949,0.26773125,0.63731694,-0.005476975
22854,-6.7034416,0.054935154,-2.0819097,-0.9473895,-0.015350496,0.0016021007,-0.26357728,-0.23572719,0.14429632,0.43264484,0.7046096
22855,-6.399674,0.014450641,-1.3703525,-0.93958604,-0.0962573,-0.19338608,-0.27936673,-0.6835458,0.152612,0.3964308,0.648187
22856,-8.222044,-0.6508596,-1.2221295,-0.8202658,-0.49643832,0.5515712,-0.3502154,0.21320546,-0.13393578,0.57066774,0.7395444
22857,-4.507092,-0.118122876,-0.65125316,-0.681605,0.12133402,-0.1091232,-0.04414904,-0.24013418,-0.03624562,0.21114054,0.3846084
22858,-4.8243594,-0.17018594,-1.070138,-0.7332441,-0.13644068,0.22338101,0.24080853,-0.23018359,0.03060585,0.16300826,0.61971986
22859,-5.5073047,-0.1351597,-0.8462449,-0.9459283,-0.43516743,-0.21088836,-0.33100438,-0.27207306,0.054707043,0.23126002,0.37118033
22860,-6.064201,-0.39542207,-1.01573,-0.8588602,-0.7851111,0.44603825,-0.015436432,-0.36839363,0.042724222,0.3854299,0.21910597
22861,-5.8009796,-0.0136902435,-1.0753239,-0.42335463,-0.51425016,0.032615222,-0.13274239,-0.16080563,-0.052564643,0.209749,0.503142
22862,-4.792554,-0.24585836,-1.172746,-0.8001748,-0.033800434,0.25052744,0.056741346,-0.36150327,0.2385228,0.24502532,0.3368459
22863,-5.4350915,0.028658263,-1.018524,-0.25190815,0.20246537,-0.025296591,-0.18560886,0.0997177,-0.26273435,0.46707106,0.31019455
22864,-6.1538253,0.040818065,-1.2953073,-0.8236988,-0.24737903,-0.04901598,0.008773063,-0.64773935,0.21204391,0.7171578,0.29602355
22865,-6.7751727,-0.15496081,-1.4203677,-0.39000437,-0.1004388,-0.076625794,-0.077854834,-0.41234505,-0.06712533,0.41991985,0.483171
22866,-6.4913874,0.045516603,-1.4701288,-0.5978354,0.46335483,0.21891025,-0.491347,0.036243685,0.094287746,0.44925424,0.020581454
22867,-6.7553554,-0.16089243,-1.4350204,-0.4097401,-0.09999355,-0.19625369,-0.2857561,0.35773405,-0.11187041,0.44057834,0.3123577
22868,-5.4892735,-0.076309435,-0.95098567,-0.77709967,-0.29422736,0.48007858,-0.37700802,-0.26664397,0.2931421,0.84235054,0.14446093
22869,-5.4362373,-0.16000369,-1.1963573,-0.56229496,0.14870454,-0.052565414,-0.22140235,-0.04343199,-0.13116413,0.34228942,0.13169535
22870,-5.700787,-0.25523293,-1.3306797,-0.66906965,-0.49939597,0.2105249,0.25703493,0.2062735,0.008475192,0.6150793,0.46935257
22871,-7.122578,-0.28371805,-0.9121243,-0.7992168,-0.23279594,-0.026145387,-0.05393961,-0.10109029,-0.11465676,0.4369736,0.59707457
22872,-6.082102,-0.036281202,-0.9486019,-0.42243335,-0.12642984,-0.15390946,0.27005926,-0.17753607,-0.26484635,0.050699744,0.23528485
22873,-7.5467052,-0.17141503,-1.5050533,-0.724922,0.029221067,0.31155258,0.06095078,-0.5744358,-0.22778125,0.23556232,0.33216128
22874,-4.57983,-0.22644605,-1.4410063,-0.54355335,-0.22570473,-0.051227145,-0.15494575,-0.019382639,-0.09031875,0.3671988,0.6526214
22875,-5.057293,-0.3071523,-1.2657189,-0.6539503,0.20510192,0.3398831,-0.20114882,-0.19584832,0.26883948,0.80232143,0.08313757
22876,-5.8841543,-0.15938789,-1.1883227,-0.7784797,-0.11482791,-0.06522638,-0.209554,-0.21104594,0.16691189,0.7262635,0.4844736
22877,-5.622404,-0.12032293,-1.0492436,-0.34660214,0.051841464,-0.21236064,-0.22906868,-0.11099899,-0.14328355,0.6235416,0.43212393
22878,-5.218487,0.023284774,-1.1750662,-0.4523597,0.16054587,0.20360158,0.17046419,0.16514955,-0.0035874937,0.07987755,0.33284694
22879,-6.3211446,-0.06488079,-1.5425091,-0.52101034,-0.061752103,-0.18885258,0.13624872,0.14634493,-0.07814664,0.19211559,0.586391
22880,-8.524152,-0.108753905,-1.5149351,-0.5711657,-0.8232242,-0.3719216,0.25594202,-0.25984898,-0.1680054,0.48447013,0.70132405
22881,-6.127689,-0.14366095,-0.9304492,-0.4679282,-0.3240517,0.24380302,0.13864022,-0.033808716,-0.2462961,0.370574,0.28754747
22882,-4.428738,-0.19713748,-0.8649716,-0.28719372,0.09065735,0.35698026,-0.028789643,-0.05974658,-0.011130042,0.31085604,0.15694797
22883,-6.586816,-0.4193949,-0.98370177,-0.15397827,-0.29658875,0.23065494,-0.26770368,-0.108894974,-0.19849214,0.5545252,0.225264
22884,-6.1482744,0.056932718,-1.2250811,-0.34098488,0.2373123,-0.061485305,-0.4562085,-0.18686393,0.017402047,0.13227041,0.1714312
22885,-6.541908,-0.0007204572,-1.0725118,-0.65673393,0.43071213,0.08959555,-0.0947883,-0.17490032,-0.0607282,0.43440408,0.2838511
22886,-4.288608,-0.022623274,-1.171178,-0.39920983,-0.18615921,0.17971203,-0.36494824,-0.05880838,0.2670408,0.4538057,-0.010723458
22887,-4.870619,-0.11843544,-0.80668324,-0.53639895,-0.5327645,-0.09004787,0.2006013,0.09886866,-0.47409698,0.15302496,0.26836315
22888,-4.569835,-0.06019764,-0.9640276,-0.6878265,-0.07637949,0.07731305,-0.08310323,-0.12287117,0.17024973,0.2160306,0.3044078
22889,-4.852441,-0.027999204,-1.4055314,-0.36396763,-0.13314521,0.062790215,-0.13862386,0.07294097,0.07553463,0.36126286,0.044512704
22890,-4.08799,-0.062596984,-0.82183784,-0.47284266,0.23283054,0.1392532,-0.15623179,-0.1933884,-0.03932281,0.6266648,0.055690717
22891,-6.23996,-0.38382098,-1.2266455,-0.6845872,0.027345717,0.21939498,0.010424993,0.219877,-0.020922879,1.2899654,0.5847438
22892,-5.1672664,0.16859342,-1.2697903,-0.6567863,-0.22430776,-0.12786031,0.07434514,-0.27824205,-0.031628974,0.2876868,0.6421872
22893,-4.9610744,-0.3100942,-0.8309782,-0.54835963,-0.41546896,0.284684,0.18731137,-0.08878099,-0.0026363004,0.52888554,0.49150267
22894,-5.963517,-0.1033994,-1.5007782,-0.38510224,0.004410178,0.06809489,0.234836,0.15820621,0.03930025,0.64071566,0.40470612
22895,-4.97373,-0.22402897,-0.90290445,-0.32736403,0.0050700884,-0.013103861,-0.038407516,-0.09241086,-0.16415207,0.2258162,0.111092225
22896,-5.6271253,-0.27972767,-1.2481819,-0.98498094,-0.305044,-0.0007183496,-0.010295319,-0.59515256,0.00686568,0.20898895,0.3709896
22897,-5.2875423,0.23379396,-1.1184288,-0.7634883,-0.31750685,-0.34267187,0.11777005,-0.32141954,-0.034527287,0.33790654,0.44821104
22898,-5.530763,-0.0035043387,-1.0305884,-0.64056134,-0.45384878,0.46977687,0.32431307,-0.6494389,0.17641045,0.73331565,0.19346988
22899,-6.176791,-0.04273497,-1.3604667,-0.83724844,-0.22091997,-0.08710183,0.058464028,-0.5211406,-0.21832328,0.43838665,0.23122549
22900,-3.954984,0.080845945,-0.98997533,-0.401102,-0.16371351,0.11818854,-0.03124578,-0.18309218,-0.090975665,0.27763978,0.36285582
22901,-7.281848,-0.1759376,-1.5577272,-1.5817484,-0.4529335,0.021795766,-0.016896192,0.09100362,0.12829885,0.843881,0.7314081
22902,-4.7932954,-0.12736657,-0.97499496,-0.70430535,0.054166306,-0.1955356,-0.19428661,-0.2368757,0.03801819,0.36276132,0.18475561
22903,-5.5113807,-0.12725282,-0.9967945,-0.5930664,-0.103146546,0.035449058,0.16528456,-0.4541874,0.11998127,0.28507903,0.22212349
22904,-5.075666,-0.115811355,-1.0018617,-0.65077186,-0.1449779,-0.055509873,-0.007887122,-0.15082201,-0.21191144,0.38784704,0.006388059
22905,-4.8939414,-0.16201536,-1.150921,-0.6384286,-0.2540025,0.4384417,-0.14721097,0.17314112,-0.05258117,0.63433504,0.3023184
22906,-4.886731,-0.25747117,-0.81399184,-0.46108285,0.06537877,0.11958498,0.053588297,0.116108514,-0.16486841,0.27265978,0.2357338
22907,-3.9730155,0.056967113,-0.78253394,-0.30377784,-0.5271603,-0.113329224,0.2109245,-0.05762399,-0.14363724,0.26092398,0.275722
22908,-6.351152,0.00059623923,-1.2021539,-0.46843997,-0.28579786,-0.18659802,0.039044127,-0.4144814,-0.21238402,0.25230533,0.23757333
22909,-6.1762853,-0.12170337,-1.0772669,-0.36464489,-0.2292715,-0.13054253,0.020618316,-0.07662131,-0.3512705,0.15260665,0.36575797
22910,-6.2471805,-0.0982823,-1.1085551,-0.95551836,-0.38366407,-0.08857101,-0.0074553555,-0.25633338,0.013828923,0.19145678,0.46186975
22911,-4.786311,0.020679595,-0.71092457,-0.33935395,-0.1947011,-0.013594322,0.2754471,-0.10433117,-0.20971927,0.43535772,0.4677553
22912,-4.6266475,-0.45315358,-0.9844912,-0.37137985,0.3590075,0.20473774,-0.050263222,-0.061449222,-0.0011721533,0.5200487,0.26571876
22913,-5.3510537,-0.31015047,-1.2727375,-0.5403971,0.27997574,0.11841122,-0.3661624,-0.12826963,-0.1616212,0.2421212,-0.090500735
22914,-5.7768965,-0.15488487,-1.2399712,-0.38753164,0.047411207,0.20062006,0.14305368,-0.32696497,-0.047954038,0.25565788,0.17146139
22915,-4.4265113,0.11524318,-1.1235598,-0.4484712,-0.09266807,0.09139868,0.2106492,-0.13115504,0.21670456,0.2555658,0.18240729
22916,-4.433515,0.2021878,-0.9926609,-0.508516,0.111355364,-0.2354494,0.05365597,0.0008302331,-0.14705709,0.11511908,-0.03513715
22917,-7.7656865,0.018261854,-1.655625,-0.7061814,0.061352763,-0.14893864,-0.34345734,0.035865564,0.06979809,0.4181452,0.2270405
22918,-4.7261086,-0.15408526,-1.073785,-0.6212109,-0.08553528,-0.14505428,-0.041167483,-0.15256965,-0.21772777,0.26857126,0.2610674
22919,-8.196718,0.0804868,-1.4248545,-0.901225,-0.3930666,0.1093779,-0.39775276,0.02454065,0.22194067,0.655047,0.39111638
22920,-4.631621,-0.17788577,-0.49413997,-0.76424617,-0.23025978,-0.24544896,-0.11620738,-0.20310508,-0.113853455,0.48530418,0.2078163
22921,-4.0613623,-0.073399454,-0.835843,-0.45252317,-0.24578053,-0.050513156,-0.12357535,-0.27818623,-0.12362938,0.08176244,0.33057478
22922,-5.44307,-0.037363596,-0.88068867,-0.5447266,-0.3089387,0.020429062,-0.5048077,-0.4158295,-0.10681509,0.4239275,0.26794055
22923,-5.293347,0.19286834,-1.3058947,-0.5464842,-0.23566125,0.221054,0.008191984,-0.31758386,-0.15602845,0.27089393,0.3532459
22924,-5.0587735,0.15778619,-1.0165422,-0.37693155,0.1401362,-0.037215028,-0.06217567,-0.10046925,0.026007872,0.3934671,0.35446152
22925,-4.6741233,-0.24161835,-0.8021278,-0.45817956,-0.048232146,-0.18167993,-0.10520939,-0.2598923,0.119238995,0.31892884,0.3149147
22926,-7.35989,0.1204302,-1.081278,-0.6289725,-0.19781613,-0.3388142,-0.16415665,-0.06121502,-0.5385733,0.13209179,0.66225344
22927,-6.0354233,-0.02498458,-1.2563562,-0.1752784,-0.07479515,0.43783832,-0.062294833,-0.17565629,-0.14237957,0.40831935,0.18079017
22928,-5.362866,-0.17259707,-0.93079126,-0.7348791,0.07559947,-0.41940427,-0.09407722,-0.29475608,0.113068804,0.38918445,0.2158274
22929,-5.1658382,-0.031475704,-1.2692943,-0.44261903,0.1926617,-0.03039255,-0.085192576,-0.10562189,0.10461707,0.5441351,0.30461004
22930,-5.657055,-0.048095994,-1.3000219,-0.65160125,0.3412809,-0.05029866,-0.4812037,-0.019913998,0.095565826,0.30705127,-0.05019661
22931,-5.93847,0.08211882,-1.3753501,-0.54802406,0.054794043,-0.11226724,-0.33973607,-0.026832668,-0.015192961,0.59803563,0.17828456
22932,-5.1769586,-0.17675452,-0.98954827,-0.90094805,-0.07399884,-0.042608585,0.109657764,-0.06511108,0.17631884,0.6049587,0.21238989
22933,-5.2847667,0.115272306,-1.0548561,-0.8741867,-0.42092913,-0.30105537,-0.28825882,-0.15961419,0.013505797,0.3166726,0.45756894
22934,-4.9509377,-0.12108138,-0.86383235,-0.6268232,-0.35178143,-0.031482413,0.06680196,-0.13798344,-0.2509141,0.16356252,0.28651506
22935,-5.9209647,0.011485675,-1.0333863,-0.4373375,0.026884122,-0.23007058,0.1231805,0.19900067,-0.0986789,0.44419748,0.35407123
22936,-5.5029287,-0.088781975,-0.94060713,-0.6978217,-0.050800685,0.182341,0.13669994,-0.07798837,0.00077871606,0.44594896,0.30463827
22937,-6.2460814,-0.12588684,-1.074517,-1.0594357,-0.15331386,-0.004799595,-0.25060433,-0.41196463,-0.0355819,0.18828502,0.35258147
22938,-6.275888,-0.14426556,-0.86704034,-0.70397335,-0.37198296,-0.41327852,0.052628573,-0.28285453,-0.37135878,0.7098572,0.16153722
22939,-5.8764496,0.18995282,-0.98276967,-0.6164783,-0.34231597,0.022815734,0.20137434,-0.6539942,-0.02337212,0.37525168,0.33261102
22940,-5.841691,-0.34504408,-1.2054442,-0.6640573,0.07649909,-0.06817326,0.22368833,-0.094828926,0.10692881,0.49786612,0.18799421
22941,-4.0953183,-0.021939933,-0.7880225,-0.44524136,0.021142216,-0.13029467,-0.14465982,-0.13143004,-0.15403341,0.4699979,0.21277484
22942,-6.0157185,-0.2735099,-1.2831998,-0.7314308,-0.2695189,0.27672577,-0.19002533,-0.2875926,0.09945688,0.6977723,0.34626967
22943,-6.8177886,-0.18003407,-0.9851987,-0.60002583,-0.47002497,-0.31719923,0.19099563,0.07275426,-0.23734991,0.59739625,0.40959913
22944,-4.338299,0.10871077,-1.0019075,-0.5461126,-0.108936496,0.05777333,-0.17941448,-0.09835033,0.3886199,0.40956312,0.2953809
22945,-6.186486,-0.022529967,-1.3230337,-0.9157291,-0.3863063,-0.12791958,-0.055258423,-0.3387075,-0.15730917,0.36266267,0.3349577
22946,-5.6624336,0.19528477,-1.3944862,-0.30735064,-0.14006394,-0.019355027,0.0667735,0.16490065,-0.20942095,0.3135534,0.43789813
22947,-5.045757,-0.07709837,-0.84535193,-0.8839833,-0.25952458,0.013577843,-0.030234702,-0.11634015,-0.10247177,0.4521829,0.35483423
22948,-6.094461,-0.038792677,-0.79330087,-0.89319414,-0.1800282,-0.13644867,0.11284101,0.21507141,0.24936931,0.5556783,0.31350285
22949,-6.51474,0.081545204,-1.6103913,-0.5701004,0.067141436,-0.11431246,-0.26362577,0.081336446,-0.27730727,0.12931874,0.14295657
22950,-6.3167996,0.09478898,-1.1749921,-0.661724,-0.13762309,-0.089143015,-0.028319258,0.29495382,-0.05289778,0.9175265,0.19498351
22951,-6.4054713,0.05796458,-1.2870506,-1.0133455,-0.35845774,-0.12019797,0.43261218,-0.0537164,-0.10111383,0.65191036,0.55983716
22952,-5.192266,-0.090166226,-1.1309836,-0.6784838,0.31484073,-0.15319525,-0.21915571,-0.122782074,0.040845484,0.21878691,-0.23762295
22953,-5.498238,-0.31696737,-1.0563977,-0.5181021,-0.092315644,0.13409671,0.0016711839,-0.019906955,-0.15196282,0.5582004,0.3974489
22954,-6.363437,-0.058149528,-1.6541803,-0.83053213,-0.11240597,-0.1667918,-0.026086979,0.027705282,0.35465634,0.4925423,0.343958
22955,-5.0265627,-0.15017422,-0.7964566,-0.8322827,-0.08051046,0.077471755,-0.16630764,-0.56027204,0.2682019,0.21917501,0.3860739
22956,-4.749234,-0.34169495,-1.1181916,-0.33826098,-0.311645,0.10181496,-0.1957015,-0.32371694,-0.104555525,0.4521083,0.2689421
22957,-6.143625,-0.26762635,-0.9271574,-0.58212024,-0.3517646,0.23233043,-0.14072666,-0.3331638,-0.2739242,0.44202176,0.31154668
22958,-4.9070888,-0.19194898,-1.0331787,-0.5106813,-0.006398614,0.07947283,-0.16594699,-0.33989626,-0.08654341,0.3343272,0.15316768
22959,-6.018802,-0.17294624,-1.0820742,-0.600205,0.41795066,0.054967813,0.026545752,-0.56966925,-0.12908341,0.29546586,0.02579426
22960,-3.766791,0.07605307,-0.8390897,-0.40452987,-0.063894935,0.32197118,-0.28008607,-0.21431732,0.10998769,0.32318684,0.14102143
22961,-7.278197,-0.084730655,-1.2673336,-0.6374302,0.17819871,-0.045773678,-0.51204747,-0.5008958,-0.24197485,0.0880426,0.5341185
22962,-3.9008346,-0.097087644,-0.38978073,-0.33503452,-0.10145826,0.051273797,-0.1000763,-0.2946004,-0.14825676,0.2302401,0.03836439
22963,-4.981401,0.0036089406,-0.9315058,-0.7648025,0.14642881,0.03150158,-0.40202782,-0.47464538,-0.057435818,0.22548738,0.34023872
22964,-4.306968,-0.13177963,-0.7230778,-0.24911335,-0.041653115,0.11997396,-0.2635121,-0.38062066,-0.28251925,0.20797303,0.05974573
22965,-5.53179,-0.29103792,-0.9590228,-0.7152657,0.0036147158,-0.18423711,-0.14530079,-0.112638265,-0.10591309,0.56095964,0.41182864
22966,-4.8317285,-0.07953801,-0.9610769,-0.50238883,0.017896436,0.17017141,-0.03124392,-0.15295446,0.058394507,0.2906814,0.26049343
22967,-5.037477,-0.10423928,-1.0887446,-0.5042302,-0.003054434,-0.12696362,-0.07451447,0.14921825,-0.104174,0.3044109,0.114647955
22968,-6.559418,-0.30587503,-1.2333468,-0.6343247,-0.6024434,0.2369626,0.21267664,-0.39504096,-0.026596764,0.71324015,0.6932379
22969,-6.4209514,-0.23013529,-0.98829395,-0.9212948,-0.33277646,0.2564866,-0.39041308,-0.80054474,-0.31089804,0.27805543,0.5301014
22970,-4.967744,0.036149293,-0.5796911,-0.5165529,0.017126886,-0.15950462,-0.12025229,0.19229935,-0.24824865,0.29499418,0.33422077
22971,-7.371316,-0.13194077,-1.4066211,-0.88890755,0.4751781,0.20281707,-0.42118022,-0.78929687,0.2566976,0.42828506,-0.19051778
22972,-6.831328,-0.17966528,-1.3528154,-1.5815283,0.1067149,0.43819082,-0.20926054,-0.7089664,0.6615615,0.744035,0.47070312
22973,-4.925719,-0.027185313,-0.88344586,-0.44212407,0.019668594,-0.44091904,-0.02428433,-0.25793886,-0.0678036,0.26268607,0.4348195
22974,-6.256796,-0.5319505,-1.1435578,-0.74156827,-0.53605485,0.07939965,-0.064582996,-0.036362268,-0.21262714,0.5677515,0.5120277
22975,-7.233297,-0.13251537,-1.2133471,-0.5620759,0.056995332,0.15203466,-0.2525471,-0.34271115,-0.12909026,0.31060195,0.08225188
22976,-7.0169287,0.18238702,-1.4535897,-0.6021145,-0.12869532,0.1656899,0.23378675,0.14460468,-0.2740099,0.37037218,0.6724527
22977,-4.7037053,-0.19347754,-0.91392773,-0.54103553,-0.09634258,0.054634914,0.15436411,0.02366843,0.04704453,0.83458203,0.17890215
22978,-5.997531,-0.3297965,-0.9933833,-0.551309,-0.47478795,0.34572208,-0.11568942,-0.28285092,-0.1315964,0.43107274,-0.006334291
22979,-5.593847,0.032034907,-0.72407776,-0.6437355,-0.19211268,-0.205334,-0.009040446,-0.32318494,-0.1782851,0.17760246,0.53865653
22980,-4.1529365,-0.18741073,-0.8358635,-0.4286935,-0.18192331,-0.3017636,0.12469243,-0.19592685,0.19872974,0.58762884,0.26058695
22981,-5.4840865,-0.27376625,-0.9419374,-0.26650614,-0.2965023,-0.369321,0.019575804,0.08524534,-0.22941637,0.074673384,0.5027156
22982,-4.843585,-0.20003766,-0.99761647,-0.44320035,0.05464294,-0.315831,-0.18686356,0.05002868,-0.24317645,0.32177007,-0.10704599
22983,-7.1147733,-0.3424085,-1.5844425,-0.5998922,-0.77334887,0.010310197,0.34416863,-0.09666893,-0.3578319,1.0901744,0.79302615
22984,-4.027484,-0.16909273,-1.0833186,-0.39076024,0.025775308,-0.020838447,0.0378599,0.17806137,0.11663801,0.22034238,0.3389622
22985,-5.4589667,-0.0571577,-1.355754,-0.43867302,0.22618248,0.0016897563,-0.04707175,0.01357617,-0.10986625,0.27800196,0.32313558
22986,-5.633169,0.19242045,-0.96735924,-0.38830516,0.20189151,-0.03076256,-0.08882619,0.36032903,-0.23307382,0.28375566,0.20818096
22987,-5.459986,0.07960162,-1.5368099,-0.7421164,0.23016913,-0.06391089,-0.25305346,-0.3330574,0.06320746,0.18628561,0.5944692
22988,-5.557259,-0.16711895,-1.2857921,-0.8689077,-0.16228878,0.4722284,-0.03051573,-0.4284381,0.08535519,0.58706874,0.432708
22989,-5.4743996,-0.22304523,-1.2543328,-0.9223401,-0.20532513,0.17720579,0.16461779,-0.44699028,0.1775501,0.35521555,0.3746652
22990,-4.9324026,-0.32805783,-0.6662261,-0.478479,0.02734434,-0.06841548,-0.09576731,-0.40520358,-0.0903462,0.31970313,0.1477947
22991,-5.652342,-0.11231353,-1.2464703,-0.64288527,-0.22962047,-0.1786427,-0.21674162,-0.14623371,-0.12036465,0.43996912,0.37549457
22992,-5.7304845,-0.11634882,-1.2124314,-0.5197458,0.06434256,-0.20022164,-0.061808415,0.10011174,-0.12553944,0.38253814,0.12309015
22993,-6.710936,-0.017035149,-1.4597267,-0.6717168,-0.25126597,0.29504824,-0.31030944,-0.017721912,-0.042655505,0.63731235,0.23547441
22994,-5.533754,-0.03070287,-0.83229464,-0.45463336,0.21857573,-0.16255492,-0.011882463,-0.23241605,-0.28777295,0.55782086,0.2151416
22995,-5.0730214,-0.013132391,-0.5939075,-0.48936686,-0.21077228,0.12838261,-0.15439287,-0.2908673,-0.03352905,0.42723048,0.1892702
22996,-6.0180697,0.108076274,-1.1518462,-0.8135063,0.17048177,0.33816254,-0.17979418,-0.38575408,0.33124155,0.54391736,0.045703925
22997,-5.5665894,-0.31108025,-0.8956071,-0.56710565,-0.5055931,-0.06586801,0.2409014,-0.28902802,-0.21612856,0.6041931,0.3408128
22998,-6.201733,0.20249648,-0.993074,-0.48010686,-0.17388836,-0.10127275,0.23109595,-0.21967646,-0.24368934,0.16285127,0.52097595
22999,-5.0801654,0.15035738,-1.1020075,-0.5813785,0.17047037,-0.15933056,-0.008492476,-0.38982543,-0.16531903,0.31045485,0.26536667
23000,-4.74413,-0.05305845,-0.7584099,-0.56991297,-0.14298399,0.05294864,0.25209245,-0.45696595,0.057710983,0.118400894,0.48328316
23001,-4.0297003,-0.12605979,-0.8798993,-0.33778477,-0.14210528,0.0926471,0.14487638,-0.28155825,-0.023232294,0.22102031,0.31751984
23002,-4.9864492,-0.3518762,-0.89803505,-0.62835234,-0.06370327,0.08431313,0.19917488,-0.020753006,0.008512695,0.52382725,0.53939205
23003,-4.9596953,-0.24331225,-0.7757273,-0.54727185,-0.15257654,0.07715159,0.25212228,-0.19932263,-0.0342964,0.42483515,0.33187467
23004,-4.170457,-0.090587795,-0.5880816,-0.57307947,-0.19005445,-0.21958612,0.040429987,-0.32302326,0.24564923,0.25914764,0.26738304
23005,-7.1070166,-0.18237925,-1.4552963,-0.8333349,-0.5538509,0.19547029,-0.25581357,-0.3820779,0.41522616,0.83130103,0.6241223
23006,-3.7150166,-0.20831828,-0.6552611,-0.66269284,-0.1536959,-0.021312272,-0.29680333,-0.18894662,0.07373085,0.16250673,0.19887453
23007,-5.9085107,-0.016343728,-1.0275543,-0.44787133,-0.21266761,0.10523635,-0.12633894,-0.31381106,-0.17103013,0.1307744,0.34968543
23008,-4.896731,-0.23555948,-1.2265643,-0.75036585,-0.2834884,0.2995991,0.28839165,-0.17680064,-0.007059237,0.20870905,0.40680534
23009,-6.226763,0.16143015,-1.2815298,-0.6380389,0.0023586852,-0.047658566,-0.14903347,-0.14194463,0.029667422,0.28365293,0.2850132
23010,-4.7099895,-0.13983768,-1.1774658,-0.8068225,0.27576527,-0.20809972,-0.17668353,-0.358317,0.10406216,0.105769806,0.1477887
23011,-5.1569033,-0.40899706,-0.95278716,-0.3892779,-0.107367486,-0.27421212,-0.001528806,0.058990523,-0.07196459,0.59856826,0.4668332
23012,-5.4264464,0.010510881,-0.95029724,-0.6789739,-0.24913916,0.24554385,-0.37043998,-0.69738245,-0.10972041,0.08212196,0.04755199
23013,-4.818329,-0.36794603,-0.6258411,-0.63311625,-0.27947918,-0.018232614,0.20777841,-0.16315465,-0.15767409,0.46319664,0.2280384
23014,-5.731317,-0.5401205,-1.150674,-0.8648648,-0.18232735,0.063540936,-0.013773023,-0.38417184,0.14475441,0.5136586,0.23497102
23015,-5.615581,-0.10095083,-1.1161706,-0.50236565,0.06314094,-0.18133688,-0.33788234,-0.18967071,-0.13387996,0.31295973,0.053285953
23016,-4.7399373,-0.014664636,-0.96058774,-0.5470448,-0.30711848,-0.035767637,-0.14537752,-0.30916223,-0.17825049,0.59424824,0.15727164
23017,-4.5366154,-0.17887254,-0.7502908,-0.4316554,-0.35129538,-0.18288796,0.23703198,-0.14466141,-0.24067126,0.33290908,0.31130645
23018,-5.2960467,-0.03410576,-1.1329118,-0.6235581,0.12240573,-0.039328028,0.09832985,-0.3565738,0.37436804,0.49834132,0.05704962
23019,-5.9904175,-0.095847346,-1.0824212,-1.0501095,-0.62797344,-0.16004919,0.042481296,0.034163523,0.007801531,0.3801784,0.6009503
23020,-4.5427523,-0.016425647,-0.9303964,-0.22148594,-0.09690992,0.26211274,-0.28909808,-0.05370278,0.005806803,0.60890573,-0.115442105
23021,-6.9799266,0.020337641,-1.3225397,-0.2730338,-0.086887546,0.38680744,-0.41128615,-0.0150566455,0.014187815,0.8043684,-0.14565536
23022,-4.331326,-0.2244636,-1.0392699,-0.60666376,-0.14472356,-0.042220008,0.18606782,-0.11691407,0.08009929,0.30733985,0.12888987
23023,-4.17361,-0.13793871,-0.7857478,-0.63964146,-0.046434104,0.068001136,-0.013860325,-0.02605314,0.2796883,0.4734456,0.25253415
23024,-7.3805933,0.12832892,-1.4609643,-0.5374285,0.002116588,-0.34743327,-0.29088855,-0.23597442,-0.067165695,0.17246154,0.52170557
23025,-6.7292175,0.15729071,-1.1631117,-0.83800036,0.04045726,-0.015776124,-0.035370488,0.13625686,-0.1650108,0.53576994,0.42680904
23026,-5.735399,-0.14922476,-1.3890908,-0.43567297,-0.2582673,0.72623295,-0.24270703,-0.32066336,0.14210962,0.6230121,0.2821447
23027,-5.0722575,-0.20083593,-0.95146585,-0.6137894,0.011013081,0.08827884,0.2007444,-0.45642394,-0.38618279,0.4194739,0.1671969
23028,-6.530442,0.00890582,-0.8342321,-0.70575035,-0.21216626,-0.088781975,0.122393735,-0.28024304,-0.19063444,0.22636545,0.6672959
23029,-6.4327807,-0.05069822,-1.447983,-0.49871504,-0.1682201,-0.115857475,-0.18764764,0.17047825,-0.12940386,0.64399636,0.40664932
23030,-4.213326,-0.09052662,-1.0475415,-0.62035394,0.30093667,0.096661,-0.12755585,0.07918394,-0.023023566,0.3576288,0.29931563
23031,-4.570094,-0.41496816,-1.01513,-0.5036214,0.18936817,0.10725701,-0.19105604,-0.52893335,0.24363849,0.43151927,0.3931579
23032,-4.8054423,0.067954645,-0.84339577,-0.7338217,-0.08252879,-0.19794324,-0.060839064,-0.20091034,-0.11671655,0.63679874,0.46959966
23033,-4.9308815,-0.46757427,-1.2135141,-0.6099439,0.018561816,0.27502018,0.32118195,-0.13105808,0.13090648,0.58474666,0.39297584
23034,-5.4073753,0.18062338,-1.1189526,-0.75487477,-0.019096054,0.05449891,0.17879052,-0.056186587,-0.22122951,0.38244328,0.50077546
23035,-5.240303,-0.18152781,-1.2307932,-0.38492128,0.06107937,0.40710914,-0.043501347,-0.28210467,0.08855457,0.49948764,0.13471994
23036,-4.4038773,-0.2052435,-1.0906743,-0.5625943,0.10325658,-0.015470754,0.049156692,0.013337674,-0.11572972,0.30194244,0.43531415
23037,-6.307148,0.056604568,-0.6925722,-0.6471785,-0.39148644,-0.060560778,0.27777654,-0.71944964,-0.23552139,0.144334,0.46162617
23038,-4.7893586,-0.2976811,-0.79225224,-0.57390946,-0.3979535,0.14150003,0.120221145,0.043588035,-0.13371472,0.7894858,0.4318099
23039,-5.725735,-0.15793529,-1.0632261,-0.26446363,0.29303282,-0.07837557,-0.48339134,-0.19914901,-0.18847688,0.2909971,0.122415215
23040,-5.8404913,0.022351278,-1.1282865,-0.6037654,0.16459805,-0.22672053,-0.07027157,-0.2662609,0.1420493,0.5064797,0.3438071
23041,-7.8545694,-0.41744748,-1.6615996,-0.87203187,-0.3712429,0.09738345,0.40372455,0.025378674,-0.26454866,0.43170214,1.0541487
23042,-5.460414,-0.34516612,-1.169269,-0.5981193,0.06684865,0.47401005,0.09827947,0.12200487,0.18538298,0.47270244,0.6254751
23043,-7.1366873,0.18537644,-1.544961,-0.828205,0.39512163,-0.038319968,-0.6982452,-0.42252445,0.16999252,0.75821024,0.04726207
23044,-4.822875,-0.04083917,-0.899828,-0.15972443,-0.34703806,-0.21661039,0.30681828,-0.21244244,-0.23235011,0.41113725,0.2775029
23045,-6.507673,-0.23213314,-1.1142428,-0.899709,0.109611675,0.22223742,0.044421215,-0.3664462,-0.19043393,-0.13706562,0.19864278
23046,-4.062043,-0.264475,-0.83795005,-0.39489654,-0.03732436,0.20158695,0.15529396,-0.05340603,0.024661943,0.32365566,0.4988615
23047,-4.963374,-0.28033677,-1.0369277,-0.756478,0.18355349,-0.15528923,-0.2964381,-0.15671377,0.15276615,0.6869464,0.01394005
23048,-5.977377,-0.25957158,-1.0839206,-0.543151,0.11568317,0.06709417,0.07296764,0.11347035,0.043068804,0.658731,0.4898
23049,-7.0358396,-0.15953793,-1.3101432,-0.7939622,-0.44278386,-0.114737436,0.012913949,-0.13865438,0.05193778,0.65059775,0.3762964
23050,-5.783268,0.10781701,-1.1537179,-0.63675153,0.18580858,-0.34391427,-0.059163995,-0.03415446,-0.22708482,0.31010816,0.35516262
23051,-6.1034613,-0.1968113,-1.3496478,-0.85508,0.10650418,0.36433923,-0.02855742,-0.01188717,0.17655979,0.29285756,0.30823478
23052,-6.9869404,-0.2184854,-1.1622555,-0.42997128,-0.12668933,0.3816439,-0.36272496,-0.19003825,-0.18549529,0.38196734,-0.034514595
23053,-4.744269,-0.24810947,-1.1048955,-0.3470205,0.013842061,0.20690954,-0.13075466,0.048998438,-0.14030227,0.35122457,0.4236572
23054,-6.227865,-0.050811663,-0.8408218,-0.5158535,-0.09366634,-0.25248814,0.30374116,-0.14134023,-0.28481525,0.17622252,0.31743312
23055,-5.102556,-0.37859336,-0.9526998,-0.5962238,-0.16573498,0.10313809,0.026084367,-0.20134826,0.025379393,0.29046986,0.59917086
23056,-6.0411587,0.3025358,-1.206484,-0.40755224,0.05471335,0.039131757,-0.24391554,-0.0519107,-0.16355474,0.15239683,0.47265396
23057,-6.0160813,-0.11283498,-1.3933686,-0.97099435,-0.23955147,0.01750894,-0.0714383,-0.25661272,0.03397596,-0.03712389,0.6582038
23058,-6.1798544,-0.107121155,-1.0627453,-0.8810598,-0.14856349,0.014653023,0.1290975,0.06034057,-0.031141432,0.24595721,0.6376807
23059,-6.050448,0.08931821,-1.1515381,-0.92216355,0.00047862763,0.3730269,-0.014232735,-0.5534443,0.12609059,0.53033143,0.5756854
23060,-5.3299484,0.005294045,-0.88783115,-0.7247256,-0.38420317,-0.05447773,-0.18089257,-0.31856585,-0.15795839,0.35529423,-0.014162338
23061,-5.2893796,0.01316781,-1.0283207,-0.55518836,-0.06714544,0.4466768,-0.12495268,-0.28884006,-0.07292269,0.26461875,0.116111726
23062,-5.70125,0.13056459,-0.9604532,-0.31442887,-0.08045925,-0.042413868,-0.03143151,0.13470301,-0.19226941,0.36576197,0.058852036
23063,-4.8374486,-0.21885727,-0.79895884,-0.4474217,0.026907215,-0.03923788,-0.46879613,0.019781658,-0.21956934,0.2420158,-0.16572139
23064,-5.6888294,-0.18485802,-1.077416,-0.62647825,0.038984597,0.57294136,0.15256053,-0.73383284,0.034995057,0.18157257,0.1577228
23065,-4.710888,-0.17197308,-0.97315496,-0.6892517,-0.21243547,-0.030740649,0.06919158,-0.1527218,0.047963277,0.34706643,0.0043253265
23066,-6.02907,-0.34223226,-1.3129952,-0.13958274,-0.33116552,-0.24996822,0.22354558,-0.007467862,-0.29861784,0.51541895,0.45654026
23067,-4.2161965,-0.13565765,-0.8894596,-0.490933,-0.09995883,0.19673964,-0.28454825,-0.17982008,0.04400949,0.37829235,0.06731886
23068,-4.3968363,-0.13973993,-0.83291507,-0.5261105,0.09572152,0.012984831,-0.09808168,-0.18292443,0.17705719,0.4707998,0.20451525
23069,-5.69428,-0.13366687,-0.65001607,-0.4093801,-0.27081466,-0.07302385,0.109797336,-0.16726123,-0.35703617,0.1372013,0.48086694
23070,-4.9203506,-0.21058369,-0.6923871,-0.4945128,0.019602636,-0.13912238,-0.008123842,0.067626595,0.020901507,0.21163389,0.25353435
23071,-5.5816283,-0.2026167,-1.1100085,-0.6721717,-0.31317425,0.1843164,0.14585967,-0.07269708,0.09733009,0.36084917,0.87766093
23072,-5.674309,-0.3285814,-1.136598,-0.73416567,-0.18424882,0.1277811,-0.13630487,-0.31384447,0.13968627,0.89569134,0.16054438
23073,-5.480976,-0.115884945,-0.83737326,-0.630728,-0.06872497,0.035080377,0.0555297,-0.54996455,0.060569428,0.28878117,0.3221236
23074,-5.5812883,-0.0014033159,-0.9199826,-0.72625446,-0.33419952,0.01986598,-0.012697457,-0.416906,-0.0033699032,0.2112051,0.42096922
23075,-3.8378804,-0.09607831,-0.8632754,-0.4502053,-0.18337592,-0.20075835,0.28974843,0.07734937,-0.15025531,0.23555373,0.27884597
23076,-5.492756,-0.14969169,-1.1076248,-0.4525382,-0.19035608,0.15525453,0.22080927,-0.043098286,-0.020844137,0.41424304,0.36935604
23077,-4.689153,-0.08780812,-0.71360314,-0.5634171,0.00081286766,-0.045432564,0.11140486,-0.5355761,-0.1818177,-0.079075694,0.060817674
23078,-5.434085,-0.26248747,-1.1794759,-0.7163218,-0.49747884,-0.039386153,0.033654794,-0.07890403,-0.2293527,0.6908809,0.5513916
23079,-5.0800314,0.14102708,-1.0411218,-0.78246385,-0.29189733,-0.5347222,0.06633679,-0.09544198,-0.3068824,0.63395214,0.5223999
23080,-7.4506125,-0.13233495,-2.014452,-0.7986266,0.16514827,-0.1694574,-0.0774302,0.006680891,-0.16471492,0.557035,0.7876144
23081,-6.0385537,-0.24007191,-1.4312483,-1.0334349,-0.42519203,0.18552195,-0.14942177,-0.19921464,0.4650997,0.7112285,0.17366286
23082,-5.3161664,-0.078145094,-1.1694944,-0.34200725,-0.08501396,0.26642054,-0.13419957,-0.30552584,-0.24112837,0.2095677,0.08683183
23083,-4.935629,-0.40677324,-0.91574085,-0.6025819,-0.26003832,-0.023758274,-0.26980042,-0.15750152,-0.18788016,0.24530247,0.3713278
23084,-4.8149877,-0.19970328,-1.1935163,-0.33224046,-0.18188411,0.038661484,-0.30446076,0.4099575,-0.008942781,0.2994762,-0.041199394
23085,-3.964376,-0.2360373,-0.9254526,-0.35289395,-0.26253268,-0.21092102,-0.009784616,-0.06399148,-0.10589414,0.34904963,0.4713757
23086,-5.6821723,-0.038792253,-1.1083215,-0.29915667,-0.026143735,-0.17051376,0.12871002,-0.17481713,-0.16542232,0.2748001,0.4419098
23087,-6.2434835,-0.21492843,-1.1403123,-1.1205792,-0.14260085,0.222183,-0.008344836,-0.67776966,0.19202355,0.26480687,-0.011490489
23088,-5.4888005,0.18571185,-0.9043414,-0.47394145,0.053538155,-0.13539906,0.004790456,-0.19219436,0.042304654,0.32738343,0.2113133
23089,-7.3408246,-0.535767,-1.694168,-0.68693787,0.41376275,0.53051203,-0.32605627,-0.081352904,-0.080745414,0.44736168,0.12719092
23090,-5.5336676,-0.0050444193,-0.86532587,-0.5444088,0.19744776,0.108633615,-0.43143696,-0.064783856,0.082660586,0.58519596,0.09365746
23091,-6.24413,-0.19951259,-1.3438531,-0.7497143,-0.3957305,-0.15615113,-0.048452783,-0.35175437,-0.14594874,0.57337826,0.23587134
23092,-6.5013933,0.048623316,-0.7492697,-0.6256603,-0.02200467,-0.35685003,-0.11837263,-0.43942827,0.08144958,0.19929661,0.66067916
23093,-4.747132,0.08797891,-1.0477717,-0.5195454,-0.20850089,0.10862881,0.12992963,-0.16415617,-0.044959337,0.5240596,0.27437174
23094,-6.2314367,-0.49197337,-1.6374781,-0.6131406,-0.267709,0.038070794,0.0353858,-0.34773344,0.015875528,0.5135672,0.26082405
23095,-7.176373,-0.5083587,-1.2540133,-0.99540126,0.49053717,-0.054875046,-0.3198134,-0.33610094,-0.002294911,0.39008424,0.3255514
23096,-6.274662,0.08810788,-1.1208124,-0.75901085,-0.5783314,0.08859845,-0.30594018,-0.827656,0.10844518,0.39738473,0.38724953
23097,-5.0215726,-0.11446912,-0.8162192,-0.69206524,-0.33460382,0.26589435,0.027172271,-0.17171958,-0.104131855,0.41491812,0.3332456
23098,-5.1760845,-0.18089744,-0.8265525,-0.7087647,-0.22511928,0.2955572,0.1262251,-0.38748387,-0.042316593,0.326311,0.5076061
23099,-6.2188606,-0.21437493,-0.7231113,-0.8609509,-0.5849487,-0.03751406,0.2560514,-0.47100806,-0.50287896,0.17994101,0.45597005
23100,-5.3187175,-0.15003748,-0.9826142,-0.56801367,-0.23570293,-0.13590017,0.20116612,-0.029134361,-0.03890673,0.24436446,0.431821
23101,-6.680483,0.0038062497,-1.3593539,-0.626407,0.37265307,0.14719348,-0.15673861,0.014993725,-0.14818406,0.48748764,0.14556451
23102,-3.357728,-0.061426442,-0.72216773,-0.27088228,-0.25076,-0.10104346,0.10575511,0.0130660515,-0.06788086,0.2715664,0.08820416
23103,-4.335114,0.021154031,-1.0980395,-0.46292827,-0.19503272,0.06284939,-0.12048202,0.02979701,-0.0035198852,0.5922139,0.59340763
23104,-5.7094812,-0.043540854,-1.4419837,-0.7955731,-0.37930122,-0.33212084,0.31870455,-0.11506837,-0.011939807,0.59104246,0.60259837
23105,-5.493264,-0.20245595,-0.76159656,-0.66530406,-0.30019367,-0.35485852,0.044529747,0.042462222,-0.37444538,0.1313324,0.54605913
23106,-6.7120442,-0.041729555,-0.8548909,-0.7208976,0.035310227,-0.43461126,-0.16057031,0.116756536,-0.029194517,0.22323473,0.37599352
23107,-5.961695,0.013459317,-1.123146,-0.41603613,0.03760496,-0.08655925,0.0015442865,-0.3301659,-0.2191592,0.37237072,0.027290627
23108,-5.5247364,-0.2616759,-1.2714185,-0.4143373,0.3719656,-0.01689884,-0.16119528,0.19388144,0.07043308,0.40827608,0.32040963
23109,-3.8522248,-0.13921799,-1.0057132,-0.3385873,-0.040296312,0.17801237,-0.09458673,-0.3375295,-0.05087801,0.07677894,0.13104855
23110,-8.938643,-0.27112907,-1.6239882,-0.79752135,-0.71743315,-0.18676344,0.49883357,-0.25956422,-0.13745674,0.30911604,0.90352774
23111,-5.0996485,-0.11792487,-1.0399318,-0.72157323,-0.4889628,0.09586753,0.1796301,0.28050542,-0.057307303,0.94358325,0.26177242
23112,-5.536445,-0.42786413,-1.3843946,-0.12988004,-0.17316674,0.025550745,-0.13427052,-0.05764647,-0.29035383,0.37590057,0.33666107
23113,-5.3668733,-0.234094,-1.017044,-0.7534698,-0.3822476,-0.03868154,0.20773773,-0.18385974,-0.2643345,0.43733862,0.546181
23114,-6.242348,-0.12653142,-1.4787563,-0.5429216,0.008496466,-0.13258006,-0.26593605,-0.43031898,-0.39724767,0.1794392,0.2578604
23115,-5.4086857,-0.15254393,-1.1101618,-0.39863208,-0.37803027,-0.19429831,0.19657196,0.076831564,-0.3225244,0.4487087,0.3864388
23116,-7.996677,-0.13375679,-1.3992114,-0.8181921,-0.19723909,0.4956941,0.13212049,-0.33487374,-0.009840593,0.43777642,0.4904549
23117,-5.584238,0.04253066,-0.91694814,-0.6112073,-0.29060793,-0.2535351,0.10730905,-0.37607226,-0.056351423,0.60125333,0.2871428
23118,-5.2839985,-0.02259498,-1.2200736,-0.6868316,0.004778823,0.12642461,-0.021569438,0.027901083,0.11529735,0.1531344,0.39675203
23119,-4.0099235,-0.30305246,-0.73103845,-0.35386205,-0.310571,0.2214207,0.05372061,-0.098128036,-0.31983382,0.19889286,0.2596285
23120,-6.4015746,-0.40982378,-1.5839851,-0.93992513,-0.019042961,0.06496857,-0.21418421,-0.06583856,0.15645169,0.8216468,0.6545291
23121,-5.6680984,0.06271101,-1.3401182,-0.9639739,-0.47746623,-0.16302988,-0.26914233,-0.3618627,0.27971122,0.29039514,0.65370435
23122,-4.0477943,-0.103545964,-0.8394971,-0.4413636,0.025497435,0.040365055,-0.22448784,0.071941234,-0.07941579,0.45880193,0.15007553
23123,-5.288124,-0.04876852,-0.93896735,-0.8264351,-0.41827276,0.01808324,-0.11724917,-0.40582007,0.36611778,0.8931623,0.34530655
23124,-4.8349075,-0.029392287,-1.1338979,-0.14302948,-0.07614384,-0.03197774,-0.28308532,0.027237888,-0.4022094,0.08736986,-0.037176117
23125,-6.961626,-0.41017693,-1.4715229,-0.46104825,0.28100714,0.5775364,-0.20510715,-0.098332666,-0.23399125,0.20934395,0.28407302
23126,-4.9201665,-0.010528014,-1.2759349,-0.55025434,0.32816997,-0.030826297,-0.27671885,-0.14679754,-0.1695746,0.49636933,-0.014479489
23127,-5.659623,0.026652053,-1.3855805,-0.58503944,0.23432238,0.31942588,0.1655534,0.10206761,0.13867497,0.2569915,0.2614155
23128,-5.5482054,-0.15439714,-1.002242,-0.69133276,-0.4365868,0.107007295,-0.0887273,-0.4306713,-0.017804096,0.27230898,0.38310477
23129,-6.1515822,0.045321327,-1.6644198,-0.3844583,0.20187066,0.6329713,-0.007900494,-0.17297475,-0.23225075,-0.065601036,0.33580548
23130,-6.623928,0.06779428,-1.1157347,-0.774605,-0.23747712,0.008347241,0.13812402,-0.38337946,-0.16550776,0.28449702,0.1169759
23131,-5.326672,-0.04128805,-1.110533,-0.6837451,0.051937196,0.24064188,0.16991387,0.13357738,-0.037410185,0.2052193,0.26064652
23132,-4.0422254,-0.071231246,-0.9420325,-0.53388685,-0.52309555,-0.007304593,-0.0704897,-0.2389961,0.084939346,0.5229469,0.39324027
23133,-4.3133655,0.016333532,-0.9840855,-0.41281617,0.21652782,-0.0036306512,-0.24314578,-0.25552318,-0.21631244,0.2963138,-0.12910557
23134,-6.151778,-0.40522885,-1.0644873,-0.45463568,-0.2240125,-0.17079636,0.27597865,0.1867682,-0.33140576,0.62184733,0.6148985
23135,-5.377922,0.055184744,-1.0958064,-0.42991,0.03313139,0.07348252,0.027400382,0.03460796,-0.19369215,0.45043632,0.43212995
23136,-5.982257,-0.4227835,-0.98268425,-0.54925275,-0.2769993,-0.29012674,0.13147765,-0.30176723,0.016941441,0.4003652,0.6577164
23137,-6.427279,-0.21909244,-1.0855685,-0.50251436,0.18771608,0.42297977,0.23355334,-0.017744612,0.06502682,0.8496532,0.23432192
23138,-5.264246,0.09105088,-1.349842,-0.24207607,0.09127511,0.37698805,-0.012058306,-0.08178057,-0.19169515,0.19669041,0.33244377
23139,-5.012009,-0.38006675,-0.5900992,-0.40869695,-0.32757285,-0.09391684,-0.040356915,-0.15714513,-0.439699,0.53420603,0.17059511
23140,-5.0088944,-0.022355814,-1.1177161,-0.64400965,-0.21569826,0.13095653,-0.19970168,-0.41405377,0.0969156,0.4235766,0.47167102
23141,-5.5616693,-0.40142113,-1.2159759,-0.38941318,-0.39339092,0.16305713,0.2716137,-0.3856566,-0.13063881,0.32938543,0.82815295
23142,-5.741824,0.0069313925,-1.0799671,-0.43722504,-0.25315145,-0.3529539,-0.03521946,-0.18383878,-0.015287476,0.3535908,0.35072437
23143,-5.9788637,0.023646066,-1.0411698,-0.58535403,0.20560136,-0.023235146,-0.069432504,-0.51541674,-0.22792833,0.3061217,-0.03151809
23144,-3.49971,-0.062192697,-0.70004374,-0.5291483,-0.10479268,-0.22926316,-0.104182675,-0.16880587,0.005607019,0.34578684,0.27730733
23145,-5.855242,-0.4456496,-0.6406629,-0.6898111,-0.2507168,-0.19311295,-0.23320718,-0.3462294,-0.3178879,0.45302686,0.48716602
23146,-5.0800953,0.12645553,-0.9425757,-0.6406685,-0.11205651,-0.056239232,-0.21797004,-0.456252,0.27961498,0.41647664,0.024345288
23147,-6.167453,-0.030456666,-1.4168082,-0.9604503,-0.24511188,-0.16465792,-0.2534299,0.2365607,-0.16670041,0.5110544,0.52453244
23148,-3.8082232,-0.26368895,-0.5221031,-0.28788936,-0.31413925,-0.025983177,-0.04783885,0.03213612,-0.18954834,0.4932145,0.33928674
23149,-6.7696323,-0.2785034,-0.9334209,-0.77985436,-0.2742385,0.39358747,0.28843647,-0.41987777,0.027263667,0.381729,0.4209109
23150,-4.943467,-0.17940198,-0.97359574,-0.5358497,0.035758797,0.017863374,-0.12988405,-0.07265362,0.10306276,0.5376185,0.21346027
23151,-6.5111275,0.06835686,-1.073018,-0.66994137,0.2640425,0.32944894,-0.25801528,-0.31945467,-0.024032233,0.54361564,0.25307617
23152,-6.4454474,-0.19369991,-1.0669049,-0.80970716,-0.044565693,0.033615995,-0.07393933,-0.13176079,-0.10722197,0.15246359,0.5884768
23153,-5.50888,-0.04186049,-1.2791297,-0.60981774,0.1683546,0.21561074,-0.38156182,-0.10216112,0.18437485,0.41461778,-0.14731982
23154,-6.3654046,-0.28997117,-1.3088638,-0.8266434,-0.3292399,-0.009042924,-0.06145812,0.054476894,-0.1538801,0.81221,0.6178147
23155,-4.7897434,-0.3020672,-1.0743549,-0.28545088,0.28382033,0.06116238,-0.31352827,-0.24249479,-0.14278214,0.9820083,0.2979777
23156,-5.9299097,-0.03917079,-1.1068647,-0.5490016,-0.09421308,0.1882067,-0.17944892,-0.20904748,-0.23919939,0.3421167,0.16049281
23157,-4.4330373,-0.31824112,-0.9161965,-0.51958936,-0.27430534,-0.21196266,-0.12012767,0.024245001,-0.24774508,0.5470899,0.19423732
23158,-4.526501,-0.14759323,-0.9093348,-0.4375202,0.06549682,0.063718855,0.078914516,-0.11267655,-0.09681356,0.20567374,0.30878833
23159,-5.2697153,-0.37047437,-1.0806758,-0.8377695,-0.4671325,-0.029317226,0.030108012,-0.060811587,-0.089785114,0.513096,0.85442805
23160,-4.808628,0.17663364,-0.84199196,-0.3908297,0.11676958,-0.1475765,0.18096209,0.020292005,-0.233015,0.21279052,0.14637302
23161,-5.653768,0.21141289,-1.1017972,-0.6242012,0.059690204,-0.22587672,-0.069164224,0.012822384,-0.11382972,0.3560998,0.3298413
23162,-5.700823,0.01035252,-0.78611183,-0.7396479,-0.13500515,-0.03884408,0.4582713,-0.26411638,0.13032457,0.5028426,0.49898875
23163,-5.570332,-0.056777712,-0.86130226,-0.5759817,-0.1584652,-0.2459559,0.12534916,-0.28154722,-0.10270799,0.85727876,0.19443403
23164,-6.7736187,-0.03841015,-1.1595138,-1.1910173,-0.10200932,0.10106758,0.14421716,-0.20297435,0.41428283,0.89675194,0.5623588
23165,-5.7345757,-0.34623244,-0.9038058,-0.61501926,-0.27942976,-0.19319226,0.2738953,0.32212865,-0.12649861,0.6685569,0.41035035
23166,-5.0296383,-0.101819925,-0.9008653,-0.42140302,0.12952462,0.15412845,-0.10794599,-0.40077418,-0.12225279,0.41721657,0.19490725
23167,-6.2229238,0.18742302,-1.7254324,-0.6945386,-0.104741074,0.08596124,0.19527791,0.037300885,-0.2929633,0.22868834,0.49790674
23168,-6.855548,-0.050163817,-1.5806866,-0.94671124,0.071140125,0.12576923,-0.51924294,-0.36037982,0.3739539,0.9343298,0.2184107
23169,-5.049962,-0.13719676,-1.2164708,-0.46003115,0.24439856,0.0984757,-0.25220528,0.19349863,0.009739768,0.27164018,-0.008829773
23170,-5.77955,-0.3350242,-1.1215938,-0.7441038,-0.4549811,0.4161651,0.18409611,-0.21671757,0.0042088404,0.53974915,0.5027233
23171,-4.114172,-0.21754345,-0.8760145,-0.6191225,0.10993192,-0.17759728,-0.021333173,-0.08626636,0.13594538,0.31761804,0.004357294
23172,-6.8415103,-0.17143087,-1.1036266,-0.46133375,-0.30755687,-0.16148713,0.05080555,-0.07941083,-0.13385122,0.43299404,0.21917821
23173,-4.642165,-0.047063023,-0.8165229,-0.45223048,-0.19031765,0.15453205,-0.19775677,-0.43536243,-0.05921685,0.36565492,0.1650257
23174,-4.612257,0.13932082,-0.8078912,-0.37927604,-0.1090563,-0.37429345,0.022919482,-0.22355656,-0.084709845,0.40977255,0.3426509
23175,-5.770353,-0.06185269,-1.2979754,-0.7639576,0.2633177,-0.24946697,-0.4467806,-0.070440814,0.08423251,0.40961713,0.14075501
23176,-7.06793,-0.23964657,-1.5700147,-1.0884957,-0.10309808,0.18541911,0.043755297,-0.10841241,-0.13008057,0.4806313,0.52203274
23177,-5.886737,-0.165579,-1.019949,-0.4253686,0.16440623,-0.13606223,-0.17832324,-0.052341044,-0.2830144,0.5937618,0.15165107
23178,-5.4790635,-0.015482948,-1.1928539,-0.697869,0.11808894,0.16209371,0.112793684,-0.05042942,0.10870761,0.5876555,0.32817042
23179,-7.230248,-0.016300354,-1.4041495,-0.8894309,0.15247625,-0.27989,-0.014049011,-0.25211322,-0.12920831,0.45795214,0.3730759
23180,-4.906152,-0.041331664,-0.94354814,-0.47743,-0.1954792,-0.1852295,-0.0058089653,-0.0067196637,-0.19472572,0.37530774,0.35550216
23181,-5.9829893,-0.134734,-1.2086862,-0.38787925,0.18166202,-0.005704133,-0.03217903,-0.2781272,-0.23675148,0.32480073,0.07434045
23182,-4.9132795,-0.15910427,-0.6800611,-0.5607319,-0.4034618,-0.017761733,0.17389415,-0.39439452,0.090676464,0.16775462,0.40464228
23183,-6.358433,0.029812116,-1.065786,-0.7254187,0.1785707,-0.037121397,-0.42564037,-0.627884,-0.18496622,0.2574919,0.10759011
23184,-5.031842,-0.12304951,-0.5911435,-0.49866605,-0.20788178,-0.32662642,0.025309455,-0.19187999,-0.28195912,0.43256357,0.40021273
23185,-5.3641043,-0.045465335,-1.1688435,-0.35098472,0.08376639,0.16696116,0.10538741,0.18624055,-0.20890981,0.34805006,0.5890222
23186,-7.8522973,0.034724776,-1.8192978,-0.5134339,-0.08079596,0.21554528,0.039862752,0.3653929,-0.45518577,0.5819843,0.6828447
23187,-5.2158284,-0.12618582,-0.8932202,-0.60855794,-0.34251356,0.069833204,-0.03560195,-0.33262184,0.04127574,0.065421626,0.4586096
23188,-6.519162,-0.0789738,-1.0713916,-0.61539435,-0.32866493,-0.27640772,0.26639497,-0.16199213,-0.32882977,0.44924134,0.3549541
23189,-6.138838,-0.38113844,-1.4145206,-0.8559051,-0.117670834,-0.42080337,-0.13317811,-0.18954493,-0.22605619,0.28098473,0.044633027
23190,-7.2210836,0.026707802,-1.0440583,-0.6858154,0.033363488,0.044207606,-0.16500266,0.1327984,-0.2805004,0.16057168,0.5849111
23191,-6.0962076,0.06400762,-1.1850932,-0.8342892,-0.14491554,-0.3160702,-0.13284647,-0.42271486,0.032971017,0.058196843,0.37265167
23192,-7.7363925,-0.10925112,-1.802212,-1.0239846,-0.21640028,0.29904926,-0.2748585,-0.43177593,0.511329,0.93970686,0.26955402
23193,-4.7872486,-0.19992885,-1.0985943,-0.36031666,-0.12857516,0.03453481,0.40923357,0.1367886,-0.1680714,0.42224982,0.30517128
23194,-5.6245036,-0.038712453,-1.2870663,-0.6225579,0.15752754,0.06664349,-0.118096046,-0.09059523,0.15116571,0.519531,0.34193528
23195,-7.743625,-0.40765226,-1.737706,-1.0601575,0.2876175,0.1957131,-0.41306177,-0.512596,0.3658514,0.64059156,-0.4720991
23196,-5.0837893,-0.060211223,-1.2421687,-0.67112446,0.06803177,-0.3893509,-0.1118551,-0.12780166,0.036063436,0.651043,0.06188243
23197,-4.4174614,-0.11013309,-0.6972473,-0.50829923,0.0012692031,0.0044591995,-0.17560689,-0.3190867,-0.04783736,0.37328145,0.04296849
23198,-6.213268,-0.08307441,-0.7848328,-0.54846877,-0.0452969,-0.200918,-0.49692574,-0.18987009,-0.2603472,0.567074,-0.04191343
23199,-6.554115,0.10203183,-1.3897053,-0.9116684,-0.32915708,0.40321594,-0.02733351,-0.57967126,0.2469487,0.46322575,0.28280196
23200,-4.732637,-0.3058301,-0.87810236,-0.4092793,0.0078064203,-0.11102027,-0.037474174,-0.26712823,-0.13493878,0.2835405,0.12007725
23201,-4.1077094,0.13603988,-0.8632134,-0.42352313,-0.10234478,0.04751152,0.0878293,-0.19723749,-0.044483118,0.19202782,0.17588878
23202,-4.5271955,-0.051965542,-0.8325158,-0.47899047,-0.06472235,-0.007392172,-0.07985616,-0.13594228,-0.00071119517,0.47076657,0.14840947
23203,-6.046333,-0.21502104,-1.0200406,-0.8077949,-0.15805419,-0.12271185,0.24326092,0.07192084,-0.23610376,0.23223239,0.4781136
23204,-5.7240314,-0.13559106,-1.2182645,-0.94575244,-0.07584679,0.02413312,-0.14639312,-0.62748194,0.4088111,0.5605941,0.41489246
23205,-6.948287,-0.117429554,-1.0745054,-0.89806145,-0.5108768,-0.37455195,0.22122552,-0.2607184,-0.18786514,0.35660595,0.39800516
23206,-4.322386,-0.15197496,-0.9802115,-0.33782053,-0.25038463,-0.27726322,0.006777567,-0.13718209,-0.14394757,0.16124871,0.30343977
23207,-6.012929,-0.043506388,-1.1362178,-0.9512585,-0.06268191,-0.11222596,0.02858916,-0.6940836,0.10278345,0.391157,0.21062958
23208,-4.1733594,0.027592499,-0.8467575,-0.44859666,-0.09039673,0.18098922,0.084292054,-0.032021217,-0.012480818,0.3042898,0.26190034
23209,-5.357015,-0.28832313,-0.97704583,-0.40729424,0.24051967,-0.20504439,-0.396376,-0.37353167,-0.35808474,0.56159604,0.08311539
23210,-5.149973,-0.28805217,-1.1407256,-0.6364888,0.012724612,0.26231784,-0.30312538,-0.0055230223,0.15598814,0.51902306,0.18014328
23211,-5.7232666,0.021361433,-0.9521293,-0.5017042,0.007514084,0.19457912,0.11445031,-0.37070656,-0.042864025,0.06232308,0.4193003
23212,-5.7143407,-0.1605157,-1.0304967,-0.5470531,-0.42418882,0.7387427,-0.08224293,-0.30228657,-0.11169699,0.5380277,0.056165844
23213,-3.8273633,-0.28434214,-0.72435683,-0.47911528,-0.102985315,0.20293845,0.10696222,-0.2578317,0.20580934,0.50950974,0.29521304
23214,-5.052864,-0.037650254,-1.185967,-0.2390784,0.44822297,-0.00848924,-0.10358092,-0.20947264,0.04386602,0.15409711,0.4710458
23215,-5.5086503,-0.10560464,-1.2040359,-0.87917835,0.42303982,0.1563161,-0.20679514,-0.70405453,0.18536206,0.22591816,0.11993451
23216,-4.940792,-0.17263272,-0.7861696,-0.4383084,0.26755354,-0.270266,-0.106667995,-0.2749409,-0.07529654,0.08452849,0.25853282
23217,-5.545789,-0.1821222,-1.4010448,-0.31260738,0.19816002,-0.02336804,-0.19316798,0.34026983,-0.20816785,0.24806634,0.16628677
23218,-5.8191533,-0.06637756,-0.8732066,-0.61888844,-0.7841401,0.2620769,-0.017565954,0.060353585,-0.010397293,0.40717596,0.55682796
23219,-6.9225454,0.022440486,-1.43941,-1.0926896,0.09842979,0.2088672,-0.2595921,-0.37692708,0.24403201,0.58345246,0.31694287
23220,-5.156427,-0.105526194,-1.1240927,-0.8643061,-0.38539082,-0.017891983,0.34600854,-0.28398782,0.07177662,0.7337675,0.3224447
23221,-5.505884,0.12656668,-1.2476852,-0.23194444,-0.13551041,-0.12191154,0.06398327,0.025602536,-0.23684345,0.09096324,0.41057745
23222,-5.698648,-0.053289413,-1.2430084,-0.37991092,-0.5934021,0.28578877,0.15342373,-0.35470697,0.07014419,0.7893753,0.43097875
23223,-5.9997263,-0.003999443,-1.3354411,-0.56604874,-0.014722647,-0.3652529,0.069981396,-0.036658525,-0.02295961,0.3357413,0.21483009
23224,-5.9745893,-0.0828213,-1.0993555,-0.62541157,-0.37348032,-0.44881338,0.21264374,-0.044231698,-0.44431686,0.4017792,0.12739103
23225,-4.836726,-0.14444843,-0.8905961,-0.7211314,-0.277138,0.04198764,-0.07229334,0.10401642,-0.05194705,0.7310293,0.483272
23226,-7.210516,-0.022627566,-1.1585007,-0.7432739,-0.02496253,-0.47310114,-0.005243552,0.009153427,-0.03322216,0.31723452,0.18019539
23227,-5.354837,-0.23361966,-0.85584676,-0.6235202,-0.39239997,0.18402714,-0.34459358,-0.3201229,-0.21752426,0.6118818,0.3705546
23228,-5.182556,0.0069383997,-1.3682373,-0.3631239,-0.0771508,-0.108555764,-0.016600352,-0.17683235,-0.029148111,0.6728087,0.42287296
23229,-6.283036,-0.15043321,-1.3804089,-0.47124106,-0.051898647,-0.25128108,0.08908863,-0.31728807,-0.15190773,0.03796561,0.21887939
23230,-5.493381,-0.4014604,-0.99538714,-0.65845084,0.19074145,0.5077419,-0.066394374,-0.058517896,-0.22951151,0.53687567,0.37633854
23231,-7.623967,-0.21074302,-0.8718995,-0.861001,-0.51265603,-0.37897843,0.0090389615,0.015266833,-0.2601404,0.46924824,0.30697063
23232,-6.1768403,-0.26753303,-1.3353637,-0.99976003,-0.093000665,0.2403471,-0.24016781,-0.16891755,0.071850866,0.82080686,0.6690895
23233,-6.84386,-0.0028384384,-1.0169168,-0.8637062,0.06893201,-0.30522007,-0.08089323,-0.22211806,-0.16717313,0.047445185,0.23113428
23234,-5.4601364,-0.056289356,-0.6530167,-0.5075142,-0.09407434,-0.27979875,0.12017281,-0.22336355,-0.21473157,0.06322876,0.4099558
23235,-6.285475,-0.017527103,-1.3810562,-1.0853677,0.08776502,0.21597157,-0.054004304,-0.052471593,0.3984109,0.7262435,0.094806835
23236,-5.0900598,-0.113036446,-1.1666417,-0.6689631,-0.056966476,-0.095175296,-0.27202204,-0.056888156,-0.014306206,0.30125377,0.11146317
23237,-5.778627,-0.2738162,-0.9380281,-0.87283117,-0.05749818,0.045786444,0.06361581,0.0766575,0.013120376,0.40410456,0.55393887
23238,-5.2878413,0.0069424035,-1.0944523,-0.7986542,0.051747672,-0.056823976,-0.41947207,-0.54721504,0.2788632,0.37855747,0.17255162
23239,-5.369934,-0.13699956,-0.85904086,-0.47111574,0.1437034,0.2615667,-0.3527688,0.025235225,0.011210151,0.0015464425,0.13126686
23240,-3.755592,-0.09739528,-1.0576159,-0.49978834,-0.14629652,-0.05162183,0.024018038,0.09489451,0.05976487,0.16957286,0.23361206
23241,-6.2759867,0.15165469,-1.4049184,-0.9097374,0.32364416,-0.502613,-0.25268474,0.17679235,0.028706087,0.29836932,0.3274276
23242,-7.029607,0.082230516,-1.4343481,-0.45499036,-0.15375029,-0.060673185,-0.107890226,-0.41034165,-0.089903794,0.69657934,0.032541834
23243,-7.474242,-0.34336472,-1.4161521,-1.0706095,-0.23373328,0.32022548,-0.08386972,-0.5483784,0.49013248,0.7887858,0.5876345
23244,-5.449175,-0.22439535,-1.0524995,-0.76820374,-0.27041873,0.2931099,-0.1699916,-0.38544384,0.31868073,0.55578816,0.2829616
23245,-5.6188483,-0.21227825,-1.1658326,-0.73165053,-0.33232623,-0.028641306,0.1956842,0.101744555,-0.14801534,0.4995461,0.40164837
23246,-6.7315426,0.12337813,-1.8355771,-0.6270858,0.21422625,-0.117926866,-0.35325328,-0.44310862,-0.0065671876,0.21166018,0.33430684
23247,-5.3951316,-0.10325425,-0.9916142,-0.39550465,-0.034668025,0.13535911,0.16117448,-0.0063200463,0.036116313,0.5672602,0.30690202
23248,-5.4753537,0.0043136682,-1.1134183,-0.9224862,-0.056529008,-0.0038416889,-0.2892364,-0.28474435,0.20021799,0.3101119,0.5022085
23249,-4.2497125,-0.4709855,-0.8802774,-0.33770403,-0.006420069,-0.00018868502,-0.04270268,0.01303516,-0.18285736,0.66951114,0.121127576
23250,-6.6702027,-0.06601479,-1.3225168,-0.57398844,0.24286303,0.19481526,-0.048345115,0.0055131856,0.28979787,0.4883665,0.24071151
23251,-5.355437,-0.09029869,-1.2453889,-0.65752465,-0.49605304,0.39997214,0.16677046,-0.3780499,0.17464636,0.29433787,0.35447934
23252,-5.229353,-0.35158688,-0.7751164,-0.310722,0.2653296,0.061187338,-0.08423617,-0.0019465024,0.00014013238,0.5292983,0.61460257
23253,-4.5222235,-0.16867054,-0.8889822,-0.51315916,-0.47139755,-0.19391033,0.20450838,-0.31921643,-0.11651942,0.4138472,0.35013378
23254,-6.061344,-0.15227866,-1.4056221,-0.65816045,0.11825502,0.17568325,-0.15470524,-0.19880211,0.30745733,0.8191712,0.24177879
23255,-4.75068,-0.13755018,-1.0007654,-0.45587108,-0.42004457,-0.15710989,-0.16116934,-0.19197652,-0.24897979,0.45403817,0.41864264
23256,-5.3472495,-0.19618765,-1.2796735,-0.45890138,-0.71236366,0.28759867,0.32903746,-0.07381572,0.07721414,0.532641,0.39813593
23257,-4.434557,-0.10191234,-0.41362637,-0.21071652,-0.09983067,-0.07262728,-0.23373638,0.12279475,-0.1801168,0.4288243,0.18857093
23258,-3.7046466,0.0013476573,-0.69366777,-0.47523227,-0.25986803,-0.041706815,0.035897195,0.014255971,-0.059557877,0.48555526,0.3181123
23259,-6.401548,-0.0031333584,-1.1501045,-0.94694203,-0.89312947,0.14502302,-0.20635858,-0.2796582,-0.030758923,0.6989076,0.44028488
23260,-4.5811725,-0.012945668,-0.6350369,-0.69356,0.005512391,-0.12344067,-0.030311793,-0.022292508,-0.07866333,0.42437804,0.13900618
23261,-5.652236,0.025189057,-1.1468608,-0.83662236,-0.081610925,-0.06270884,-0.025852669,-0.0105221495,-0.04084722,0.36118728,0.43511674
23262,-4.9467726,-0.2919645,-1.0573919,-0.83109087,-0.046746828,-0.0045159506,-0.1603203,-0.048429944,0.018091546,0.38411605,0.30170584
23263,-6.522735,0.07023886,-1.2588414,-0.58735937,0.08561732,0.3275925,-0.24127446,-0.42150754,0.0891727,0.5587562,0.20396595
23264,-6.927195,-0.27075452,-1.2433772,-1.0351024,-0.48077434,-0.26714987,0.1041109,-0.18775772,-0.48400044,0.41232842,0.5241292
23265,-5.73341,0.015288878,-1.2201349,-0.6134019,0.13722894,0.7427538,-0.06192468,-0.27313182,0.21548472,0.61624324,0.4967206
23266,-8.727091,-0.091973186,-1.4256109,-1.0064092,-0.35739523,-0.04115243,-0.091229215,-0.094380304,-0.109660596,0.5248483,0.6187364
23267,-6.346096,-0.19425534,-1.1861188,-0.55294824,-0.16506487,0.36705673,-0.02863773,-0.62177926,0.024354208,0.78774047,0.0970558
23268,-5.4363356,-0.08461427,-0.9155152,-0.3938858,-0.35724303,0.20783044,-0.14246133,-0.55895346,-0.0912236,0.32429036,0.12416913
23269,-8.709413,-0.29781994,-1.5423498,-0.9058142,0.16073461,0.14147228,-0.14458558,-0.5990339,-0.3753726,0.13068397,0.14592189
23270,-3.976267,0.10701605,-0.8687946,-0.6163919,-0.13592418,-0.17642425,0.15206257,0.019072033,0.0071177585,0.34633216,0.438028
23271,-5.10845,-0.043497838,-0.7059612,-0.6835551,-0.08837232,-0.26935965,0.079797514,-0.19418149,-0.009601839,0.37862834,0.30148447
23272,-4.919121,-0.40074047,-0.9418526,-0.16567163,-0.06503155,-0.17236812,0.027628612,-0.26249927,-0.24559112,0.40819252,0.2430603
23273,-3.5744524,-0.19387,-0.73701495,-0.48725742,-0.2248844,0.37721062,0.023979045,-0.23767953,0.17748272,0.45746413,0.19953729
23274,-7.6230173,-0.14641377,-1.6967516,-1.1575607,-0.27232012,0.30729336,-0.23221849,-0.08139444,0.06125483,0.91581064,0.53729737
23275,-7.9931574,-0.064361736,-1.5623051,-0.99929893,-0.088999815,-0.121713966,-0.33777413,0.052410416,-0.24056546,0.5694901,0.30480266
23276,-6.2296357,-0.09392055,-1.2097238,-0.3766202,-0.5183295,-0.16356543,-0.088651545,0.06874967,-0.10731891,0.45361122,0.59772354
23277,-5.8533545,-0.123766884,-0.9615085,0.063024536,0.26311648,-0.13096276,-0.27979207,-0.15182294,-0.35005987,0.2764401,0.28906322
23278,-7.7114673,0.0071981912,-1.3511592,-1.0982679,0.33543772,-0.029877644,-0.078046575,-0.3923194,0.37701178,0.55658823,0.54315746
23279,-5.15435,-0.052397072,-0.93073195,-0.47564703,-0.12571636,-0.16771466,0.0061402717,0.107884966,-0.16894634,0.56881446,0.41302958
23280,-4.977932,-0.12287146,-1.0608188,-0.7007562,-0.2077826,-0.21486183,0.21447764,-0.2593792,-0.09200633,0.33425498,0.17264389
23281,-5.4322977,0.23308568,-1.1621712,-0.24366558,0.11711644,-0.019085528,0.28528893,-0.003933714,-0.45648372,0.4277755,0.42513064
23282,-6.763714,-0.20036913,-1.0666866,-0.7430386,-0.13878573,0.09423284,-0.4116947,-0.3285976,0.14789656,0.33133775,0.21378233
23283,-5.5514584,-0.24711026,-1.2493384,-0.50711936,0.2034999,-0.013388228,-0.3254221,0.24290104,-0.049156606,0.47432643,-0.08617771
23284,-6.3958573,-0.081078604,-1.1312261,-0.5957406,-0.7008717,0.07457193,0.39199132,-0.12453721,-0.23845686,0.13737425,0.44056016
23285,-6.333469,-0.14883249,-0.8261919,-0.82229245,-0.79822737,0.030857177,0.12533642,-0.14173594,-0.1165255,0.86888033,0.52531457
23286,-4.686822,-0.103698514,-0.8042841,-0.3416909,0.07521746,-0.18177976,0.038228117,-0.14608268,-0.13777803,0.054816127,0.124038115
23287,-6.709443,0.26883823,-1.1948003,-0.62521905,-0.4132897,-0.20232087,0.033986952,-0.04950329,-0.17334817,0.35337743,0.34252763
23288,-8.511687,0.04084792,-1.9354467,-1.131437,-0.009023579,-0.12724692,-0.2430185,-0.21800435,0.22311106,0.5649533,0.5093172
23289,-3.4466946,0.04890233,-0.9228233,-0.28624403,-0.13609722,-0.18275279,0.105051994,0.05024361,-0.21473189,0.2210587,0.30201495
23290,-4.928179,-0.22454797,-1.3675867,-0.57517254,0.102951735,0.006874915,-0.19800977,-0.13914968,-0.32317108,0.42262435,0.25813755
23291,-6.0341973,-0.04522987,-1.2853575,-0.5786459,0.14754237,0.36082208,-0.06622197,-0.6455909,0.15124454,0.44969192,0.17868446
23292,-5.855406,-0.15316536,-0.79070085,-0.900176,-0.76269007,-0.19334158,0.27388477,-0.003951609,-0.19416961,0.41254526,0.8518966
23293,-5.9952264,-0.20396166,-0.9387694,-0.4900986,0.1927787,0.09402676,-0.46089962,0.16380338,-0.12067419,0.9465979,0.07558033
23294,-4.3279757,-0.20020156,-0.9149749,-0.44316724,-0.3526487,0.116001226,-0.02480299,-0.17759225,0.12614538,0.55361193,0.25054723
23295,-4.2141933,-0.080876395,-0.7400591,-0.39814848,-0.4378828,-0.052370366,0.19415121,-0.22256765,-0.24233441,0.30085135,0.38944224
23296,-6.588766,-0.26804766,-1.1455505,-0.595747,-0.66298395,-0.32520443,-0.04922821,-0.23369133,-0.11653097,0.17624742,0.6786454
23297,-5.6563544,-0.21590368,-1.0712805,-0.6731058,-0.34752244,0.3395449,-0.190562,-0.39842233,0.07397881,0.9343117,0.3579305
23298,-6.4650593,-0.3280158,-1.589901,-0.5578442,-0.21624102,-0.15182066,0.07486874,-0.32458696,-0.16997251,0.6545515,0.6658503
23299,-4.851424,-0.0414157,-0.9932716,-0.41759288,0.20803918,0.11925788,-0.060778305,-0.4714856,-0.066508,0.36412144,-0.16657996
23300,-5.8922324,-0.30828008,-1.4473299,-0.9143247,-0.3575758,0.057310436,0.13536546,-0.40119147,0.15281165,0.623795,0.25924355
23301,-6.2768364,0.13106547,-1.4264189,-0.4577588,-0.17984924,0.1224636,0.13801616,-0.18579699,-0.17527767,0.34401327,0.21769358
23302,-5.7277026,-0.049594313,-0.8770624,-0.6204716,-0.1893915,0.34379518,0.19326222,-0.3283677,-0.19503935,0.40235302,0.29252434
23303,-5.54138,-0.28453952,-1.0816497,-0.7708174,0.18975863,-0.15784276,-0.49208632,-0.18055029,0.11729833,0.5210435,0.046657186
23304,-6.5705276,-0.32087985,-1.127228,-0.7148661,-0.24818763,0.15229404,0.13286217,0.138956,-0.12859389,0.62324494,0.4253974
23305,-4.9603806,-0.25519246,-1.0926018,-0.6253019,-0.34215724,0.23557898,0.047687754,0.0027337223,-0.11959183,0.53968537,0.5856063
23306,-6.9039917,-0.10486988,-1.0929987,-0.67910266,-0.18441492,-0.4852962,-0.18567368,-0.3928017,-0.18364002,0.084932365,0.67410195
23307,-4.544883,-0.21445498,-0.60084844,-0.3143864,0.08258318,-0.026912086,-0.09324937,-0.030991076,-0.15264232,0.22526942,0.19686086
23308,-6.9379396,-0.16955768,-1.196835,-0.47450382,-0.0069016987,0.13379769,-0.14286931,-0.19531304,-0.32721293,0.24069077,0.6549263
23309,-4.889178,0.09735527,-1.1661848,-0.46772218,0.13572809,0.34375024,-0.023836866,-0.15821387,0.15507221,0.66332746,0.16275911
23310,-5.2564836,-0.04895635,-1.584894,-0.82991415,-0.31895584,0.27753645,-0.14766638,-0.45245388,0.012738415,0.43218789,0.50791365
23311,-5.926345,-0.15768369,-1.09184,-0.69632894,-0.17294689,-0.1723728,0.15731563,-0.42081788,0.059984937,0.31510815,0.11848962
23312,-5.4819736,-0.2739738,-1.4400043,0.01606432,0.18107392,0.2929523,-0.0027791886,-0.27207863,-0.12578884,0.12396381,0.16184326
23313,-6.120589,-0.1874197,-1.097875,-0.8506878,0.33233064,-0.014000831,-0.2126562,-0.2991327,-0.019864338,0.7063843,0.20197813
23314,-5.687304,-0.029166993,-1.3794597,-0.2973267,-0.25117794,0.016010433,0.20432548,-0.08384773,-0.25335822,0.326698,0.49208462
23315,-5.2816586,-0.024147622,-1.0483629,-0.6279859,-0.611909,0.4704857,-0.13730255,-0.22923295,0.34467706,0.66774005,0.13755876
23316,-5.3293476,-0.2319076,-0.8620839,-0.26912466,-0.68359864,0.11924201,0.21454051,-0.467946,-0.23054436,0.76380146,0.41427684
23317,-5.109525,-0.32426056,-1.3134518,-0.68240076,0.12937821,-0.11586582,0.032731604,-0.11077802,-0.05059345,0.26164576,0.3593924
23318,-6.09198,-0.19560555,-1.0914874,-0.8184395,-0.23674665,0.0036098058,-0.21231353,0.0332564,0.23058529,0.8766715,-0.031213284
23319,-4.5910287,-0.16861734,-0.8320929,-0.50009376,-0.15538485,-0.020315541,0.2986974,-0.10597001,-0.055581793,0.3759077,0.02436249
23320,-6.466818,-0.348731,-1.5228453,-0.38167313,-0.36950105,-0.15427332,0.22255184,-0.058698505,-0.39842156,0.75320625,0.65401256
23321,-4.6729155,0.107508495,-0.7810968,-0.28327522,-0.10275587,0.07851266,0.17572975,-0.20687082,-0.27927926,0.15386786,0.33416092
23322,-6.8166614,-0.027148228,-1.2523981,-0.645275,-0.03830884,-0.18185274,0.06426332,0.076345325,-0.054666184,0.30329415,0.5494457
23323,-6.341732,-0.29653522,-0.8662971,-1.0486904,-0.28228852,0.251392,0.17857252,-0.33255914,-0.08655585,0.018840125,0.6094436
23324,-6.873193,0.16550457,-1.2147981,-0.4356103,-0.30408302,-0.154937,0.11906101,0.031645313,-0.20314465,0.7121856,0.13960443
23325,-4.6397057,-0.23228508,-0.9002146,-0.51417315,0.13856675,0.06037309,0.030292317,-0.012048222,-0.13126212,0.14355402,0.45060304
23326,-4.2868958,-0.062209178,-0.8394205,-0.31260657,-0.017621668,0.035078812,0.22879547,-0.34935662,-0.22921036,0.5722006,0.25304195
23327,-8.070372,-0.3702489,-1.521199,-1.1088874,0.327654,-0.11748247,-0.052562416,-0.36197704,0.16543347,0.9849153,0.22726963
23328,-5.6171985,-0.061431136,-1.4805591,-0.74382967,0.41093272,0.3606913,-0.31539166,-0.304035,0.46942928,0.63420993,-0.067268275
23329,-6.182542,0.0044365,-1.0672798,-0.47945416,-0.26563767,0.14489917,0.029097304,-0.09088755,-0.20586346,0.5832903,0.5559581
23330,-3.8671348,0.014512656,-1.0417577,-0.60599893,-0.23295905,0.01969897,0.10983139,-0.11841669,-0.20904835,0.23242603,0.09674978
23331,-5.607726,-0.15098281,-1.0636934,-0.4384301,-0.019207908,-0.35811645,0.004599489,0.101075925,0.01561771,0.2919671,0.3360601
23332,-4.9402204,-0.046427775,-1.1997042,-0.7008408,-0.12727685,-0.020256262,0.211134,0.040835567,-0.033094056,0.40725538,0.40601844
23333,-4.280439,-0.102153376,-0.6821858,-0.74314934,-0.28778517,0.0111544235,-0.0273331,-0.19296438,0.13192451,0.21186356,0.32335892
23334,-4.986773,-0.19992608,-1.0939146,-0.23228657,0.40515786,-0.08458853,-0.1718408,0.39062726,-0.046769857,0.35140115,0.05954136
23335,-6.1329484,-0.094562456,-1.1981723,-0.5597274,0.33801517,0.09280787,-0.22859275,-0.22665592,0.056532957,0.49621525,0.25861442
23336,-5.221893,-0.19809291,-0.8768573,-0.45930624,-0.09956046,-0.43522382,0.18410486,0.19421475,-0.08110828,0.4141776,0.0321483
23337,-4.6025443,-0.16668029,-0.91604424,-0.34842396,-0.010398569,0.5415505,0.09221174,-0.60018325,-0.21830776,0.29924735,0.22100087
23338,-5.9515047,-0.24264292,-1.0372478,-0.88552964,-0.3637882,-0.17241149,0.049213897,-0.37621194,-0.06382206,0.06537568,0.81589496
23339,-4.264927,-0.38231048,-0.70703655,-0.7178648,-0.17966537,0.26459903,0.20493929,-0.12887043,0.3185993,0.4996741,0.6291722
23340,-4.5368605,-0.10432376,-0.9426949,-0.65856874,-0.14075033,0.10268897,0.030503135,-0.23230264,-0.083637506,0.41503114,0.16100785
23341,-4.4650397,0.09407949,-0.81816316,-0.38635632,0.060432784,-0.04955722,-0.090937495,-0.076067664,-0.14528371,0.21440703,0.18685415
23342,-5.9435387,-0.37255,-1.3435012,-0.8472896,-0.19092976,-0.18795475,-0.15689375,-0.119466476,0.38534778,0.66903454,0.23518929
23343,-4.329981,0.17330268,-0.58976734,-0.41738895,-0.5336661,-0.08324197,0.04843453,-0.29475084,-0.12939349,0.3517771,0.488211
23344,-5.436915,-0.21257997,-1.0760396,-0.6350624,-0.23126522,0.13014486,-0.20906277,-0.13174833,-0.2949259,0.24123062,0.35213873
23345,-4.396771,-0.120085135,-0.88556,-0.8172807,-0.6543221,-0.033682443,-0.058192417,-0.33624014,0.008512366,0.5557428,0.44195682
23346,-5.619129,-0.299013,-1.5017277,-0.42234477,0.12004007,0.06323071,-0.10671836,-0.10312644,-0.049388476,0.63864434,0.39708406
23347,-4.3916802,0.0063924734,-0.7154962,-0.6600016,-0.0811989,-0.12510817,0.13017948,-0.12444436,-0.022678597,0.29863256,0.28883424
23348,-5.965623,-0.021881133,-1.292743,-0.18666455,0.019532375,0.57118434,0.22159548,-0.30249503,-0.04414905,0.5420556,0.46412337
23349,-6.5527596,-0.20328541,-1.2781622,-0.48096243,0.3522341,0.5053213,-0.3862909,-0.5385606,-0.15015934,0.4901195,0.2681032
23350,-4.966704,-0.017632682,-0.8054026,-0.4277651,0.02885406,0.09443241,-0.09132406,-0.15827711,-0.1645954,0.67930126,0.08551917
23351,-4.405536,-0.044819865,-0.72206044,-0.5308619,-0.30130842,0.16969134,-0.22864081,-0.71343195,0.107284755,0.37416032,0.3436431
23352,-6.01617,0.030269068,-1.4873387,-0.6296552,-0.031830937,-0.03348412,-0.17290112,-0.1406539,-0.012981102,0.21850634,0.41502914
23353,-4.7181787,0.0079986835,-0.94333357,-0.72479916,-0.2967225,-0.10089355,0.123551905,0.010024853,0.21399494,0.46023297,0.471199
23354,-5.337996,0.09702187,-1.0540179,-0.2985736,-0.009893125,-0.22000878,-0.13928007,-0.08217762,-0.15088369,0.27384827,0.37850794
23355,-5.0876026,-0.14961837,-1.0199517,-0.7013558,-0.031519223,-0.19229423,-0.0717728,-0.09551804,-0.023791982,0.5583088,0.09799742
23356,-7.300746,-0.2525415,-1.4341754,-0.998574,0.3384355,0.08286027,0.11061071,-0.74592847,0.33334082,0.49486393,-0.033850573
23357,-4.0438633,0.057455994,-0.79612726,-0.6056621,-0.36948037,0.099208064,0.010048741,-0.30382213,0.0021253955,0.33055553,0.08076985
23358,-4.4716187,-0.033506457,-1.0574352,-0.21061967,-0.1364769,0.29571897,-0.1071819,-0.40523383,-0.04473129,0.49583235,0.13090985
23359,-6.0224433,-0.1880035,-1.198044,-0.67861575,-0.056729265,0.30620086,-0.18306325,0.059964575,0.13859285,0.6540809,0.74764645
23360,-6.8621597,-0.48155323,-1.3387429,-0.7990111,-0.39109954,-0.2729001,0.1950937,-0.16636398,-0.40906847,0.37811267,-0.048282925
23361,-6.9054914,-0.029736258,-1.5695995,-0.18993971,0.15495875,-0.12226975,-0.23521993,-0.09532232,-0.5057788,0.073447,0.4491107
23362,-5.7838345,-0.10526486,-1.5506642,-1.020386,-0.0051334794,0.08689457,-0.21128783,-0.41192737,0.1153784,0.47702616,0.112327404
23363,-6.0860276,0.10875301,-1.4383926,-0.42246345,-0.36206803,0.37626493,-0.050652813,-0.406954,-0.08359719,0.39243662,0.44919994
23364,-4.8796906,-0.3089013,-1.3531934,-0.30734003,0.37948343,0.2829947,-0.061141893,0.08091358,-0.005713897,0.3602196,0.27982542
23365,-4.4341435,-0.16427252,-0.46525547,-0.24284947,-0.36679837,-0.32305807,0.19552691,-0.059922054,-0.41524827,0.44465634,0.19046459
23366,-5.0190935,-0.32105756,-1.3797287,-1.065114,-0.12729108,0.33274347,0.058837514,-0.18854958,0.27285528,0.72978425,0.44465533
23367,-5.572103,-0.0811629,-1.3533841,-0.7845414,-0.13162124,-0.10188106,0.09534196,0.0294498,0.086121425,0.52754307,0.5294026
23368,-6.7870636,-0.13969539,-1.3721021,-0.871961,-0.17115623,0.36549646,0.28938898,-1.0820756,0.12126718,0.52182263,0.2647936
23369,-8.084577,-0.23956591,-1.308422,-0.5439963,-0.34581175,0.0014137775,0.0073977653,-0.60305846,-0.30000004,0.117364675,0.7318105
23370,-4.815893,0.043243717,-0.8155312,-0.32845733,0.10994606,-0.09616991,0.027004164,-0.16634403,-0.311663,0.30999237,0.24325246
23371,-6.1890893,-0.11369672,-0.9154287,-0.49341834,-0.26545444,-0.4759428,0.0011289455,-0.21103604,-0.2934746,0.208589,0.15024897
23372,-5.5080724,-0.26869634,-0.9091447,-0.43201423,-0.0061830156,-0.093163945,-0.08243721,0.06039481,-0.20315452,0.4773696,0.14206435
23373,-5.4911523,-0.1047699,-1.1732998,-0.73004115,-0.26472336,-0.0106555205,-0.06469875,-0.003201766,0.025708081,0.4368452,0.37689194
23374,-5.3932095,-0.17849691,-1.3618699,-1.0009425,-0.06872138,0.1971917,-0.0048239185,-0.23270726,0.31589103,0.36384225,0.57511574
23375,-7.265522,0.19542165,-1.5179613,-0.7077935,-0.12818499,0.11307399,0.08642488,0.11082709,0.01957929,0.83449614,0.40545627
23376,-5.7796493,-0.040387575,-1.0718405,-0.35872275,-0.26836854,0.031082075,0.25375572,-0.27968195,-0.3671117,0.3187468,0.51445436
23377,-6.6835794,-0.17611128,-0.8620341,-0.82045794,-0.2658155,0.09685747,0.1652858,0.15928924,-0.25748453,0.28899655,0.76326907
23378,-5.3518634,-0.22924328,-1.1081887,-0.6247146,-0.17295127,0.02670612,-0.055612884,-0.46200088,-0.16285817,0.49968818,0.1932635
23379,-7.7251635,-0.10464716,-1.2783983,-0.72610044,-0.87319493,-0.12948935,0.24208485,-0.119264565,-0.038627796,0.6401415,0.9888442
23380,-7.798751,0.031997897,-1.8573768,-0.8119507,0.3666491,-0.42379755,-0.3990053,-0.25420755,-0.18610193,0.28189677,-0.11545869
23381,-6.6441565,0.013709644,-1.5612918,-0.96489304,0.40189052,0.27417672,-0.19264498,-0.44865867,0.22549848,0.8953002,0.35574186
23382,-5.598467,-0.043080438,-0.99944526,-0.70512724,-0.10049671,0.015242148,-0.06617368,-0.23192227,-0.07412492,0.46206978,0.07939338
23383,-4.656283,-0.032735538,-0.8201397,-0.73986405,0.095680326,-0.10245421,-0.106684305,0.27900895,-0.09805672,0.64094,0.337515
23384,-5.0050645,-0.14076526,-0.87016106,-0.71899474,-0.3396179,0.25822747,0.04842611,-0.13157776,0.29879645,0.603342,0.3938652
23385,-3.8554215,-0.17944261,-0.9653471,-0.43325233,-0.3228554,-0.15838902,-0.07567542,-0.16214259,-0.22689949,0.6519479,0.051138792
23386,-3.869984,-0.053150896,-0.76459914,-0.56629324,-0.10244567,0.104925185,0.1427833,-0.20900354,0.19636945,0.3653403,0.086753234
23387,-5.7905602,-0.41552535,-1.2481381,-0.36138546,-0.036572486,0.032346793,-0.2762757,-0.40418562,-0.38853312,0.56717664,0.404142
23388,-7.0360537,-0.1579244,-1.6770276,-0.5878186,-0.2979904,0.22850372,-0.25973642,-0.29585385,-0.26035345,0.2926334,0.42223778
23389,-5.404252,-0.10384646,-1.1918997,-0.47186238,0.21234937,-0.20158778,-0.075717665,0.088533774,0.03553629,0.44308248,0.05776373
23390,-4.6769104,-0.17152515,-1.2020001,-0.562184,-0.43157253,-0.099749714,-0.071677335,-0.12601416,-0.01920904,0.41822287,0.5374779
23391,-5.3401165,-0.5138209,-0.85382354,-0.7129138,-0.3736585,-0.17875348,0.22401763,-0.27709377,-0.1998355,0.5479852,0.3693933
23392,-7.2938113,0.011807446,-1.5212462,-0.6748059,0.5957199,-0.02365372,-0.6174212,0.18635032,0.04567621,0.70627356,-0.08738491
23393,-6.538711,-0.17343351,-1.453474,-0.92209595,0.13084872,0.03875764,-0.3789639,-0.37748522,0.3303813,0.8015936,-0.044786487
23394,-4.717057,-0.041037317,-0.95089966,-0.34747592,0.21826446,0.062153958,0.32023767,0.32597226,0.053239882,0.34297588,0.20004582
23395,-5.4441648,0.10707435,-0.9530854,-0.8261936,-0.30779955,-0.15032804,-0.14690456,-0.22491011,0.035998646,0.4678596,0.041935083
23396,-6.106712,0.048423484,-0.9929462,-0.7204676,0.14864998,-0.49179423,0.31571725,-0.2243606,0.0015484514,0.50254136,0.13546257
23397,-4.8511653,-0.03317025,-1.2497027,-0.90548027,-0.1561729,0.09349186,0.10257924,-0.16851926,-0.038561665,0.42447856,0.39500046
23398,-5.0907397,-0.10182841,-1.1103052,-0.42379868,-0.22228187,0.007846691,-0.015661996,-0.2702207,-0.30401677,0.60334665,0.3478515
23399,-4.816342,-0.14492007,-0.94843376,-0.3988162,-0.30745694,-0.30312604,-0.06779913,0.06387952,-0.13092603,0.3352926,0.53987247
23400,-5.0511446,-0.22874303,-0.90132797,-0.8525413,-0.3089107,0.12843287,0.0198147,-0.10890204,0.028015345,0.21320724,0.19061941
23401,-4.5932326,-0.14849336,-0.6552322,-0.56760514,-0.21280782,-0.073621005,-0.10140182,-0.18718293,0.07359485,0.5548806,0.033813324
23402,-5.182312,-0.12841061,-0.97099966,-0.51616895,-0.115613595,-0.11392048,-0.13363172,-0.16439837,-0.27526245,0.3179456,0.28450757
23403,-8.511804,-0.38868278,-1.1136343,-0.8634691,-0.7096384,-0.023271019,-0.18112889,-0.4611301,-0.29715177,0.42625925,0.6633985
23404,-5.042019,-0.08281603,-1.1116709,-0.844938,0.0017214082,0.0036775009,-0.16810527,-0.33065483,0.41095808,0.6262114,0.36191458
23405,-3.814302,-0.21951945,-0.7150489,-0.5274474,-0.29377806,0.06681328,0.112477556,-0.2976176,-0.02891207,0.17662068,0.5889669
23406,-5.431798,-0.17094533,-0.9330858,-0.6094035,0.0075451396,0.25226444,0.2511103,-0.029628051,-0.37003872,0.006633642,0.3653206
23407,-5.1163616,-0.0080389315,-1.0183954,-0.19460025,-0.19114074,0.23654327,0.037249606,-0.372176,-0.1361086,0.3134069,0.6173934
23408,-5.741643,-0.25402373,-0.9539142,-0.7404367,-0.6219297,0.116900355,0.2320105,-0.31100136,-0.26688662,0.37825364,0.3809518
23409,-7.493206,-0.40080565,-0.99851626,-0.35082516,0.2785551,-0.0846478,-0.46702847,-0.19019882,-0.28380626,0.362059,0.63459975
23410,-4.914387,-0.16338624,-1.3771546,-0.68983704,-0.42152485,-0.16130665,0.21510997,-0.21570295,0.07678607,0.39854595,0.78807396
23411,-5.052365,-0.42676488,-1.1234591,-0.76881194,-0.06738822,-0.14665975,0.088667974,-0.118261285,0.32323027,0.603902,0.3100611
23412,-7.1783175,-0.41596505,-1.5502229,-0.861111,-1.3533807,-0.05035172,0.49681026,-0.07372456,0.12625495,0.39629602,1.3717217
23413,-6.375321,-0.25542933,-1.1325676,-0.5410163,-0.11386315,0.13170624,0.25337493,-0.11906082,-0.30497864,0.16513832,0.5934039
23414,-4.8935246,0.12730977,-1.0055399,-0.5352826,0.3677863,-0.11170385,-0.203498,0.09312729,0.08256515,0.21389309,0.16630733
23415,-5.923663,-0.4444741,-1.2389841,-0.76370245,-0.22762534,0.16555265,0.3826548,0.10318325,-0.17178188,0.69829226,0.610686
23416,-5.2287865,-0.12602864,-0.9349408,-0.5514975,0.16253056,-0.31195688,-0.10732617,-0.041479394,-0.17885904,0.22806239,0.21919076
23417,-6.16501,-0.08539383,-1.6419421,-0.9267888,-0.009087853,-0.09005816,-0.32680953,-0.19537802,0.4116109,0.7508241,0.07187283
23418,-6.90351,-0.004114446,-1.3132426,-0.41124225,-8.6940825e-05,-0.032150555,0.055683423,-0.5494516,-0.34701782,0.42270124,0.3651855
23419,-4.887071,0.08104488,-0.77558064,-0.5205121,-0.16097489,0.030563412,0.04255862,-0.09550932,-0.021449761,0.16226545,0.35237262
23420,-6.656798,-0.2724685,-1.2520171,-0.53560144,-0.073724024,0.12356265,0.00827528,0.10069648,-0.2463293,0.2838951,0.20346959
23421,-5.8643312,-0.14178652,-1.1840817,-0.63357943,-0.06153676,-0.35144162,0.051626716,-0.10198821,0.15388002,0.5045799,0.23931639
23422,-5.8557644,-0.3500199,-0.5331375,-0.54099303,-0.27224365,-0.39267248,-0.018565744,-0.17951684,-0.08456005,0.78457856,0.26823112
23423,-4.49624,-0.21838415,-0.7718788,-0.34887028,0.0025377544,-0.2087663,-0.06975927,-0.077485286,-0.03420847,0.42948803,0.3075726
23424,-4.466247,-0.18444276,-0.9388704,-0.6078003,-0.20554648,-0.08643425,0.12203283,-0.36577266,-0.07236872,0.4981787,0.38898098
23425,-5.477952,0.07159139,-1.3421898,-0.74108744,-0.07275964,-0.090517454,-0.025372706,-0.42422986,0.09736192,0.063637495,0.2092105
23426,-6.174823,-0.24979009,-1.3223674,-0.6832941,0.03592487,-0.21164487,-0.0771028,0.18017294,0.026499286,0.5632144,0.5824933
23427,-4.812278,-0.03798759,-0.8818714,-0.36291504,-0.016602425,0.32213956,0.007915532,-0.6595491,0.0024737306,0.24421932,0.33288717
23428,-5.5793653,-0.13816972,-1.1380032,-0.29755825,-0.2557969,0.19987257,0.20676762,-0.039730772,-0.24010389,0.651646,0.41170934
23429,-6.782221,-0.2658686,-1.5735326,-1.002692,-0.023920238,-0.04958605,-0.11349312,-0.2612247,-0.06658817,1.2827634,0.3987757
23430,-6.2055917,-0.18830225,-0.98647714,-0.42632517,-0.14628074,0.3549229,-0.19618155,-0.6195517,-0.22922185,0.34616557,0.27327576
23431,-4.6651926,-0.06690305,-1.3136364,-0.5996751,-0.089317374,-0.008471999,0.18074645,-0.20542546,-0.09782364,0.36636215,0.3119492
23432,-4.3803844,-0.22786984,-0.9475306,-0.8634577,-0.012998726,0.35881472,-0.10119882,-0.01457255,0.44473928,0.81301206,0.2528004
23433,-5.0015283,-0.10747477,-1.0787208,-0.4550301,-0.14634982,0.5570484,0.0605404,-0.30713436,-0.01910269,0.546766,0.16375698
23434,-5.1723843,-0.32835647,-0.8760227,-0.35654268,-0.42008823,-0.32202208,0.30617273,-0.18780695,-0.23265882,0.17733184,0.8356167
23435,-5.0469646,0.065303266,-0.85888857,-0.7499516,0.106992155,-0.23180744,-0.087222904,-0.26309314,-0.05193484,0.4043855,0.07841018
23436,-4.4322186,-0.07561369,-0.71123546,-0.652112,-0.6910423,-0.039121613,0.17356215,0.02195175,0.20614421,0.3690089,0.4534912
23437,-5.0522947,-0.19080485,-0.76415074,-0.67493606,-0.20509313,-0.20914334,0.04939779,-0.22761525,0.07582528,0.23669377,0.342509
23438,-4.6099095,0.03266305,-1.0233898,-0.62239826,-0.016960878,0.122854464,0.011594125,0.0048480886,0.08457713,0.36085024,0.45016345
23439,-3.4068856,-0.09559797,-0.8222084,-0.21544287,0.1304928,0.23376244,-0.10079609,-0.065279104,-0.1890477,0.0069541647,0.08010305
23440,-6.305234,0.11551506,-1.392265,-0.7631534,0.59993666,-0.18004732,-0.39232457,0.3001903,0.34022516,0.62826836,0.040855944
23441,-6.281552,-0.10291905,-0.93077797,-0.9939939,-0.41994622,0.2268309,0.571361,0.2184918,-0.027458308,0.67140555,0.4869443
23442,-5.666612,-0.28773895,-1.1611295,-0.6295909,-0.09859935,0.010681318,0.0375642,-0.4136739,-0.09010807,0.33346802,0.6965857
23443,-5.251822,0.06352025,-1.0635189,-0.25821957,-0.2670156,-0.26842588,0.021572547,-0.19906564,-0.34684095,0.02556074,0.53799313
23444,-5.679201,-0.27432287,-0.83768106,-0.3487183,-0.30887556,0.11354675,-0.24808331,-0.21769688,-0.22332235,0.7547357,0.5088779
23445,-6.289879,-0.20578834,-1.334597,-0.69446605,-0.289002,0.22538425,-0.014703427,-0.25981137,0.028470188,0.2757639,0.37101874
23446,-6.0757785,0.032930415,-1.0005125,-0.40888512,-0.3367501,-0.20479758,0.27462575,0.013444843,-0.43115193,0.55388933,0.48298773
23447,-5.8670745,-0.28965494,-0.86688775,-0.64174813,-0.19226184,0.10636443,-0.045933623,-0.10004181,-0.07042527,0.20764942,0.5398974
23448,-5.6273427,0.041302785,-1.2953551,-0.44590002,0.1806939,-0.13296258,-0.21679457,-0.11510632,-0.3054406,-0.057402518,0.4241375
23449,-8.286135,-0.8057544,-1.9122365,-1.4201713,0.27964845,0.08508301,-0.33952975,-0.32339314,0.5846727,1.1960015,-0.0044788467
23450,-4.5313063,-0.13424006,-1.0269606,-0.55142385,-0.0261985,0.026391422,0.19089945,0.0075286366,-0.094243236,0.31643015,0.20316608
23451,-4.690645,0.022013336,-0.9910313,-0.736928,-0.54797214,0.014697506,-0.09309257,-0.01861023,0.1270344,0.5458644,0.17520845
23452,-6.2346625,0.11143628,-1.0069036,-0.57635844,0.07006263,0.23793404,-0.06352277,-0.20841451,0.0388041,0.55478644,0.087645225
23453,-8.057952,0.041418515,-2.1768036,-0.52647537,0.15621142,-0.17379512,0.056850392,0.11263614,-0.43240735,0.51695985,0.6784013
23454,-7.648474,-0.25884026,-1.3282152,-0.4350982,0.27322167,0.03683474,-0.4029883,-0.6073806,-0.11325905,0.26145905,0.25403455
23455,-7.1893725,-0.11602849,-1.3334432,-0.8088993,0.16238405,-0.2698779,0.03428391,0.10801349,0.12937231,0.34129673,0.17011021
23456,-6.629231,-0.22006509,-1.6912216,-0.6820822,-0.36410686,-0.14177074,0.5088412,0.015341073,0.021643126,0.63110137,0.65662414
23457,-5.4808526,-0.10324272,-1.227164,-0.53281546,0.14672656,-0.09799482,-0.057180926,0.056188777,-0.29140908,0.26083985,0.16340674
23458,-4.935455,0.008072296,-0.9388701,-0.58342487,-0.32280102,0.011060815,0.18523674,-0.3238044,0.014194509,0.48421934,0.28576416
23459,-7.0708666,-0.13446216,-1.4741296,-0.7922278,0.40586782,0.3312785,-0.2107777,-0.21368188,0.08436141,0.41846156,0.08548158
23460,-5.596929,0.18106715,-1.0508971,-0.73996335,-0.1507705,0.035599973,-0.37830713,-0.8392033,-0.38055596,0.30879623,0.19021855
23461,-6.572891,-0.2590306,-0.853234,-0.8708174,-0.3434316,-0.08010645,-0.5301852,0.012670368,0.064376116,0.54624426,0.24952102
23462,-5.386398,-0.094978094,-1.2908698,-0.99376035,-0.3043209,0.42419082,-0.20583177,-0.46255454,0.30600896,0.31517196,0.27665496
23463,-5.3055844,-0.20612097,-0.66517985,-0.45076284,0.223305,-0.18435138,-0.19610566,-0.020155622,0.087808385,0.044742208,0.29978508
23464,-5.572904,-0.11802003,-0.69730467,-0.65565526,-0.065962106,0.0058404077,-0.2439061,-0.06764508,-0.11570613,0.11319393,-0.070754565
23465,-6.632128,0.006551959,-1.3297565,-1.1517437,-0.28091484,-0.039325543,-0.114961885,0.29958707,0.03094664,0.8193084,0.6646882
23466,-5.3771048,-0.08663216,-0.84278667,-0.70035535,-0.15674289,0.41060948,0.039607886,-0.23153348,0.13619795,0.6422022,0.5188244
23467,-5.643889,-0.022563703,-1.0371315,-0.72611433,0.1252005,0.2137624,-0.14878125,-0.23785211,-0.10369046,0.42327696,0.2531995
23468,-5.5080714,-0.05718385,-1.2687511,-0.94492984,-0.38609388,0.13478646,-0.32083407,-0.5349652,0.30620387,0.48864162,0.5979137
23469,-3.8651428,-0.027718797,-0.5704411,-0.4423814,-0.08078214,-0.06917752,-0.19370714,0.05355411,0.085363835,0.38857803,0.10873839
23470,-7.6991997,0.05885361,-1.8884345,-0.52950495,0.07792432,0.328574,-0.376155,-0.33015367,-0.05827952,0.41418484,0.2531612
23471,-6.066142,0.000320049,-1.2660594,-0.4474073,0.0012603477,-0.19405517,0.026638176,-0.10153875,-0.023024658,0.05229547,0.3647226
23472,-6.1584625,-0.064128585,-1.2371804,-1.3008729,-0.5382452,0.05395586,0.11974652,-0.016320532,0.031669,0.5841065,0.3934438
23473,-4.360113,0.059298597,-0.77665997,-0.5060568,0.007029247,-0.20497467,0.16990039,-0.12692295,-0.06995694,0.42128962,0.055795647
23474,-4.6624136,0.060731757,-1.1232979,-0.5571628,-0.09142363,-0.08355241,0.24676372,0.06641129,-0.08265117,0.24996608,0.41251662
23475,-5.4294205,-0.060678165,-0.87561095,-0.4278322,-0.3728259,-0.13625404,0.15800183,-0.098473415,-0.24112903,0.09739727,0.4282643
23476,-5.855384,-0.09456929,-0.86582357,-0.64243823,-0.049555432,0.37680495,0.37061754,-0.30300224,-0.27275792,0.20887725,0.25069255
23477,-7.8433733,0.0809547,-1.7250793,-0.7076509,0.22888453,0.40081036,-0.4514798,-0.20387898,0.21924448,0.52051187,-0.14593355
23478,-5.1304684,0.044495612,-1.3036721,-0.5048781,0.24573159,0.37232053,-0.1876412,0.0423617,0.12597254,0.16130958,0.07442356
23479,-5.3220305,-0.09908033,-1.2027361,-0.6692981,-0.22874963,0.4419309,0.07952429,-0.38562742,-0.20424448,0.34763595,0.2691311
23480,-5.0358605,-0.037515283,-0.90913296,-0.6650682,-0.14645655,-0.10836967,-0.2566241,0.302803,0.069099635,0.7193891,0.48533237
23481,-5.9357767,-0.32502532,-1.2505393,-0.7517419,-0.6460273,0.0052797953,0.51631236,-0.16537993,-0.23445709,0.36844248,0.6042462
23482,-5.541947,0.14710094,-1.0768414,-0.7222438,0.014311241,0.07632038,0.12916502,-0.16773401,0.021961108,0.356472,0.51011175
23483,-3.8256328,-0.1961818,-0.81713617,-0.23291203,-0.035849426,-0.120301396,-0.09725953,-0.04538075,-0.11636381,0.06957307,0.12384244
23484,-6.3581333,-0.07807306,-1.512031,-0.10845038,0.23445122,0.45988894,-0.22700252,0.009240584,-0.15167074,0.00983777,0.18581459
23485,-5.0336847,-0.109007634,-0.8841663,-0.61317414,-0.16861539,-0.16719706,-0.058857173,-0.14994188,0.008475145,0.24632822,-0.001047451
23486,-7.15495,-0.2280063,-1.2702796,-1.0078834,-0.40459484,-0.09293927,-0.12415243,-0.17583753,0.16563599,0.7156867,0.40825465
23487,-4.439908,-0.32019794,-0.8662864,-0.32713783,-0.3026202,0.06668712,-0.044900313,-0.003723652,-0.13260598,0.4568993,0.26682907
23488,-6.2743535,-0.049395483,-1.0085411,-0.9509014,-0.9392652,0.043314267,-0.059508726,-0.2514871,0.001973222,0.4706727,0.72994816
23489,-5.9464436,-0.32170814,-1.0076392,-0.5280966,-0.2053774,-0.26208574,-0.13721062,-0.30840412,-0.39828143,0.59741396,-0.0027958518
23490,-6.4361463,-0.07320746,-1.0063926,-0.52231616,0.15676683,0.18055964,-0.31930816,-0.32258,0.08674791,0.7575233,0.055227224
23491,-3.848272,-0.118894294,-0.7849046,-0.37981725,0.10321422,-0.13198839,-0.026121158,0.17514025,-0.017913831,0.23744896,0.24793074
23492,-5.7597365,-0.447173,-0.949912,-0.729842,-0.42109,-0.03064216,0.22220871,-0.31255344,-0.17926054,0.54458493,0.8418143
23493,-4.649333,-0.24658401,-0.92659,-0.8006895,-0.16193317,-0.23324123,0.03413399,-0.05836887,0.11090636,0.41829884,0.36204553
23494,-5.81073,-0.2824848,-0.90341276,-0.7374963,0.25665352,-0.08976755,-0.16517438,-0.14648122,-0.107381135,0.2675426,0.1532999
23495,-5.0551887,-0.00038534682,-1.0263613,-0.44671968,0.091369696,-0.09722413,-0.28533447,-0.3417222,0.035371587,0.18393032,0.17391656
23496,-4.6263227,-0.33473113,-0.612684,-0.3620068,-0.15308213,-0.08408258,-0.21353866,0.035512246,-0.10223108,0.46061102,0.49662846
23497,-5.444679,-0.21228357,-1.1689659,-0.6033907,-0.22270106,-0.31509382,0.0887909,0.15844934,-0.13679355,0.472278,0.58123267
23498,-5.41658,0.08233751,-1.171865,-0.2746411,0.3310453,-0.111698486,-0.42509007,-0.01848743,-0.018344002,0.17651866,0.13100033
23499,-6.6541915,-0.030327331,-1.5831944,-0.6285923,0.07179819,-0.05177327,-0.21199194,0.19154401,-0.08707032,0.45885584,0.7127618
23500,-5.7256284,-0.31900316,-1.1752113,-0.88027257,-0.0720299,0.10203186,-0.023570012,-0.30657864,-0.015965866,0.41347912,0.15657939
23501,-4.663034,0.2590521,-0.8619298,-0.49697363,-0.1448703,0.20011431,0.1144604,-0.18769361,-0.011131182,0.30301234,0.25492802
23502,-4.786847,-0.049208317,-0.73340565,-0.6833739,-0.41654298,-0.29682517,0.13703643,-0.14102042,-0.08620159,0.32299316,0.41779092
23503,-6.873693,-0.21371253,-1.121088,-0.5259836,-0.40629965,-0.05537971,0.41684633,-0.3448249,-0.43508795,0.48222896,0.40949202
23504,-5.014588,-0.088268265,-1.0950568,-0.37908,-0.19710407,-0.14428401,0.01774402,0.2551722,-0.13702823,0.41288114,0.3808165
23505,-4.9166136,-0.23918217,-1.0749158,-0.6628387,0.25756708,0.09530417,-0.11848537,-0.25852162,0.13102593,0.31610134,-0.056684688
23506,-5.9385805,0.16804793,-1.1050642,-0.5163021,-0.083317064,-0.13508679,0.31753334,-0.07259821,-0.21819547,0.63705605,0.19684854
23507,-4.399288,-0.45987073,-1.0574181,-0.5589823,0.24793573,0.31184155,-0.033079438,-0.2688732,0.36037716,0.4782265,0.3265394
23508,-7.1304655,-0.13570236,-1.147475,-0.75321597,-0.32424834,-0.15343772,0.2890061,-0.030465158,-0.34982014,0.21004274,0.5457392
23509,-5.4432526,-0.3792102,-1.1360401,-0.7165094,-0.37251353,0.018772122,0.16156794,0.19141948,0.21209861,0.8696352,0.26222655
23510,-5.650228,0.14416453,-0.69180936,-0.4202388,-0.3772362,0.07446186,-0.09235933,-0.37238836,-0.06468726,0.23597066,0.47449252
23511,-5.8426075,0.091136806,-1.0418775,-0.51841635,0.3167871,0.32340384,-0.12025643,-0.32051396,0.11088152,0.41134456,0.011748496
23512,-5.9730253,0.17793739,-1.1165252,-1.0869287,-0.34434208,-0.37984437,-0.003931284,-0.18589881,0.0021822117,0.9689506,0.53707415
23513,-6.8451996,-0.15170622,-1.0426394,-0.6993676,-0.38073558,-0.3397619,-0.22802512,-0.15595558,-0.17965257,0.663056,0.25532398
23514,-4.702789,-0.12572795,-0.93055063,-0.6434015,-0.0889463,-0.16952617,-0.17833592,-0.26130143,-0.1291615,0.3352875,0.38995773
23515,-4.4798007,-0.122127086,-1.1361328,-0.26014897,0.021890428,-0.13541023,0.009223871,0.19142053,0.04636595,0.25987098,0.124289334
23516,-4.2516623,-0.1314844,-0.6625627,-0.29288065,-0.2552959,0.042100415,0.056169204,-0.11539026,-0.10573192,0.32526675,0.24663416
23517,-6.173453,-0.1978373,-1.7719015,-1.1299212,-0.086299345,0.38268864,-0.25654903,-0.37648696,0.5225257,0.49114406,0.1313041
23518,-6.2822804,0.01978628,-1.1158295,-0.68758154,-0.7455553,-0.13404341,-0.117041014,-0.2190501,0.027261216,0.66650295,0.5233748
23519,-5.593506,-0.15205018,-0.9108177,-0.34989825,0.27093625,-0.1677151,-0.21536165,0.06584195,0.07335384,0.4116331,0.015006528
23520,-5.293179,-0.35589322,-1.419699,-0.5441176,0.25185364,0.07422792,-0.40812615,-0.29733443,-0.21816799,0.3485217,0.31366295
23521,-4.32845,0.06622091,-1.1118234,-0.5282847,-0.004941423,-0.054319914,-0.052705318,-0.1378114,0.079367824,0.28622836,0.09074255
23522,-4.923286,0.043429777,-0.89720464,-0.37858537,-0.10891955,-0.099011734,0.14282888,-0.01354642,-0.16008535,0.33585033,0.072118066
23523,-5.647972,0.03775091,-1.2345805,-0.33181027,-0.19685103,0.016463544,0.020154893,-0.12936856,-0.129412,0.27036813,0.28314665
23524,-5.598838,-0.04488501,-0.8797625,-0.37325162,-0.2652819,0.2244558,-0.43430057,-0.28064072,-0.10364952,0.305112,0.2714729
23525,-6.1543026,-0.07544792,-1.1508362,-0.41115105,0.14052108,0.18259372,0.5582194,0.20240887,-0.087835304,0.7225094,0.3809464
23526,-6.1594214,-0.40070462,-0.99023175,-0.7956444,-0.05824627,-0.13493794,-0.15868354,-0.22031307,0.15584567,0.81434745,0.07254573
23527,-5.925763,-0.19044079,-1.3369586,-0.96441543,-0.38106993,-0.37046438,0.07150264,-0.13187234,0.08824926,0.7418102,0.34571442
23528,-7.032826,-0.14025563,-1.5833075,-1.0443019,0.17999126,-0.13019417,-0.15025486,0.056994304,0.2881237,0.78852904,0.29289475
23529,-5.6380095,-0.39924195,-1.0628828,-0.74512744,0.24638824,0.31462604,-0.117839806,-0.49363217,0.18460704,0.03429972,0.044806283
23530,-6.3341355,-0.22352122,-0.91093224,-0.6759408,-0.5392756,-0.06459521,0.11806031,-0.31594822,-0.076948114,0.42158785,0.62557805
23531,-6.0486717,-0.08546606,-1.1820761,-0.67469716,-0.5901698,-0.16533798,0.08565769,-0.26763138,-0.18828255,0.49978584,0.5146803
23532,-4.863296,0.15242536,-0.9458699,-0.59103215,-0.0820433,-0.08739699,-0.14893116,-0.14303075,-0.10844929,0.67544943,0.37989867
23533,-5.383314,-0.0914758,-1.2992347,-0.6774614,0.27226198,-0.23933306,-0.28270817,-0.14983574,-0.13828686,0.49868682,0.04597554
23534,-3.586262,0.0013165846,-0.67379785,-0.31296816,-0.02439767,-0.080495425,0.061206207,-0.03545568,-0.18911926,0.17915812,0.24343014
23535,-6.043721,-0.0029788967,-1.6765267,-0.20415622,-0.096664526,0.09116292,-0.19727334,0.2348592,-0.4368086,0.5991394,0.12585519
23536,-5.6187086,-0.080289826,-1.0569726,-0.17903668,-0.5549383,-0.16871165,0.2696377,0.2286558,-0.42835188,0.43555883,0.30968398
23537,-4.5020094,-0.18548362,-0.8292242,-0.7668535,-0.19733696,0.07447846,0.08088974,-0.47660795,0.011228085,0.40954253,0.21513243
23538,-6.932849,0.29632542,-1.4742608,-0.5182049,0.22468613,-0.4767434,-0.30731496,0.18275739,-0.40558544,0.3425862,0.34100068
23539,-5.460283,-0.00054859556,-1.063745,-0.5873733,-0.29959244,-0.07834177,-0.051092207,-0.45832822,-0.295177,0.106386825,0.42390302
23540,-4.590391,-0.028146923,-1.1271133,-0.1977962,0.31320822,0.07869944,-0.2959819,-0.12738939,-0.13998105,0.17478713,-0.020845283
23541,-5.8243155,-0.06607021,-1.4825338,-0.83959574,0.2684428,-0.22653294,-0.23354346,0.14173624,0.1075538,0.3576534,0.29330003
23542,-5.6391172,-0.0006974973,-1.331515,-0.35158783,0.10293497,0.006409805,0.1126525,0.05195847,-0.26064703,0.14229302,0.48836875
23543,-7.126473,0.019218795,-0.93991196,-0.9726505,-0.4235569,0.16130327,-0.039420158,-0.07596051,0.13473141,0.5780384,0.30920225
23544,-4.3730426,-0.3028615,-0.6722893,-0.50204045,-0.11925005,-0.099759266,0.12503836,-0.17596644,-0.14440796,0.14153038,0.4308497
23545,-5.982065,-0.082457215,-1.6035087,-0.50217485,0.19732834,-0.086399354,-0.48359615,0.17914462,-0.3679154,0.40625608,-0.05680877
23546,-5.0724416,0.14649642,-1.0703367,-0.5170072,-0.026853831,0.13335095,0.045694508,-0.36627835,0.061467223,0.276821,0.13311279
23547,-6.9244413,0.16925605,-1.5759754,-0.9515781,-0.15139574,0.26615512,-0.44633707,-0.63840806,0.2423164,0.6308184,0.23931761
23548,-4.8813076,-0.024022568,-0.85471445,-0.5381615,-0.39799154,-0.16876443,0.030072737,0.0021146834,-0.22990622,0.36027494,0.56067693
23549,-4.029601,-0.14629161,-0.6771439,-0.43993676,0.051182475,-0.02092264,-0.21685854,-0.20783725,0.33571303,0.5270493,0.09865848
23550,-6.122024,-0.26316988,-1.7019153,-0.7522283,-0.8147782,0.19151665,0.19552824,-0.08633001,-0.1567095,0.83245856,0.9608401
23551,-4.6249447,0.023060456,-0.92694485,-0.5201751,0.08376708,0.12316197,-0.34838772,0.04132817,0.1172038,0.31298745,-0.1472233
23552,-5.6254616,0.058680207,-1.1387842,-0.61837226,-0.48790514,0.05552719,0.24436803,-0.08430135,-0.063966244,0.19046177,0.5281009
23553,-4.6153884,-0.030670531,-1.0243554,-0.58044225,0.08959379,0.09783864,0.15899388,0.016081514,-0.011680676,0.5338796,0.43594417
23554,-4.8639193,-0.064343035,-0.8746415,-0.56128806,-0.31026053,-0.13697992,-0.21082139,-0.16734095,-0.011577623,0.35863662,0.09502652
23555,-5.133373,0.2089033,-0.8373737,-0.27161252,0.051084224,-0.17961271,0.025157403,-0.12282538,-0.17331064,-0.0056259455,0.37313518
23556,-6.105022,-0.111536935,-1.3982123,-0.23644271,0.17729832,0.03816882,-0.22480445,0.05478525,-0.2609789,0.22870016,-0.03214705
23557,-7.11531,-0.64078534,-0.9966883,-0.55738884,0.21587382,0.3790782,-0.49615416,-0.46445984,9.894371e-06,0.15478995,0.10181302
23558,-6.4433293,-0.4569567,-1.3057516,-0.8737575,-0.15768856,-0.31739342,-0.29563883,-0.09792397,-0.0020645075,0.6933746,0.49497476
23559,-5.733712,-0.29648304,-1.1518316,-0.9401812,-0.20510316,-0.06450038,0.23590504,-0.1406241,-0.056148715,0.55277836,0.22021563
23560,-5.6781683,-0.015791249,-0.6942411,-0.36950463,-0.21782906,-0.012676725,0.10992042,-0.25675148,-0.30303273,0.7566067,0.22705655
23561,-4.8958836,-0.22652712,-1.0618578,-0.48885193,0.3648769,0.18429984,-0.2286966,-0.07523958,0.122577064,0.17935929,0.026245855
23562,-6.3352475,-0.020240005,-0.86146104,-0.24071121,-0.018203218,-0.10144052,-0.08635427,-0.06579967,-0.37471703,0.6190006,0.11848377
23563,-6.9804587,-0.4767989,-1.5866239,-1.0293794,0.11890594,0.5372592,-0.33861387,-0.5814414,0.21758628,0.6524098,0.3085699
23564,-5.6246142,-0.10567104,-1.2360835,-0.72871107,-0.005906586,0.36296022,-0.2060621,-0.3881086,0.12756933,0.21598585,0.29105392
23565,-3.8170938,-0.1609111,-0.954111,-0.5030711,-0.1899888,0.1295155,-0.12382045,-0.2686809,0.072595164,0.31829286,0.07953524
23566,-4.9818997,-0.14928794,-1.1137712,-0.3798105,0.23382843,0.1803537,-0.18376498,-0.35900816,-0.015294144,0.13880226,0.2903784
23567,-7.0221543,0.00042574573,-1.1371567,-0.81415594,-0.089861006,-0.27468252,-0.111360505,-0.11648347,-0.3620816,0.7895798,0.5266129
23568,-6.3554893,0.051989045,-1.1996299,-0.85924643,0.066385604,-0.17187196,-0.17283273,-0.19444308,0.002403805,0.9311343,0.09768442
23569,-4.9954505,-0.096679196,-0.7034838,-0.4241525,-0.16210303,-0.21451288,0.15616272,-0.14496051,0.058453307,0.48280132,0.15521732
23570,-4.32451,-0.054079834,-0.76868904,-0.33623654,-0.33485797,0.03445868,0.039817758,-0.14006256,-0.054614857,0.1986279,0.29602775
23571,-7.6700106,-0.059816357,-1.4644765,-0.7837697,-0.29244545,-0.00476549,0.21853714,-0.46269703,-0.16214503,0.23418611,0.5905324
23572,-5.3501034,-0.16753308,-0.9807699,-0.5354383,0.04465672,-0.28703147,0.090369366,-0.030198758,-0.13315973,0.5090751,0.1185042
23573,-4.848353,-0.13381259,-0.8406743,-0.719158,-0.30943656,-0.30487257,-0.122334264,-0.17643346,0.05267939,0.4181118,0.09478758
23574,-4.639382,-0.3780438,-0.98160595,-0.5512159,-0.0037622233,0.06130802,0.08157084,0.023312042,-0.10642488,0.587447,0.27199697
23575,-5.1468644,-0.076184325,-0.57895404,-0.20261069,0.0040985,-0.26674378,0.11624942,0.25333166,-0.2631323,0.19408563,0.14584704
23576,-6.0587745,-0.14326607,-1.0508909,-0.5902932,-0.17465453,0.118090145,-0.24400596,0.023699585,-0.16630027,0.68872327,0.07680625
23577,-4.607505,-0.24640156,-1.0508267,-0.7071479,-0.13475926,-0.21398647,-0.10327484,-0.20397177,0.15006074,0.3896724,0.57744855
23578,-4.439611,-0.112087935,-1.0413163,-0.35372886,-0.08296875,0.02815408,-0.06672239,0.059684925,0.0035520205,0.419895,0.280566
23579,-5.287287,-0.25012708,-0.89867806,-0.40716398,0.060902853,-0.39753133,-0.073108636,0.022630695,-0.09974226,0.15404497,0.10558092
23580,-4.9503055,-0.3380543,-0.89613587,-0.5852854,-0.25408003,0.28244698,-0.064668186,-0.24960738,-0.019863607,0.12792452,0.22246897
23581,-3.3293715,-0.07847297,-0.8112383,-0.5407972,-0.26102224,-0.09845962,0.084738545,0.00785291,0.008091896,0.26330924,0.37312832
23582,-5.8505383,-0.19786932,-1.1362495,-0.34301338,-0.1749628,0.48200297,0.09142096,-0.14064813,-0.20896704,0.82844245,0.40671384
23583,-7.1273217,0.07921094,-1.2742081,-0.5406387,0.028543225,0.013020402,0.05077743,-0.32385164,-0.015648572,0.23334657,0.0134033235
23584,-6.984027,0.13617969,-1.1491467,-0.58973634,-0.10857133,0.17570192,0.19930314,-0.7750976,-0.44615865,0.20474128,0.110964224
23585,-4.052089,-0.100432396,-0.81797206,-0.38851142,0.028035307,0.16506304,-0.08685765,-0.28907424,-0.046644203,0.19733037,0.22710387
23586,-5.3987975,0.085720666,-1.1117797,-0.62737626,-0.11722483,-0.0048863925,-0.1812456,-0.17506672,-0.22911315,0.81157845,0.13437818
23587,-5.1216893,-0.26849964,-1.2310786,-0.84133875,-0.013309479,0.3850894,0.006960267,-0.6163055,0.25614122,0.34056264,0.47057125
23588,-5.1673207,-0.00025892816,-1.0448146,-0.59511435,-0.119393654,0.27775604,0.04567079,-0.2333562,-0.24253272,0.82904255,0.55048525
23589,-5.9016128,0.16217056,-1.1371291,-0.46712577,-0.1700598,-0.18932506,0.25232518,-0.35784268,-0.07351699,0.15309568,0.496511
23590,-6.8812356,-0.04390712,-1.3784235,-1.1400064,0.42529842,-0.00043741427,-0.20663288,-0.19387966,0.51367074,0.8407141,0.33453006
23591,-7.547216,0.14324397,-1.2768627,-0.51121336,0.32142517,0.034966793,-0.28926334,0.1396975,-0.30297276,0.51658916,0.32591107
23592,-6.059273,-0.19370438,-0.7792265,-0.42476085,-0.374902,-0.42059326,0.37278128,0.025492541,-0.5179661,0.4186112,0.49622634
23593,-4.7729883,-0.07838685,-1.1535935,-0.59756833,0.059970714,0.076759085,-0.12014181,-0.17807797,0.058310904,0.32669,0.40441364
23594,-5.25034,-0.14931971,-1.5044115,-0.7100469,0.14390795,0.029175334,-0.053734906,-0.28041953,0.31634766,0.3368744,0.3857094
23595,-6.149911,0.0011136318,-1.0443078,-0.21441853,-0.066451736,0.3898009,-0.2692811,0.07056245,-0.04509425,0.31440857,0.17670724
23596,-6.199123,-0.39651197,-1.170793,-0.40490907,0.23872218,-0.23384786,-0.31490532,-0.13545313,-0.24277197,0.1584598,0.20532706
23597,-5.74627,0.048474785,-1.1476731,-0.16570628,0.118426956,0.10993832,0.07547664,0.124838024,-0.2662965,0.26729202,0.30576125
23598,-4.52661,-0.27646032,-0.9623039,-0.3154825,-0.13519308,0.13350298,-0.11313677,-0.26928526,-0.25980037,0.5798334,0.18042195
23599,-7.137799,-0.14396963,-1.814255,-0.7791611,-0.18426569,0.50864637,-0.1056647,-0.41911462,0.35053942,0.9459287,0.54482204
23600,-7.047531,-0.14311326,-1.244931,-0.8799522,-0.2303418,0.4435467,-0.29681018,-0.31812695,0.111461654,0.42725143,0.5813709
23601,-7.1411095,-0.10827748,-0.9862437,-0.51697063,-0.026091808,0.31004757,-0.32238436,-0.4901161,-0.18470503,-0.09511086,0.22576697
23602,-5.16171,-0.07879329,-0.8412972,-0.69800675,0.018216673,-0.1461248,0.17012328,-0.31294674,-0.100717716,0.13881321,0.32993314
23603,-5.8885207,-0.021882702,-1.0142097,-0.41669285,0.15102918,-0.09594445,-0.065682694,0.10997314,-0.29995584,0.5958846,0.4366227
23604,-3.5824976,-0.021629151,-0.7544037,-0.28339344,-0.25312248,0.06184315,0.06083923,0.034404155,-0.10462749,0.19911152,0.1400195
23605,-5.887653,-0.21448882,-1.0378435,-0.6994593,0.2115374,0.41513848,-0.044248804,-0.6994833,0.09523317,0.66877395,0.38147077
23606,-5.9873047,-0.04359237,-1.2563095,-0.8554976,-0.19679226,-0.22028174,-0.038828205,-0.31974977,0.2210329,0.46822712,0.7000129
23607,-6.4283104,-0.2978069,-1.0827368,-0.8551945,0.0058335527,0.0781022,0.35568744,0.3560523,-0.15428458,0.43295154,0.77096814
23608,-6.052402,-0.14147368,-1.2342548,-1.1062537,-0.22235945,0.65556514,0.1480134,-0.29085287,0.31608543,0.96275175,0.5484724
23609,-4.5699844,0.08343121,-1.0611646,-0.78811616,0.03244879,-0.045946695,-0.09987662,-0.12294795,-0.029612964,0.23985785,0.23141946
23610,-7.652644,0.057574928,-1.3863287,-1.0282652,-0.034522258,0.33211207,-0.08923201,-0.22864556,0.14630736,0.6999158,0.20643437
23611,-6.1353073,-0.05483255,-1.2427542,-0.68591803,0.0781591,-0.29032344,-0.44926292,0.0014756043,0.06793348,0.55097467,-0.31165618
23612,-6.651504,-0.22015387,-1.1414621,-0.5960234,-0.6750214,0.081014685,0.46497822,-0.1375162,-0.25702655,0.2751359,0.8360369
23613,-5.4582305,-0.13324612,-0.9335474,-0.49356097,-0.19073065,-0.1652344,0.16480021,-0.5237502,-0.06421385,0.28783965,0.3337768
23614,-7.1383467,-0.6466091,-1.2836397,-0.77532053,0.16287142,0.11746239,-0.24187799,-0.42509487,-0.10461556,0.4244554,0.47923705
23615,-5.5356097,-0.22800975,-0.99153495,-0.53173125,0.03387905,0.11338152,0.0044901446,-0.20019162,-0.20538074,0.32375512,0.26275322
23616,-6.031977,-0.40974522,-1.2656038,-0.16727287,0.24310936,0.20174871,-0.19449444,-0.091581866,-0.055010214,0.5656493,0.12505913
23617,-5.1749206,-0.13126537,-0.9249025,-0.2958809,0.0681596,-0.241297,-0.107341774,-0.13043448,-0.11602369,0.21973124,0.17048424
23618,-4.707551,-0.04341161,-0.9058985,-0.55887216,-0.13110851,-0.091789074,0.09629197,-0.12946902,-0.03418733,0.30723077,0.11332766
23619,-5.367989,0.038276996,-1.111186,-0.5376979,0.014660882,0.27917016,-0.021847028,-0.2744076,0.09907559,0.41137248,0.2310021
23620,-6.1407237,-0.064504154,-1.1945139,-0.7190597,-0.10290226,-0.062677115,-0.037204124,0.004357142,-0.031687066,0.2822474,0.29810902
23621,-6.7421536,-0.2754181,-1.3489404,-0.8519048,0.24914484,0.21279733,0.1549612,-0.22041212,0.16664444,0.37735015,0.5913362
23622,-5.879649,0.08611217,-1.5039291,-0.51321435,-0.10952312,-0.28665602,0.12528397,0.18826725,-0.017681552,0.5670684,0.24295878
23623,-7.1727495,-0.2206167,-1.9971955,-0.7415001,-0.50852346,-0.019206647,0.34713164,-0.1488644,-0.08494252,0.5301812,0.80637157
23624,-5.6159854,-0.27308264,-0.9216787,-0.83214235,-0.14888479,0.06142413,-0.17630067,-0.65070945,0.1740136,0.20781238,0.23724447
23625,-5.6084337,-0.052273963,-1.4279563,-0.8273364,-0.22840038,0.18924093,0.115774035,-0.38602218,0.057006717,0.34039468,0.50885326
23626,-5.1604495,-0.29828802,-1.1532614,-0.6953754,0.201726,0.20839578,-0.11632901,-0.25341308,0.05610439,0.39168334,0.16644298
23627,-6.0097976,-0.19942445,-1.3650103,-0.65839285,-0.06577187,-0.13974926,0.041473914,-0.052155323,-0.050432928,0.6274606,0.5508797
23628,-5.717882,0.062760614,-1.038643,-0.4636315,0.30784735,0.016631564,0.19694921,-0.23548974,0.052848257,0.15238653,0.087839015
23629,-4.8813086,0.018514805,-0.9722036,-0.5736149,-0.4678912,-0.4029488,0.03607949,-0.18356393,-0.2754623,0.33236653,0.3054301
23630,-5.899822,-0.3938801,-1.2754319,-1.0209262,-0.40216506,0.28513628,-0.16859858,-0.302488,0.17058256,0.68363297,0.24242422
23631,-4.9737105,-0.15952012,-1.005108,-0.59237826,0.12482011,0.08329012,-0.47856078,-0.088482775,-0.014842749,0.56422466,0.07307101
23632,-3.9775743,-0.14594677,-0.8691606,-0.20492606,-0.13447703,-0.04051083,0.07694984,-0.1692035,-0.25315592,-0.0062117716,0.22255954
23633,-4.945978,-0.14275461,-0.87718517,-0.47677335,-0.32222632,0.18868129,-0.20905632,0.17640105,-0.13299316,0.41937223,0.25409696
23634,-4.717839,0.03229684,-0.92987746,-0.61898243,-0.34806564,0.13383597,0.26161295,-0.06258684,-0.0044480786,0.42177507,0.6125228
23635,-5.031175,-0.04102546,-0.9208409,-0.3430682,-0.068582416,-0.28617817,-0.21508381,0.064308435,-0.12637629,0.053463522,0.47688022
23636,-7.852005,-0.297435,-1.6358876,-0.9810588,-1.2741039,-0.03341108,0.49433088,-0.3952665,-0.23735379,0.4456184,1.3310231
23637,-4.387269,-0.26130137,-0.7611491,-0.5314474,-0.30478677,-0.119555116,0.016828775,-0.24940372,0.05455683,0.2467086,0.039062966
23638,-6.81205,-0.14177795,-1.7280583,-0.44649392,0.38056982,0.041143194,-0.19879106,0.3365844,-0.45329604,0.47634032,0.30126497
23639,-5.973367,-0.17651539,-1.1695609,-0.9431337,0.102774836,0.34028578,0.15091826,-0.30370688,0.4578412,0.7577937,0.32709178
23640,-5.6075497,0.055526562,-1.1289171,-0.3147933,0.20320025,-0.26075137,-0.26538736,0.015289207,-0.39117387,0.32939133,-0.028829556
23641,-4.674183,-0.13958953,-0.9775331,-0.3899175,0.24146673,-0.04594071,-0.100070596,-0.008359421,-0.2326847,0.10351023,-0.027349677
23642,-6.062782,0.061040744,-1.265977,-0.60645175,-0.17444584,0.10428732,0.031033985,-0.28062823,-0.14560731,0.68133307,0.41495702
23643,-6.559578,-0.24461623,-1.3363464,-0.63801455,-0.07221733,-0.095416926,-0.09339847,-0.1799212,-0.39099777,0.3097696,0.3236444
23644,-6.007097,-0.31487688,-1.1891257,-1.0145154,-0.45070568,0.017119806,-0.043710597,-0.40388077,-0.055354528,0.49741706,0.22639346
23645,-7.1836095,-0.23442198,-1.1706023,-0.9841458,-0.6088709,0.5139944,-0.037608217,-0.66068196,-0.05585867,0.11311334,0.6452657
23646,-6.966454,-0.15606079,-1.7308903,-0.7990998,0.592391,-0.048285425,-0.3460925,-0.025465121,0.33257627,0.41064423,0.069985256
23647,-5.17382,-0.11237394,-0.8302202,-0.41804972,0.13328461,0.15393472,-0.027968276,-0.44749454,-0.006922651,0.2305938,0.18624963
23648,-5.1485004,0.21046665,-0.74468875,-0.46871302,-0.22087412,-0.15182133,-0.19786762,-0.361597,0.011004622,0.22543249,0.17426504
23649,-5.353404,-0.24795024,-1.0415775,-0.54217255,-0.19571134,0.25502637,-0.16328219,0.018596817,-0.0040458553,0.52257156,0.21010356
23650,-6.912667,-0.17151746,-1.1375239,-0.4467734,-0.03484679,0.0033397474,-0.3374466,0.17690912,-0.0023058914,0.8395918,0.394919
23651,-6.539691,-0.00803618,-1.4607935,-0.8959411,0.044957247,-0.009914048,-0.28796837,-0.35885918,0.3014297,0.43579048,0.013514781
23652,-5.1589465,-0.26021847,-0.89378506,-0.30845115,-0.33283368,-0.22673607,0.06883772,-0.37782153,-0.2649732,0.5595837,0.58217764
23653,-5.9653254,0.034289062,-1.2476002,-0.5631007,-0.118626155,0.20405048,0.3418278,-0.248714,-0.08016202,0.43658596,0.2906288
23654,-5.369224,-0.15107292,-0.71964645,-0.56478184,-0.5033917,-0.21181953,0.005939807,-0.2784978,-0.1166148,0.18399824,0.32125795
23655,-5.4252334,-0.047561046,-1.1249505,-0.3701959,0.18907212,0.032673076,-0.24009307,-0.28610408,-0.106215015,0.4226648,0.10516117
23656,-5.484157,-0.15099816,-1.2103151,-0.45765647,-0.07778476,-0.2740491,-0.0727954,-0.090398476,-0.070887044,0.19689958,-0.013995611
23657,-5.0106077,-0.06856559,-0.91495204,-0.28059408,-0.2521155,0.12516484,0.07612047,-0.42993903,-0.16378888,0.42286643,0.3621231
23658,-6.014844,-0.2852731,-1.4352807,-0.10764702,-0.10286215,-0.09982766,-0.040807717,-0.029165039,-0.38929534,-0.061654773,0.16862552
23659,-4.7043242,-0.215074,-0.82856697,-0.24596173,-0.21914145,0.36374235,0.10854156,-0.37999916,-0.32236078,0.90455335,0.16629152
23660,-6.335244,0.21762383,-1.0407218,-1.058259,-0.743664,-0.13795602,0.09100712,0.0807577,0.070443936,0.64077663,0.47211432
23661,-6.154905,0.097061895,-1.2860937,-0.7343989,-0.26234743,-0.3318587,0.03833845,-0.075588256,-0.28805706,0.41295806,0.52772343
23662,-6.51738,-0.12878047,-0.83722645,-0.43653485,-0.78008825,-0.12529942,0.2054495,-0.23863482,-0.28581288,0.73313797,0.626937
23663,-4.457131,-0.057097103,-1.0050907,-0.6391875,0.001502539,0.051463097,-0.068141155,-0.051645957,0.031334367,0.26223192,0.2989471
23664,-5.5222487,0.08834142,-1.3056458,-0.8180151,0.18799204,-0.159685,-0.27788103,-0.0066078193,0.054013573,0.34412596,0.49307337
23665,-5.695589,-0.11968303,-1.3933076,-0.60148734,-0.5534462,-0.10857702,0.07460346,-0.15652181,-0.18879406,0.4628307,0.27479607
23666,-6.658791,0.0509084,-0.7204184,-0.66898316,-0.12376756,0.16840768,0.07688095,-0.38292673,-0.34879386,0.18106759,0.21356347
23667,-5.7400417,0.045985192,-1.4644268,-0.45803177,0.4613283,0.20817639,-0.41042528,-0.36790186,-0.32528237,0.01702968,0.26566765
23668,-4.6010184,0.038543608,-1.0517117,-0.5742121,-0.39492413,0.22533904,0.38593018,-0.34386396,-0.033094905,0.44492128,0.44919845
23669,-6.000268,-0.27644262,-1.3209075,-0.7317567,-0.020640511,0.46292073,-0.11914577,-0.40398866,0.01843487,0.55136865,0.59163976
23670,-5.6911273,-0.042008337,-0.8904085,-0.3550701,-0.09226507,0.0660294,0.21383563,-0.18189514,-0.10851816,0.5873465,-0.1376683
23671,-5.8092623,-0.08927559,-1.1209031,-0.3923259,0.3767595,0.32828653,0.17149454,0.32006446,0.16089593,0.4910235,0.19760554
23672,-5.4849024,-0.16821185,-1.2634745,-0.7889839,-0.009074878,0.49299932,-0.168007,-0.38365096,0.21828195,0.43871883,0.24464877
23673,-5.0334573,0.020841835,-1.1295279,-0.62269837,0.18966119,-0.102198705,-0.36912024,0.016423436,0.1386646,0.34308192,0.23511188
23674,-5.3979197,0.041049905,-0.8719137,-0.36592257,0.15616986,0.10713023,0.010582026,0.024732016,-0.15851529,0.4195143,0.33386612
23675,-5.725894,-0.024878807,-1.3586804,-0.32813412,-0.1452521,-0.24294709,-0.13129774,0.23687585,-0.4472939,0.57625335,0.2569858
23676,-5.695278,0.039264634,-1.5213493,-0.46198025,0.17247428,0.17537884,0.21912315,-0.16708189,-0.19816013,0.26937658,0.31536254
23677,-4.414364,-0.35022515,-0.8529942,-0.39358023,-0.13494968,0.007986808,-0.06614096,0.06795282,0.045815382,0.57717204,0.2515352
23678,-4.128295,-0.2710638,-0.7441614,-0.60234976,-0.12659194,-0.12106474,-0.08957651,-0.22337486,0.002048864,0.2551036,0.35394424
23679,-5.1777077,-0.23828226,-1.1799852,-0.37059763,-0.07134013,0.2440078,-0.116755076,-0.27957487,0.08406282,0.53930855,0.07970466
23680,-5.8923173,-0.28425977,-1.224671,-0.9515815,-0.26625893,-0.40526927,-0.072689705,0.006742184,0.021036863,0.636602,0.019352289
23681,-7.461291,-0.29918477,-1.3241224,-0.32342705,-0.2870944,-0.15877306,0.06207351,0.08091267,-0.5455983,0.4517112,0.33879623
23682,-7.206095,-0.21163738,-1.6350327,-0.9619294,-0.12227707,0.33251595,-0.28503236,-0.17373407,0.35881904,1.0724479,0.1243648
23683,-5.2875853,-0.18556383,-1.0731964,-0.5831994,-0.23808399,-0.020227749,-0.049248103,-0.16358238,-0.09677998,0.5351318,0.031415157
23684,-5.238526,-0.21850821,-0.78286654,-0.650749,-0.1713751,-0.40445483,-0.066997886,-0.22225319,-0.09647972,0.49564105,0.34476098
23685,-7.5282583,-0.18834753,-1.596895,-0.8658231,-0.5336819,0.0857168,0.06450455,-0.16150743,0.02193387,0.46924362,0.35008228
23686,-5.521916,-0.25035757,-0.9765698,-0.494771,0.08154205,0.36295086,0.0470121,-0.09335195,-0.20147999,0.44528916,0.54582673
23687,-5.1254196,-0.18679988,-1.2715528,-0.8456277,-0.19887857,0.068505414,-0.17490856,-0.09962266,0.21980102,0.6547354,0.4545783
23688,-5.8950067,-0.2845542,-1.1194017,-1.180418,0.25862965,0.23088959,-0.3201577,-0.2746427,0.19544195,0.5121793,0.32500976
23689,-6.5116487,-0.072436504,-1.0642116,-0.75157505,-0.27737945,0.10430006,0.10404392,-0.05129148,-0.18130258,0.42612106,0.5589094
23690,-6.0572577,0.18194008,-1.4633477,-0.6152776,-0.098700084,0.14119822,-0.11096245,-0.09970632,-0.039405182,0.3600823,0.6860378
23691,-5.425925,-0.22061488,-0.9478318,-0.56183136,-0.4683552,-0.017220493,-0.21597081,-0.112904474,-0.31190303,0.6030387,0.23798019
23692,-4.4106884,-0.0030181054,-0.8486684,-0.45852238,-0.28135055,-0.15862495,-0.10783115,-0.012490554,-0.0136075355,0.34028152,0.2571492
23693,-3.5844936,-0.16968183,-0.7501119,-0.1562857,0.10433912,0.12887642,-0.021379218,0.018872049,-0.10979189,0.17352879,0.07107441
23694,-5.081443,-0.041970037,-1.0916674,-0.37307522,-0.32040018,-0.18424498,-0.06739518,0.24408531,-0.12525482,0.43451628,0.39593038
23695,-6.3643756,-0.13822518,-1.234171,-0.5192982,0.35228834,0.1806644,-0.10824733,-0.25273192,-0.14865269,0.4161968,0.37264928
23696,-5.6474566,-0.46020526,-0.9113435,-0.6423666,-0.3420691,-0.051177707,0.30054456,-0.11683046,-0.20509207,0.2796587,0.16859479
23697,-5.47568,-0.28989118,-1.0679345,-0.78025395,0.11338477,0.60612184,-0.22408366,-0.45556286,0.011269272,0.33680284,0.020281857
23698,-6.985702,0.094821386,-1.5659095,-0.7040844,0.55546737,-0.00729488,-0.62975866,-0.26456895,0.30442682,0.66952276,0.046634827
23699,-5.4518285,-0.047248207,-0.65345347,-0.76425,-0.5887096,-0.16692816,-0.13916075,-0.39547208,-0.2565099,0.41892615,0.45277026
23700,-5.2689166,-0.110528946,-0.82078785,-0.5841669,-0.2707073,-0.29203528,0.05345524,-0.13623172,-0.1911511,0.18130653,0.48868167
23701,-5.452319,-0.2565546,-1.0308304,-0.53656095,-0.047105838,-0.30444992,-0.064215295,-0.1437451,-0.15563782,0.45405582,0.0720435
23702,-6.8698225,0.041227974,-1.4261516,-0.7283536,0.21298985,0.033450227,-0.010238825,-0.4141877,-0.16871405,0.43206665,0.45411262
23703,-7.101011,-0.14351438,-1.1254693,-0.82971144,-0.526584,-0.23815687,-0.100217395,-0.026668577,-0.2224434,0.78744054,0.5153406
23704,-5.0569363,-0.31171814,-0.9324719,-0.56219393,-0.0992291,-0.051305097,-0.21124615,-0.24546748,0.038782913,0.9188672,-0.07215342
23705,-4.913615,-0.09809275,-0.7784005,-0.33805546,-0.060940824,-0.16184281,0.017334403,0.020920314,-0.20525123,0.13727058,0.20679966
23706,-5.4224443,-0.08679315,-1.0396208,-0.10351166,0.19878118,0.22494256,-0.09127026,0.0713053,-0.26562464,0.42541254,-0.04813906
23707,-4.034163,-0.15674575,-0.9608617,-0.2032028,-0.05933351,-0.16505739,-0.13611318,0.26485482,-0.111184105,0.39760172,0.17900285
23708,-4.8007407,-0.022990242,-0.91949636,-0.59066385,-0.01707745,-0.09224746,0.009218579,-0.1174789,0.13437685,0.38662142,0.2184786
23709,-6.8470507,-0.0424005,-1.469395,-0.5916015,0.038176116,0.105516955,-0.17183973,0.03282498,-0.14766055,0.5737643,0.18633859
23710,-6.7318754,-0.17004555,-1.5283575,-0.32275638,-0.26415274,-0.20568228,0.11236527,0.001145687,-0.03781236,0.18712345,0.58305347
23711,-5.452608,0.03386101,-1.0955372,-0.46749377,-0.20972215,-0.1816865,0.12205737,-0.015099179,-0.15302852,0.1943109,0.2703886
23712,-5.569777,-0.22513177,-0.84888387,-0.57105476,0.10870964,-0.097519115,-0.028102104,-0.20129581,-0.12476477,0.35838503,0.46477023
23713,-6.569571,-0.13872784,-1.2228198,-0.74877423,0.0848518,-0.5030508,-0.32191578,-0.3681406,-0.034804456,0.39871186,0.09855798
23714,-4.486927,-0.13082667,-1.1654885,-0.6300979,0.19144705,-0.057920784,-0.096038185,-0.18640517,0.3088839,0.4144019,0.27409232
23715,-6.369447,0.066567354,-1.3345312,-0.55355835,0.111560605,0.0730671,-0.07510116,-0.18823312,0.13442056,0.48800924,0.004269664
23716,-5.182077,0.029436909,-1.0491222,-0.6117264,-0.16488105,-0.24893756,0.13007359,-0.0014395192,0.018343795,0.077628195,0.3548192
23717,-5.563407,-0.12315822,-0.9567666,-0.63807225,-0.85603607,-0.06392126,0.15281864,-0.21328208,0.027597388,0.5606738,0.64428115
23718,-4.3060384,-0.19606218,-0.96700937,-0.5841294,-0.26122025,0.48089027,0.18860547,-0.24971843,0.113374196,0.7028251,0.25219747
23719,-5.4384007,-0.031284932,-0.9442703,-0.69742984,-0.28712004,0.035016846,0.19067276,-0.4051847,-0.16201168,0.37384564,0.4623132
23720,-5.0533867,0.0041961963,-0.91265863,-0.29545528,-0.17918736,0.13742945,-0.039545268,-0.18284631,-0.2195951,0.301424,0.17610584
23721,-4.22312,-0.27170298,-0.92718154,-0.6174078,0.017010333,-0.17385462,-0.3593517,-0.17994894,0.16524577,0.69247264,0.26909465
23722,-4.983583,-0.34396338,-0.79043823,-0.8557982,-0.47643164,0.06363927,-0.025520477,-0.50400555,0.123837285,0.33963796,0.3508855
23723,-4.9102345,-0.29767376,-0.7739848,-0.27379388,-0.14216623,-0.45436853,0.18295777,0.02994356,-0.20528589,0.4535317,0.6102649
23724,-6.060922,-0.079417504,-1.3422779,-0.7200266,0.23394632,-0.013563331,0.047016803,-0.096741974,0.073052764,0.28280222,0.45953822
23725,-6.2639737,0.07372747,-0.8569497,-0.6480749,-0.11868463,-0.1680887,-0.19392344,-0.079296365,-0.24305879,0.16903572,0.39135194
23726,-5.447603,-0.17765412,-1.1593423,-0.84095895,0.1731989,0.02514658,-0.05941265,-0.3340596,0.07280141,0.099160194,0.36009544
23727,-6.1290264,0.035275113,-1.2233979,-0.5364389,0.13412127,-0.15097085,0.19270445,-0.26563993,0.040761948,0.056920942,0.13534693
23728,-5.824511,0.1381927,-1.3283494,-0.7602462,0.0557998,0.13018289,0.19045493,-0.21458817,0.07205396,0.3852968,0.5550593
23729,-5.2018104,-0.2513415,-1.046804,-0.7501089,-0.031047637,0.2076223,0.033448163,0.11975891,0.08048621,0.88170725,0.43621078
23730,-6.3387933,-0.17489906,-1.0728865,-0.5710266,-0.40609345,-0.086922504,-0.22097959,-0.30581978,-0.36975017,0.90203667,0.15664956
23731,-5.209287,0.008184786,-0.8624321,-0.40831628,-0.21225467,-0.20993738,0.063230485,-0.1942316,-0.17966555,0.22356792,0.36955795
23732,-6.343746,0.12141072,-0.81649756,-0.5629208,-0.41252455,0.1545638,0.115296,-0.476748,-0.16655077,0.11881206,0.8636017
23733,-5.435717,-0.27636176,-1.3560116,-0.73901975,0.19147094,-0.23948269,-0.24111311,0.06512694,0.23097835,0.45515576,0.10297863
23734,-4.376571,-0.1901787,-0.76299757,-0.68249345,-0.53530324,-0.099325664,0.04352806,-0.30975437,-0.061386384,0.5094707,0.3336044
23735,-5.1927085,-0.00670069,-0.92789257,-0.5609497,-0.2770973,-0.14234135,0.03230365,-0.31998324,0.0065666903,0.69993067,0.18450226
23736,-6.3974347,-0.010609745,-1.235423,-0.35053885,0.05804855,-0.03136598,-0.17267469,0.109757796,-0.17229299,0.24055064,0.5147098
23737,-5.864317,-0.31228995,-1.2039485,-0.4504895,-0.3561427,0.17793481,-0.12652014,-0.38872075,-0.020730319,0.5620496,0.4725514
23738,-4.9904633,-0.21714069,-1.1650525,-0.607868,-0.36436588,-0.16412257,-0.058879063,0.022043465,-0.16309878,0.32602856,0.57258594
23739,-4.8513765,-0.10265735,-1.1338148,-0.6158153,0.21705943,0.038313575,-0.27204698,0.005977738,0.107947305,0.36794385,0.13902128
23740,-6.8282027,-0.035195082,-0.88449115,-0.5896011,-0.03565942,-0.078816496,0.10610454,0.057031497,-0.24372204,0.3045543,0.23690328
23741,-4.656931,-0.1490397,-0.9871123,-0.3827723,0.16995461,0.01258241,-0.18277554,-0.014183907,-0.04002756,0.5041425,0.051691823
23742,-5.706147,-0.15157849,-1.2044016,-0.4198769,0.27360022,-0.3874055,-0.102620624,-0.3266576,0.11319769,0.51325583,0.17050813
23743,-6.77395,-0.40190345,-1.6004077,-0.6366023,-0.15261318,-0.4471138,0.0012415936,-0.24595317,-0.29534534,0.3879959,0.16403219
23744,-4.720898,-0.060170304,-0.97161824,-0.59630305,0.15391359,-0.1667377,-0.1104199,-0.15353322,0.114763446,0.5231658,0.14819202
23745,-7.378398,-0.24457087,-1.0108541,-0.42529464,0.09706133,0.053679608,-0.45825905,-0.34349644,-0.30186984,0.16691595,0.26393798
23746,-5.6474013,-0.09647299,-1.2979733,-0.53426623,0.24872637,0.01179052,-0.19336762,-0.016744224,0.09031627,0.09061302,0.23209019
23747,-7.025084,-0.53110075,-1.3422132,-1.1271338,-0.16216952,0.17131382,0.093533985,-0.123894654,0.39029524,0.73979986,0.37832153
23748,-5.8235064,-0.02748071,-0.9689021,-0.73356575,-0.012903314,-0.13617069,0.113644704,-0.34894717,0.14945737,0.15299278,0.45175275
23749,-4.090673,0.08550224,-0.6449165,-0.36773998,-0.014867319,0.068780005,0.11069704,-0.15821403,0.0948742,0.3800524,0.21548955
23750,-8.6951065,-0.2796488,-1.4144818,-0.5142201,-0.8671095,0.020727456,0.0042572357,-0.15307967,-0.09951797,0.7198087,0.5736662
23751,-5.622515,-0.015677191,-1.0537496,-0.80776954,-0.2368032,-0.09687585,-0.08679222,-0.4882157,0.19956455,0.20434669,0.28273213
23752,-7.4726806,0.12797935,-1.1334835,-0.3766205,0.20823498,-0.27648336,-0.044966605,0.03437975,-0.61509997,0.27620247,0.011471869
23753,-7.2357044,-0.12958771,-1.227007,-0.737657,0.048725266,0.043720398,-0.21945092,-0.086302005,0.14041397,0.8447702,0.63165957
23754,-6.845743,-0.029750418,-1.7720697,-1.0357752,-0.23079103,-0.027817238,0.047859374,-0.10537125,-0.041301787,0.57575,0.62397265
23755,-5.112901,0.06538443,-0.6289805,-0.12546733,0.09891259,-0.11362346,-0.2903426,-0.14919922,-0.25368467,0.3176606,0.08400616
23756,-7.308202,-0.16577475,-1.1481906,-0.94882363,-0.07353364,-0.13234156,0.1300263,-0.3699175,0.18761177,0.45211542,0.2914562
23757,-5.3895984,-0.19837095,-0.93607944,-0.5900522,0.014595563,-0.050212845,0.06914154,0.0689932,0.053766184,0.46739906,0.31386805
23758,-6.849,-0.019944705,-1.261831,-0.8147328,-0.18475406,-0.40389395,0.13355526,-0.21481653,-0.10851563,0.31886742,0.3923536
23759,-3.836425,0.107727975,-0.8141221,-0.36147147,0.05246975,-0.25890243,0.15032199,-0.09033454,-0.15607743,0.120219536,0.24527888
23760,-6.6091604,0.036435235,-1.2983555,-0.61306524,-0.36941883,-0.2951944,-0.056172878,0.051642105,-0.04030601,0.37582204,0.5091367
23761,-4.708601,-0.35272655,-0.760444,-0.5184515,-0.2633233,-0.21553062,-0.08686784,0.026144521,-0.09388769,0.39533168,0.05506676
23762,-6.177181,-0.15186091,-1.1745555,-0.88646764,0.021318855,0.26529515,-0.15998672,-0.07385135,0.19603673,1.1080732,0.6386106
23763,-4.255693,-0.12557356,-0.73675513,-0.51872927,-0.38423344,-0.16135864,-0.09691984,-0.029295998,0.074312605,0.3965732,0.5545359
23764,-4.37076,-0.28046185,-0.5852023,-0.5305583,-0.46873984,0.20314886,0.063071445,-0.07505915,-0.04876679,0.33427262,0.50187343
23765,-4.2646475,-0.011524226,-0.93933094,-0.64775527,-0.2958937,-0.032601345,-0.01621909,-0.17605405,0.15064439,0.40512618,0.18407378
23766,-5.6708617,-0.12507065,-1.4158378,-0.6175229,-0.1257343,-0.21098691,0.020790927,-0.12226697,-0.024343485,0.4850091,0.19369912
23767,-3.9786928,-0.12400207,-0.8731132,-0.65690535,0.064995565,0.05882007,0.09093405,-0.31215093,0.17245053,0.4501616,0.4062069
23768,-6.165498,-0.33822763,-1.1643218,-0.89531064,-0.5018512,-0.37828106,0.20529471,-0.032299653,-0.04698257,0.42677644,0.6974861
23769,-4.474992,0.10406504,-0.78030854,-0.4134365,0.0021352973,-0.22763856,0.2897472,0.16281433,0.08682198,0.36920866,0.29736856
23770,-4.780314,-0.09484877,-0.81063753,-0.42832214,-0.08658423,0.15707617,0.25522348,-0.15057285,-0.14034674,0.072897196,0.5416922
23771,-6.9572825,0.082517885,-2.1395266,-0.915726,0.17095767,-0.12321679,-0.043852758,0.017201865,-0.16341141,0.72449076,0.10971259
23772,-5.9537115,0.13541739,-0.8583872,-0.70548254,-0.25585258,-0.23698565,0.49224886,-0.37264758,-0.14632079,0.31128478,0.36977994
23773,-7.5567784,-0.102164276,-1.5854657,-0.9666619,0.40121666,0.38804442,-0.05257897,-0.74843574,0.16108571,0.29238293,0.7176372
23774,-5.0229425,0.10489802,-1.3589542,-0.57143307,0.17267218,0.16920038,-0.00719346,-0.004332632,0.09851622,0.28047037,0.19426614
23775,-5.337931,-0.2811721,-0.7976861,-0.7964144,-0.30671227,-0.22744624,-0.20641007,-0.14115353,-0.1335044,0.2440606,0.51833284
23776,-6.899684,-0.08586796,-1.0483865,-0.9094125,-0.09793811,0.2071309,-0.17874305,0.036017973,0.004345092,0.44294384,0.5955466
23777,-4.152249,-0.11318405,-0.9798509,-0.6314615,-0.4213104,-0.0038251113,0.40515405,-0.028248413,0.10032724,0.20432937,0.500615
23778,-5.5227785,0.04724864,-1.1549886,-0.6226036,-0.24981332,0.2638712,0.22010848,-0.5471676,0.06153068,0.43896914,0.59808093
23779,-5.872189,0.14268838,-1.1789058,-0.28269446,-0.036060285,-0.23165971,-0.3430637,-0.048982434,-0.35760084,0.03690456,0.46807012
23780,-4.8882575,-0.11399978,-1.0127058,-0.44565704,0.0549396,-0.12875283,-0.25020382,-0.088829115,-0.21628663,0.1674939,-0.20115674
23781,-4.554588,-0.150794,-1.0376728,-0.77015454,-0.27602,0.049906027,-0.13551313,-0.2604923,0.112197064,0.6244285,0.46742144
23782,-5.908829,-0.34726515,-1.2167511,-0.34593698,-0.099979095,-0.13946539,-0.030347712,0.1699534,-0.13606606,0.46180686,-0.043505885
23783,-4.420263,-0.090031534,-0.821025,-0.32817683,-0.23681079,0.09497875,-0.18349718,-0.14073268,-0.06666239,0.4449515,0.29861408
23784,-5.238642,-0.11936392,-1.466408,-0.752272,0.3007967,0.18391618,-0.25699455,-0.3868845,-0.049522378,0.5940689,0.37145942
23785,-5.6796894,-0.20992374,-1.1509665,-0.3908442,-0.22963451,0.08953572,0.09816321,-0.49881706,-0.2700164,0.3118218,0.46472564
23786,-5.608642,-0.07261032,-1.0429665,-0.48749873,-0.00794599,0.051946297,-0.053318553,-0.22404763,-0.17694311,0.93963957,0.4145984
23787,-4.194622,-0.22793233,-1.0843363,-0.6917331,-0.32994288,0.028088614,0.32832623,-0.13510455,-0.009621937,0.39627886,0.28931814
23788,-6.9579887,-0.036886998,-2.0883622,-0.84604794,0.5533236,0.11071757,-0.34649393,0.014167618,0.14013112,0.15138347,0.5192643
23789,-5.8894467,-0.208503,-0.99098873,-0.54957336,-0.2836995,0.04652486,0.018767636,-0.26109442,-0.23037884,0.12707718,0.6944682
23790,-6.305026,-0.09663112,-0.9404802,-0.6476206,-0.2271993,-0.03831993,-0.46478787,-0.38844255,-0.13802451,0.4575056,-0.20044653
23791,-6.5084066,-0.16895293,-1.15004,-0.43535608,-0.22115825,0.0790791,-0.045581456,-0.32157204,-0.3732794,0.20175721,0.5217734
23792,-5.8931236,-0.12263489,-1.2780843,-0.42846528,0.0209547,0.12398097,0.023883512,-0.20718494,-0.2875063,0.3636873,0.15942703
23793,-6.919034,-0.15446708,-1.5394025,-0.7477326,-0.0705736,0.23783536,0.18077596,-0.41933656,0.1259544,1.1647516,0.5855025
23794,-5.7448716,-0.44367114,-1.2222811,-0.69098634,-0.12388959,0.047198728,-0.08583334,-0.52607137,0.250603,0.6314302,0.27478775
23795,-5.9355426,-0.14251673,-1.1084888,-0.84668046,0.20232545,-0.086651124,-0.1195591,-0.2872821,0.22538932,0.23678307,0.4792216
23796,-6.2345533,-0.12586105,-1.2872325,-0.95659953,-0.03017526,0.08304949,0.061705783,-0.5735949,-0.121094316,0.2838047,0.41536197
23797,-4.3942304,0.012571791,-0.81684345,-0.20259543,0.12755477,-0.15094887,-0.08652249,-0.25045067,0.0023798607,0.16796625,0.12693503
23798,-4.9681244,0.2148229,-1.1004297,-0.50060344,-0.012578433,0.28306895,0.1297506,-0.022829587,-0.10611423,0.5800193,0.44732317
23799,-5.8327103,-0.4664675,-1.1503133,-0.29952523,-0.15092525,-0.14348945,0.061484586,0.06862232,-0.100226335,0.35938182,0.5529049
23800,-6.2080345,0.14426453,-1.4747214,-0.7050513,-0.06195443,0.109465234,-0.12718089,-0.31839332,-0.087851,0.6154414,0.09642191
23801,-3.9998875,-0.050616916,-0.8746484,-0.37885118,0.027038444,0.036692962,-0.14623888,-0.26165545,-0.072572865,0.1683634,-0.08232662
23802,-5.558274,0.03103489,-1.2123029,-0.5926516,0.14123431,0.44905066,0.2077539,-0.5994436,0.032837667,0.5310325,0.30530894
23803,-5.3063316,-0.14557464,-1.0058001,-0.7660804,0.015261097,-0.31003404,-0.019586906,-0.030823125,-0.1365529,0.25536662,0.042632047
23804,-4.990759,-0.085373856,-0.6543454,-0.2361181,-0.00028626993,-0.39863545,-0.26165977,0.1217533,-0.3696611,0.22715363,0.19354807
23805,-6.7268558,-0.33451158,-1.6540713,-0.9374501,0.42892933,0.01757417,-0.35152116,-0.19452806,0.38222322,0.5679762,-0.07244738
23806,-8.350791,-0.03698037,-1.3795401,-0.5567501,-0.74071324,0.28258234,0.16614197,-1.1910869,-0.35938945,0.24853793,0.57095826
23807,-5.015747,0.108373575,-0.9050476,-0.30236053,-0.08999484,-0.20945756,-0.04189525,0.42774612,-0.083082244,0.32233924,0.25540859
23808,-6.2444835,-0.34101954,-1.1935816,-1.1979398,-0.2372273,0.032619245,0.086316794,-0.4765026,0.3200118,0.49899924,0.25353733
23809,-6.287755,0.1776443,-1.385633,-0.5370678,0.11101601,0.24776015,-0.088909835,-0.07965444,-0.046554618,0.38071197,0.288754
23810,-6.2310023,0.060690764,-1.0652105,-0.62840056,0.4451401,-0.14063294,-0.1373143,-0.34082538,0.09534602,0.11068864,0.23882541
23811,-4.1191196,-0.20044786,-0.64975744,-0.30405015,0.02994202,-0.31584114,-0.0472863,-0.051762618,-0.037977085,0.22958504,0.36871135
23812,-5.60439,0.09807086,-1.2643105,-0.6424105,-0.086781405,-0.010185966,0.018649329,-0.30228528,-0.042165026,0.20963998,0.2617873
23813,-6.256179,-0.08031406,-1.6557324,-0.5855604,0.22536103,-0.30180895,0.10213445,-0.07955127,0.122078836,0.6745191,0.12603447
23814,-5.608609,-0.22961651,-1.2529042,-1.0112555,-0.370682,-0.088880844,0.0014097728,-0.06740992,0.48609665,0.46295485,0.62474376
23815,-5.4558635,-0.3591732,-0.96710014,-0.9452612,-0.14377165,-0.15098503,-0.029589731,-0.085883334,0.2889759,0.5115338,0.76341116
23816,-5.1698203,-0.13541636,-0.77697474,-0.78158355,-0.16318464,0.064027905,0.011622966,-0.1127996,-0.003862638,0.3162633,0.30223396
23817,-5.5535946,-0.14272818,-1.192625,-0.5242379,-0.18325928,-0.01578078,-0.07812636,-0.048204362,-0.34667304,0.38268125,0.30428046
23818,-6.010513,0.025237452,-1.3188237,-0.39387634,0.53011346,-0.17723453,-0.047550756,0.30574617,0.06755988,0.27987757,0.066206545
23819,-5.891346,-0.2669385,-1.1834416,-0.927546,-0.20688996,0.15441225,-0.06592211,-0.2816822,-0.16812162,0.28468326,0.5648056
23820,-6.7726636,-0.43887043,-1.6996686,-0.7706164,0.16490248,0.36496794,-0.0014812779,-0.24452925,-0.009259671,0.27605438,0.66346776
23821,-5.7669663,0.0606144,-1.3872491,-0.8242387,0.033283696,-0.23108163,0.07887066,-0.13822529,0.17923425,0.51216525,0.101541676
23822,-6.5613046,-0.04226979,-1.8191619,-0.8679874,-0.2509866,0.10183587,-0.29308724,0.15256304,-0.23310886,0.83646744,0.5333078
23823,-5.959548,-0.6610832,-0.97759223,-1.005125,-0.27663404,-0.32342112,0.048731927,-0.49294767,0.06583706,0.570391,0.76135397
23824,-5.9462996,-0.15044297,-1.3440498,-1.0942206,-0.558429,0.3854727,-0.21516673,-0.5526734,0.06409493,0.74294543,0.56493527
23825,-5.687757,-0.014680472,-1.4211205,-0.32258445,0.050151933,-0.18694659,0.05688234,-0.040793605,-0.27812716,0.13638115,0.48650837
23826,-4.8999953,-0.12673168,-1.1695302,-0.5075544,-0.05554734,0.5254172,0.089644976,-0.47495887,0.15199693,0.22493768,0.23925905
23827,-5.671757,-0.15631326,-1.36131,-0.68666655,-0.1615782,0.47405934,-0.119326375,-0.4722338,0.06943375,0.23823418,0.4078895
23828,-5.884187,-0.021509834,-1.3690269,-0.6208803,0.14559019,0.13830917,-0.3029861,-0.4420527,-0.09137671,-0.07793014,0.07909205
23829,-5.8536506,-0.12418811,-0.65043163,-0.79254234,-0.37455955,0.30741906,0.015457045,-0.41132694,0.07097464,0.5811416,0.3138066
23830,-6.356751,-0.07060585,-1.3289572,-0.6496894,0.0758654,0.22299114,-0.2134257,-0.69019926,0.20095904,0.05761057,0.25750175
23831,-6.303374,-0.11674933,-0.97377557,-0.7704013,-0.18593769,0.17902876,-0.21984604,-0.93770355,0.042302743,0.19555506,0.49348193
23832,-4.3881454,-0.09451929,-0.899636,-0.37367845,-0.3246277,0.08286037,0.43266192,0.0018901965,-0.19821368,0.17905101,0.32363132
23833,-5.9170156,-0.13494141,-0.8097108,-0.267775,-0.12166508,-0.4148311,-0.11702009,-0.090434775,-0.25045812,0.30587095,0.45702884
23834,-5.046865,-0.13153645,-0.84277135,-0.62490183,-0.26715958,-0.055463985,-0.11396695,0.017892826,-0.32671982,0.38827616,0.15899204
23835,-5.4320226,-0.054435816,-0.88974065,-0.26592213,0.05563986,-0.1409789,0.061175644,-0.40329093,-0.26062793,0.25954965,0.4098871
23836,-4.5415816,-0.07751283,-0.8914127,-0.44466966,-0.17036645,-0.08830398,0.19080892,0.10431899,0.14758626,0.27951074,0.35330266
23837,-6.747292,-0.13723844,-1.5941895,-0.74819696,0.52324426,-0.12780763,-0.2384049,-0.3118694,0.01844828,0.48943135,0.2578372
23838,-6.586336,0.01516047,-1.5065503,-0.7646619,-0.12538783,-0.3244142,-0.23841235,0.15112744,-0.29229936,0.45958284,0.36616203
23839,-7.5312934,-0.17372794,-1.459932,-0.71862227,-0.48985407,-0.046407133,-0.12976064,0.12596957,-0.38939568,0.43039936,0.42106777
23840,-5.6116195,-0.15173724,-0.96532136,-0.676492,-0.7080176,-0.14051789,0.09846647,-0.16577816,-0.32267347,0.20392118,0.28198132
23841,-5.7749505,0.12065187,-1.4128141,-0.46693018,0.35615835,-0.18569225,0.03955804,0.034249507,-0.06370782,0.114802286,0.49404418
23842,-3.6469579,-0.14737964,-0.7207412,-0.3311245,-0.17428756,0.18480504,0.027638532,-0.085341915,0.10497685,0.35292158,0.2902465
23843,-4.7360435,-0.3385847,-1.1366762,-0.42097145,0.020877667,0.08294036,-0.01930999,-0.2566325,0.16941486,0.28603002,0.383798
23844,-5.566105,-0.13995954,-1.5262265,-0.59335333,0.123694494,0.0047580367,-0.25254115,0.08143892,-0.08774416,0.25531363,0.26456964
23845,-6.023392,0.09714655,-0.9876622,-0.57292753,0.068847485,-0.17749947,-0.058656722,-0.20606887,0.04274258,0.20494404,0.2465509
23846,-5.536876,-0.41118556,-1.1495175,-0.69344145,-0.010947444,-0.33745325,-0.029062532,0.08461755,0.06314843,0.5913922,0.10201899
23847,-5.9454403,0.07693501,-1.2467617,-0.75033927,-0.17334662,0.30136597,0.3092261,-0.19783789,-0.117614925,0.44335297,0.92760307
23848,-5.9206576,-0.008449498,-1.0952764,-0.680433,-0.24821097,0.31207567,0.16274433,-0.4132193,0.059253186,0.4269563,0.13477957
23849,-4.9837966,-0.21229045,-0.89762044,-0.37326849,0.15193015,-0.06380697,-0.19057682,0.21529418,-0.13275182,0.27993357,0.206411
23850,-6.3197293,-0.1553568,-1.0013367,-0.8040127,-0.47635844,-0.2657829,-0.3035085,-0.17310612,-0.15023816,0.47728422,0.6582474
23851,-6.792627,0.075564444,-1.4430637,-0.53070784,0.13058282,0.30459446,-0.053448714,-0.26566273,0.22185743,0.49899444,0.047577355
23852,-6.883608,0.085660666,-2.0633504,-0.6888238,0.2311796,0.1289765,0.016094148,-0.020709174,-0.18896686,0.1707406,0.37381783
23853,-9.438604,-0.16668487,-1.8855116,-0.9290126,0.03397982,0.133323,-0.24728467,-0.22333938,0.14870447,0.5710336,0.32754955
23854,-5.116176,-0.09298113,-0.8738443,-0.44616038,0.1787233,-0.011008453,-0.18979073,-0.38776344,-0.086987086,0.25177437,0.18652415
23855,-5.958097,0.048373718,-1.3112088,-0.59057564,0.08853256,-0.15825415,-0.024486605,0.0591641,-0.16326581,0.45140496,0.11797312
23856,-4.282955,-0.04457445,-0.8286682,-0.556215,-0.14463241,-0.2791366,0.05461036,0.03675276,-0.12889646,0.58392847,0.10041346
23857,-7.7646623,0.16114846,-1.128397,-0.5564318,0.32311657,0.0956613,-0.060614824,-0.03576865,-0.14545766,0.16156954,0.29409084
23858,-6.4617815,-0.013620918,-0.9717313,-0.55379325,-0.30683547,-0.15828925,-0.1266103,-0.393286,-0.21445337,0.3115142,0.723692
23859,-5.9737177,0.19085927,-1.082623,-0.40931585,0.43537757,-0.1563427,0.051066328,-0.09211656,-0.07894985,0.28581673,0.033356402
23860,-7.482726,-0.3301671,-1.3245834,-0.68694,-1.023681,-0.37295395,0.23939651,-0.3128053,-0.15971538,0.44734642,0.5467481
23861,-6.131117,0.10260424,-1.1052558,-0.5158992,-0.20709226,0.08444943,0.26686448,-0.005795989,-0.28374237,0.47285625,0.53407156
23862,-5.029556,-0.13444205,-0.91379416,-0.71222246,-0.3435653,-0.036275603,0.18400675,-0.17146304,0.15351744,0.39287543,0.48706236
23863,-5.453113,-0.23977074,-1.1245887,-0.7465676,-0.12746832,-0.21843925,-0.08622674,-0.054589912,0.11196704,0.4080297,0.112905085
23864,-5.146916,-0.07554128,-1.10298,-0.5482924,0.14417566,-0.027754184,-0.3438242,0.20679496,-0.007951077,0.5463159,0.087145284
23865,-5.784303,-0.03670967,-1.1173222,-0.33377695,-0.2926732,-0.10224801,-0.14096072,-0.5063446,-0.25147942,0.27944705,0.23130003
23866,-6.9820237,-0.18759114,-1.2428291,-0.7109014,-0.0115716215,0.18648532,0.010731198,0.47212777,0.045382038,0.8039956,0.3487295
23867,-5.6651855,-0.43990415,-1.4698055,-0.63032097,0.60575885,-0.10689488,-0.0194183,0.03838848,0.28925377,0.34569684,0.10321724
23868,-6.0126524,0.08505903,-1.117592,-0.6188953,-0.11095652,0.024089748,-0.39747527,-0.6128615,0.096640304,0.2418268,0.23953179
23869,-4.8139744,0.13228053,-1.1862265,-0.5201747,0.106756896,0.20671889,0.059329838,-0.26371536,-0.30051717,0.29616815,0.031155504
23870,-3.4980297,0.15741502,-0.69017476,-0.38348845,-0.011357814,-0.14931987,0.11071739,-0.17684908,0.044402376,0.37944588,0.11015313
23871,-5.558042,0.06962274,-1.2410775,-0.25964072,-0.37668195,0.15007333,0.3256265,-0.78015953,-0.3761621,0.43540344,0.23006958
23872,-4.4846034,-0.11294994,-0.44596425,-0.43762827,-0.41258222,-0.047639027,-0.14316316,-0.020578165,0.07007643,0.7244135,0.17220269
23873,-6.591474,0.17140156,-1.4247512,-0.5845776,0.092890136,0.05255045,0.051387336,-0.045629933,-0.16415042,0.3551054,0.30972347
23874,-6.755545,0.01639311,-1.7721786,-0.97698385,-0.25335693,0.3784228,-0.16299175,-0.4034028,-0.062015995,0.5107368,0.55074054
23875,-6.5628943,-0.2926543,-0.83457124,-0.6977967,-0.01615357,-0.1687324,0.0810711,0.049950197,-0.23907383,0.21006523,0.7775189
23876,-6.3275037,0.012346209,-1.0621129,-0.41373065,0.02720528,-0.16613744,-0.10882009,-0.1705382,-0.0003473889,0.39840746,0.435796
23877,-7.2829356,0.47542754,-1.4327871,-0.48356956,-0.030379703,0.31152463,0.11631836,-0.31975564,-0.22485076,0.16632025,0.3427516
23878,-5.1611056,-0.45034084,-0.95883894,-0.42079687,0.22526503,0.20700826,-0.33955756,-0.30072594,0.013627428,0.22818772,0.29224256
23879,-5.8005166,-0.26602662,-1.1341314,-0.5605252,-0.35519066,0.26139855,-0.23852125,0.018935349,-0.056012265,0.70120496,0.36601037
23880,-5.2082777,0.25450805,-1.0957692,-0.44143718,0.13664824,0.15608285,-0.15192896,-0.3927099,0.22147132,0.21087772,0.15251371
23881,-5.456953,-0.04219178,-1.1340169,-0.6485424,0.01946462,0.0927386,-0.19434318,-0.06144067,0.15162398,0.91618997,0.2645937
23882,-5.2815657,-0.07211799,-1.082804,-0.50336736,0.17373374,0.06580528,-0.2499785,-0.3810529,0.11308461,0.18282981,0.23790164
23883,-6.4137497,0.026981287,-1.4057814,-0.8075561,0.1148952,-0.24095032,-0.2936078,-0.3049225,-0.2282797,0.21169196,-0.060592473
23884,-5.9346623,-0.3083791,-0.97919834,-0.83472896,-0.23356394,0.016972657,0.008278787,-0.11043672,0.09798494,0.87823224,0.32983193
23885,-4.7147403,0.026281618,-0.906358,-0.4524428,0.01818576,0.08470259,-0.031020775,0.12222382,-0.32109535,0.18348785,0.28508264
23886,-3.7652476,0.02889594,-0.7100796,-0.3491872,-0.07131186,0.27661884,-0.12844041,-0.02047264,-0.11643614,0.17397559,0.119022824
23887,-5.071414,0.08736485,-0.84538895,-0.69329566,0.033183277,-0.22628997,-0.038978852,-0.16776665,0.10021811,0.28422526,0.58666277
23888,-6.5177193,-0.48270923,-1.2642018,-0.71271,-0.53583,-0.5506843,0.13301197,0.022973288,-0.20098327,0.7035095,0.2800684
23889,-5.714411,-0.12403704,-1.1582224,-0.6931907,-0.007712413,0.40989065,0.23102635,-0.1236083,0.0077078575,0.8160805,0.52216965
23890,-6.753794,-0.27486202,-1.5130656,-0.86100596,-0.071314625,0.12114898,0.026556514,-0.126474,0.16806972,1.1029017,0.21855241
23891,-4.3933682,-0.16529375,-0.9234197,-0.5450437,0.13016042,-0.08952248,-0.18931538,-0.15021147,0.1122514,0.41450813,0.47021574
23892,-6.677849,-0.23035829,-1.3371218,-1.0008224,0.019889565,-0.098024905,-0.10694528,-0.14997666,0.38768387,0.5545213,0.13387056
23893,-5.7694435,-0.30111495,-1.0590597,-0.8064005,-0.5392635,0.45277536,-0.073176704,-0.37629685,0.3029801,0.6923891,0.45164344
23894,-6.266691,-0.07877714,-1.2668099,-0.7714368,0.35979515,-0.00077567995,0.21598856,0.32725862,-0.28054237,0.2428126,0.27947062
23895,-5.9975104,-0.38899696,-1.1006925,-0.6058858,-0.21713534,-0.33698773,-0.12834893,-0.20101449,-0.19598123,0.4178661,0.5941003
23896,-4.409385,0.084128216,-0.5948646,-0.26826105,-0.18747564,-0.10127605,0.020994999,-0.15603207,-0.08569879,0.326502,0.29768163
23897,-5.3000345,-0.1677166,-1.0572013,-0.6190487,-0.014944596,-0.24989973,-0.10753159,0.053406127,0.11650982,0.2846489,0.4237858
23898,-6.3833246,-0.35534492,-1.1765816,-0.6476787,-0.11520038,-0.043941304,-0.29777032,0.16035971,0.055349715,0.21494278,0.6444885
23899,-4.704225,-0.2573268,-1.0465959,-0.74252653,-0.48508334,0.30654377,0.16201614,-0.24894094,-0.008935181,0.2895982,0.35946852
23900,-5.961348,-0.109939575,-1.212013,-0.33600906,-0.5490427,-0.3516702,-0.07772031,-0.509496,-0.42259455,0.19295594,0.4824191
23901,-5.985993,-0.34916982,-1.1256099,-0.72494555,-0.3584383,-0.052219883,-0.3512655,0.011902746,0.032365195,0.41522342,0.33723307
23902,-5.829986,-0.039309606,-1.016975,-0.7137446,0.16148506,-0.036193933,-0.09127743,-0.06320739,0.07804982,0.6255474,0.1546349
23903,-5.691316,-0.29179412,-1.6101812,-0.5865057,0.0008831122,0.17588773,-0.07065418,-0.1773012,-0.25293696,0.57321626,0.25228
23904,-5.445171,0.07466283,-1.3714972,-0.6970719,-0.057193145,0.20068818,-0.10425999,-0.33877063,0.18829058,0.49103197,0.23400359
23905,-4.213888,-0.13406323,-0.6579468,-0.52407974,-0.370296,-0.07495836,-0.012655552,-0.43525004,0.044087254,0.23423578,0.48663244
23906,-6.1484375,-0.11488898,-1.4579631,-0.45728976,-0.680994,-0.5276845,0.24421877,0.23258783,-0.4409731,0.35874233,0.5702126
23907,-3.74256,-0.19675867,-0.54551834,-0.32649317,-0.10915273,0.065767184,-0.18657789,-0.34439945,-0.029062746,0.15537217,0.31129286
23908,-6.167984,-0.22053121,-0.87887734,-0.727311,-0.18889697,-0.08418075,-0.15982938,0.18325925,-0.32458797,0.18980113,0.3975729
23909,-6.6934447,-0.09090525,-1.3528273,-0.7166625,-0.09286405,0.08126708,0.19811398,-0.091960415,-0.20265414,0.9347114,0.47725785
23910,-4.486583,0.17411442,-1.0062445,-0.59980375,-0.26887017,-0.06744204,-0.0077136876,-0.18751946,-0.27008158,0.22386792,0.06476183
23911,-5.689687,0.18295638,-1.4475563,-0.69112414,-0.24893618,-0.25969088,0.23841593,-0.15755215,-0.016218716,0.48623672,0.44331285
23912,-6.4576244,-0.2405138,-1.7827996,-1.0723999,0.40665615,0.25798273,-0.31231943,-0.029590035,0.07431351,0.4722748,0.32457522
23913,-5.6908774,-0.15935887,-0.75652,-0.4735892,-0.09159541,0.13520156,0.08497105,-0.1085443,-0.0826035,0.10038573,0.16262846
23914,-5.516843,0.24814364,-0.93211025,-0.61294013,-0.12355118,-0.13385631,0.16155697,-0.25568393,0.08733671,0.45980585,0.49054062
23915,-7.8003035,-0.25868726,-1.1537384,-0.66594774,-0.47962236,0.37566143,0.0010521505,-0.40349188,-0.41857654,0.5780597,0.51959777
23916,-5.337614,-0.05348846,-1.0306218,-0.1409263,-0.13448827,-0.19423693,0.12913868,-0.05552464,-0.37542203,0.74654937,-0.031490065
23917,-4.6472664,0.02015193,-0.6628377,-0.40596268,0.08845087,-0.16357514,-0.26571482,0.06538095,-0.05754195,0.5417651,0.120028906
23918,-6.750281,-0.56486887,-1.4820458,-0.6510032,0.15430793,0.2544154,-0.076240286,-0.5715103,0.25786468,0.78451353,0.45184812
23919,-5.9031725,-0.13247922,-0.96337146,-0.6174672,-0.1564988,-0.25367945,0.1535493,-0.21899061,-0.18840113,0.3009584,0.5563782
23920,-7.012561,0.10631985,-1.3262314,-0.52886444,-0.052574005,0.2979877,0.20343491,0.16959974,-0.21692257,0.072596766,0.5795066
23921,-7.7140326,0.022089936,-1.4947299,-0.77674085,-0.31053984,0.04655632,0.07676169,-0.25331518,-0.05791024,0.049068358,0.48889577
23922,-5.8288035,-0.22834107,-0.647761,-0.7642924,-0.47041354,0.079617254,-0.06479279,-0.36660913,-0.13975511,0.33956996,0.54604715
23923,-4.095793,0.00014949404,-0.71803975,-0.50374514,-0.18212666,-0.08931143,0.09109251,-0.16548175,0.16278638,0.40035373,0.46156272
23924,-6.351542,-0.33985746,-1.2636652,-0.90553904,-0.07455494,0.30746478,0.08542278,-0.33701104,0.08809501,0.51967037,0.34312
23925,-5.836561,-0.20121877,-0.9311239,-0.56285024,0.005024777,-0.0006797686,-0.19363005,-0.7495145,0.06016565,0.24712971,0.6461329
23926,-5.0671535,0.075571775,-1.0310739,-0.5724358,0.18364958,-0.010305617,0.31669047,-0.000794461,0.28220147,0.6033229,0.19404192
23927,-6.9982104,-0.11799885,-1.6055355,-0.78434825,-0.19998218,0.27723557,-0.21421401,-0.24647525,-0.21549433,0.95123357,0.25366518
23928,-4.3423743,-0.19222721,-0.89179003,-0.8370336,-0.011897873,-0.07931379,-0.109494,-0.5363142,0.033687785,0.20875373,0.26121333
23929,-4.9781375,-0.075953595,-0.77928656,-0.6263255,-0.08765739,0.12792067,-0.12681666,-0.29180852,0.050732605,0.85600865,0.46874592
23930,-4.790479,0.039708763,-0.86771715,-0.37778723,-0.29592392,0.099172875,0.3813243,0.005196633,-0.22479025,0.28438598,0.32775342
23931,-5.756367,-0.46073857,-1.1813495,-0.80933756,-0.21797094,0.012667268,-0.0568268,-0.36011875,0.32771692,0.80521107,0.45615026
23932,-5.702509,0.010634578,-1.4377893,-0.353652,0.31276163,0.028243339,-0.29167226,0.08519232,-0.27602574,0.11181251,0.012685139
23933,-5.1511955,-0.41682768,-0.8426609,-0.8077123,-0.25349218,-0.025432196,0.12958577,-0.09377155,0.17108868,0.6118784,0.20428498
23934,-4.8141446,-0.29347682,-1.0108756,-0.71742165,0.11912029,-0.14378761,-0.065258816,0.027468868,0.18158479,0.51767254,0.3487376
23935,-6.539527,-0.083214246,-1.3480605,-0.5755909,-0.73409593,-0.26152277,0.51732117,-0.3262811,-0.26428068,0.30263552,0.8396292
23936,-4.67051,0.19438106,-0.8211713,-0.4029277,-0.005599015,0.048613917,-0.1336521,-0.44572666,0.09758749,0.17145076,0.12280572
23937,-5.7205873,-0.20594642,-1.3257132,-0.64840645,-0.39557847,0.08782441,-0.02620507,-0.1259628,-0.23408367,0.61727285,0.5662482
23938,-4.0390077,-0.17990413,-0.8296005,-0.5096468,-0.3466498,-0.062445268,-0.17319448,-0.0154257715,-0.24660824,0.44100752,0.2639673
23939,-6.162156,-0.08456035,-1.742492,-0.6940028,-0.28926757,0.4149391,0.11341402,-0.5193681,-0.2457674,0.75575364,0.421682
23940,-5.0190387,-0.14204863,-0.56680566,-0.577835,-0.123988755,-0.41580003,0.08305829,-0.058630772,-0.05798465,0.31068042,0.39390182
23941,-6.8526607,-0.41312182,-1.5283357,-0.65465474,0.14070584,0.2885834,-0.22071446,-0.37459636,-0.093256846,0.62425005,0.3302057
23942,-5.7311378,-0.37815687,-1.2332162,-0.4925025,-0.32292774,-0.29872096,-0.092064455,0.011440548,-0.16910346,0.44608694,0.28756955
23943,-7.37528,-0.0808343,-1.3701745,-1.030321,-0.14702916,0.09986357,-0.072176434,-0.7761083,0.09321014,0.23897797,0.3317674
23944,-5.8948636,-0.28302392,-1.4245282,-0.6345115,-0.43234628,0.41271502,0.24645974,-0.42549804,-0.061662465,0.5999416,0.20281026
23945,-6.1536455,0.25924483,-1.4039401,-0.1454714,0.011000849,0.13679554,0.037015706,-0.1531711,-0.3751979,0.0977209,0.2091386
23946,-6.376591,-0.17892787,-1.1035424,-0.6225031,-0.18802075,-0.112309225,-0.09587646,-0.0862418,-0.109973714,0.6168318,0.069137454
23947,-4.5786004,-0.15045881,-0.97430575,-0.4242509,0.13087066,-0.032570202,-0.21885249,-0.29605845,-0.104644105,0.29300508,-0.023405477
23948,-4.787359,0.04712424,-0.7823422,-0.50340706,-0.22562471,-0.18177642,0.0635636,-0.34029225,-0.18911283,0.34736133,0.24749285
23949,-5.9978757,0.06798967,-1.002987,-0.62433934,-0.38355336,-0.14983006,-0.004512714,-0.2951869,0.0026269993,0.3789225,0.6477904
23950,-5.49366,-0.20197566,-1.2198421,-0.7027975,-0.04345299,0.019346012,-0.30907607,0.013920524,0.16259472,0.19448172,0.12484918
23951,-5.3943906,0.004110665,-1.2581866,-0.74677,-0.06742032,0.08638121,0.3195558,-0.17225598,-0.120267436,0.5126581,0.34624973
23952,-6.745934,-0.3340043,-1.0864176,-1.0871533,-0.12280398,-0.47903496,-0.17297438,-0.2999344,-0.053204343,0.26374304,0.3413709
23953,-4.7598805,0.13157694,-0.7681687,-0.64232135,-0.28705248,-0.061105996,-0.21128473,-0.19301526,0.044509515,0.32506117,0.08135299
23954,-4.786946,-0.11192854,-0.83731526,-0.43235505,-0.075426,-0.14501034,0.035047323,-0.27425143,-0.19773419,0.238285,0.13768199
23955,-8.193343,0.05520625,-2.3747904,-0.809919,0.39620855,0.2840265,-0.1391226,-0.20756206,-0.060786,-0.072266854,-0.035698738
23956,-5.536732,-0.099821776,-1.1052667,-0.29146948,0.032614566,0.33886075,0.06848775,-0.56425065,-0.12179428,0.35370892,0.05077293
23957,-4.414487,-0.01553191,-0.9492541,-0.8603328,0.032757506,-0.09127174,-0.20205161,-0.38122824,0.3114597,0.4120531,0.23792171
23958,-6.0485315,-0.118854895,-1.1536319,-0.46792603,-0.6847982,-0.09882546,0.34448248,-0.2786435,-0.30323216,0.0929076,0.57392466
23959,-4.576602,-0.1942693,-0.82500917,-0.5382088,-0.21842131,-0.105966315,-0.028581865,0.052143782,-0.0290541,0.44497636,0.59529424
23960,-4.1983075,-0.19144335,-0.7141776,-0.40256947,-0.16275644,0.15482432,0.05501516,-0.013469268,-0.1266177,0.50040454,0.26061976
23961,-6.3933253,-0.18845557,-1.4055436,-0.2161861,-0.014445124,-0.1036652,-0.31715032,-0.11175156,-0.41500875,0.19646269,0.10489418
23962,-6.682313,-0.20487912,-1.7348568,-0.71237403,0.4472849,0.14612737,-0.10620577,-0.2064763,0.00026994944,-0.0977485,0.1573245
23963,-5.6497617,-0.38564605,-1.4382092,-0.67394614,-0.06863232,0.27933514,-0.18459255,-0.4038128,0.2698307,0.6926257,0.564511
23964,-5.6018143,-0.20457047,-1.1908225,-0.6404634,0.31884176,-0.07916286,-0.24057804,0.10523961,0.0040537193,0.74827784,-0.01998616
23965,-6.2298293,-0.16415949,-0.75573796,-0.8276401,-0.74346787,0.078771666,0.035116047,-0.4996591,-0.12692347,0.014307737,0.53043526
23966,-5.2090864,-0.1907936,-0.6178028,-0.5332619,-0.39639693,0.3394742,-0.16413464,-0.7062942,-0.055566795,0.46050638,0.11411227
23967,-5.3079147,-0.25151622,-0.63204277,-0.46675658,-0.3551872,0.015147066,0.18248099,-0.094159015,-0.14840975,0.22762701,0.6644558
23968,-3.4169157,-0.0013515707,-0.729829,-0.44367394,-0.10465126,0.267578,0.015358512,-0.11963738,-0.010735827,0.22739442,0.30011997
23969,-5.116268,0.19718142,-1.4209934,-0.36205724,-0.1058322,-0.41427112,0.10535875,-0.024238752,-0.19145468,0.4020825,0.35480365
23970,-7.374197,-0.10074225,-1.2382187,-0.742661,-0.0793499,0.27634943,-0.24156995,0.10602877,-0.27828857,0.45269942,0.30720267
23971,-4.231958,0.02098297,-1.1372709,-0.5617438,-0.22991313,-0.17893659,0.27096704,-0.0036388226,-0.08975294,0.37107658,0.40537795
23972,-4.3879924,-0.049734328,-0.9315655,-0.5910007,-0.00027524773,0.21897809,-0.17657487,-0.33473304,0.029125864,0.305915,0.1906692
23973,-5.9568114,-0.40850535,-1.0564854,-0.52929354,-0.39359352,0.028063755,0.64028305,0.0999533,-0.1078175,0.4808253,0.3087405
23974,-5.8930006,0.21526979,-1.0742272,-0.7733597,0.17473805,-0.05591812,0.21390122,-0.1637387,0.11227953,0.50457406,0.17483582
23975,-6.593429,-0.49468794,-1.1110274,-0.57789326,-0.47603557,-0.30681103,0.22645381,0.27181238,-0.5418628,0.40698943,0.48140046
23976,-6.020498,-0.39840674,-1.555719,-0.7051697,-0.0642967,-0.17792584,0.009004895,-0.40363076,-0.23149924,0.14742415,0.41865063
23977,-6.366046,-0.022151444,-1.165618,-0.9612556,-0.59474784,0.022754792,-0.19077796,-0.33618334,-0.03382551,0.34280127,0.40451849
23978,-4.5395365,-0.20714228,-0.8476705,-0.55385596,-0.39348528,0.14415982,-0.05384045,-0.22133344,-0.07496353,0.55339074,0.113025166
23979,-5.77949,-0.40885007,-1.535751,-0.58051074,-0.15395302,0.10306269,0.00061446335,-0.18857569,0.10387381,0.4171484,0.19393301
23980,-8.17295,0.020255778,-1.9623529,-0.9706295,0.15422185,-0.1655123,-0.55266804,-0.6991258,0.24595568,0.11588584,0.95540494
23981,-5.624338,-0.08902819,-1.1262615,-1.0542027,0.1841745,-0.21111006,-0.48805428,-0.49398264,0.4733074,0.28621468,0.2608609
23982,-5.4403195,-0.27128142,-1.1028312,-0.44350556,-0.045511197,0.22157814,-0.122533344,-0.28266928,-0.04458534,0.44589418,0.22823262
23983,-6.2762403,-0.3923571,-1.4874333,-1.0472085,-0.4251656,-0.16756278,0.17171507,0.15413575,0.16560616,0.86432475,0.21504456
23984,-5.4850664,0.08549058,-1.148091,-0.31594443,0.25152385,-0.14884324,-0.10479896,0.18987246,-0.022554686,0.20210882,0.42532063
23985,-4.6357017,-0.022211581,-0.8426919,-0.40751114,-0.17845862,0.25762165,-0.12512842,-0.44108066,-0.12725239,0.3404039,0.101837784
23986,-5.7794623,0.00035403855,-1.2512062,-0.5731046,0.29038486,0.27877796,-0.32184502,-0.35993397,-0.18444549,0.2621585,0.27004084
23987,-7.983965,0.041808058,-1.8651999,-0.52058524,0.16847196,-0.09865636,-0.50381535,0.018105708,0.0723668,0.5963802,0.08728635
23988,-5.4067984,-0.1578379,-0.86260647,-0.7705832,-0.19126193,0.29483324,0.054085672,-0.47008133,-0.235442,0.2765431,0.13509488
23989,-5.380034,-0.14049633,-1.731088,-0.78519434,0.24766687,-0.28878874,-0.39683545,0.09187032,0.35173234,0.5481359,0.11691179
23990,-5.6521525,-0.22947343,-0.86037153,-0.7707383,0.38268954,0.25272974,-0.1845371,-0.018277323,-0.003988428,0.7389041,0.34846964
23991,-5.5857077,0.1803708,-1.0811282,-0.7896324,-0.26519147,0.16182257,-0.5237568,-0.57866514,0.099866904,0.3233862,0.061908253
23992,-5.3138676,-0.065901615,-1.2580128,-0.6682889,-0.0036902125,-0.15461934,-0.1368385,-0.29691175,0.0061574876,0.33956724,-0.050672837
23993,-4.039792,-0.2745265,-0.8040129,-0.6151062,-0.3828028,-0.068312354,0.07523873,-0.16991933,0.2108203,0.3654113,0.5915914
23994,-6.256013,0.06463196,-0.96075034,-0.85487634,-0.15479907,-0.26696527,0.06882017,-0.066547945,-0.041709013,0.58405864,0.5712785
23995,-6.7970905,-0.06082165,-0.9098017,-0.31632903,-0.46762025,-0.40183437,0.29997134,-0.26403803,-0.6412059,0.51537585,0.25234744
23996,-6.539947,-0.10882996,-1.2762172,-0.71793294,0.17487225,0.09659767,-0.35744935,-0.18980408,0.23275656,0.20291014,0.22618003
23997,-6.613779,0.042105537,-1.049348,-0.61482596,-0.3281238,-0.09092521,-0.22239043,0.3745157,0.015346967,0.64162284,0.42785287
23998,-5.844004,-0.15526691,-1.1804361,-0.67014796,-0.040814884,0.2980321,-0.05430822,-0.5054541,0.38865674,0.71511096,0.18751593
23999,-5.253298,-0.046958268,-1.0695755,-0.3652092,0.18265393,-0.16218275,-0.2895045,0.13689902,-0.14218663,0.16079758,0.16904065
24000,-5.4781303,-0.17112811,-1.430165,-0.678926,0.22692397,-0.23642898,-0.38098747,-0.35412544,-0.016544772,0.14192788,0.36808318
24001,-5.1209903,-0.22318232,-1.1033753,-0.5138422,0.32898688,-0.2684523,-0.16563888,-0.0063141026,-0.074209,0.350833,-0.08983622
24002,-4.5435786,-0.104045115,-0.7150565,-0.28144938,-0.45758352,-0.01069437,0.24411543,-0.40407225,-0.1801899,0.12154155,0.17882712
24003,-4.88168,-0.27396515,-1.1966082,-0.6252122,0.08978884,0.015190394,-0.17172648,0.045894004,0.029129233,0.31510797,0.07302412
24004,-4.6081147,-0.38221222,-0.7807736,-0.6837567,-0.14928071,-0.14337268,-0.023955148,0.09109149,-0.0006592702,0.60762334,0.49684906
24005,-5.658669,-0.06475324,-1.065595,-0.6060191,-0.36210072,-0.051963832,-0.05342506,-0.54447865,-0.23383649,0.32915217,0.5757143
24006,-3.7401671,-0.06540965,-0.7891577,-0.15321693,-0.152112,-0.17817664,-0.05351054,0.087620795,-0.20382097,0.37580112,0.18525778
24007,-6.191337,0.058392186,-1.1370245,-0.4684987,0.09546615,-0.31457448,-0.1425661,-0.30967373,-0.22447383,0.20390911,0.2431716
24008,-4.7549553,-0.35741797,-1.1524985,-0.70179564,0.09446528,0.32525724,-0.20727327,-0.5259688,0.1922569,0.6743664,0.24785826
24009,-5.1067333,-0.31140664,-0.87794405,-0.66696477,-0.40999603,0.46507257,0.11546492,-0.02981799,0.08450735,0.4877592,0.64102936
24010,-4.0847983,0.08384102,-1.0036181,0.008616032,0.05847042,0.06752968,-0.07830296,0.0057174154,-0.20507471,0.49503702,0.056691624
24011,-8.5695915,-0.23351018,-1.3842916,-1.0385871,-0.047338583,-0.21705057,-0.24986254,0.2498178,-0.04828421,0.56007147,0.3132718
24012,-4.275824,0.011284617,-0.55551326,-0.4681467,-0.15383531,-0.2567082,-0.095641375,-0.11307549,-0.1402293,0.23873618,0.06559584
24013,-5.1290193,-0.119642854,-0.74059623,-0.62811285,-0.39284024,-0.5276314,0.09348631,-0.08015584,-0.16495098,0.2527822,0.90785193
24014,-6.4121804,0.04282402,-1.2403325,-0.5384372,0.120381124,-0.034414932,0.14386252,0.17984422,-0.059763156,0.601847,0.30340445
24015,-5.3849616,-0.22867736,-1.3709024,-0.9644746,-0.05734881,0.1447611,0.0070760413,-0.12111325,0.24276437,0.7161459,0.36979336
24016,-6.3259344,0.20290138,-1.530175,-1.0613877,0.15808551,-0.043801636,-0.22981071,-0.605416,0.25430262,0.34990555,0.15428
24017,-4.756953,-0.19387133,-0.99164504,-0.76311,0.1440178,0.025182916,0.035561424,-0.24867964,0.18312572,0.6798662,0.20511942
24018,-5.6524563,-0.048662405,-0.9158002,-0.86485296,-0.16461894,-0.3874659,0.034396637,-0.19644454,0.02885933,0.3360384,0.5213131
24019,-6.216281,-0.18812278,-0.93138283,-0.75915754,-0.22485013,-0.07836738,-0.1058777,-0.042348005,-0.11595088,0.5160114,0.47725308
24020,-5.3334985,0.14940216,-1.0511537,-0.66718626,-0.23136026,0.009016043,0.12197526,-0.003355682,-0.0992145,0.6707879,0.24095176
24021,-5.563096,-0.2982445,-1.1163465,-0.54876226,-0.015517922,0.43561363,0.18281813,-0.2026461,-0.014781034,0.5646607,0.29081646
24022,-4.911586,-0.22612187,-0.7105046,-0.70761746,-0.6638117,-0.17481169,0.21753418,-0.5546255,-0.12873605,0.55911505,0.49919072
24023,-5.354169,-0.20161736,-1.0406963,-0.68038803,-0.33880553,-0.32754016,0.13435693,-0.4609373,0.105443105,0.40764442,0.31287205
24024,-5.0599866,-0.106241174,-1.1076806,-0.114093855,-0.21824071,0.1057257,0.11144446,0.0036752806,-0.16805565,0.35421357,0.17792816
24025,-5.8943744,-0.1327191,-1.5267181,-1.1551083,0.110673055,-0.07113854,-0.15118332,-0.6019707,0.029769689,0.6316072,0.29750967
24026,-5.038375,-0.5056619,-1.1681149,-0.5695189,-0.10378416,-0.18375413,0.05884303,-0.18019734,-0.050553106,0.5058162,0.15693517
24027,-6.013244,-0.039030287,-1.1738541,-0.54587597,0.08556998,-0.19222815,-0.04804926,-0.3630403,0.18964417,0.15716974,0.48215884
24028,-5.282788,-0.105223745,-0.687713,-0.5534108,0.22088711,-0.06053368,0.03395918,-0.27312028,-0.023169542,0.15390477,0.31733096
24029,-4.4813933,-0.095206834,-0.9719305,-0.4406222,0.039228123,0.04254852,0.058315575,-0.22846168,0.14727011,0.29719862,0.15780503
24030,-5.6508384,0.04466386,-1.3206615,-0.7515692,-0.5300055,0.42934537,0.007286993,-0.54473734,0.15871255,0.42165026,0.4993326
24031,-4.50916,0.022398438,-1.1507256,-0.5628072,-0.07673185,-0.13828638,-0.038763016,-0.113319404,-0.06379688,0.4997294,0.2944854
24032,-5.1967015,0.000202341,-0.8333822,-0.5106782,-0.28299958,-0.15213238,0.029684696,-0.35461614,-0.18500629,0.68699604,0.2939189
24033,-5.1628,-0.1281077,-1.1155766,-0.6413263,0.20913318,-0.27242422,0.13860002,-0.25094664,-0.1176122,0.37743676,0.30273572
24034,-5.5744576,-0.14554162,-0.67043513,-0.56914556,-0.44950625,-0.06097719,-0.2386839,-0.22836602,-0.27347726,0.27305722,0.1970802
24035,-4.979974,0.048787363,-0.9339219,-0.23414117,-0.15458736,0.07917016,0.13762218,-0.10625267,-0.3284972,0.44950604,0.17688434
24036,-4.577775,-0.21781956,-0.9654401,-0.39799482,0.112801895,-0.09868281,-0.04081316,-0.18224734,0.06736936,0.48930368,0.12508546
24037,-7.5692687,-0.19439316,-1.5451968,-0.58577776,-0.39325073,0.37594134,-0.0165666,-0.023576157,-0.18422744,0.54330075,0.5337763
24038,-6.2197094,-0.21588632,-1.7438738,-0.9242238,0.0025387881,0.03467743,0.00633032,-0.5825088,0.37602925,0.48578218,0.24859089
24039,-6.653392,-0.11667283,-0.98674506,-0.9020336,0.14853466,-0.36741108,-0.049715392,-0.063795574,0.18811038,0.09220349,0.6345955
24040,-7.38029,-0.38237098,-1.4325603,-1.0808283,0.20105065,0.16019307,-0.2103117,-0.13791965,0.16662991,0.5270773,0.091032125
24041,-5.015459,-0.07827023,-0.8423767,-0.7508638,0.11661873,-0.33254743,-0.07897565,-0.23782721,0.1026484,0.4738126,-0.00986128
24042,-4.9875684,-0.3151429,-0.9460211,-0.31439868,-0.10211574,-0.14344996,0.2180525,-0.029773185,-0.12425597,0.53301126,0.0348729
24043,-5.751763,0.2202208,-1.3582963,-0.70248497,-0.020050056,-0.022774607,-0.050775584,-0.07232353,0.2150283,0.3359727,0.3004593
24044,-5.2157774,-0.06171914,-1.0812188,-0.70437545,-0.32612592,0.32271868,0.16010538,-0.610641,0.0010560136,0.47453335,0.19141977
24045,-5.3619456,0.09149346,-1.5661799,-0.41485602,0.1759105,0.15516222,0.037867647,-0.20461567,-0.09810594,0.19746716,0.3892283
24046,-7.0293717,-0.052203268,-0.94535744,-0.7341557,-0.053338803,0.12694876,0.04200088,-0.065842755,-0.24012826,0.3163313,0.37026894
24047,-6.5760317,-0.18346885,-1.2609975,-0.68690026,-0.47006828,0.06378888,0.22186701,-0.07644132,0.03891904,0.5057173,0.475081
24048,-4.7628374,-0.1300765,-0.6309057,-0.5125446,-0.7115433,0.07667193,0.072029114,-0.45462614,-0.22813194,0.2831379,0.59355223
24049,-6.093548,0.15401813,-1.0440568,-0.41691834,0.034436904,0.18662302,0.057409544,-0.44095176,-0.12652166,0.7484925,0.1576197
24050,-4.7199197,-0.3754641,-0.9352684,-0.716039,-0.3008493,0.32521695,-0.1409935,-0.24329194,-0.041424893,0.24752551,0.3151134
24051,-4.164849,-0.076261014,-0.77847505,-0.2897237,0.042340163,-0.27658153,-0.007712961,-0.09127035,0.18725368,0.2217157,0.2738849
24052,-5.911397,-0.14810744,-0.89961153,-0.55621487,-0.2951826,0.3010832,0.079601035,-0.08959399,0.20856284,0.5603316,0.435737
24053,-5.35462,-0.006111143,-0.9105292,-0.4851681,0.01742508,-0.035891082,-0.28264406,-0.42487672,-0.022877874,0.22386926,0.38854653
24054,-5.512059,-0.08087983,-0.5563834,-0.5812325,-0.65836114,-0.061809987,0.0759304,-0.44026923,-0.063285604,0.4367815,0.39093968
24055,-7.297706,-0.11009689,-1.3453666,-0.41431758,-0.026934722,0.22714831,-0.049113475,-0.21906786,-0.17057374,0.6826167,0.44874752
24056,-4.165786,-0.27915496,-0.8030441,-0.5150633,-0.21345963,-0.15135461,0.05816637,-0.0867887,-0.024349133,0.3599668,0.09491078
24057,-5.825307,-0.03895701,-1.1091968,-0.5217825,0.14810763,0.4860341,-0.049724385,-0.19669287,0.07542388,0.31726843,0.19959384
24058,-3.906708,-0.20425713,-0.9231032,-0.35301486,-0.11898386,0.32266718,-0.1602217,-0.06028582,-0.22297814,0.107737094,0.3294288
24059,-5.0260797,-0.038608972,-0.7589879,-0.46279272,-0.113667496,0.22941469,-0.02171237,-0.58337724,-0.119849935,0.056414302,0.11108086
24060,-3.973964,-0.10638219,-0.8363381,-0.71979225,-0.21892382,0.046304177,-0.011811557,-0.15520129,0.037686415,0.4894363,0.18602271
24061,-4.6141796,-0.38297313,-1.2117395,-0.7113223,-0.05312797,-0.07193269,0.2874396,0.19252364,-0.015778312,0.45699087,0.4875386
24062,-4.8261757,0.10369509,-1.1693423,-0.4173179,-0.14715184,-0.007841961,0.056105874,0.2577246,0.02351363,0.47081867,0.27211365
24063,-6.300986,0.014405617,-1.5611668,-0.6385031,0.0548422,0.02546998,-0.060154803,-0.024540247,0.083121344,0.37446773,0.20067519
24064,-5.069279,-0.04403625,-1.0770397,-0.34763578,0.050290495,0.039467808,-0.09870079,0.07800099,-0.06119725,0.36852837,-0.09296122
24065,-6.8362184,-0.21760042,-1.4572517,-1.0914177,-0.15925382,0.022507891,-0.42426792,-0.02379909,0.42353463,0.8776712,0.21294975
24066,-5.9637294,-0.03684362,-1.2788639,-1.0246911,-0.17705446,-0.12519485,-0.03643522,-0.002308447,-0.022397937,0.42175743,0.46139845
24067,-4.6215415,0.22846979,-1.114252,-0.4781087,0.217895,0.05139786,-0.032699585,-0.2604308,0.09879722,0.16714156,0.021115001
24068,-6.3971057,-0.5813589,-1.3052859,-1.0936611,-0.24402505,-0.1415965,-0.08885061,-0.3088618,0.2633005,0.75495875,0.601344
24069,-4.986999,-0.19171295,-1.2436823,-0.54025865,-0.3097044,0.02158766,-5.876925e-05,-0.14558338,-0.1317011,0.45811677,0.6143784
24070,-5.540107,-0.13575988,-0.9072147,-0.5760757,-0.41241887,0.16097046,0.1516657,-0.19806382,0.09884216,0.634526,0.61481744
24071,-6.667559,-0.28909266,-0.9964455,-0.8640862,-0.6281478,-0.48125654,0.3133327,0.042914852,-0.40988198,0.4664872,0.43978786
24072,-4.234994,-0.23760323,-0.7135283,-0.44176444,-0.29240775,-0.08545067,0.12057913,-0.061646193,-0.008076608,0.30891815,0.44648123
24073,-5.4682384,-0.03252774,-0.9944065,-0.893837,-0.39659855,0.1441622,-0.14080684,0.11371245,0.121319465,0.7152615,0.71672285
24074,-5.2913413,-0.09610057,-1.064693,-0.4493875,0.38316804,0.041765884,-0.26764205,-0.208629,-0.13382936,0.40681636,0.19935441
24075,-6.1612725,-0.32552794,-0.9768082,-0.94272757,-0.039452855,-0.46280396,-0.06338368,-0.6925102,0.43443748,0.34724438,0.5109919
24076,-4.362324,-0.06412023,-0.7671852,-0.44683245,-0.01198115,0.14475165,-0.08555771,-0.06325772,-0.18233828,0.15233552,0.2562091
24077,-7.2916946,-0.1479868,-1.3911426,-0.653594,-0.37862328,0.04636837,-0.32620776,-0.16557164,-0.2546766,0.41654497,0.4714733
24078,-4.0448384,-0.16179374,-0.69764763,-0.55176306,0.057772566,-0.07760677,0.067226104,-0.34701717,0.04449821,0.26943266,0.14266992
24079,-6.7682624,-0.38192436,-1.1132703,-0.7752311,-0.19687508,0.17361692,-0.029371355,-0.45867476,-0.11763951,0.35426795,0.37983912
24080,-5.2312045,0.12481064,-0.96834,-0.204872,0.074539825,0.05954563,-0.015354943,-0.15138595,-0.056198098,0.3371458,0.0029929364
24081,-5.300841,0.12656477,-0.8688421,-0.64216214,-0.24978241,-0.19440642,0.18313491,-0.056887098,-0.15844463,0.39466715,0.44151124
24082,-5.8074756,-0.016492113,-1.1098409,-0.40125406,-0.6101848,-0.46790373,0.4270671,-0.0042274175,-0.66686815,0.35401285,0.15623759
24083,-4.7150197,-0.16399974,-0.83396393,-0.46421131,-0.4837634,-0.1782137,0.14254764,0.015886096,-0.11316693,0.62116015,0.26397052
24084,-4.6816096,-0.13492621,-1.0653552,-0.31475234,0.17619677,0.23705648,-0.02592459,-0.13033693,0.011480659,0.05780647,0.24451257
24085,-4.8167257,-0.3325751,-0.67460185,-0.51824844,-0.19498424,0.029333938,0.07707475,-0.33069098,-0.053747214,0.34710732,0.45554823
24086,-7.1362514,-0.10259442,-1.9608209,-0.86653143,0.02222835,0.102012195,-0.28373626,-0.1713333,-0.30787182,0.74463993,0.34893885
24087,-5.8364425,-0.29727495,-1.4044242,-0.24277017,0.44472992,0.0437277,-0.45356074,-0.0076770056,-0.18330902,0.26401833,0.097972214
24088,-5.2049575,-0.044601902,-0.96481866,-0.314449,-0.18168761,-0.020163732,0.1985716,-0.18281053,-0.20790702,0.16738881,0.51456815
24089,-6.0408707,-0.17680164,-0.8905909,-0.7172312,-0.012408823,-0.111532986,-0.040802896,-0.20833108,-0.11152731,0.15727916,0.3592453
24090,-5.5340285,-0.20684858,-1.2154069,-0.48979157,0.3530743,-0.073380046,-0.39055145,0.18805324,-0.14101435,0.29458788,0.00091839116
24091,-6.945101,-0.12157288,-1.0479782,-0.5541507,0.1164393,0.028432252,-0.2297795,-0.54045594,-0.164458,0.08082914,0.25389394
24092,-4.8147006,-0.0873593,-0.9413559,-0.42180958,-0.21061008,0.48015398,-0.12352968,-0.29744163,-0.21080096,0.21448512,0.091567166
24093,-6.5680656,-0.06400065,-1.2765554,-0.6289948,-0.26320738,-0.19768111,0.19187747,-0.048338056,-0.02455652,0.14687227,0.54424566
24094,-6.306759,0.017738055,-1.3960935,-0.8313425,-0.3552413,0.0011672792,-0.17320044,-0.18552431,-0.23302956,0.44059914,0.3085527
24095,-4.070351,-0.08346565,-0.75070655,-0.6180511,0.15505135,-0.11294884,-0.18838276,-0.23175499,0.035936054,0.117647566,-0.011714558
24096,-7.4239135,0.014031315,-1.3069545,-0.932216,-0.15547562,0.16067442,0.06166406,-0.37069088,0.2720158,0.9457283,0.3083388
24097,-5.194873,-0.116023615,-0.93275684,-0.78800356,0.115881294,0.19559734,0.00037159026,-0.01941246,0.1811741,0.26543534,0.47598496
24098,-6.339357,-0.09817603,-1.3749346,-1.116598,0.14148495,-0.049746472,0.06798214,-0.21813533,0.18898104,0.4426813,0.5101337
24099,-5.3985596,-0.2024033,-1.1518314,-0.49329466,-0.15472944,0.509963,0.05236965,-0.24150246,0.19559306,0.6693388,0.22827579
24100,-5.1597505,-0.1120226,-0.9500447,-0.8449014,-0.28211167,0.05160757,0.25968635,-0.42324498,0.037047345,0.5550014,0.28048393
24101,-6.15726,-0.022894133,-1.1266629,-0.4494651,0.043957967,0.19172516,0.055987474,-0.091833115,-0.38889584,0.34040546,0.41430366
24102,-4.2349467,-0.117117286,-1.1070733,-0.5929991,0.02130824,0.13313866,-0.03999409,0.06437977,0.23181498,0.38669285,0.2174808
24103,-5.39406,-0.37833467,-0.7778997,-0.82011694,-0.37703484,-0.28032583,0.08144526,-0.1339147,-0.10195971,0.45982072,0.61611617
24104,-4.550244,-0.273653,-1.3031356,-0.6134589,-0.17937675,0.015036996,0.32188907,0.03884161,-0.01510473,0.3989186,0.29190457
24105,-7.123878,-0.28246862,-1.5154334,-0.91961074,-0.40224746,0.070472814,0.109166704,0.034472853,0.35253266,0.83675116,0.46671468
24106,-5.2641478,-0.072058365,-0.99767095,-0.25269726,0.23529665,0.026381047,-0.22176896,-0.19545157,-0.20673749,0.120030895,0.019038415
24107,-5.837652,-0.09485949,-1.1427038,-0.5123954,-0.49661905,-0.2428378,-0.07820617,-0.31541607,0.19886324,0.35386834,0.6616721
24108,-8.50346,-0.36685753,-1.3424164,-1.1349409,-1.1671617,0.05976033,0.40858182,0.31037742,0.13114004,0.76141304,1.2705003
24109,-4.0095034,0.0700277,-0.7700706,-0.26343608,-0.20184174,0.028761683,-0.073397435,-0.022915399,-0.101723224,0.40175375,0.21662149
24110,-4.570139,0.061457805,-0.8331073,-0.29619187,-0.09896607,0.018700175,-0.04023769,0.00430015,-0.27164805,0.42677078,0.4427567
24111,-5.112238,0.024334088,-1.0216545,-0.5866379,0.3543652,0.24456108,-0.0022190465,-0.14543596,0.14256093,0.17732804,0.30927795
24112,-3.7764127,-0.09809124,-0.93540406,-0.56750834,-0.03827064,0.042181544,-0.054096974,-0.16411191,0.1740088,0.29722565,0.115787886
24113,-6.346928,-0.04709627,-1.4427869,-0.74823576,-0.0073705525,-0.021836419,-0.208397,-0.051084705,0.15450065,0.8209914,0.27073485
24114,-4.530074,-0.16680694,-0.6074432,-0.30495358,-0.044863906,0.00554836,-0.1779421,-0.57043535,-0.30648842,0.31728208,0.3090699
24115,-3.4262846,-0.16138643,-0.66644967,-0.3720858,0.14311355,0.106350526,-0.091432765,-0.4249168,0.15806644,0.36693972,0.14491138
24116,-4.9556527,-0.13010214,-0.8825281,-0.5451273,0.030158777,-0.032063514,-0.05142895,-0.25488254,-0.1263938,0.6451802,0.35757834
24117,-6.0552516,-0.54342896,-1.0961221,-1.0113165,-0.24163619,-0.32192636,-0.23794183,-0.5510073,0.53891677,0.6263595,0.544345
24118,-6.3294435,-0.10565781,-1.304081,-0.7825754,0.13098046,-0.15035515,-0.46274516,-0.4681928,-0.11247924,0.24216083,0.020761505
24119,-4.8156495,0.054491475,-0.9172323,-0.390887,-0.18444866,-0.15516953,0.11741199,-0.39402598,-0.14991698,0.17268485,0.3157941
24120,-4.9089055,-0.261053,-1.2992753,-0.6934782,-0.1996569,0.20015685,0.06610807,0.014772147,0.34737045,0.6415194,0.32676387
24121,-4.550497,-0.366972,-0.98083353,-0.6968625,0.035355173,-0.21701099,-0.0005451022,-0.28344864,-0.06374457,0.16858983,0.47455782
24122,-6.5279584,-0.40250868,-1.2612408,-0.9473658,-0.35966676,-0.07758043,0.052125607,-0.10489748,-0.0055778194,0.37086895,0.40618563
24123,-7.1326785,-0.13138528,-1.3983197,-1.0470778,-0.10394415,0.15925235,0.05040511,-0.65320754,0.15445858,0.20487036,0.14657764
24124,-4.6007447,-0.23494367,-0.7481064,-0.6940489,-0.26626748,-0.07739851,-0.44592553,-0.2663717,-0.0066927653,0.57670486,0.16062044
24125,-5.407949,-0.21141423,-1.0822495,-0.6542714,-0.41427913,-0.0024205586,0.19143832,-0.08897653,-0.020127194,0.6446404,0.39296997
24126,-5.892446,-0.11155321,-1.0351658,-0.48957592,-0.4190897,0.3344639,-0.13552397,-0.51199996,0.25890937,0.91102886,0.16255374
24127,-5.276964,-0.11081898,-0.99106324,-0.742749,-0.1794659,0.013889933,0.28387126,0.119473495,0.06668479,0.5423301,0.47246933
24128,-4.781657,-0.19690159,-0.68455243,-0.86147946,-0.3960343,-0.16195115,0.05772836,0.0695759,0.033507302,0.3812911,0.5837895
24129,-5.135517,0.10498328,-0.6674564,-0.43113863,-0.20225248,0.029808525,0.15684398,-0.08283317,-0.32810345,0.1349484,0.27614617
24130,-5.8446774,-0.28320906,-1.2183867,-1.019321,0.1850589,-0.045584816,-0.20930591,-0.40257078,-0.016690379,0.15327469,-0.09100837
24131,-6.885877,-0.0289011,-1.3225881,-0.46966642,-0.10402168,-0.2774247,0.042542484,-0.23225822,-0.40106425,0.65499777,0.2759525
24132,-4.789443,-0.06962986,-0.6955228,-0.60535115,-0.17623876,-0.06335476,0.06312034,-0.45934007,-0.13797624,0.30674225,0.18385728
24133,-4.4323006,0.096308045,-0.9524199,-0.56890434,-0.37224466,0.064954765,-0.0055155,-0.21185742,-0.079139024,0.15909521,0.27290195
24134,-4.7156076,-0.011618775,-1.1827205,-0.50292873,-0.2636143,0.3056466,0.52063984,-0.44261762,-0.19124985,0.2689757,0.57995105
24135,-7.0941043,-0.30134785,-1.3218244,-1.0047102,0.5264791,0.2109163,-0.1396122,-0.45889905,0.46968034,0.9082997,0.03540408
24136,-6.3217096,0.33551005,-1.0141928,-0.4947546,0.06839675,-0.3041793,0.1415233,-0.09562275,-0.091306984,0.26541477,0.22164816
24137,-4.4958897,0.05780447,-0.9963549,-0.6601455,-0.35671806,0.3802353,0.35072613,0.08464255,-0.03395932,0.83059543,0.2804323
24138,-5.4971695,-0.08304956,-1.0026746,-0.5124623,-0.21309371,0.17353196,0.03906047,0.07100223,-0.02259037,0.34446576,0.25118572
24139,-4.406632,-0.33236828,-0.97034836,-0.68204373,0.054009438,0.27993923,0.032029264,-0.3599548,0.20641734,0.46898803,0.43472746
24140,-7.8014483,-0.47536942,-1.3631673,-1.0387223,-0.8807499,-0.16808972,0.14717738,-0.5591105,-0.089461915,0.16076413,1.0734857
24141,-4.944038,-0.10357984,-0.60329473,-0.71818686,-0.13956435,-0.05112706,0.45186615,-0.05216682,-0.1640351,0.35607627,0.32287747
24142,-5.9244304,-0.14026232,-1.448709,-0.26442006,0.47814026,0.0015598373,-0.30671942,0.008301156,-0.040251523,0.49586427,0.11994249
24143,-4.0177116,-0.11299976,-0.7089362,-0.2958692,-0.14173019,0.15719904,-0.14483684,-0.30345288,0.08938531,0.31647447,0.091203004
24144,-4.5957913,-0.2347689,-1.1963087,-0.79895616,0.44135964,0.11523594,-0.26464194,-0.24176425,0.23546235,0.17123103,0.11197136
24145,-6.0263314,0.009279511,-0.8902925,-0.40789947,-0.39516613,0.032241475,-0.0034619924,-0.090889156,-0.047275648,0.29524434,0.26451758
24146,-6.903293,0.035403304,-1.5003047,-0.4922024,-0.007132201,0.14489317,-0.08959354,-0.051494844,-0.21122064,0.23758087,0.49589816
24147,-4.688468,-0.13111658,-1.0763308,-0.513078,-0.49861854,-0.15966317,0.33334154,-0.06419997,-0.20933953,0.48979357,0.19482245
24148,-4.7983613,-0.2953817,-0.93392164,-0.45618096,-0.20518985,-0.21885723,0.18244474,0.12430138,-0.2153791,0.43152195,0.27448678
24149,-5.5752697,0.1586262,-1.566267,-0.47572163,0.11205255,0.1527866,-0.23305228,-0.4104338,-0.092197984,0.19713813,0.10798834
24150,-7.411934,-0.0007754229,-1.9534566,-0.7370506,0.14277124,-0.116570026,-0.29259312,-0.10444741,-0.25171927,0.4971275,-0.067444704
24151,-4.9231944,0.12390836,-0.6549085,-0.29119515,-0.028582552,-0.3287089,0.099132575,-0.21212648,-0.35504404,0.24873506,0.21725011
24152,-5.4596925,-0.009730726,-0.9777824,-0.40487158,0.1521519,0.24951646,-0.10912451,-0.40909332,-0.04528504,0.4406842,-0.1839811
24153,-4.777587,-0.14404725,-0.66383076,-0.37672344,-0.08557801,-0.15701714,-0.14105183,-0.058266275,-0.25265297,0.5009447,0.21408749
24154,-5.213093,-0.3363897,-1.1643181,-0.8260836,0.13589546,0.08658741,-0.096263826,-0.33629125,0.04745604,0.4550924,0.69013554
24155,-6.56107,-0.32481614,-1.0912957,-0.8116863,-0.59212464,-0.07787855,0.45360053,0.20275171,-0.18804997,0.52136624,0.34516403
24156,-6.2619395,-0.00490871,-1.2937033,-0.46089092,0.06373626,0.016937718,0.15322696,0.0353996,-0.059499152,0.55800754,0.19892834
24157,-5.6404095,-0.12840654,-0.96600103,-0.76002616,-0.1999137,0.2917394,-0.04640531,-0.3795519,-0.049976617,0.4698602,0.11906692
24158,-5.1103926,-0.28312093,-1.1730529,-0.14239909,0.16782117,0.086480014,-0.28019527,-0.12121978,0.0430092,0.22182222,0.537404
24159,-4.943478,-0.09609432,-1.385169,-0.5335656,-0.061610878,0.067071624,-0.08045466,-0.22408085,0.10970963,0.18625595,0.40943554
24160,-5.3145523,-0.268254,-1.4676378,-0.6194302,-0.18384388,-0.20725371,-0.33620128,-0.41149047,-0.0076727774,0.5093127,0.47668403
24161,-4.383564,-0.01494719,-0.6760127,-0.7215263,-0.37730947,-0.024529502,0.10158453,-0.11649332,0.005967214,0.3661583,0.4549614
24162,-5.1870904,-0.18691733,-1.1957502,-0.84622234,-0.1511175,0.2603665,-0.057286344,-0.1022605,0.10927776,0.7133015,0.5414316
24163,-6.2840505,-0.53220904,-0.9154965,-0.6768469,-0.5801211,-0.15013519,-0.031657293,-0.1756789,-0.26325157,0.20841163,0.63834924
24164,-6.635091,-0.72280115,-1.5576732,-1.0029923,0.104054704,-0.13406618,-0.12547475,-0.06818663,0.102886446,0.61608857,0.4128
24165,-4.719364,-0.30426222,-1.1920286,-0.38342848,0.02027779,0.34133422,0.03020734,0.14058463,0.05532057,0.6194693,0.34907296
24166,-5.9668217,0.035188943,-1.1433257,-0.7617547,-0.025858266,0.16225287,0.026803207,-0.5905946,-0.14696471,0.94121397,0.4719131
24167,-5.7968936,-0.10728241,-0.933218,-0.71748453,-0.17757526,-0.15236157,-0.034292877,0.013291609,0.12687303,0.37971184,0.6078473
24168,-6.852846,-0.26830077,-1.4249789,-0.86272526,0.29190472,0.40250468,-0.009067907,0.048058808,0.41207108,0.7382172,0.30593666
24169,-5.675655,0.032907322,-1.5251122,-0.3816833,0.38129014,-0.06445112,-0.2183359,-0.057734244,0.06068921,0.22804382,0.12840411
24170,-5.3899603,-0.27492744,-1.0814176,-0.7771133,-0.19326939,-0.30432028,-0.04146602,-0.15419352,0.10920623,0.45272234,0.5808383
24171,-6.6228504,-0.31835905,-1.4422309,-1.0485004,0.118411236,0.26223654,-0.086862214,-0.6674849,0.5156866,0.753526,0.36119387
24172,-6.3408012,-0.096507594,-1.7146996,-0.7640359,0.1577398,0.2709098,-0.28664622,-0.2922021,0.36239636,0.49231157,0.13797976
24173,-5.218184,-0.09332967,-0.90717256,-0.51256925,-0.22820464,0.16316034,-0.13345993,-0.7210067,0.21963419,0.5357112,0.31812975
24174,-5.2911777,-0.15665634,-0.601688,-0.53234184,-0.47384864,-0.34657496,0.17504214,-0.03258249,-0.35404053,0.24984592,0.615789
24175,-6.3802886,0.13209128,-1.5075958,-0.4664865,0.21218258,-0.025576465,0.22468486,-0.014485087,0.045163386,0.13729218,0.25409758
24176,-5.0353613,-0.19519861,-0.88371575,-0.49071848,-0.3387788,0.014391899,-0.049058434,-0.19381131,-0.21654713,0.3201105,0.25023058
24177,-5.908941,-0.11777358,-1.0044218,-0.5056692,-0.788231,0.008841083,-0.23660669,0.12133842,0.061097696,0.6997802,0.3750781
24178,-5.081506,-0.013841561,-1.7758421,-0.32727474,-0.043571386,0.1586559,-0.053587615,0.009737188,-0.16387218,0.19752607,0.38122648
24179,-5.707728,-0.16307496,-1.5846084,-0.61831087,-0.17067088,0.40457058,0.051328816,0.26417646,0.07409186,0.65797544,0.5841037
24180,-6.4756365,-0.04569797,-0.67811155,-0.6648523,-0.33948353,-0.37934375,0.30064434,-0.119893424,-0.2561444,0.092420205,0.49272385
24181,-4.788755,0.05914931,-0.847639,-0.42950383,0.12095484,0.28225732,-0.09061139,-0.3450825,0.08038452,0.19631556,0.27671996
24182,-5.7443924,-0.058525775,-1.1818422,-0.6380871,-0.15414403,0.50113434,0.106662385,-0.4174362,-0.2227826,0.1196493,0.2304185
24183,-5.0087705,-0.14053932,-1.0032026,-0.5990015,0.039218996,-0.23261763,-0.08435444,-0.06036081,-0.12644005,0.3822255,-0.036959033
24184,-4.5377417,-0.4066104,-0.9090351,-0.6009739,-0.092717156,-0.021471074,0.25562036,-0.14921036,0.22042435,0.3575007,0.30506402
24185,-5.815648,-0.18646002,-1.0495296,-0.32448354,-0.27518797,-0.12685953,0.043831635,-0.13082474,-0.0026348382,0.7823029,0.48543075
24186,-4.811092,-0.08681503,-1.1256061,-0.5895158,-0.10478478,0.28646737,0.075140394,-0.34153733,-0.02352657,0.36491102,0.23654175
24187,-4.404271,0.0994213,-0.86550677,-0.38320634,0.20809539,-0.23666798,-0.07580702,-0.08722992,0.032764077,0.33640242,0.19526426
24188,-5.3773503,0.07198418,-1.1808918,-0.62771195,-0.1708348,0.10585265,0.22331977,-0.025622526,-0.1493645,0.52030426,0.6972109
24189,-6.5281396,-0.39023656,-1.3968365,-0.80502605,-0.48810816,-0.6741004,0.09145947,-0.32845265,0.038797043,0.42278272,0.7976083
24190,-4.7126274,-0.18113,-1.2048184,-0.9485134,-0.06562556,-0.03901878,-0.13640267,-0.31372467,0.39207113,0.5411232,0.37758076
24191,-6.304162,-0.2749458,-1.0306051,-0.60828096,-0.26802677,0.25358254,0.1877952,-0.121816285,-0.10613669,0.3239402,0.27067158
24192,-5.5459623,-0.1920789,-1.6916554,-0.54314387,0.5261578,0.028197017,-0.2524521,0.01971333,0.12774734,0.06612274,0.2547307
24193,-4.6204195,-0.13465641,-1.2166203,-0.3439605,-0.09362774,-0.07659957,0.1318761,-0.025600543,-0.18151067,0.066371515,0.31455296
24194,-6.235679,-0.088940404,-0.93093014,-0.66114396,-0.37351608,-0.121573135,-0.3341603,-0.03270399,-0.08072665,0.34509742,0.4237393
24195,-6.3746643,0.21362118,-1.4689999,-0.77857894,0.3179084,0.09185989,-0.14635655,-0.36199227,0.123830885,0.4199658,0.1511278
24196,-5.5486937,-0.40311298,-0.99693066,-0.4306329,-0.4007406,-0.17138739,0.20472033,0.16550389,-0.34399292,0.5384544,0.4763264
24197,-5.9705114,-0.09688825,-1.4301937,-0.8778632,0.30053714,-0.09156772,-0.38364735,-0.22972088,0.045289908,0.34372324,0.16848242
24198,-7.924884,0.15453228,-1.5309231,-0.71729493,-0.35587487,-0.19242483,0.16841212,-0.28361234,-0.30115265,0.15923142,0.5183942
24199,-7.3402915,-0.1549919,-1.2548506,-0.96548384,-0.48271668,0.47316283,-0.10789866,-0.57755744,0.13717672,0.3212322,0.65062916
24200,-4.7172103,-0.25395525,-0.60660636,-0.48819914,-0.41326952,-0.34000832,-0.13696343,-0.08530403,0.010626053,0.631103,0.18032755
24201,-6.6544743,-0.42836663,-1.5907867,-0.38466993,0.572425,0.5946014,-0.36823377,-0.29401302,0.12372031,0.43169868,0.2432282
24202,-6.254784,-0.2282541,-1.2981333,-0.5373991,-0.30514354,0.22904578,-0.12581164,-0.31599656,-0.26410088,0.61730504,0.3970231
24203,-4.2989683,-0.029992674,-0.71552575,-0.42494455,-0.23542364,0.15152939,0.04810897,0.08166837,-0.008047523,0.21193431,0.4406521
24204,-5.503674,-0.13133644,-1.0147916,-0.6582193,0.21313816,-0.09648173,-0.047853947,-0.20668893,-0.2328193,0.42090136,0.08783364
24205,-6.073858,-0.3776998,-1.5269413,-0.84550154,-0.2198511,0.037290286,0.053857964,-0.042068265,0.07881319,0.8376664,0.52107114
24206,-7.5749173,-0.4817748,-1.3915389,-0.85384685,-0.20874223,0.7335914,-0.0544319,-0.10528694,0.008862432,1.0228485,0.533058
24207,-4.6938295,-0.032214507,-0.9641733,-0.5155654,-0.26759675,-0.058465607,0.05280458,-0.33626625,-0.20860165,0.3461727,0.106791
24208,-4.279976,-0.11267321,-0.9740043,-0.46557578,-0.22917163,0.23107934,-0.2421885,-0.34806693,-0.029336939,0.44146562,0.21336962
24209,-5.5203056,-0.16639951,-1.1651813,-0.61851597,-0.14769602,0.025235428,-0.1771143,-0.0987169,0.018105684,1.0213441,0.027451666
24210,-7.4699807,-0.014618638,-1.2741745,-0.16526192,0.26218587,-0.108265616,-0.32757,0.12757406,-0.23242666,0.04685434,0.16265781
24211,-5.478102,-0.48826954,-0.71430975,-0.9357113,-0.5867185,0.22718978,0.19986866,-0.32059932,-0.07135696,0.30504137,0.80573255
24212,-4.623749,-0.10885093,-1.0126872,-0.47277814,0.20270671,0.40941942,-0.10670711,-0.22994237,0.1973542,0.33122,-0.035133936
24213,-4.483807,-0.24612431,-1.0923476,-0.26783693,-0.47776216,0.21169242,-0.027034417,-0.43967918,-0.1508234,0.5351756,0.5613494
24214,-5.660612,-0.16149056,-1.3101763,-0.79496276,0.36647376,0.049310587,-0.19458698,-0.03072084,0.31765005,0.50147986,0.19735067
24215,-6.362478,0.0005289428,-1.1772108,-0.27878144,-0.46425605,-0.08230881,0.25253615,0.3013324,-0.40550712,0.6692191,0.33558592
24216,-4.430919,-0.03725494,-0.78283054,-0.28784472,0.062568374,0.07135334,0.122236796,-0.32013127,-0.09296932,0.40824676,0.24606463
24217,-5.188437,-0.14987886,-1.0386426,-0.22254637,0.3671854,0.28268772,-0.43259886,-0.20048472,-0.18604341,0.24147704,-0.10609804
24218,-8.117418,-0.3133321,-1.4901221,-0.93918926,-0.17488359,0.9832861,0.18518746,-0.55650425,0.10274731,0.63331586,0.2808829
24219,-6.7447786,-0.19024746,-1.5072962,-0.5988342,0.11193989,-0.08404863,-0.29205927,-0.20216796,-0.28714725,0.335989,0.33131075
24220,-5.292026,-0.49304685,-0.9701955,-0.61412644,-0.21538265,0.32447195,0.3486218,-0.12033958,0.08440137,0.5113859,0.52573335
24221,-4.956085,-0.20870626,-1.1695282,-0.6419901,-0.052521497,0.3029428,-0.28669074,-0.4103044,0.1428337,0.32526806,0.28144306
24222,-4.418129,-0.050705794,-0.76139176,-0.46829695,-0.4325752,0.17996621,0.0010636011,-0.2625195,-0.14364119,0.35289416,0.39630693
24223,-6.2471557,-0.034238193,-1.1952554,-0.7204938,0.120411314,0.0015669637,-0.19353773,-0.6659334,0.051698335,0.29120597,0.30757052
24224,-5.079068,-0.13209698,-0.9852998,-0.5644636,-0.08127048,-0.28948784,-0.0024917852,-0.4108705,0.029696291,0.38576242,0.08421218
24225,-3.9753923,-0.1966431,-1.158334,-0.6802343,0.28907374,-0.043847445,-0.1360506,-0.054768197,0.11002331,0.2525732,0.01582474
24226,-5.0906734,-0.06283419,-0.99641734,-0.67864877,-0.04532009,0.46013898,0.22357833,-0.23396552,0.13474713,0.110318996,0.37842622
24227,-4.1114964,0.062177084,-0.684082,-0.51267034,-0.051140003,-0.1308714,0.085050754,-0.3660895,-0.0017642379,0.3170849,0.16129081
24228,-5.0219665,-0.15616633,-1.1268332,-0.35467103,0.28383735,0.026364211,-0.12889211,0.15460065,0.2902092,0.27318457,0.22037409
24229,-4.11796,-0.09788095,-0.7126979,-0.55146927,-0.2513629,0.009943032,-0.08706349,-0.16504954,-0.06987972,0.323789,0.10694272
24230,-6.5164113,0.05800645,-1.3057772,-0.36476812,0.0070715337,-0.061602212,-0.28823596,-0.0940478,-0.31310114,-0.02869787,0.3703907
24231,-6.9553556,0.0674664,-0.9760392,-0.83520865,-0.44533452,0.18435143,0.35476285,-0.17447019,-0.3092529,0.28687882,0.4785264
24232,-5.694308,-0.19758634,-0.9578101,-0.60328275,-0.5715509,-0.123325795,0.23365843,-0.30857068,-0.04209678,0.5170102,0.4029137
24233,-5.494823,0.14008808,-0.81867325,-0.28130323,0.21135327,-0.14139119,0.019796956,-0.1679356,-0.39776903,0.08407587,-0.187401
24234,-4.9964714,-0.09872493,-0.8477279,-0.60352004,-0.15048464,-0.13092531,0.111769386,-0.21689393,-0.08532308,0.17535794,0.14513426
24235,-5.3990374,-0.23431134,-0.9831454,-0.4266996,0.074016735,0.057045102,-0.26718047,0.00482781,-0.026069527,0.6681952,0.09758195
24236,-5.152671,-0.32603252,-1.048623,-0.5527232,0.20811312,0.13759023,-0.23595057,-0.027687727,0.05982104,0.27472493,0.11250187
24237,-4.251099,-0.20699671,-0.9319577,-0.7045418,-0.22391061,-0.06350213,-0.03332302,-0.41458791,0.06780697,0.6337076,-0.018665113
24238,-8.322144,-0.20847869,-1.4530889,-0.5285993,-0.7153248,0.3592369,0.035661053,-0.33246917,0.043369427,0.74372816,0.5311865
24239,-4.1130557,-0.2205496,-1.0228075,-0.62296706,0.07734848,-0.030320432,-0.12224574,-0.06772336,0.18611841,0.41060483,0.32816768
24240,-6.030596,-0.23191626,-1.1994985,-0.8088167,0.3323451,-0.06194035,-0.04883679,-0.63878655,0.024180379,0.2721957,0.032760266
24241,-5.018106,-0.048036262,-1.1787935,-0.46575305,0.002792581,0.23971283,0.01352494,-0.13168009,0.18923114,0.36467907,0.27542043
24242,-5.374951,-0.04112915,-1.0829867,-0.35464492,-0.08605498,0.030723821,0.09212953,-0.39859563,-0.23613365,0.27742064,0.25828212
24243,-3.6398685,-0.12333281,-0.6330339,-0.18200697,-0.19077478,0.05180175,0.22497946,-0.27489963,-0.16769879,0.17551078,0.21117733
24244,-5.3688164,-0.07435602,-0.80376214,-0.405621,0.18851571,-0.30116147,0.08786253,0.19287857,-0.28894648,0.52680546,0.117940456
24245,-7.3116064,0.21659033,-1.3848443,-0.7645851,-0.08620022,-0.10061917,-0.23763959,-0.666309,-0.103051275,0.5600356,0.39949447
24246,-5.914799,-0.39045572,-1.1062591,-0.6059689,-0.2727015,0.04896772,0.038690794,0.31146622,-0.0866448,0.5961191,0.20629232
24247,-5.404514,-0.027917165,-0.9145795,-0.4793507,-0.2756452,0.15197553,0.10309543,-0.24516404,-0.16363202,0.27525133,0.3795327
24248,-8.537391,-0.18811119,-1.6893148,-1.103225,-0.88287437,0.19560704,0.42865115,0.14694518,-0.10612037,1.0034728,0.8057117
24249,-5.2842727,-0.0014977101,-1.3736088,-0.6198451,0.0065769185,-0.11975813,-0.033633474,-0.019098148,0.07747069,0.5236286,-0.032156195
24250,-5.404462,-0.005213232,-0.9195524,-0.4613437,-0.41460076,0.011088622,-0.12649663,-0.11817778,-0.121511176,0.21865453,0.5924484
24251,-3.846436,-0.123830825,-0.65120727,-0.2485984,-0.25586346,-0.117873475,0.018894462,-0.21962191,-0.1335758,0.4308817,0.27525756
24252,-5.0357943,-0.2969941,-1.242055,-0.48036194,0.3261392,0.0071696523,-0.22643667,-0.032504648,0.23291998,0.7492883,-0.06519412
24253,-5.4310007,0.054119032,-1.1227704,-0.88972706,-0.026397599,0.083943345,0.16699506,-0.18940382,-0.19343905,0.1713754,0.37149665
24254,-5.6285796,-0.40490466,-1.0611305,-0.41970465,0.11690486,-0.16362919,-0.02842471,0.13905881,-0.06274879,0.37356478,-0.14131312
24255,-6.453569,-0.097327106,-1.7405428,-1.0880065,-0.0011741733,-0.17227456,-0.25542915,-0.13843656,0.10216194,0.8153502,0.6015563
24256,-5.5139027,-0.11527754,-1.2074151,-0.61638564,-0.122179456,0.27892292,0.06187523,-0.33133727,-0.0069801863,0.4138066,0.21283902
24257,-6.7923775,0.2113996,-1.1584197,-0.65120023,-0.12123478,0.019940345,-0.35727736,-0.12415732,0.051005952,0.5825867,0.47850955
24258,-4.8710427,-0.17766859,-1.3630687,-0.59452724,-0.112180956,0.3249147,0.026288982,-0.4505862,0.19449565,0.28780413,0.17415899
24259,-7.400146,-0.005267239,-2.1715224,-0.33806205,-0.04669994,-0.10438952,-0.31872836,0.15014188,-0.2201134,0.31034255,0.4502421
24260,-7.318027,-0.2646929,-2.041624,-0.4229853,0.3919566,0.28994316,-0.46744925,0.14703149,-0.24184103,0.36174932,0.05877936
24261,-5.58066,-0.18778253,-1.5387173,-0.7480582,-0.19658904,0.06511675,-0.25248286,-0.19889094,0.08277718,0.57350075,0.5553029
24262,-5.8288946,-0.15536837,-1.2907904,-0.42496258,0.010946238,0.11741862,-0.17589359,-0.011743082,-0.09433298,0.33922598,0.2368874
24263,-6.132059,0.05827164,-1.1579963,-0.5309699,-0.27033812,-0.11838001,-0.012071063,0.50835896,-0.48403937,0.1913467,0.475597
24264,-4.942549,-0.17488159,-0.9588761,-0.6431436,-0.60609937,0.1383681,0.070884,-0.181757,0.05449201,0.44709143,0.37089399
24265,-6.0252867,0.11179417,-1.1283659,-0.61904716,-0.2946102,0.17448184,-0.08348398,-0.4465347,-0.054912664,1.0079137,0.05004136
24266,-6.1775403,-0.21455392,-1.7149798,-0.71334314,-0.08200761,0.04404128,0.18786511,-0.034703292,0.04352376,0.5636911,0.11302995
24267,-6.0159254,0.080949545,-1.6030024,-0.16259813,0.49750078,0.06498966,0.053031713,0.17871444,-0.26121375,0.15585166,0.22395365
24268,-5.830989,-0.21732667,-0.9021523,-0.6486317,-0.77973133,0.3410883,-0.020888787,-0.32261294,0.08527571,0.58914375,0.43317798
24269,-6.3626494,-0.3075149,-1.090422,-0.65629244,-0.23394388,0.22865486,0.07253446,-0.10804938,-0.015270466,0.49600014,0.2901297
24270,-6.380382,-0.054613713,-1.2696327,-0.28584054,0.35096645,-0.21173522,-0.17838228,0.14238562,-0.2030299,-0.021631975,0.4823246
24271,-6.130348,-0.20221514,-1.4417098,-1.0743489,-0.12576869,-0.56623447,-0.13882683,0.2601561,-0.046547763,0.5587688,0.07650697
24272,-6.1986637,-0.2667167,-1.5233871,-1.2679204,-0.39942816,0.18403316,-0.027287263,-0.581392,0.31466842,0.37255058,0.68722844
24273,-5.5028105,-0.20921502,-1.0821463,-0.4751489,0.11546588,0.070776135,0.06613518,-0.48561573,-0.060788564,0.4752688,0.2713668
24274,-5.290586,-0.10153536,-1.1872077,-0.59726536,0.24020189,-0.38677734,-0.30179727,-0.29336414,0.110617,0.43013442,0.097719684
24275,-5.6351767,-0.14682624,-1.123941,-0.31381598,-0.23969798,0.07940202,0.09232236,-0.12782006,-0.08480118,0.4782955,0.5280243
24276,-5.5119987,-0.2383193,-1.3091215,-0.4386959,-0.3724285,-0.042017095,-0.14178866,-0.56666076,-0.44071436,0.4847487,0.37484545
24277,-4.405808,-0.052253265,-0.98362577,-0.5583957,0.15884809,-0.19772506,-0.30859667,-0.023221904,-0.17594542,0.21089403,0.09651433
24278,-6.371394,-0.54015875,-1.1450373,-1.2315378,-0.24436519,0.058847506,-0.27986813,-0.24582312,0.0563967,0.5429504,0.72512
24279,-3.9358835,-0.24923481,-0.7773959,-0.17569704,-0.14865442,0.15725707,0.16944495,-0.2284412,-0.15515527,0.3075211,0.09789423
24280,-7.016524,-0.05046997,-1.5023228,-0.56070465,-0.20457907,-0.105749086,0.100053675,-0.62731767,-0.24573113,0.53827214,0.2655793
24281,-4.7631483,-0.19266316,-1.1760263,-0.75868666,-0.10980515,0.06391746,-0.17679477,-0.38586342,0.21626146,0.3468267,0.30093053
24282,-5.843302,-0.11445212,-1.3143238,-0.71096915,-0.2998053,0.3146503,-0.11208558,0.0024343934,0.10189585,0.891672,0.2180644
24283,-4.9841537,-0.16280055,-1.1552635,-1.1178771,-0.13363712,0.13293089,-0.230066,-0.43074855,0.53591317,0.74713945,0.55140835
24284,-6.069243,-0.09203119,-1.2310764,-0.6002823,-0.041408885,-0.4493369,0.06899493,-0.02807418,0.045223154,0.26351267,0.15948272
24285,-5.4561625,-0.48279515,-0.91923726,-0.5509598,-0.2844291,0.25443292,0.2725169,0.04109624,0.09045361,0.76198584,0.4374444
24286,-4.16733,-0.21383351,-0.7237275,-0.29647693,-0.2326743,-0.012196954,0.19684076,-0.14906268,-0.14437534,0.32374898,0.4080874
24287,-3.8428926,-0.119675875,-0.7797488,-0.35047984,0.038371056,0.15689746,-0.064998426,0.10594338,0.042086475,0.37555033,0.0074910447
24288,-7.1197486,-0.2775127,-1.466034,-0.880901,0.14664674,-0.3927713,-0.20292398,-0.6060401,0.07943631,0.3470058,0.21861143
24289,-4.056079,-0.16789591,-0.6841526,-0.44905126,-0.3395884,-0.0121986605,-0.08389621,0.052273884,-0.19490835,0.1846647,0.1137221
24290,-7.4803843,-0.16933453,-1.1506009,-1.0637008,-0.49634218,0.30702674,-0.10943637,-0.60294497,0.22049256,0.27543262,0.47597045
24291,-5.1053586,-0.002478457,-0.96529424,-0.33797053,-0.11074444,-0.014176972,0.30939126,-0.051154472,-0.14813739,0.3271086,0.4488075
24292,-5.576749,-0.013391041,-1.2301666,-0.7243761,-0.3966899,0.50985384,0.025171831,-0.45312113,0.1849026,0.32377267,0.33356905
24293,-4.57245,-0.28420836,-0.8552531,-0.77798575,0.23332089,0.12536141,-0.075462595,-0.07593462,0.185269,0.4880514,0.5024447
24294,-6.1434817,-0.2543264,-1.1232082,-0.2256701,-0.03078927,-0.094610035,0.155906,-0.3803388,-0.08579077,0.56207114,0.36498454
24295,-6.5129833,-0.21030077,-1.0491973,-0.8996685,-0.8458327,-0.19878817,0.23194404,-0.09738857,-0.25193322,0.36135247,0.6357742
24296,-5.609171,-0.11431169,-1.0837134,-0.5526342,-0.06565366,0.21557438,0.12888606,-0.2392475,-0.2064921,0.80152154,0.56957555
24297,-6.4440837,0.17408714,-1.1169,-0.6033389,0.1744788,-0.12710322,0.08372535,-0.037773788,0.16868149,0.56788987,0.45754775
24298,-5.82904,-0.097343,-0.9936324,-0.22518171,-0.085991405,-0.15475267,-0.19010632,-0.27578717,-0.30186406,0.7073977,0.07057623
24299,-4.7260017,-0.23090474,-0.9175467,-0.48295245,-0.59090316,0.118992195,0.1982326,-0.18263425,-0.18410286,0.17362203,0.39892235
24300,-7.7220445,0.17069885,-1.8641692,-1.08372,0.0047076615,0.07570893,-0.23198102,-0.026565814,0.40396446,0.73769504,0.5720863
24301,-4.589319,-0.19712694,-0.8980822,-0.7505897,0.03010809,-0.15743303,-0.14357276,-0.22809982,0.036980845,0.30800918,0.20340121
24302,-4.881331,0.12404935,-0.8972542,-0.5865059,0.1936721,0.07947204,-0.015108225,0.058820523,-0.023503622,0.4956272,0.31803596
24303,-3.7245216,-0.060473185,-0.7979816,-0.54640144,-0.20374362,-0.042360354,0.06160897,-0.26050085,0.042623267,0.30335802,0.10680992
24304,-4.8323045,-0.040746197,-0.937581,-0.6291659,-0.13821405,-0.2006129,-0.042519454,-0.157306,0.13841306,0.51288617,0.044984896
24305,-5.6716094,-0.07375244,-0.8506816,-0.8235359,-0.7119135,0.021188926,-0.14222099,0.11451975,-0.33040705,0.27305502,0.28800124
24306,-5.0029645,-0.25200185,-0.8621309,-0.5655235,0.17565568,-0.14196014,-0.011955758,-0.21023041,0.18322362,0.5411895,-0.01785468
24307,-7.4599094,-0.066064276,-1.6446874,-0.6964786,-0.27597198,0.09482283,-0.098052226,-0.62629145,0.0818094,0.387492,0.33968902
24308,-4.7898345,-0.2238304,-1.1373934,-0.7241166,-0.28429642,-0.1543938,0.11968012,-0.06469226,0.11666943,0.3417063,0.4963642
24309,-4.5834136,-0.2901617,-0.9032469,-0.7174572,-0.45761514,0.34437418,0.16734223,-0.023882186,0.15315612,0.42817914,0.5817708
24310,-7.310809,0.1110856,-1.4372455,-0.55820936,-0.4427867,-0.035664495,-0.34880906,0.25171944,-0.19123867,0.5324243,0.20477948
24311,-4.613307,-0.05033876,-0.90164435,-0.5075546,0.28777102,-0.1401906,-0.13893175,-0.08023512,-0.095836006,0.040676646,0.0067669265
24312,-5.9127207,-0.029280324,-0.84266794,-0.538301,-0.461548,-0.26274103,0.12730712,-0.34512892,-0.0862634,0.4740714,0.47015285
24313,-6.181726,-0.051632836,-1.3280222,-0.528861,-0.22904643,0.1284019,-0.27389422,0.099988505,-0.15906945,0.58055735,0.31217703
24314,-5.6705303,-0.20559317,-0.95929825,-0.37761185,-0.23251386,0.18498896,-0.112823494,-0.33275846,-0.039990425,0.43906578,0.26611266
24315,-4.6459074,-0.012657617,-0.97060096,-0.5674452,-0.115647726,0.060734354,0.15925348,0.08110311,0.08015099,0.45038083,0.46043417
24316,-5.006085,-0.12858012,-1.0923389,-0.543113,-0.27015734,0.16574855,0.38395736,0.08866365,-0.099469975,0.36308527,0.5676365
24317,-5.231053,-0.14267583,-0.8910408,-0.7047011,-0.07113537,-0.12515137,0.14836618,-0.009669527,-0.05656954,0.11322417,0.5171747
24318,-6.1393437,-0.2237929,-1.2354982,-0.8070519,-0.071413934,0.25127873,-0.088336766,-0.1966091,0.08038895,0.4532924,0.23220532
24319,-4.5183487,-0.083251536,-0.7090525,-0.557284,-0.23193313,0.09632159,0.17210434,-0.44378918,-0.08035963,0.30451655,0.38846126
24320,-4.9990816,-0.12605537,-0.71605295,-0.2403129,-0.12920865,0.08188248,0.27846408,-0.39202654,-0.23496349,0.4905746,0.2315914
24321,-5.751529,0.07120865,-1.1356742,-0.5123538,-0.48180342,0.48170435,-0.059435196,-0.6705213,-0.25587562,0.54150814,0.44963098
24322,-4.0344734,-0.04643735,-0.84441537,-0.127642,-0.026610898,0.09001354,-0.09564704,-0.06885352,-0.114809304,0.20918429,0.006382939
24323,-4.383125,0.054640308,-0.97654015,-0.28300175,0.12846947,-0.28719902,-0.23896423,-0.167177,-0.2283598,0.30609325,0.12411716
24324,-5.7674465,-0.21256796,-1.2314078,-1.0533653,0.07396718,-0.23589538,-0.09471428,-0.4138056,0.1832933,0.46937343,0.21710864
24325,-5.566949,0.08756548,-1.0514722,-0.3154613,-0.105951905,-0.040475283,-0.24152158,-0.09439128,-0.022390107,0.32161918,-0.0033363877
24326,-7.3704057,-0.35661623,-1.4763818,-0.89058775,0.29384068,-0.26723015,-0.03465288,-0.034912743,0.047279675,0.72462595,0.10223289
24327,-4.231027,-0.013142466,-0.7217958,-0.5648606,-0.13527834,-0.068074636,-0.074468836,-0.39137727,-0.108261175,0.2657314,0.38088736
24328,-5.1197596,-0.20924121,-1.3612815,-0.27889958,0.21297948,0.019732714,-0.21045962,0.23081574,-0.30904478,0.13594611,0.013137867
24329,-5.708381,0.12123952,-1.3179655,-0.8181485,0.06966351,-0.3155917,-0.10624415,-0.42779216,0.1692606,0.7368025,0.12324081
24330,-5.4999413,-0.18280566,-1.3225577,-0.5391754,-0.18906762,-0.16851759,0.0974659,-0.10631558,-0.18573946,0.3121254,0.31079698
24331,-5.1117487,-0.24633409,-0.9011745,-0.78234404,-0.009332694,0.04049451,-0.2181361,-0.3342071,0.17757879,0.30959913,0.2976325
24332,-5.3757935,-0.36971977,-0.99024904,-0.44598204,-0.556619,-0.0022731647,0.46892408,-0.004742074,-0.37771973,0.51970434,0.5040312
24333,-4.608439,-0.15024087,-0.8919887,-0.34090215,-0.054426424,0.059767995,0.11056174,-0.1622846,-0.2724468,0.4442587,-0.005669792
24334,-7.3894553,-0.12009564,-1.5750905,-0.9803162,-0.20366016,0.22792882,0.3372558,0.43801343,0.06718842,0.50562376,0.64805955
24335,-5.2086563,-0.2019081,-1.4166038,-0.6007403,-0.4509543,0.315144,-0.12480839,-0.2735936,0.0402854,0.41147655,0.47979325
24336,-4.921825,-0.018887594,-0.83532065,-0.5029873,0.059904877,-0.2104768,-0.023008205,0.06614642,0.031190773,0.46781152,0.1321938
24337,-6.220977,-0.14899918,-0.9337896,-0.794675,-0.20241404,0.21481043,0.20747703,0.08783787,-0.24053846,0.5121218,0.7482945
24338,-7.1939845,-0.0065042432,-0.84916675,-0.85136145,-0.091481,-0.13018861,0.40080518,0.17379309,-0.1580221,1.0261822,0.36366206
24339,-5.68029,-0.37946755,-1.3358485,-0.5435187,-0.17442037,-0.07307739,-0.1448905,-0.11439663,0.045938756,0.5486788,0.40422142
24340,-4.675372,-0.085205264,-0.7712989,-0.750259,-0.63178295,0.0837205,0.18514664,-0.1800323,-0.084553845,0.34325805,0.44531512
24341,-6.900384,-0.41826212,-1.6635828,-1.0188695,0.039483804,0.25579008,0.019305546,-0.54265887,0.1963198,0.6136716,0.40325746
24342,-5.067435,-0.33924317,-0.85966784,-0.6753598,0.14676028,0.14140035,0.18289247,-0.037135854,-0.005973257,0.27327847,0.51714575
24343,-5.867008,0.040610254,-1.1958957,-0.7553032,-0.100387625,-0.34868526,-0.07803075,0.11750606,-0.16510418,0.6598418,0.23929515
24344,-4.6909704,-0.2450694,-1.26791,-0.645946,0.0066333404,-0.012422202,-0.17163254,-0.1911884,0.13175619,0.41234303,0.09803529
24345,-4.889462,-0.18196452,-0.9492874,-0.41903144,0.10293406,0.010192169,-0.20594391,-0.20585805,0.10539755,0.3810055,0.014258656
24346,-4.130767,-0.16278325,-0.8408089,-0.67227036,0.19896437,-0.17568448,-0.12920092,-0.1454114,0.035448123,0.25565788,0.07642253
24347,-5.661725,-0.1674071,-0.98369247,-0.8534727,-0.38954026,0.2224752,-0.033670645,-0.36572626,0.04098037,0.8734654,0.46273714
24348,-6.4754515,-0.3911067,-1.4943017,-1.0580468,-0.2529988,-0.2378821,0.0064776437,0.24092476,0.0966101,0.8635589,0.25696254
24349,-5.0917788,-0.19686045,-0.851284,-0.54280704,-0.17132555,0.015043447,0.0830696,-0.10547692,0.02378796,0.4668434,0.3704227
24350,-6.0839186,-0.019573946,-1.054232,-0.77594465,-0.2037681,-0.049529213,-0.01374293,-0.21427688,-0.0620173,0.2913485,0.15726759
24351,-4.306035,-0.35486737,-0.74923617,-0.3497795,-0.29538682,0.066617176,-0.025917687,-0.20935014,0.0758636,0.51026785,0.2129477
24352,-4.935845,0.06606926,-0.7691596,-0.4194148,0.047597617,0.02966717,0.09869387,0.30269817,0.018336209,0.24849942,0.30460158
24353,-6.8456044,-0.06793337,-1.3956504,-0.6393735,-0.12837175,-0.052425567,0.17658722,0.068916135,0.14693205,0.88891846,0.52229166
24354,-5.861974,-0.18317372,-1.1989263,-0.60504735,-0.6342388,-0.19007762,0.3776153,-0.018966973,-0.004758384,0.3666971,0.57746416
24355,-5.204106,-0.13818575,-1.1726109,-0.6712639,0.43834263,0.09543563,-0.096970275,-0.35257605,0.30614257,0.39040276,0.20237377
24356,-5.609916,0.020241605,-1.3408402,-0.28250644,0.44883376,0.056901455,0.028898545,0.07115564,-0.056174025,0.16676615,0.183452
24357,-6.466912,-0.379398,-1.1056756,-0.5726988,0.33384782,-0.002824233,0.03231816,-0.21393742,-0.23503359,0.10874402,0.29820973
24358,-7.5600867,-0.28215688,-1.3913503,-0.83570313,0.07317538,0.29039836,-0.14236727,-0.07647338,-0.055819966,0.7495707,0.8185889
24359,-4.430491,0.032044612,-0.7578519,-0.55724335,-0.018196346,0.091909446,0.21674414,-0.31347245,0.0077572037,0.5396794,0.3086289
24360,-5.7710266,-0.33254606,-1.1678681,-0.7124183,-0.18182826,0.13666871,-0.17876709,-0.26659372,-0.0776465,0.359763,0.42485344
24361,-4.0678988,-0.15981172,-0.775654,-0.47164214,-0.3236521,0.07910992,0.19270492,-0.21417308,-0.2746144,0.36968884,0.134653
24362,-4.517671,-0.0070552574,-0.7484897,-0.3657141,-0.13071884,-0.10555169,0.3065744,-0.1774297,-0.4552617,0.32816425,0.1564134
24363,-5.4514327,-0.53752136,-0.9927214,-0.6074942,-0.2714578,0.07654607,-0.01447554,-0.3173363,-0.23001087,0.5244185,0.547036
24364,-7.823235,0.21306208,-1.6290935,-1.1603531,-0.20508562,0.029735088,-0.2569903,-0.7115959,0.1470256,0.16825202,0.25972983
24365,-5.0231056,-0.18052147,-1.4639419,-0.6583306,-0.17311208,0.06520586,0.045076843,-0.14699036,-0.052926905,0.1724808,0.48281145
24366,-5.610355,-0.028801177,-1.1052238,-0.7841059,-0.1706372,0.036514334,0.16555199,-0.085801594,0.06104275,0.52423966,0.4670671
24367,-5.114038,-0.3224138,-0.8905263,-0.39418522,-0.11584507,0.23012644,-0.042934682,0.0037001194,-0.30423427,0.36328214,0.39879397
24368,-6.6800966,-0.31760663,-1.2623949,-0.5014272,0.13022226,-0.1668561,-0.010740855,-0.14258708,0.047995985,0.42942494,0.27255407
24369,-5.563785,0.03463406,-1.2083366,-0.5384407,0.09981689,0.08347765,-0.19055007,-0.46152732,-0.07591076,0.46944463,-0.029556293
24370,-9.175112,-0.10763212,-1.8401356,-1.2479304,-0.6781645,-0.20462464,0.08962494,-0.066016145,-0.76799136,0.24840842,0.51963174
24371,-4.9176946,-0.3293751,-0.78388005,-0.5409053,-0.41821533,-0.03664123,0.20647553,0.11094841,-0.16661681,0.41843104,0.39916137
24372,-5.5791636,-0.3443697,-1.8606783,-0.73186696,0.19880839,0.1670246,-0.19241716,-0.011092564,0.13464303,0.31804642,0.37892246
24373,-4.870114,-0.015460619,-1.0669411,-0.42348367,-0.3175405,0.2782566,0.3996076,-0.12951761,-0.16733092,0.90741044,0.3694806
24374,-5.925853,-0.20701817,-1.2038301,-0.4880451,0.22632699,0.16635238,-0.49480036,-0.15104935,-0.17666769,0.07958877,0.11473706
24375,-6.4738436,-0.1322925,-1.3288331,-0.85813516,0.12283389,0.39798594,0.20622864,-0.37229684,0.49816307,0.52611977,0.019731633
24376,-4.970906,-0.35073864,-1.0792834,-0.6394576,0.26615348,0.15734358,-0.49258015,-0.09227798,0.01041228,0.258086,-0.029128522
24377,-5.451252,-0.27478343,-1.152147,-0.47385368,0.051496107,0.10078926,0.03225248,0.108011566,-0.041516244,0.4396536,0.31174377
24378,-4.8640037,-0.09541846,-1.1815007,-0.32882252,0.17879158,0.15546338,0.043154918,-0.021793758,0.049260728,0.22061373,0.33754018
24379,-5.994818,2.2305176e-05,-1.2537147,-0.4638816,-0.63797873,-0.07501846,0.34359512,-0.55568266,-0.48943555,0.64851284,0.22026572
24380,-6.1458454,0.027470466,-1.1926522,-0.71877295,-0.17381711,-0.06266937,0.040031493,-0.5211259,-0.21440712,0.4834937,0.22590375
24381,-4.353764,-0.09815703,-0.9020633,-0.28388304,-0.3797609,-0.11646311,0.3012825,0.009749031,0.015414215,0.26455775,0.3267995
24382,-5.5211315,-0.325115,-0.98233503,-1.0066546,-0.43822554,-0.17246796,0.24219465,0.11550917,-0.0015681535,0.64135593,0.29103643
24383,-5.2322497,-0.008946958,-1.1503178,-0.2508569,0.23246674,-0.018837968,0.15320401,-0.042961903,-0.073624976,0.33465117,0.18262747
24384,-5.5741005,-0.15394254,-1.0209382,-0.5824131,-0.6070227,0.19461617,0.049139336,-0.30645862,0.10903366,0.6645658,0.64029133
24385,-5.6323147,-0.041625343,-1.2630144,-0.85481,-0.1516552,-0.07389774,-0.14876229,-0.39757878,0.02011324,0.1810224,0.58441126
24386,-5.509412,0.08210684,-0.8520886,-0.43780833,-0.3065714,-0.08354413,0.33073798,-0.087366834,-0.41822988,0.34171996,0.32460144
24387,-6.9996676,0.0018508555,-1.1570411,-0.51409376,-0.06280146,-0.122328356,0.023641892,-0.2398263,-0.35165146,-0.053844,0.6914853
24388,-3.7517831,0.01784169,-0.4829925,-0.52067345,-0.12534352,0.010261671,-0.00048461184,-0.1998414,-0.09224976,0.4066285,0.2175157
24389,-7.2033467,-0.023311008,-1.7721177,-0.6625061,0.4302477,0.38028437,-0.15051496,-0.4845219,0.28744093,0.5562561,0.34988564
24390,-4.258201,0.037103206,-1.1162513,-0.4747316,0.103324935,-0.23585498,-0.2642611,-0.17481855,-0.016586745,0.24454308,0.23799261
24391,-5.4476933,-0.20759492,-1.2035079,-0.30454612,-0.027629094,0.0040522385,0.102310926,0.17097698,-0.1703441,0.22690435,0.14322731
24392,-5.2853727,-0.002112385,-1.1022779,-0.6004592,0.19278853,-0.13775107,-0.20414507,-0.03526018,-0.05307509,0.05502966,0.023463855
24393,-5.973303,-0.03132323,-1.0237942,-0.1396707,-0.029057415,-0.11269249,-0.11737881,-0.25660235,-0.12265639,0.24865358,0.14272165
24394,-7.0408077,-0.0661527,-1.1912618,-0.81375,0.059927102,-0.20587103,-0.09942785,-0.46450654,0.23222058,0.30708894,0.32875073
24395,-6.6539683,-0.23240438,-1.4935669,-0.87192285,0.17369358,0.081393085,-0.30212283,-0.29808494,0.32301357,0.4568674,0.25904557
24396,-5.019124,0.028648864,-1.2498243,-0.5823532,-0.10161129,-0.28712004,-0.23655115,-0.078977264,-0.0808188,0.421246,0.2776757
24397,-7.095036,0.1587013,-1.2798954,-0.7162562,0.18262015,0.08518701,0.1317079,0.13760783,-0.08373442,0.4781826,0.37742397
24398,-4.927397,-0.23336071,-1.0348017,-0.6165392,-0.028218536,0.07866919,-0.31585565,-0.30790284,0.07622272,0.48865274,0.21116652
24399,-4.748859,0.030008685,-0.89751786,-0.5934973,0.01257516,0.15801434,0.076229766,0.0044402573,0.1697488,0.34682193,0.35694298
24400,-5.6432366,-0.42832837,-1.2146606,-0.36077255,0.016767375,-0.10428769,-0.10295098,0.0156411,-0.09536638,0.39845484,0.31601384
24401,-5.675686,0.111809745,-1.1359118,-0.55212337,0.079415716,0.075664245,-0.13041297,-0.27156696,0.086883485,0.16890948,-0.028629892
24402,-4.3300323,-0.030590013,-1.0896206,-0.76248705,-0.30646667,0.08498881,0.12391994,-0.24312872,-0.0961084,0.6293159,0.28011647
24403,-8.015801,-0.1676113,-1.1742964,-0.5393872,0.009787291,-0.53685236,-0.11674992,-0.03150203,-0.13927299,0.13232064,0.6224275
24404,-6.0783405,-0.27651596,-1.5468403,-1.0249637,-0.019556591,0.5357574,-0.25400054,-0.75073,0.58297205,0.69670457,0.42031774
24405,-5.43924,-0.011088843,-0.6940196,-0.5289959,-0.28541693,-0.011578066,0.10253429,0.06305767,-0.26245633,0.26416636,0.40553248
24406,-6.9096303,0.049959507,-1.2232317,-0.34500107,-0.016752968,-0.04471827,-0.17398492,-0.38858008,-0.2628308,0.27610886,0.25556016
24407,-5.471491,-0.24831079,-1.0400213,-0.80064785,-0.32401145,0.07868868,-0.007851963,-0.06726345,-0.03359303,0.72157794,0.43462452
24408,-5.6248903,0.20308173,-1.2564867,-0.30165857,0.07012974,-0.28657758,-0.010676616,-0.15165836,-0.25171816,0.29057413,0.20525077
24409,-4.5023885,-0.4112137,-1.136643,-0.5626824,-0.31841126,0.062179416,0.30698994,-0.43196177,-0.031613387,0.38273135,0.40795532
24410,-6.3859234,0.050501037,-1.1391641,-0.6517105,-0.16192387,0.28941834,0.4905329,-0.47859296,0.044370066,0.5366539,0.6109518
24411,-6.3566933,-0.09801861,-1.2101189,-0.48792925,-0.55826366,0.24705754,0.5804637,-0.32334217,-0.43355963,0.462508,0.5631734
24412,-5.189582,-0.28064004,-0.98237956,-0.4454305,-0.12598422,0.39770234,0.2026723,-0.29603148,-0.013460873,0.6062861,0.30134463
24413,-4.4936833,-0.11489794,-0.8369201,-0.22585835,-0.01125069,-0.09741717,0.13681847,-0.2895757,0.1095253,0.11717447,0.47445473
24414,-5.8286057,-0.042943493,-1.1524374,-0.40519983,-0.03911918,0.031431276,-0.15950431,-0.08948924,-0.17317866,0.44430685,-0.05186855
24415,-4.2121916,-0.24878187,-0.7734684,-0.3401142,0.15795283,-0.15245406,-0.0003951732,0.0435668,-0.020020476,0.31248894,-0.01296254
24416,-4.7438197,-0.22862059,-0.7628808,-0.28695846,0.110029,0.2905593,0.003310136,-0.31039822,-0.34115595,0.4455568,0.42627475
24417,-4.7996254,-0.1746224,-0.90652645,-0.5118919,-0.24570218,-0.42703646,0.24951652,-0.027791535,-0.013489269,0.36612257,0.49700737
24418,-6.708038,-0.20694037,-1.4367954,-0.69392127,0.15794758,0.30635154,0.45970985,0.16374424,0.15272996,0.6839516,0.4772922
24419,-8.456677,-0.15630753,-1.6783905,-0.8530294,-0.5388889,0.3699481,0.1111071,0.14566568,-0.2064065,0.3893902,0.83287346
24420,-5.189723,-0.18494818,-1.200163,-0.4847839,-0.39962375,-0.14702424,0.032618485,-0.1454784,0.11541872,0.6752585,0.35942236
24421,-4.4681926,0.07133529,-0.9530684,-0.5877254,-0.2967251,0.19988482,0.07355055,-0.15005463,0.14992248,0.37938008,0.41240433
24422,-6.436079,-0.2999688,-1.0589976,-0.9428394,-0.6117182,-0.062500544,0.44224867,0.29288796,-0.2554534,0.49716535,0.83648247
24423,-4.7011113,-0.017342389,-1.0064547,-0.5960854,0.31636938,0.38005286,-0.23080495,-0.46902493,0.10031478,0.32526216,0.13977091
24424,-5.096861,-0.34402683,-0.7147537,-0.9205593,-0.28213206,-0.18660751,-0.13442352,-0.3935197,0.23951642,0.6451728,0.26577443
24425,-4.0631256,-0.023207631,-1.1231244,-0.36380345,-0.24549294,0.03552227,-0.13096026,0.1533691,-0.104297064,0.5637381,0.041333564
24426,-6.3780017,0.006000486,-1.4351779,-0.5596303,-0.023451366,-0.11985649,-0.0633224,-0.3531061,-0.42576453,1.0193758,0.04733793
24427,-5.53089,-0.11556057,-1.0434574,-0.26183254,-0.096618555,0.120302856,0.015964162,-0.18466637,-0.034907654,0.44725108,0.08422297
24428,-5.926959,0.21200565,-1.3099465,-0.8240628,-0.035432253,-0.0021623736,-0.20523722,-0.35864043,0.030587591,0.5923292,0.25643134
24429,-4.2167497,-0.017237738,-0.71512276,-0.16410464,0.02484101,0.02978836,-0.024073876,0.050319426,-0.21362959,0.17639467,0.29682913
24430,-4.9082584,-0.13989972,-0.8770475,-0.48886868,-0.015460717,-0.3391487,-0.22520788,-0.074883096,-0.028834572,0.25554186,0.0052637057
24431,-4.735326,-0.120700255,-0.99037164,-0.11178346,-0.13659671,0.21551113,-0.22497885,-0.44120246,-0.3963114,0.14581557,0.11862154
24432,-4.5160317,0.010984509,-1.1928118,-0.58643067,-0.05930295,0.23847589,-0.1138067,-0.27272698,0.0107735675,0.31257883,0.15519439
24433,-5.4530287,-0.36575815,-0.998889,-0.8102504,-0.12665889,0.008792192,-0.09193549,-0.024995359,0.12700929,0.6790116,0.42864093
24434,-4.810543,-0.113801286,-0.9222254,-0.36709818,-0.25546888,0.021254279,0.0025105523,0.020623725,-0.09668282,0.29903218,0.46752536
24435,-5.216947,-0.038449537,-1.1246957,-0.46091846,-0.33637384,0.34999222,-0.053592354,-0.5942351,-0.16869107,0.27603945,0.10160738
24436,-4.8201895,-0.04551652,-1.0326033,-0.36105376,0.09850922,-0.19318795,-0.20561679,-0.23151119,-0.13641518,0.29515064,0.03378212
24437,-5.099797,-0.13152322,-1.2615209,-0.23233436,-0.3787919,0.09377595,-0.21868168,-0.10810148,-0.18258344,0.4144336,0.17274293
24438,-4.436011,0.065604344,-1.1236994,-0.69843036,-0.06679948,-0.035553426,-0.13538408,0.15537848,-0.16104965,0.48563227,0.38328093
24439,-6.747678,-0.48204502,-1.288925,-1.2626686,-0.121677674,-0.67768216,-0.2034961,-0.39151514,0.49955156,0.28693542,0.60382897
24440,-6.716757,-0.40245607,-1.1114974,-0.528283,-0.026567405,0.047204893,-0.22034784,-0.28226718,-0.03908889,0.35903576,0.39497173
24441,-5.809855,0.18050997,-1.1737404,-0.4526277,-0.025081785,-0.008383499,-0.25479454,-0.087412566,-0.15389758,0.19161718,-0.17505953
24442,-4.5488076,-0.096512094,-1.055005,-0.56881917,-0.12550682,-0.17011982,0.010595973,0.1392286,0.037962426,0.52233523,0.3280497
24443,-6.261353,-0.072958976,-1.2627025,-0.896281,0.1592014,-0.3405344,-0.25854346,-0.16002786,-0.029088626,0.27290854,0.35497186
24444,-7.499362,-0.53966224,-1.6297585,-0.25732744,-0.22201985,0.5232634,-0.41325983,0.020274494,-0.20404084,0.4490602,0.30756113
24445,-6.3909583,-0.22231318,-1.4620647,-1.2058798,-0.3370542,-0.08109207,-0.026656061,-0.23388888,0.32855466,0.96297514,0.5103153
24446,-5.3393693,-0.13095981,-1.03099,-0.02968729,-0.2239524,0.0765404,0.07358773,0.20012732,-0.09534537,0.6933418,0.30411556
24447,-6.65351,-0.34919408,-1.2666234,-0.70423716,-0.017721359,0.6624955,0.108744554,-0.15234628,0.09041009,0.36749426,0.52331996
24448,-6.836314,0.08831361,-1.3988075,-1.0072259,-0.027052255,0.20556617,-0.22976607,-0.5699771,-0.13669272,0.59730977,0.42458528
24449,-4.663862,-0.12478492,-0.71418077,-0.6263932,0.11807912,-0.47783673,-0.056945078,-0.14264442,-0.17065552,0.37793034,0.06262276
24450,-8.565268,-0.13580565,-1.7752662,-0.62224835,-0.360475,-0.29328763,0.1685389,0.03908515,-0.29453346,0.48343518,0.7788986
24451,-4.287862,0.022660814,-0.779453,-0.39842892,-0.46805856,-0.019702114,-0.006263393,-0.22010224,-0.2536941,0.49944252,0.17318477
24452,-4.996881,-0.0616203,-0.79206944,-0.16078603,0.085930206,-0.027198054,-0.23236284,-0.25589016,-0.2870887,0.384742,0.039553475
24453,-5.572053,-0.07159757,-1.0147924,-0.5681654,0.0177375,-0.040187027,-0.214535,-0.2351414,0.0020747185,0.24308144,0.25842026
24454,-6.580537,-0.19641715,-1.511845,-0.9566248,-0.42554897,0.17971861,-0.06695915,-0.29082596,0.038457006,0.5015019,0.6514262
24455,-5.6523075,-0.21103768,-0.9935623,-0.4818767,-0.14445607,-0.34101462,0.06792647,-0.18881002,-0.006435724,0.3051,0.3321759
24456,-5.6196957,-0.3216479,-0.97775596,-0.90804577,-0.5894618,0.28653705,0.16343163,-0.36183846,-0.010573391,0.30796236,0.5315261
24457,-6.333343,-0.20752704,-1.6187501,-0.43998182,0.49642035,0.35854566,-0.05097574,0.17388913,-0.23427983,0.053148314,0.29790634
24458,-5.0551295,0.06695988,-1.3013216,-0.85510874,-0.11238283,0.0263155,-0.32303277,-0.13685632,0.23950945,0.54946077,0.40052992
24459,-5.6355276,0.20809108,-1.077424,-0.4833884,-0.19849232,-0.28866738,-0.025266826,-0.11685511,-0.10891598,0.2724382,0.43071342
24460,-4.4651175,-0.095614254,-0.6646379,-0.1621019,-0.032494847,-0.26308948,-0.15959992,-0.17972928,-0.35335362,0.50286794,0.092669986
24461,-6.4597692,0.115057886,-1.3693019,-0.72683257,0.29763672,0.11825725,0.04046303,-0.41480035,0.12611541,-0.01451493,0.39052674
24462,-4.587692,-0.12317653,-1.2049071,-0.09327251,0.27660623,-0.019866556,-0.091872916,0.073932104,-0.1292905,0.058070853,0.37558278
24463,-7.6822596,0.24700408,-1.8000461,-0.5618632,-0.010211404,0.20640542,-0.19227996,0.017985286,0.091045976,0.40274146,0.52451015
24464,-4.8942876,0.0053628897,-1.0642095,-0.51338315,0.020856313,0.24670881,-0.29882112,-0.30116564,-0.105614915,-0.01727888,0.061330236
24465,-5.6361823,-0.2402464,-0.9971959,-0.5575415,-0.21038756,0.035911903,0.19234782,-0.37893718,-0.046770826,0.34464276,0.4024586
24466,-5.748497,0.022121333,-1.4159373,-0.70525306,0.0050590383,-0.22031914,0.01064505,0.035992354,0.032129798,0.34394178,0.39472902
24467,-6.5179067,-0.24372225,-1.3836917,-0.9261096,-0.20593394,0.26175255,-0.15951157,-0.65618014,0.2664856,0.4722575,0.4795746
24468,-4.8156753,-0.41785067,-0.8099911,-0.5695243,0.048760414,-0.10894491,0.019657914,-0.09997687,0.03588648,0.22133702,0.49479648
24469,-5.1831946,-0.10169564,-1.1860129,-0.23862845,0.012932126,-0.1497656,-0.062245093,-0.2482228,-0.24201007,0.26937863,0.25560454
24470,-6.7809877,0.23527917,-1.1857413,-0.5646056,-0.086447336,0.17028238,0.12420738,0.13266933,-0.30628908,0.47844747,0.47713774
24471,-6.1379404,0.05233814,-1.2783525,-0.8029518,-0.0018985239,0.22733362,0.05073072,-0.35756624,0.26516178,0.27280566,0.4314711
24472,-6.943368,-0.29016045,-1.3278818,-0.9453034,0.116223924,0.26759297,0.009382757,-0.39978525,0.13050638,0.44878995,0.4722912
24473,-4.0190477,0.020075258,-0.99585754,-0.33570954,-0.037610013,-0.26497978,-0.12346751,0.018410502,-0.36712357,0.1429604,-0.028528403
24474,-5.6783547,-0.07271911,-0.86347663,-0.7255473,0.06326978,-0.29902983,0.0087361,-0.29732022,0.12728806,0.3663733,0.4150709
24475,-8.329261,-0.06946099,-1.1493201,-1.2174717,-0.28130516,-0.27934068,-0.14395303,-0.18832275,-0.10898879,0.049462024,0.3319984
24476,-4.653833,-0.14321734,-0.8111532,-0.40849838,-0.0003332072,0.10607553,0.027145162,-9.687431e-05,-0.14004342,0.16417058,0.1355106
24477,-4.170988,-0.19146422,-0.90497893,-0.34197783,-0.2848011,0.1032343,0.16088693,-0.01881264,0.13290267,0.3960528,0.306606
24478,-5.587125,-0.24067411,-1.1424481,-0.43558604,-0.19418222,0.07499052,-0.1882106,-0.38305926,-0.21256234,0.4167241,0.16871126
24479,-3.5186136,0.026105255,-0.7037258,-0.4675182,-0.028793065,-0.23623674,-0.17439942,-0.19330268,-0.05904694,0.37325865,-0.07544739
24480,-6.229958,0.015250355,-1.5533487,-0.73246914,0.22766377,0.19639684,-0.19547065,-0.33554432,0.22940668,0.385368,0.1785125
24481,-6.2739854,-0.38337785,-1.1361219,-0.5480193,-0.15383498,-0.23613228,-0.001321015,0.036425304,-0.47030252,0.48154357,0.43666413
24482,-4.366039,-0.06908976,-0.78164685,-0.5124555,-0.25754783,-0.13239856,0.14643793,-0.057788678,-0.12081908,0.5579716,0.14080456
24483,-7.8921514,-0.5282047,-1.9734949,-1.0694282,0.38397315,-0.22349718,-0.34881637,-0.09722813,-0.01904464,0.5954782,-0.32454863
24484,-6.740193,0.18584916,-1.5834407,-0.60128427,-0.06298583,-0.18573932,-0.3151845,-0.10156262,0.1502483,0.80391264,0.20038082
24485,-5.4879193,-0.52977914,-1.0402745,-0.74279416,0.33560798,-0.2663893,-0.2520568,-0.03790749,0.06602578,0.4032941,-0.1384823
24486,-5.1453586,0.046380565,-1.4497412,-0.22383071,0.13571048,0.21005945,-0.09145774,-0.10351279,-0.30731353,0.3471806,-0.082774974
24487,-5.290868,-0.07922672,-1.446939,-0.7385205,0.23059139,-0.18193206,-0.09564924,-0.2885019,0.022055779,0.077576905,0.15400805
24488,-7.4255657,0.0057139755,-1.1275482,-0.9360797,-0.62934494,0.17627601,-0.15710339,-0.086771354,-0.09958292,0.39645302,0.6587779
24489,-5.4430165,-0.072287284,-1.3704311,-0.6588204,0.12530728,-0.08520535,-0.30047885,0.052814305,-0.03166555,0.2855095,0.3662655
24490,-6.217804,-0.40972233,-1.215416,-0.7578676,-0.17776129,-0.3770585,0.102572426,-0.38386336,-0.13726413,0.35564876,0.22571021
24491,-4.845481,-0.03555938,-0.7158272,-0.6026481,-0.16923602,-0.019520016,-0.30577907,-0.28467336,-0.11544435,0.23024958,0.028622087
24492,-5.899888,-0.31628016,-1.4771506,-0.85444725,0.0694744,-0.19649297,-0.53119236,-0.18601018,0.11072905,0.4471156,0.25199687
24493,-4.9239874,-0.27284285,-1.4565669,-0.6475899,-0.2981729,0.40116292,-0.2085599,-0.64073056,-0.023845745,0.35906482,0.4164462
24494,-3.765019,-0.256811,-0.8245605,-0.50313705,0.029840123,-0.06698581,-0.17070064,-0.22291842,-0.034780137,0.23108134,-0.0038001193
24495,-5.4539227,-0.13813104,-1.4252683,-0.5338304,0.09383368,0.34075612,-0.13588105,0.121953115,-0.022665946,1.0256107,0.4210701
24496,-4.9038,-0.23524351,-1.0576433,-0.7560697,-0.6201892,0.1012468,-0.010492246,0.21335393,0.13909207,0.576172,0.28523284
24497,-7.417867,-0.2516466,-1.8864588,-0.8647971,0.19235985,-0.25491577,-0.35219353,0.12944187,-0.24867038,0.11931312,0.042553056
24498,-3.7902887,-0.22117707,-0.6004437,-0.169912,-0.18875287,-0.11600087,0.048576064,-0.15194468,-0.07922673,0.2124173,0.22908399
24499,-3.9485524,0.016508186,-0.65677714,-0.4162393,-0.03209941,-0.2811396,-0.07164949,-0.071741626,-0.058799893,0.20121324,0.24338941
24500,-3.8560774,-0.1210451,-0.7885258,-0.47424158,0.015978865,-0.019526815,-0.0024461225,0.072012685,-0.066974014,0.35669634,0.042631928
24501,-5.2332196,-0.12089044,-1.1966743,-0.4731686,-0.2729967,-0.13431813,0.054848388,0.2012696,0.00063648075,0.43930528,0.6628731
24502,-4.956572,-0.019044198,-0.65702695,-0.5521233,0.00500667,-0.16441357,0.34413895,0.25913236,-0.20436877,0.3763695,0.12886618
24503,-5.431152,-0.13870922,-0.9964513,-0.3721725,0.18785997,0.06525702,-0.056878284,-0.32936144,-0.08362374,0.50335646,0.20444435
24504,-6.478043,-0.08171093,-1.3062817,-0.8894645,-0.24531117,0.049098104,-0.34729543,-0.059647307,0.0018678335,0.17437592,0.22348174
24505,-8.406751,-0.33043244,-1.6206793,-0.46806687,-0.8895105,-0.057230085,0.27635762,0.019068211,-0.2579141,0.41459617,0.74559873
24506,-5.099575,-0.15808746,-0.8098408,-0.39502954,-0.612277,-0.33679968,0.07231599,-0.1973992,-0.20717198,0.298533,0.2819338
24507,-7.183867,-0.40216005,-1.5469891,-0.35316607,0.21594036,0.27403516,-0.48875225,-0.5718147,0.0725513,0.4038881,0.62079614
24508,-5.623129,-0.28839865,-1.4165338,-0.43199763,0.029207619,-0.13702641,-0.082673654,-0.19335979,-0.0016472824,0.07824576,0.5161995
24509,-5.783485,-0.13966662,-1.31802,-0.43779722,0.07931703,-0.42059213,-0.27803677,-0.082876265,-0.13025613,0.044516362,0.29143003
24510,-5.9898,-0.24417703,-1.2982382,-0.50590456,0.45757312,-0.15196088,-0.0966356,-0.32038105,-0.058531873,0.089122,0.47820252
24511,-4.529054,0.16566738,-0.79873264,-0.48260766,-0.051375892,0.04485463,0.2213596,-0.048578873,0.08676392,0.29818437,0.34259835
24512,-4.486385,-0.040858198,-0.48469323,-0.3040695,-0.30688393,0.2312571,0.034510333,-0.19914629,-0.29109722,0.25619859,0.20735958
24513,-5.1773415,0.15320274,-0.7114796,-0.5424199,-0.2551844,-0.15569088,0.0041655274,-0.43059936,-0.16580984,0.23591329,0.15172979
24514,-5.504762,-0.1564889,-1.2131213,-0.7608417,-0.38765404,-0.15504873,0.053855233,-0.46428776,-0.142979,0.4834614,0.47479442
24515,-4.8225946,-0.19381265,-0.7227456,-0.48623782,-0.19925722,-0.17779239,0.07651267,-0.38058934,-0.28293666,0.21031973,0.17990138
24516,-4.528466,-0.061274808,-0.90281624,-0.55597013,0.31568193,-0.014275445,-0.1298391,-0.13154072,0.04380328,0.3422669,-0.14589094
24517,-8.544807,-0.0625878,-1.7108191,-1.0124164,0.36950463,-0.09088533,-0.19484855,-0.0323286,-0.03897959,0.7600327,0.78326976
24518,-6.9634547,-0.27315295,-1.1951231,-0.745996,0.13291223,-0.03891722,0.03546975,-0.25631976,0.095664576,0.15736686,0.31423318
24519,-5.073788,-0.005732813,-1.1048448,-0.5034034,0.023822429,0.030872585,-0.30847353,0.17256948,0.023274519,0.4481763,0.06724826
24520,-6.528237,-0.18697698,-1.2168189,-0.5210224,0.45705113,0.09966067,-0.19227599,0.27913946,-0.13936871,0.25586003,0.22334826
24521,-6.5364614,-0.42787808,-1.140681,-0.5598555,-0.18774523,0.49790597,-0.08842021,-0.37051693,-0.032767124,0.78352827,0.4933401
24522,-5.9126515,-0.37176314,-1.3940583,-1.0661379,0.01948294,-0.03890547,-0.22255856,-0.1817398,0.07871518,0.46664065,0.49813336
24523,-4.3864937,0.023547456,-0.49123427,-0.1745184,-0.47389367,0.20256701,0.23346655,-0.3110422,0.013893307,0.27682972,0.34946403
24524,-7.0783267,0.22618225,-1.3849368,-0.8427243,0.56588924,-0.31316048,-0.50827485,-0.4923152,0.23527986,0.35874063,0.022309588
24525,-3.7435582,0.0018970803,-0.89457077,-0.46667773,-0.026294818,-0.16929977,0.0082706,-0.039520465,0.021896925,0.40881217,0.039155927
24526,-3.4888234,-0.2590824,-0.65909225,-0.5680304,-0.24447933,-0.015565854,0.12275471,0.014231568,-0.023006095,0.5829384,0.23524293
24527,-8.273055,-0.06826714,-2.263292,-0.30516124,0.5450204,-0.15700147,-0.23818086,-0.1553565,-0.053522497,-0.0559373,0.5274961
24528,-7.5724726,-0.21859941,-1.4145131,-0.69710314,-0.23009732,-0.26890588,-0.32626262,0.18909356,0.08833043,0.72985494,0.40024653
24529,-4.5511875,-0.20943366,-1.1338265,-0.5119829,0.3596828,-0.101319015,-0.0059474865,-0.09942627,-0.09395828,0.016543206,0.20154166
24530,-5.730265,-0.08932952,-1.2015965,-0.46654135,0.23444064,-0.006480513,-0.17538553,-0.18240175,-0.18020846,0.5651698,0.41429532
24531,-5.2439117,-0.078447945,-0.9663335,-0.7754078,-0.32762372,-0.029751092,0.16193824,-0.48241287,-0.021213988,0.26961052,0.5732971
24532,-6.249311,-0.18523361,-1.0014637,-0.49892336,0.11904669,0.2693348,-0.12769648,-0.55454916,0.11727243,-0.10268851,0.2865999
24533,-5.0214376,0.07417522,-1.1437137,-0.6699772,-0.06488219,0.03189589,-0.076544754,-0.5077176,0.102416985,0.19928934,0.054362237
24534,-7.3782263,0.11360936,-1.330786,-0.39792854,0.081094265,-0.18071164,-0.094759844,0.041716643,-0.31851187,0.007458174,0.051167585
24535,-5.8816986,-0.36820742,-0.5694101,-0.7382596,0.0013631042,-0.3591417,0.21803223,0.1806617,0.024945112,0.19380833,0.57493335
24536,-5.455311,0.045984827,-1.2271754,-0.42255023,-0.26165915,0.2972114,0.24845934,-0.47059813,-0.29539365,0.7347054,0.36179438
24537,-5.5189605,-0.33987796,-0.78527296,-0.5348027,-0.6633808,-0.21536465,-0.065300204,-0.2647244,-0.023141013,0.6419768,0.5140749
24538,-4.862981,-0.27963427,-0.64566994,-0.5171438,-0.27287173,-0.08447858,0.13734214,-0.14310202,-0.28277826,0.31132054,0.3353713
24539,-4.5756574,0.077894166,-1.1303972,-0.24570405,0.09715631,0.023576949,-0.24831857,-0.18492962,-0.30668575,0.42140442,0.052213363
24540,-5.7473993,-0.34861028,-1.0777897,-0.26836684,0.051653843,0.033492513,-0.2415456,-0.22331929,-0.23355092,0.6127201,0.26176646
24541,-8.464816,-0.20117952,-1.3216401,-1.0245372,-0.30414248,0.15956362,-0.1383053,0.04734408,-0.060489804,0.47542956,0.46702588
24542,-4.4497194,0.040217105,-0.92963094,-0.34057692,0.14951605,-0.04620561,-0.003459216,-0.12244465,-0.16514444,0.1592285,0.040243197
24543,-7.027884,-0.2408433,-1.4607526,-0.7801183,0.33940598,-0.10306269,-0.18528816,-0.053218015,-0.2587275,1.0142868,0.27243719
24544,-6.4190974,-0.30242524,-1.4577823,-0.87431157,-0.3024266,0.19120915,-0.023391988,0.03464685,0.005120186,0.61603564,0.40126392
24545,-5.2259183,0.015269276,-1.3220477,-0.41428488,-0.23679939,0.31975913,0.4979426,0.03542979,0.018179704,0.7209433,0.41739553
24546,-5.2945766,-0.28240916,-0.9881526,-0.5959443,0.06133718,0.4146548,-0.17428067,-0.3660994,0.08938154,0.54571307,0.2344245
24547,-5.601405,-0.009178507,-1.234376,-0.47715414,-0.2514086,-0.11426796,-0.41991344,-0.07649199,-0.07434141,0.50573653,0.006504903
24548,-6.289198,-0.1144673,-0.9627532,-0.6115603,-0.25333813,-0.26211172,-0.012288307,-0.15606944,-0.14902976,0.56013715,-0.053403534
24549,-5.507,-0.041022908,-0.8060076,-0.52133524,-0.13013755,0.043234725,0.056238312,0.077175364,-0.046252564,0.5143714,0.53413314
24550,-5.871633,-0.06354566,-1.0870076,-0.46346837,-0.5149345,0.15907699,0.40207547,-0.15490688,-0.22122364,0.22966374,0.37268925
24551,-5.493621,0.13358426,-1.2464391,-0.7876652,-0.22803475,0.12647678,0.1558955,-0.3094135,0.038510654,0.66302276,0.09667637
24552,-4.8342524,0.08141848,-1.0502554,-0.8341594,0.004169804,-0.011299446,0.10062256,0.10795578,0.03334646,0.68069255,0.41840133
24553,-4.224996,-0.10462277,-0.9925285,-0.14963092,-0.091301665,-0.11458926,0.019024141,0.28992233,-0.21444859,0.26591188,0.20915794
24554,-6.2041445,-0.19946651,-1.3698872,-0.86470675,-0.21089302,0.20412438,-0.38553724,-0.40767902,0.29984525,0.6454953,0.0352806
24555,-5.5352745,-0.21583204,-1.1372092,-0.284267,-0.15344279,0.26894027,-0.045496684,0.08663133,-0.062123016,0.68201774,0.30311975
24556,-5.328192,-0.4424137,-1.1649853,-0.5628739,0.3085747,0.07670281,-0.2884437,-0.32404175,-0.100183755,0.4539241,0.17512438
24557,-6.269371,-0.04557519,-1.3370088,-0.98604006,-0.15047273,0.08826138,-0.35671848,-0.24410263,0.3639056,0.88565016,0.031836994
24558,-6.5907626,-0.38505456,-1.5518275,-1.2916288,-0.6353894,0.16944061,0.3256738,-0.06790448,0.07638258,0.5999832,0.34771916
24559,-6.5985594,0.16309081,-1.0311171,-0.5621417,-0.16286096,0.37699306,-0.14337154,-0.87865424,-0.0657395,0.4850862,0.14017183
24560,-5.6864405,-0.045528017,-1.2609261,-0.21562934,-0.30763716,-0.38574755,0.26710072,0.13646552,-0.05307076,0.49318466,0.42032355
24561,-7.070723,0.044878874,-1.2759467,-0.6076004,-0.46034703,0.12858532,-0.025855217,-0.24908826,-0.21670309,0.106977366,0.7256822
24562,-5.0035844,-0.12696458,-0.88933325,-0.6235969,-0.14281592,0.06994648,0.04086123,-0.03521844,-0.28679287,0.31415686,0.32469672
24563,-5.7000523,-0.2240965,-1.8349203,-0.29875854,0.3638933,0.043454353,-0.25169677,0.21675012,-0.281245,0.1979711,0.3576737
24564,-5.9700136,-0.10593474,-1.1804563,-0.48324502,-0.122493185,0.07239881,-0.0430732,-0.21226086,0.026296865,0.27487552,0.43810982
24565,-6.276925,-0.060843933,-1.2214442,-0.7292937,0.048270885,0.24544236,0.21383226,-0.18917072,0.45903322,0.86559105,0.10310496
24566,-6.956016,0.07543916,-1.2391948,-0.3640983,0.14637244,0.22973353,-0.5216757,-0.12878895,-0.26171932,0.4265236,0.246552
24567,-5.912803,-0.42636877,-1.2313386,-0.6899544,-0.20381397,-0.12917358,0.063392766,-0.24988309,0.04146026,0.49581906,0.26545778
24568,-7.6668034,-0.27684414,-1.5841719,-0.78769547,-0.031889994,0.07312168,0.038776096,-0.21055698,0.37116286,0.8200386,0.4405826
24569,-5.2537475,-0.14708048,-1.0486988,-0.6328138,-0.3752011,0.28911293,-0.10005462,-0.28582636,0.03599946,0.7331644,0.5324449
24570,-4.3315825,-0.19458558,-0.8346869,-0.5485485,0.17395471,-0.0142550785,0.15967616,-0.15041521,-0.05535028,0.14016934,0.17413749
24571,-4.7603893,-0.23115046,-0.9033697,-0.18635814,0.022868013,-0.41592664,0.035500396,-0.048345864,-0.17756976,0.3826355,0.21585268
24572,-6.7709665,0.1716771,-1.2929641,-0.77231956,0.04751685,0.23430343,-0.09775891,-0.4300965,-0.05362483,0.35480323,0.14469329
24573,-6.712099,-0.05805752,-1.4208888,-0.92721385,-0.45754263,0.46375954,-0.09666618,-0.46932852,-0.13344423,0.6545034,0.60984
24574,-7.0269337,0.18490316,-1.4128009,-0.6335289,-0.33805785,0.06489872,-0.020650454,-0.15100732,-0.057087854,0.1863677,0.37919313
24575,-6.0853095,-0.2070781,-1.3193465,-0.7825243,-0.023722246,0.5162847,0.16781738,-0.32357207,0.25243932,1.0707191,0.28479692
24576,-7.5631785,-0.19870457,-1.577259,-0.78209907,-0.206951,0.009248145,0.13494657,-0.7733043,-0.2401853,0.56318116,0.2796487
24577,-6.884168,-0.2052163,-1.1525252,-0.86354077,-0.11688584,0.2587884,0.109537765,-0.17011364,-0.032740593,0.21789317,0.55239964
24578,-6.4359455,0.1133563,-1.836796,-0.47037196,-0.21556385,0.32213748,-0.020732649,0.2645505,0.076883495,0.68656296,0.45922604
24579,-5.372483,-0.15997466,-1.0827745,-0.3543795,0.019394511,0.14642146,0.13067466,0.09896823,-0.01932693,0.4480423,0.36954507
24580,-4.7421856,0.0076038083,-0.96531147,-0.37350997,0.23979582,0.06516278,-0.09743652,-0.026175829,-0.05708854,0.1644216,0.2841335
24581,-6.083794,-0.13438176,-1.7198075,-0.46441156,-0.077914864,0.057549637,-0.0958398,-0.2737773,-0.38782126,0.352477,0.64178246
24582,-6.3306937,0.170651,-1.4130666,-0.709601,-0.21432643,0.1404865,-0.19357595,-0.057223566,-0.10768755,0.6085815,0.14859155
24583,-6.051614,-0.19557397,-1.2005916,-0.4715484,-0.33611515,-0.18840542,0.30295476,-0.32189637,-0.26060134,0.50472665,0.45302817
24584,-4.8054547,-0.0006649671,-0.8388091,-0.3777743,-0.022458967,0.031751767,-0.045367934,-0.12665229,-0.2559101,0.18205619,0.1787334
24585,-5.543683,-0.22488247,-0.96471566,-0.5882598,-0.04362832,-0.058511227,-0.1126722,0.035835266,-0.07872305,0.12830858,0.32564113
24586,-6.5490227,-0.09015929,-1.2904671,-0.6830424,0.22127916,0.04202837,0.090975076,-0.3175668,0.17311218,0.7075766,0.15224461
24587,-6.3220167,-0.024889417,-1.2277079,-0.63388336,-0.2820541,-0.2607296,0.015757944,-0.1522303,-0.2987476,0.17797177,0.3589744
24588,-5.414996,-0.10660163,-0.9322936,-0.3693064,-0.569676,-0.18119195,0.081586346,-0.20753829,-0.36025473,0.38622716,0.31102964
24589,-5.352503,0.03203196,-1.0442348,-0.40321898,-0.22791126,0.052990343,0.08452585,-0.25000346,-0.32068866,0.3155568,0.17649387
24590,-6.5223875,-0.11459094,-1.2931771,-0.6069628,-0.7999232,0.6203904,0.09998211,-0.34479037,-0.34343705,0.49058667,0.59302944
24591,-5.6806884,0.013596119,-0.9109897,-0.46306452,-0.24569249,0.015610199,0.089919515,-0.21841824,-0.24489449,0.43166432,0.1431907
24592,-5.1350036,-0.3206675,-0.92493224,-0.69444287,-0.22056283,0.14780031,-0.13347417,-0.48422378,-0.015166936,0.14350589,0.39336005
24593,-4.7203417,-0.13861458,-1.1072394,-0.7529268,-0.016793381,-0.036063243,0.05546629,-0.2710088,-0.075085014,0.50780547,0.20149133
24594,-3.6096206,-0.14459296,-0.9457338,-0.4476655,-0.11522733,0.046779674,0.005634283,-0.13064112,-0.019254716,0.3378921,0.110069446
24595,-4.476241,0.03335444,-0.80004007,-0.5102004,0.03485365,0.06109982,-0.074419826,-0.14446226,0.3036479,0.41383186,0.10893396
24596,-5.1763277,-0.15476125,-1.0725666,-0.6900535,0.08711886,-0.0023101857,-0.38353437,-0.33360833,-0.18457413,0.13840275,0.11772655
24597,-6.4897885,-0.19454685,-1.2444265,-1.040877,-0.25332662,0.097347625,-0.030948967,-0.46486193,0.12246672,0.6367865,0.6453228
24598,-5.562809,-0.19462948,-1.1888181,-0.31435174,0.38598672,0.20769887,-0.29263437,-0.07350377,0.06615421,0.70108104,0.07311019
24599,-5.451492,-0.01415776,-0.8842018,-0.5711698,-0.15493509,-0.109279916,-0.062111028,-0.017820219,0.10917944,0.64842576,0.4517426
24600,-6.2580347,0.10773224,-1.5313505,-0.7684232,-0.030882565,0.061704695,-0.080408156,0.12471805,0.030772991,0.49031857,0.48548552
24601,-6.656301,-0.0765929,-1.0965239,-0.66208583,-0.36571577,-0.60598403,0.48748353,0.12863803,-0.2178082,0.30051863,0.47354972
24602,-6.204867,-0.30654585,-1.0889992,-0.46716586,-0.08662935,0.27479392,0.26150066,0.12498227,-0.29085428,0.4613217,0.3207646
24603,-6.4822545,-0.3311579,-1.2585472,-0.46652466,0.24521334,0.34786248,-0.36141643,-0.30016038,-0.048183076,0.55080354,0.16549069
24604,-4.565413,0.04153509,-1.0299239,-0.20859225,0.01156139,0.08901738,-0.15577811,-0.13379164,-0.22788426,0.31030396,0.1885294
24605,-4.52754,-0.06294045,-0.90539587,-0.52861416,-0.2211519,0.07942196,-0.035102375,-0.6237543,0.026900193,0.263601,0.28474844
24606,-5.362513,-0.27989107,-1.0174699,-0.51064354,-0.530425,0.5313532,0.019899253,-0.055460095,0.15852614,0.80265933,0.31026116
24607,-5.65403,-0.25673103,-1.1438029,-0.4690616,0.24483247,0.19693854,-0.17937377,-0.6214605,0.16451366,0.632442,0.10531692
24608,-4.4396844,-0.15101114,-0.972703,-0.65299493,-0.18440723,-0.24169621,0.010279146,-0.14308558,-0.16098915,0.34701788,0.30633128
24609,-5.6340156,-0.22823706,-1.2849408,-0.7860265,0.039174464,-0.16049574,-0.41093627,0.041604973,-0.104554296,0.5525609,0.30658633
24610,-3.8566396,-0.08181337,-0.6773877,-0.32515222,-0.20367491,-0.040058527,-0.0819068,-0.2715426,-0.08753452,0.46678716,0.11508272
24611,-6.797497,-0.16040699,-1.2915798,-0.73281175,0.16943972,0.27234137,-0.29409465,-0.27838948,0.018284457,0.30873471,0.13353093
24612,-6.1302013,0.11308196,-1.3861643,-0.6004153,-0.16605592,0.11641002,0.27542385,-0.03229361,-0.18906619,0.46252963,0.53672457
24613,-4.963683,-0.12519376,-0.892621,-0.6637674,-0.5580061,0.059807945,-0.14098711,-0.3302498,-0.18320678,0.43639913,0.28616557
24614,-4.9910407,-0.059049357,-1.0863999,-0.61919945,-0.20971213,-0.22287941,-0.4037061,0.032248948,-0.11262484,0.6126053,0.17584603
24615,-4.1245894,-0.026529007,-0.96599686,-0.52691996,-0.049170382,0.14221463,-0.03408062,-0.13041218,0.015596086,0.4550104,0.3076138
24616,-5.145308,-0.0713828,-0.9376842,-0.36674562,-0.8263374,-0.0328267,0.079745054,0.20950082,-0.031379215,0.47778833,0.4393346
24617,-5.367051,-0.16553834,-1.1861018,-0.30050293,0.21561177,0.09643884,-0.31114808,-0.30850837,-0.29250872,0.44799718,0.086774565
24618,-4.5404863,0.07242059,-0.8963599,-0.48455787,-0.20195073,-0.12498139,-0.1250655,-0.045481168,-0.007483337,0.46911392,0.12729561
24619,-6.160472,-0.030873291,-1.1309355,-0.9254154,-0.46919042,-0.445759,0.0026148977,-0.3027842,-0.21327023,0.3727494,0.52361006
24620,-6.65337,-0.40517196,-1.2736568,-1.0757488,-0.28500223,0.1601557,-0.074092634,-0.20593284,0.20044792,0.77751476,0.88683146
24621,-4.5615716,-0.22821523,-1.0739388,-0.5792006,0.11683246,-0.24104616,-0.21177141,-0.029815124,-0.10405757,0.41012403,0.058959864
24622,-4.7967987,0.023920272,-0.8842831,-0.4490646,0.25975695,-0.086804815,-0.2982353,-0.123075716,0.048410922,0.29843023,0.0732261
24623,-4.923036,-0.0037834523,-0.9234214,-0.5657311,-0.1962253,0.14769238,0.015674094,-0.027033875,-0.09212542,0.46344182,0.14457649
24624,-5.311477,-0.07591552,-1.319424,-0.63351446,-0.6366878,0.33593655,-0.090570055,-0.18027803,-0.21554898,0.4013261,0.39468804
24625,-6.162651,-0.0432052,-1.4721605,-0.5159038,0.13024735,0.020860624,-0.16273467,0.08271023,0.0109524615,0.49425042,0.31852654
24626,-5.9345975,0.156757,-1.2478367,-0.69476056,0.2582136,0.17203249,-0.10057095,-0.03163317,0.100253545,-0.04422596,0.33038953
24627,-7.9012356,-0.012701684,-1.3275164,-0.9040524,-0.22283834,0.07999116,0.11644707,0.21845022,-0.29230657,0.40413272,0.44078186
24628,-6.0691233,-0.286292,-1.092493,-0.41891965,0.0937894,0.19590127,-0.4998701,-0.2192847,-0.16463879,0.25729674,0.09695106
24629,-4.99482,0.039743636,-0.9461513,-0.35333762,0.02239101,0.006379842,0.26583195,-0.29357183,-0.09992214,0.12874916,0.27543467
24630,-5.9442773,0.14985174,-1.1076456,-0.52307665,-0.10208611,0.30703616,0.3435119,0.14453647,-0.056308888,0.6305648,0.41315353
24631,-4.548702,-0.071808204,-0.6156981,-0.609898,-0.3526482,-0.17640124,0.31715155,-0.31298238,-0.15703954,0.25371388,0.35522872
24632,-4.428633,-0.08972342,-0.92011905,-0.69084084,-0.19586089,-0.035082422,-0.032555208,-0.047065176,0.1755322,0.7180815,0.2928292
24633,-4.8493905,-0.092917,-0.9007932,-0.76124173,-0.4196176,-0.3530528,0.048725083,0.007613817,-0.0492711,0.5482175,0.54061043
24634,-6.481305,-0.14129764,-1.0066857,-0.49083906,-1.071637,-0.090260215,0.04702538,-0.011543645,-0.14804003,0.4614008,0.5814872
24635,-5.9682717,-0.083866484,-1.4030384,-0.8893303,0.20099787,0.050161596,-0.28595668,-0.44910613,0.21105653,0.34256244,0.13613741
24636,-5.793535,-0.06253834,-1.2838686,-0.48706952,-0.2297175,-0.07795126,0.038907263,-0.414888,-0.1971473,0.2559079,0.64260495
24637,-6.250597,0.040603064,-1.098241,-0.4808599,-0.40625137,0.44286686,0.12699251,-0.11229335,-0.16334023,0.5538141,0.5218686
24638,-6.3957853,0.033824872,-1.1722038,-0.15345506,0.106993176,-0.05600992,-0.18596709,-0.0275484,-0.2990791,0.29133454,0.13339229
24639,-4.786242,-0.04058803,-0.94716,-0.5828099,0.1292446,0.25547034,-0.1784118,-0.021599023,-0.1258233,0.60439396,0.12460692
24640,-5.3830886,0.1037572,-0.68962705,-0.3498333,-0.36806902,-0.048537467,0.16122976,-0.4524198,-0.12532112,0.20788412,0.101253785
24641,-5.9462256,-0.40798837,-1.3697202,-0.56419057,-0.9455598,-0.0061385687,0.35853347,0.30863202,-0.3231455,0.47853532,0.86528647
24642,-5.1255884,-0.28004584,-0.97915953,-0.697388,0.2996286,0.46123284,0.054593813,-0.5113998,0.15970953,0.5594287,0.2411604
24643,-4.294926,-0.12869646,-0.70171666,-0.6595757,-0.4143937,-0.18173824,0.014486992,0.05406531,-0.04983835,0.4096127,0.4668609
24644,-5.5648756,-0.17354885,-1.1405648,-0.43532613,0.2604202,-0.18535955,-0.46075502,-0.335621,-0.25273076,0.08976952,0.044823103
24645,-4.7438936,-0.2722268,-0.7310402,-0.68439746,-0.59696645,-0.35221386,-0.023296408,-0.26110086,0.020732291,0.518274,0.4482731
24646,-6.7695823,0.026005145,-1.4707583,-0.93044984,-0.1213687,0.4040569,-0.016472124,-0.61744124,0.40013587,0.43536654,0.1375215
24647,-4.260736,-0.13620381,-0.6919936,-0.32849017,-0.08882605,-0.048478395,-0.20128487,-0.089965835,-0.2674514,0.4196129,0.06221337
24648,-6.9325757,-0.12714235,-1.5656766,-0.6239568,0.31061524,-0.30067444,-0.2694673,0.40179214,0.01778697,0.56003356,0.06562946
24649,-5.5653043,-0.17354895,-0.67261827,-0.50905615,-0.24122508,-0.25301856,-0.014408653,-0.22331986,-0.064191125,0.16773848,0.5752177
24650,-7.2746134,-0.25447834,-1.2654164,-0.8321284,-0.52051836,-0.22217998,-0.17679478,-0.14890845,-0.035032973,0.5605736,0.7648794
24651,-6.480468,-0.05514622,-1.0438443,-0.5787273,-0.51981294,-0.20940876,-0.012064188,-0.23191617,-0.013206109,0.47391495,0.64306176
24652,-5.6994724,-0.31964672,-0.65751976,-0.75617623,-0.6663509,0.15671468,0.031234857,-0.32264102,-0.003123045,0.271102,0.50381094
24653,-6.268056,-0.09153676,-0.98075825,-0.55074656,0.47982582,0.05446041,-0.25503242,0.004176678,0.012730916,0.045574438,0.011677731
24654,-5.3486476,-0.14167361,-0.9372181,-0.47237155,0.17224126,-0.32528394,-0.08912302,0.07677749,-0.20268099,0.20919777,0.27404085
24655,-5.945703,0.05104613,-1.4947208,-0.75221235,0.16970861,0.11672973,-0.26638764,-0.21890673,0.19219509,0.16389844,0.068117954
24656,-3.9295313,-0.0743157,-0.7498636,-0.41263786,0.11619273,-0.1962113,-0.030393302,0.23442833,0.07846314,0.44694686,0.22499791
24657,-7.101134,-0.016402666,-0.94466704,-0.817159,-0.18734054,-0.09617184,0.3327118,-0.30595767,-0.11661543,0.4660911,0.58204293
24658,-5.19541,-0.4292347,-1.3412796,-0.78790855,0.2898225,0.20712307,-0.3142095,-0.27698717,0.23923582,0.41091096,0.2893914
24659,-5.297521,-0.2081047,-1.1473817,-0.81404096,-0.38855955,0.4761809,0.2995097,-0.25911808,-0.048258632,0.63152,0.74747986
24660,-5.9213634,-0.0062971283,-0.8461439,-0.8881734,-0.29347053,-0.09892836,0.0601466,-0.3439522,-0.16876845,0.28048062,0.36962786
24661,-3.663799,0.0049926126,-0.7809882,-0.59334403,-0.25523764,-0.027867194,0.056411345,-0.20366177,0.00883135,0.18991263,0.251124
24662,-3.9284325,-0.21391769,-0.9939975,-0.44834894,-0.115758725,0.069567285,-0.053076036,-0.3188784,0.020734144,0.25125483,0.31755114
24663,-5.5068727,-0.20624429,-1.3669704,-0.30526975,0.09429108,-0.073924296,0.07139915,-0.1554982,-0.07924974,0.6009556,0.36754912
24664,-4.718427,-0.022054024,-0.64826,-0.36507908,-0.10067681,0.07407914,-0.08413864,-0.20181343,-0.28460866,0.5289247,0.056544527
24665,-4.9147973,-0.23459193,-0.98646945,-0.07767241,-0.21544343,0.04994318,0.037439976,-0.044993795,-0.29064345,0.30222002,0.31289718
24666,-4.5730443,-0.098845586,-1.0575297,-0.7617948,-0.22036317,-0.11957687,-0.060914762,-0.12029203,0.034170702,0.6011138,0.496956
24667,-4.7212887,0.07928924,-1.2024167,-0.37433365,0.109023735,0.21813902,0.008281173,0.25439435,0.032563604,0.26276463,0.32783374
24668,-5.9611406,-0.1706887,-1.057192,-0.20784028,-0.17803797,-0.31913537,0.14206909,0.0035741124,-0.29701176,0.11841723,0.22166319
24669,-5.326649,-0.17437565,-1.1800798,-0.49640828,0.18746471,0.09440869,-0.3341692,0.005027774,0.27036467,0.8182441,0.102927506
24670,-5.4662123,-0.45233938,-1.1845673,-0.8375271,-0.24999088,-0.2174298,-0.064517915,-0.24936199,0.23326172,0.5401957,0.24037552
24671,-6.682006,0.15031107,-1.1058226,-0.29292807,-0.67494154,-0.034558922,0.58622324,-0.6774617,-0.4706093,0.53203905,0.6934643
24672,-6.084661,-0.2864915,-1.3392727,-0.79028326,-0.43566838,-0.08473335,-0.26953363,-0.14731005,-0.124826595,0.4706436,0.17732583
24673,-5.931975,-0.3048061,-1.0177909,-0.8354924,-0.054486454,-0.07996682,-0.0850412,-0.37967283,0.0011369176,0.14235969,0.27954918
24674,-6.5887613,-0.31169653,-1.3810972,-0.7752475,0.18692638,-0.060424715,0.12922998,0.3936524,0.20783207,1.1031721,0.26964387
24675,-6.8773966,-0.08227655,-1.1148516,-1.0229555,-0.38468847,-0.03230742,0.028573785,-0.2988424,-0.13844602,0.32835826,0.6840666
24676,-6.152824,0.18976513,-1.2264487,-0.38219452,-0.024263494,-0.018955374,-0.23110224,0.1971184,-0.17659137,0.04569591,0.55688804
24677,-5.6187353,-0.4352322,-1.0612788,-0.8358828,-0.41019946,0.46745002,-0.21517469,-0.81935585,0.2268407,0.2484096,0.44468272
24678,-4.4377313,-0.026115097,-1.0276397,-0.3662524,-0.009509053,0.004886671,0.10858975,-0.042108886,-0.017856153,0.52548206,0.37993896
24679,-4.315546,-0.025136422,-0.82318825,-0.40866822,0.007789508,-0.16907988,-0.12705451,0.070351824,-0.21425909,0.50811416,0.14827323
24680,-5.1276135,0.27771693,-0.88073313,-0.5058936,0.114783086,0.014503192,-0.25137103,-0.13261698,0.027661052,0.39390862,0.046289325
24681,-5.3641953,-0.056096,-1.3519565,-0.32905957,0.1592335,-0.0633686,0.034744997,-0.075233795,-0.20024747,0.50745106,0.15725693
24682,-5.8276844,-0.047881838,-1.2206639,-0.69399434,-0.019506823,0.17017235,0.023886766,-0.32948622,0.23554909,0.5527638,0.35724598
24683,-4.797532,-0.26691738,-1.0617212,-0.5391966,-0.24682444,-0.032258805,-0.026694484,-0.48799962,-0.13922706,0.31880823,0.38795704
24684,-4.789873,0.057431195,-0.8581308,-0.59513855,-0.0566938,-0.011786608,-0.08914675,-0.3078697,0.05273454,0.41304347,0.25454995
24685,-5.227799,-0.1423576,-1.1646322,-0.5020956,-0.22388218,0.00663574,-0.14490637,-0.11887395,0.21454439,0.55912113,0.18544407
24686,-7.837597,0.033379216,-1.5530726,-1.0057538,-0.32470596,-0.40263778,0.055254083,-0.07774368,-0.49483055,0.29631275,0.79543746
24687,-6.1940446,-0.17388298,-1.383897,-0.6530256,0.007707656,0.043057084,0.051534623,-0.26745784,0.11847342,0.31283566,0.47872475
24688,-5.5538583,-0.23752564,-1.4159005,-0.99775004,-0.17564023,0.022706123,-0.05341267,-0.38105196,0.1431947,0.5214118,0.68890035
24689,-5.3555408,-0.04327203,-1.439908,-0.53653556,-0.10720168,-0.059635177,-0.17323135,-0.05754631,0.053345717,0.5350835,0.43760988
24690,-5.485897,-0.1772652,-1.1030596,-0.9874174,-0.7016349,0.20779759,0.014389254,-0.40894902,0.4334265,0.79221326,0.6727413
24691,-5.080732,0.23329487,-1.125914,-0.45337886,-0.1291203,0.21846357,-0.05061811,-0.36237213,-0.21449833,0.30740666,0.38950083
24692,-4.9967923,-0.04670337,-1.1689541,-0.6116481,0.31039068,0.31965518,-0.026980124,-0.097202234,0.099023975,0.38664508,0.1610533
24693,-6.808466,0.005900182,-0.9527005,-0.8672548,0.01739639,-0.3104211,0.12063896,-0.43908054,-0.016169945,0.38502494,0.45320433
24694,-4.032287,-0.12403552,-0.8974667,-0.5293508,-0.06665,-0.1939164,0.07908933,-0.04975926,-0.002062114,0.29836744,0.20719919
24695,-6.1148143,0.022221278,-1.1019276,-0.5916326,-0.5320327,-0.05899015,-0.098325506,-0.38959038,-0.048311256,0.36386862,0.41170835
24696,-4.679819,-0.21354847,-0.8723941,-0.051445317,-0.06543269,-0.3460166,-0.031755198,0.08093029,-0.2893902,0.07525177,0.21399334
24697,-4.9062085,-0.08111647,-1.000584,-0.3504049,-0.23307699,-0.010894228,-0.14795955,-0.091477774,-0.11399558,0.42073014,0.33292696
24698,-5.7425485,-0.20881967,-1.0185945,-0.517363,0.2623692,-0.060023695,-0.17568797,0.08904371,-0.28210917,0.16605663,0.11084724
24699,-6.197263,-0.108875565,-1.1388116,-0.73821545,-0.43318552,-0.13335907,0.019662926,-0.4134609,-0.1661211,0.08394105,0.71112776
24700,-6.56744,-0.29609537,-1.7073405,-0.97617537,0.25483748,0.09468743,-0.180836,-0.124853306,0.07509616,0.74083453,0.3579121
24701,-5.635864,-0.49089828,-0.8309502,-0.9748534,-0.5196725,0.11994415,0.19230114,0.02429939,-0.025592523,0.30732888,0.770412
24702,-4.7289658,-0.10950531,-0.98628914,-0.41725507,0.04769632,-0.0027791401,-0.36615548,-0.21690871,0.07493751,0.41243687,0.24028452
24703,-6.186665,-0.33985934,-1.4440984,-0.830836,-0.41294163,0.48270154,0.39075455,-0.08572933,0.02399035,0.36500016,0.6725457
24704,-5.176114,-0.118864685,-0.97572374,-0.7473657,-0.06631577,-0.024011567,-0.32933447,-0.43988454,0.2755657,0.42602032,0.21282871
24705,-5.868381,-0.07381856,-1.3930098,-0.8021252,-0.23767745,-0.057280615,-0.24948232,-0.10043568,-0.05817636,0.51924556,0.25011674
24706,-4.9231086,-0.298875,-1.1992483,-0.6008806,0.17203718,-0.13095184,-0.20234355,-0.23144758,0.007418936,0.6154325,-0.10802792
24707,-4.886057,-0.25425813,-1.2759582,-0.7249367,-0.41518116,0.15452656,-0.05534698,-0.34044367,0.26365322,0.33129606,0.66636854
24708,-5.4796267,-0.27918488,-0.91274905,-0.59158564,-0.1978563,-0.5073674,-0.3619515,-0.12098805,0.035139106,0.4300783,0.3764582
24709,-5.9531093,0.0007416969,-1.2819163,-0.93208957,-0.22279197,-0.0383608,-0.40461946,-0.31146693,0.52539694,0.66881526,0.34981558
24710,-6.189407,-0.10920952,-1.0183547,-0.7379178,0.0061203404,-0.08907048,-0.10803756,-0.11930191,0.049493022,0.36508816,0.26812026
24711,-5.382909,-0.103168316,-0.7787997,-0.7956229,-0.14773847,0.104494005,-0.15026261,-0.57192814,0.20379709,0.6484992,0.1324385
24712,-4.0727954,-0.17830645,-1.0109192,-0.41109473,0.006900868,-0.012668993,0.09019516,-0.092936404,-0.26530954,0.29976076,0.18567392
24713,-4.7728405,-0.016312215,-0.9857825,-0.3589108,0.14388655,0.4005407,-0.26962304,-0.19776021,0.009240741,0.278961,0.09425206
24714,-5.3720784,-0.40733036,-1.5262455,-0.25663275,-0.20256701,0.34264964,0.20508376,-0.052604817,-0.046951763,0.44611904,0.61072755
24715,-5.6306953,-0.032978635,-0.9343318,-0.41375643,0.11279435,-0.15860038,-0.073097505,-0.2278169,-0.24892117,0.5270261,0.32980558
24716,-5.0885515,0.091754526,-0.95104676,-0.2945085,-0.21542825,-0.034435246,0.26501277,0.21424818,-0.22850816,0.18013903,0.3458173
24717,-5.635512,-0.20786002,-1.0647694,-0.47002158,0.26379237,-0.2619865,-0.0093903495,0.13995223,-0.43855387,0.0054258695,-0.13578524
24718,-6.032381,-0.16135044,-0.9549114,-0.49479282,-0.13911805,-0.028679993,-0.13424924,-0.2856142,-0.2320445,0.84346235,0.22849704
24719,-6.193101,-0.3399799,-1.2882593,-0.42207384,-0.33149546,-0.13992858,-0.18694898,-0.32228985,-0.16349372,0.33814472,0.47775817
24720,-4.8011622,0.19865754,-1.033168,-0.57533586,0.07264529,0.2293984,0.10852438,-0.25617164,-0.11930473,0.18907367,0.19019422
24721,-5.4516377,-0.2562165,-0.9725171,-0.4680617,-0.2415538,0.056635085,-0.016886808,-0.20695509,-0.014259854,0.5679189,0.6303582
24722,-5.9106026,-0.097198434,-1.1737,-0.8446864,-0.0723021,-0.1637913,-0.207564,-0.33827588,-0.18957224,0.4802797,0.3121981
24723,-7.0982766,-0.080120906,-1.8421284,-0.75781417,-0.06405171,-0.12685664,-0.3880189,-0.035881802,-0.13817489,0.2963235,0.097503796
24724,-5.7071514,0.010576433,-1.104185,-0.7746461,-0.39594355,-0.11843774,0.059112318,-0.22933958,-0.06616072,0.46156582,0.24741232
24725,-5.4244747,-0.12616108,-1.0334479,-0.36832264,-0.18420613,-0.014918385,-0.14392133,0.111142755,-0.023641368,0.16510426,0.5902478
24726,-6.4047017,0.030928068,-1.3233353,-0.8416884,-0.18782154,-0.11746761,-0.12864552,-0.1752842,-0.14804812,0.21500143,0.4219726
24727,-6.293311,-0.11397894,-1.3610888,-0.8668412,0.15403166,-0.19155236,-0.26268885,-0.2555236,0.3028557,0.40612927,0.13801421
24728,-5.3616276,-0.18325676,-1.0871576,-0.4610258,0.25944197,0.3908339,0.010901769,0.12195465,-0.115344375,0.36035702,-0.03694607
24729,-4.5993395,-0.016667727,-1.1242633,-0.6351199,-0.32433027,0.2042514,0.14219828,-0.6101046,-0.08393519,0.40739033,0.3996486
24730,-4.76442,-0.0060222186,-0.76397544,-0.35833317,-0.20803262,0.22577906,-0.18979825,-0.32056567,0.08003527,0.30835497,0.2561575
24731,-5.0250797,-0.05879773,-1.1734288,-0.7058024,0.11141784,-0.17223813,-0.32221335,0.034694664,0.22430125,0.41687247,0.06898634
24732,-4.94986,-0.40135828,-0.9823029,-0.7980501,-0.25131413,-0.2690102,-0.12881069,0.016511932,-0.011487521,0.49841395,0.18585694
24733,-5.345642,0.02362807,-1.1880349,-0.5599507,0.022874642,-0.06963416,-0.09486255,0.10393224,-0.056136966,0.05705119,0.3213058
24734,-3.7514822,-0.2617331,-0.7582265,-0.50103235,0.12645456,-0.091128156,0.011520676,0.11633324,0.045973733,0.3791046,0.2080554
24735,-2.7275958,-0.038677115,-0.5968206,-0.4013839,-0.071674764,0.109069034,0.011829316,0.021097198,-0.040679462,0.42546028,0.28529423
24736,-4.6741447,-0.08053382,-1.1624969,-0.507206,-0.18067496,-0.26168805,0.20647012,-0.009764133,-0.10359859,0.43771437,0.32326138
24737,-4.8679094,-0.06929552,-0.85293186,-0.93012166,-0.5132119,-0.023585793,-0.000739038,-0.49137536,0.051720977,0.47671077,0.6244913
24738,-4.556564,-0.20801619,-0.96465564,-0.4327979,-0.15742758,-0.23479337,-0.07013214,-0.14963952,-0.03632658,0.39108506,0.35217708
24739,-5.1853137,-0.07517559,-1.340736,-0.7250118,0.26627663,0.00070452644,-0.26247188,-0.24596494,0.00634461,0.27230275,0.2719491
24740,-5.919357,-0.19914743,-1.1428843,-0.7265553,0.173171,-0.19806759,-0.225967,-0.16755855,0.01283154,0.2803008,0.1739276
24741,-7.598008,0.21753149,-2.0574815,-1.0457827,-0.71900785,0.07808447,0.043275923,-0.32176492,-0.045291074,0.81121594,0.8076137
24742,-5.938629,-0.30279037,-1.133916,-0.9125954,-0.28261963,-0.27075797,0.30194238,0.13844918,-0.06224478,0.52157104,0.38671145
24743,-7.0338573,-0.41264766,-1.6079054,-0.91562307,0.17233144,-0.04072324,-0.05600506,-0.41081843,0.32407674,0.3869733,0.16339724
24744,-7.101831,0.111076325,-1.5263321,-0.6894411,0.11397755,0.304663,-0.124977164,-0.40981367,0.13463661,0.592718,0.5370727
24745,-5.3885636,-0.10916365,-0.922962,-0.5425647,-0.025778903,0.05505266,0.0921943,-0.31014016,0.048156932,0.2926067,0.26066276
24746,-5.792155,-0.029278897,-1.269678,-0.40331665,0.000560232,0.06445153,-0.19798537,-0.33152977,-0.22713883,0.52434057,-0.11544979
24747,-6.0216827,-0.33718565,-0.72725093,-0.34389076,0.1104373,-0.0944727,-0.18109488,-0.0727398,-0.2644431,0.30466256,0.45209602
24748,-5.661003,-0.08553805,-0.8575315,-0.6556854,-0.02253972,-0.2711237,0.33496538,0.01007106,-0.09980487,0.19755049,0.47435418
24749,-4.316832,-0.14981017,-0.7051202,-0.55246,-0.17833315,-0.15163665,0.038748257,-0.20139584,-0.09325536,0.17948565,0.3530204
24750,-4.432773,-0.034609012,-0.9965945,-0.53953177,-0.03338025,0.065963686,0.078381054,-0.14709476,0.027112242,0.22907835,0.2724564
24751,-3.9086974,-0.1418478,-0.829395,-0.52804965,-0.20321606,0.06051265,0.14660724,-0.1525418,0.11134586,0.4558494,0.18464707
24752,-4.457045,-0.34411073,-0.6490046,-0.51449966,-0.05880332,0.119676955,0.0770964,-0.23438627,-0.027373815,0.20185132,0.40519252
24753,-4.575202,0.18118429,-0.98135287,-0.6010095,-0.29892728,-0.09746095,0.07010451,-0.3802873,-0.0124462675,0.1418416,0.16217639
24754,-6.712584,-0.5702133,-1.4269637,-0.6513944,0.3183785,0.07570266,-0.42871886,-0.16085146,-0.14849865,0.11450934,0.08141718
24755,-8.327556,0.042115785,-2.1065323,-1.0517924,0.5668277,0.08048878,-0.5039429,-0.16592759,0.010936937,0.52735895,0.45202923
24756,-6.0297823,-0.07876432,-1.3976645,-0.7283645,0.1675632,0.29036033,-0.14742371,-0.132409,0.19433938,0.4553063,0.41996878
24757,-5.355809,0.03970618,-1.1126759,-0.9780482,0.28348577,-0.012297958,-0.22761382,-0.4928623,0.045973793,0.52315515,0.018218111
24758,-3.950551,-0.10256142,-0.85785294,-0.3704887,0.19329797,-0.19019747,-0.069623455,0.09071529,0.115807205,0.32384855,-0.04233219
24759,-5.0015006,0.043196417,-1.0884931,-0.13103428,0.2340572,-0.1883521,-0.13952176,0.00830727,-0.2838446,-0.0017876877,0.09365022
24760,-5.29339,0.031318255,-1.1741022,-0.6647273,0.29355392,0.4625237,-0.11304064,0.0992091,-0.0069553293,0.2777126,0.34873974
24761,-5.0845776,0.030951314,-0.9735461,-0.62337244,0.07436646,0.09745703,0.031830296,-0.31740394,-0.06725759,0.5100231,0.27361536
24762,-6.1585727,0.038922586,-0.9482634,-0.42082003,-0.108686365,0.07907459,-0.24658646,-0.3287027,-0.0913534,0.3528476,0.28605244
24763,-7.7788734,0.29796886,-1.3893207,-0.60262275,0.073035955,-0.21702348,-0.11557069,-0.103820436,-0.7041102,0.44556418,0.6759226
24764,-4.3032303,-0.023393784,-1.1495999,-0.37519678,0.24531579,-0.0855769,-0.35868672,0.14237612,-0.104911804,0.46110463,-0.020285264
24765,-5.6104774,0.009896066,-0.95012826,-0.59747136,-0.20073381,-0.08600861,0.48929045,-0.18976879,-0.2240321,0.22801988,0.28512198
24766,-5.1284966,0.026316222,-1.05379,-0.47928408,0.054180678,-0.15542656,-0.08505516,-0.2347568,-0.024650881,0.29328763,0.12999466
24767,-5.0442286,-0.21792898,-0.979364,-0.61839736,0.20471765,-0.20623673,-0.28059724,-0.104824014,-0.20839763,0.4142528,0.10022618
24768,-5.7859163,-0.32623053,-1.0959798,-0.5312119,-0.49794865,-0.0461183,0.010966139,-0.07904071,-0.5532402,0.43439248,0.24233143
24769,-6.435397,-0.081721336,-1.1602526,-0.8287622,-0.11427246,0.01932246,0.112243116,-0.04294102,-0.2706057,0.24774003,0.26158634
24770,-4.4968066,-0.1239059,-0.94686383,-0.66669565,-0.20960131,0.022302043,-0.08562575,-0.40815863,0.23018384,0.34201244,0.2499626
24771,-6.3329463,-0.05850954,-1.4855297,-1.0157863,-0.12835227,-0.07869297,-0.36916336,-0.4248569,0.10185573,0.6899678,0.6147903
24772,-7.8327,0.06451471,-1.1567764,-0.47932795,0.37775263,-0.0024748268,-0.16651534,-0.22608633,-0.053575292,0.24712735,0.1509095
24773,-5.437186,-0.36775687,-1.1373757,-0.8028467,-0.10863184,0.2883637,0.26634863,-0.28411362,0.04786008,0.4376914,0.6886899
24774,-4.8765883,-0.19071797,-1.2245411,-0.44714978,0.18772082,-0.068566576,-0.28662375,0.014044426,-0.2231488,0.3872244,-0.12065802
24775,-5.5679626,0.01792553,-1.0163318,-0.70329833,0.1514829,-0.030776732,-0.04130108,-0.053995624,-0.15984769,0.42970744,0.10142232
24776,-7.1480436,0.008517058,-0.9949297,-0.47926155,-0.76778156,-0.4152816,0.20145237,-0.29703605,-0.4820184,0.210061,0.5595533
24777,-5.6101985,0.11857452,-1.2164153,-0.5310954,-0.24556184,0.0053911316,-0.31241208,0.028628577,-0.007979715,0.58573556,0.20974085
24778,-6.809211,-0.08053566,-1.1344895,-0.8593069,-0.44838843,-0.3478741,-0.023783825,-0.23735984,-0.15410854,0.80909884,0.79869986
24779,-4.356247,-0.31245446,-0.719084,-0.4349376,0.07329953,0.08562351,0.13157916,0.09845641,-0.059046634,0.43012744,0.18942544
24780,-6.00175,-0.0009552073,-1.5983711,-0.50084436,-0.019892322,0.14624572,0.08312163,0.03874502,-0.011998368,0.29433963,0.31113333
24781,-6.459111,-0.02184442,-1.1835202,-0.795569,-0.53778094,-0.2772773,0.0051249084,0.13581896,-0.20172533,0.6713329,0.51112676
24782,-4.6811132,-0.00061751157,-0.90510106,-0.92094177,-0.088423744,-0.010011205,-0.115978144,-0.33333778,0.30565384,0.27536342,0.33358917
24783,-4.540373,-0.14209792,-0.8633641,-0.50841165,-0.40003732,0.13033868,0.27726835,-0.23875119,0.014999251,0.5207078,0.21098593
24784,-4.9330554,-0.046869796,-0.70565826,-0.44294646,-0.32532007,0.07022612,-0.022105798,-0.2329033,0.23458387,0.3580246,0.23225261
24785,-7.104011,-0.25986734,-1.4121531,-0.82551587,-0.3243845,0.21750163,-0.12171673,-0.17677534,0.06546917,0.37519443,0.7358697
24786,-6.9117465,-0.15999043,-1.3973258,-1.0478865,-0.3349321,0.3983227,-0.34366444,-0.70756763,0.21376285,0.34222528,0.53786296
24787,-5.106424,0.11029682,-1.1935388,-0.36146772,0.07382894,-0.21254715,-0.049787283,-0.23496598,-0.29085022,0.1681044,0.3346224
24788,-4.3857226,-0.37286365,-0.95542127,-0.4796528,0.061632063,0.0020723725,0.00857376,-0.15362452,-0.012128927,0.4700077,0.25242138
24789,-5.1708455,-0.2380066,-1.0698663,-0.508278,0.19989099,0.2255457,-0.3798561,-0.077144235,-0.13735509,0.35549918,-8.988753e-05
24790,-5.1180015,-0.35855648,-0.976341,-0.58241504,-0.36608794,-0.12363008,0.088609345,-0.21848738,-0.16816667,0.3571164,0.24839033
24791,-5.7407413,0.08837879,-1.2542872,-0.7008107,0.18763916,0.17605793,0.0015355032,-0.33955166,0.038112566,0.05841936,0.6338722
24792,-6.248776,-0.23013705,-1.0465457,-0.6310896,0.008802875,0.36696213,-0.027850386,-0.01589385,0.014546345,0.4447554,-0.030209728
24793,-5.831614,0.02687158,-0.9921153,-0.64912355,0.085095234,-0.22607547,-0.18038885,-0.34424704,-0.10241575,0.3400631,0.22695576
24794,-4.835418,-0.12434201,-1.0148231,-0.4504373,0.018364288,-0.22288609,-0.1356831,0.20064698,0.04734961,0.45134357,0.14342827
24795,-3.4687185,-0.013783199,-0.67012256,-0.6141432,-0.19361712,-0.10065395,0.2161295,-0.13048396,0.15075047,0.46620387,0.3247289
24796,-7.1694813,0.13629103,-1.5871933,-0.57416534,-0.11834912,0.20841204,-0.107803255,-0.4143731,0.16060643,0.19915095,0.3976893
24797,-5.1278157,-0.2288068,-1.243837,-0.39343342,-0.7092206,-0.19341163,0.3860232,0.15761936,-0.13194938,0.35096386,0.7093526
24798,-4.357925,-0.026385643,-0.841746,-0.5229484,-0.31403878,0.20609713,0.051271718,-0.35407454,0.10145064,0.5317538,0.28686762
24799,-4.610434,-0.099432975,-1.0406265,-0.21494122,0.07624717,-0.016969156,-0.31014746,-0.37845224,-0.16158013,0.28541335,0.23453604
24800,-5.093901,0.008356434,-0.8605198,-0.8113738,-0.29709885,-0.076061204,0.016121225,-0.23337571,-0.15559937,0.44625315,0.25736427
24801,-6.3734207,-0.18302514,-1.3093915,-0.8031146,-0.28279892,-0.08430029,0.03394505,-0.13782214,0.02537376,0.6841271,0.3366096
24802,-5.7168794,-0.35916105,-0.8286449,-0.5171558,0.017902141,-0.19556403,-0.19503589,-0.046495073,-0.15951702,0.43578127,0.002341928
24803,-4.9806337,-0.008975671,-1.158217,-0.5674119,0.055571593,-0.045307536,0.1292533,-0.16539864,-0.22081481,0.24445175,-0.05303956
24804,-5.809562,-0.2067266,-1.2832165,-0.627407,0.17872798,0.54402316,-0.15671565,-0.22340381,0.16197959,0.7922995,0.30110738
24805,-5.7439594,-0.28348982,-0.71205306,-0.51058996,-0.4366398,0.21602473,0.100075595,-0.012010241,-0.13538425,0.75076747,0.51191366
24806,-8.0422945,-0.2586581,-1.9090338,-0.773463,0.70373684,-0.24610059,-0.60307795,-0.01400313,-0.09176867,0.45723584,0.27689815
24807,-5.0813174,-0.16547817,-1.0489529,-0.5732314,0.1824486,-0.23605391,-0.15251403,0.08116923,-0.09780025,0.37793264,-0.09527946
24808,-5.4447913,0.008404471,-1.0862081,-0.71521133,-0.41514212,0.21996848,0.11632026,-0.33787224,0.15983468,0.5119839,0.30854347
24809,-6.717632,-0.08486126,-1.1842567,-0.57925177,0.113014005,0.4686492,0.10313611,-0.113835454,-0.04167603,0.45516694,0.03716943
24810,-5.6258736,0.26876837,-1.5752014,-0.5182826,0.09561483,-0.19556072,-0.21691908,-0.061456755,-0.15003419,0.3065268,0.15080708
24811,-6.345875,-0.31838787,-0.924954,-0.5542212,-0.34625354,-0.16419709,0.13828933,-0.0106045045,-0.58703035,0.26511416,0.60111064
24812,-7.2733755,-0.24768557,-1.2383231,-0.58485293,-0.5697505,-0.35998023,0.5537186,-0.20736976,-0.5891176,0.58845514,0.22778106
24813,-5.7369657,-0.3469666,-1.0223154,-0.73569036,-0.2182177,-0.081294775,0.059990097,-0.22239989,-0.068917006,0.56753135,0.11785336
24814,-5.8549585,-0.1597994,-0.9181687,-0.2089363,0.07390258,-0.27665818,-0.13140811,0.16997346,-0.25365868,0.25631025,0.3048192
24815,-4.8745346,0.032665264,-1.2110602,-0.8440767,-0.047641657,-0.25561285,-0.22269082,-0.29182371,0.073821954,0.46027806,0.21002254
24816,-6.9301624,-0.14712748,-1.4957677,-0.6458742,0.47013977,0.05456882,-0.30423364,-0.044243425,-0.06508196,0.4820827,-0.110756546
24817,-5.461097,-0.15373519,-1.0936276,-0.7634188,0.1392746,0.083851516,-0.13594638,-0.30445394,0.23166907,0.63301176,0.17187308
24818,-4.0493755,-0.10017233,-0.69012,-0.32899648,-0.30008993,0.28415316,0.25016186,-0.5690245,-0.08992333,0.26666257,0.2164112
24819,-4.6559696,-0.25884148,-1.1176977,-0.72912484,0.4507172,-0.1193918,-0.3295991,-0.27140635,0.32996553,0.5754863,0.14380522
24820,-5.3226647,-0.29216582,-1.2562786,-0.88555557,0.19659138,-0.00471686,-0.193877,-0.17828733,0.16888787,0.4401921,0.093476616
24821,-5.5527925,-0.07249225,-1.0884763,-0.5015151,-0.06711958,0.14268288,-0.12816487,-0.35972908,-0.057459906,0.66297233,0.45904267
24822,-4.681526,-0.039299954,-1.1254652,-0.47192982,-0.4055178,-0.062722325,0.019561792,0.12657958,-0.027078928,0.4155587,0.5285405
24823,-6.037406,0.14433384,-1.2060871,-0.41835636,0.21198326,-0.0100284815,-0.36515775,-0.1756107,-0.15254332,0.40546787,0.06888228
24824,-4.287717,-0.15029444,-0.75874215,-0.64085585,-0.48081478,0.072987504,-0.004482099,0.077524945,-0.06555833,0.40879768,0.5154747
24825,-3.4472609,-0.122949004,-0.8266447,-0.23010477,-0.22604337,0.044111397,-0.06450011,-0.13561745,-0.13527082,0.32106003,0.2901957
24826,-4.910892,-0.03612599,-0.9151315,-0.53438985,-0.15146358,-0.2649986,-0.11658051,-0.0044578006,0.035045795,0.5225524,0.1425742
24827,-5.2396317,-0.25802746,-1.0965651,-0.41784075,-0.312455,-0.110339016,0.23655994,0.012811875,-0.15013173,0.10535124,0.7130328
24828,-6.142357,-0.3910411,-1.3312962,-0.8331947,-0.026641408,0.1863534,-0.11475215,-0.25582135,0.087327205,0.5693019,0.011875412
24829,-4.907108,-0.14701654,-0.7329008,-0.54754055,-0.4248998,0.28422666,-0.08334146,-0.37101987,-0.034454018,0.3997061,0.346229
24830,-6.9818807,-0.31880286,-1.468813,-0.8701171,-0.2751651,0.11435097,-0.04020936,-0.37659833,0.048485413,0.76917505,0.37120846
24831,-5.052699,-0.21771425,-0.83673614,-0.33502886,-0.22686769,-0.19386603,-0.23872328,-0.13684493,-0.14402036,0.4143748,0.52181304
24832,-4.2181706,-0.12791212,-0.75181353,-0.6714859,-0.21444154,0.06907998,0.082381606,-0.034708165,0.1673429,0.35564014,0.32126808
24833,-5.745165,-0.25943708,-0.95499647,-0.6454689,-0.11190406,-0.115660265,-0.06395655,-0.5127268,-0.0072026625,0.085070595,0.4405135
24834,-5.0336757,0.10640437,-0.7385434,-0.16931464,0.12337463,0.15204744,-0.15915765,-0.3000611,-0.09059339,0.038011324,0.12815326
24835,-6.8609996,-0.2899149,-1.1956214,-0.23324476,-0.26499277,-0.4225636,0.06161748,0.03893044,-0.49777126,0.4858477,0.6086062
24836,-7.5838346,0.07542366,-1.6270409,-0.3270151,0.2101284,-0.23615955,-0.41276854,-0.28796768,-0.065471515,0.36789593,0.40162727
24837,-7.1044607,-0.2331162,-1.2090533,-0.87433124,-0.4262137,-0.21266922,0.41389862,-0.06286028,-0.12904428,0.14167961,0.6538646
24838,-3.9454215,-0.18254234,-0.79746085,-0.46529463,-0.194555,0.12152493,0.24991027,-0.18615544,0.08341537,0.4699598,0.33072385
24839,-5.0016375,-0.117350295,-0.731442,-0.6805948,0.008373721,0.44174612,-0.044934947,-0.31420627,0.035265185,0.21949808,0.10522911
24840,-5.5824103,-0.009849639,-1.2427986,-0.4780445,0.36657193,0.34866792,-0.17424011,0.04304231,0.09210388,0.46715048,0.2250451
24841,-5.8693223,-0.11610769,-0.8696933,-0.5581673,-0.41324556,-0.14937171,-0.27616593,-0.22303289,-0.39639267,0.1726486,0.33049002
24842,-7.1930656,-0.13555917,-1.8793886,-0.5371219,-0.02034129,-0.2236863,0.49141687,-0.005858613,-0.2586183,-0.07629611,0.6010971
24843,-6.328997,-0.16360931,-1.0441723,-0.563256,-0.11595079,-0.21330383,0.020467795,0.33018363,-0.28704166,0.14692888,0.067653716
24844,-4.9419365,-0.05594301,-1.2326759,-0.45381784,0.3358321,-0.0112321135,-0.10946862,-0.19785774,0.00806271,0.081489876,0.13878043
24845,-5.2614164,-0.32147187,-1.0468075,-0.43444967,-0.42852554,-0.10097212,0.2431583,-0.03763807,-0.23239772,0.07605588,0.57156193
24846,-5.706508,-0.107918,-1.2002516,-0.81521076,-0.07221723,-0.097405985,0.052788533,-0.030160232,0.0032129847,0.24528342,0.25069338
24847,-6.439855,0.018922638,-1.2428759,-0.32057643,-0.10774838,0.19623353,-0.1960478,-0.22408822,-0.1956643,-0.04352074,0.26447338
24848,-8.83237,-0.5104537,-1.9629437,-0.9293656,-0.4710758,0.018568872,0.028522529,-0.004230926,-0.058778547,0.5626663,1.0858105
24849,-4.72471,-0.26763386,-0.86746246,-0.24225199,0.15014157,0.3178321,-0.033716183,-0.17144153,-0.04026243,0.3381856,0.33516502
24850,-5.434069,-3.7498772e-05,-1.031911,-0.5967765,-0.24693066,-0.153208,0.2594208,-0.22227299,-0.1673121,0.35830534,0.36804774
24851,-5.395794,-0.4223753,-1.1295581,-0.3516759,0.12747367,-0.1035512,-0.041068044,-0.2508334,-0.11800684,0.25050232,0.42030153
24852,-6.491842,-0.48415306,-1.1000489,-0.4941274,-0.2921569,-0.108497955,0.27618697,0.19453095,-0.37793517,0.65752697,0.16876137
24853,-6.6125145,-0.0043426696,-1.1353003,-0.34536,-0.21868108,-0.0262523,-0.11712129,-0.4579244,-0.47786948,0.34881175,0.66185135
24854,-7.196703,-0.34275627,-1.0327817,-1.08512,-0.7236653,-0.21326734,0.32295313,-0.18631597,-0.10726578,0.40810308,0.5623704
24855,-3.0683568,0.03930868,-0.5652397,-0.33345073,-0.20546892,0.054659188,0.041265577,-0.2028587,0.002634976,0.2787387,0.23459046
24856,-3.6757095,-0.08560959,-0.5795913,-0.43274936,-0.24490339,-0.010430312,0.09754417,-0.27883202,0.008518813,0.38065228,0.36430758
24857,-4.4011097,0.027270254,-0.7419406,-0.34010848,-0.38267013,0.025947833,0.17517546,-0.0005854191,-0.26493043,0.2778793,0.3617291
24858,-5.038721,-0.16905439,-0.9098409,-0.4890801,-0.16310263,0.07261051,0.05122002,-0.46732613,0.013914369,0.8315075,0.55755085
24859,-5.6829357,-0.24142165,-0.9521244,-0.4917121,-0.39845705,0.0005283705,0.23387633,-0.17770892,-0.26146603,0.2932882,0.35539788
24860,-4.7328897,-0.10346912,-1.0542321,-0.64308345,0.024680018,-0.3012849,-0.093849964,-0.04449012,0.099471696,0.3551762,0.26228997
24861,-8.373759,-0.16116005,-1.6935288,-0.8634332,0.52953553,-0.61770034,-0.5168189,0.12209114,0.15331711,0.17469741,0.26148888
24862,-5.4446163,-0.35071513,-1.0159792,-0.6471738,-0.21714789,0.007329884,0.29572207,0.03384752,0.06876222,0.41416004,0.7421763
24863,-5.63254,0.0026475228,-1.0071636,-0.7711107,-0.5819669,0.088799104,0.22168462,-0.1389774,-0.0012960155,0.60218203,0.4563391
24864,-3.8900506,0.087358035,-0.78763133,-0.61876833,-0.057341263,-0.174051,-0.13585573,-0.09892857,0.019176304,0.3439736,0.2681882
24865,-7.0021253,-0.03262362,-1.2355157,-0.25682,0.265817,0.22131471,-0.46199754,-0.15965983,-0.24844675,0.33804712,0.21641138
24866,-6.5500917,-0.17041683,-1.1812612,-0.8139126,-0.41249132,0.41182572,-0.06914596,-0.53938144,-0.26349375,0.90857375,0.7788018
24867,-4.6187506,-0.053873885,-1.1926274,-0.09340535,0.17059427,0.07428743,-0.15687178,0.06910113,-0.2672061,0.45186803,0.053664874
24868,-7.2051926,-0.0061590113,-1.3309625,-0.53270525,0.009371661,0.0067063826,-0.29054582,0.067422844,-0.091464,0.47020885,0.34964392
24869,-3.163273,-0.06578325,-0.5221896,-0.36296207,-0.05924481,0.08744726,0.10013977,0.029467495,-0.08892448,0.1909107,0.08282336
24870,-5.388856,-0.033148166,-1.2114251,-0.8726364,-0.45709667,0.06312891,0.025976386,-0.08146183,0.21961787,0.5594848,0.28127822
24871,-6.4196525,-0.45538792,-1.2982185,-0.89445573,-0.2494019,-0.16303854,-0.09456364,-0.06834138,0.30900717,0.89290535,0.12782757
24872,-6.273574,-0.17888379,-1.0527474,-0.59427375,-0.21014628,0.21881649,-0.113954075,-0.63377017,-0.1694424,0.5245481,0.22544189
24873,-5.365584,-0.08931693,-1.3041508,-0.4935565,-0.4500709,-0.1585939,0.3580794,0.2886536,-0.2107128,0.46193185,0.51266795
24874,-6.3570523,0.1043211,-1.6322109,-1.0998218,0.08071147,0.24210545,-0.049647532,-0.83261377,0.27913868,0.3243305,0.33089644
24875,-5.7354946,-0.14827108,-1.4418117,-0.81559527,0.024266785,0.31013888,-0.1207696,0.10443669,0.21429743,0.8387946,0.2520095
24876,-4.5849957,-0.07591425,-0.94625175,-0.61064583,-0.5909122,-0.26190323,0.0007684948,0.11784016,0.13344206,0.36352235,0.34913656
24877,-7.5890036,-0.10005812,-1.7579228,-0.38515133,-0.4438421,-0.10930236,0.6481405,-0.41188303,-0.5500143,0.37673473,0.813002
24878,-4.8677006,0.015079379,-0.8544675,-0.12602694,-0.21623361,-0.281668,0.020565711,0.20316485,-0.20758528,0.24078594,0.19960402
24879,-5.817466,-0.15360904,-0.91409135,-0.6005989,-0.11532982,0.3123616,0.04117771,0.1205145,-0.08864551,0.35965553,0.5240508
24880,-5.2460356,-0.12749897,-1.3583635,-0.9710598,-0.23696373,0.4321682,-0.21667005,-0.47103688,0.42230895,0.49470937,0.4222332
24881,-5.9997716,-0.16435872,-0.9079273,-0.60344183,-0.65491456,-0.12147018,0.666917,-0.040434867,-0.3633073,0.25228038,0.59359974
24882,-4.918308,-0.20245363,-0.8237736,-0.5100757,-0.005607435,0.006796852,-0.10916533,0.049775906,0.11538651,0.38332596,0.07805331
24883,-5.927933,0.036697872,-0.95945805,-0.8297155,0.40279034,-0.40586036,-0.18800092,-0.30129173,0.33189774,0.37926653,0.1885393
24884,-4.9291525,-0.07381865,-1.128713,-0.8243356,-0.427805,0.11056744,-0.035732046,-0.077825405,0.2674364,0.33904773,0.30291525
24885,-5.05321,-0.1799487,-0.94356036,-0.86403525,-0.7532007,-0.23581494,0.030723874,0.13160275,0.032079868,0.4773108,0.45809865
24886,-5.0168753,-0.3259395,-1.0554167,-0.8766546,0.061252866,0.0126384515,-0.20507404,-0.22529374,-0.037124954,0.43221262,0.16064848
24887,-6.59064,-0.058103103,-1.5500562,-0.83126414,0.07117224,0.08432478,-0.31722105,-0.053639956,0.029297315,0.38851693,0.3838447
24888,-5.36932,-0.04192529,-0.912404,-0.57399005,-0.23116915,-0.46980232,0.045242805,-0.306911,-0.031852454,0.38655832,0.30462873
24889,-5.361473,-0.06830342,-0.9935602,-0.82521695,0.17195751,-0.25641173,0.10039771,-0.2032036,0.15007971,0.32845196,0.31711334
24890,-5.5909944,0.041551247,-1.2736106,-0.45813566,-0.383644,-0.23514484,0.42233074,0.1383126,-0.26478034,0.15243116,0.67065746
24891,-5.4926043,0.03728013,-0.96705186,-0.5809278,-0.17988259,-0.055076547,0.29487824,0.011285819,0.0802422,0.2848879,0.41957656
24892,-5.819875,-0.072616026,-1.3151876,-0.7898585,-0.15339953,-0.06402745,-0.25691104,-0.008078322,0.21920292,0.85762954,0.44754338
24893,-6.3611884,0.18058485,-1.2181958,-0.54285026,-0.009305598,0.42432433,-0.088351846,-0.64541686,-0.1309776,0.6214578,0.21710433
24894,-5.966511,-0.33088663,-1.1380302,-0.5020585,-0.26232296,0.021485379,0.0002423739,-0.44613993,-0.032246627,0.54641956,0.50870824
24895,-5.130825,0.028004237,-0.72578394,-0.73297185,-0.20529579,-0.15716653,0.087489724,-0.39739028,-0.016829079,0.61504465,0.42844176
24896,-5.0193768,0.006325174,-0.7566736,-0.5218182,-0.74736124,-0.23537254,0.095525235,-0.05308854,-0.15727909,0.2564182,0.45026687
24897,-5.7898164,-0.0944534,-0.99049366,-0.80954134,-0.3596641,0.15081853,-0.059009403,-0.37481827,0.17461303,0.29391024,0.49381894
24898,-5.497298,0.15094216,-1.283615,-0.37862444,0.13110325,-0.044462137,0.117901005,-0.36361927,-0.13222903,0.081730634,0.25346828
24899,-8.066326,-0.33215484,-1.7219228,-0.7142533,-0.115326114,0.51507133,-0.20119362,-0.23120674,0.010814507,0.3272647,0.47218406
24900,-7.6365256,0.21108645,-1.0806364,-0.63308775,0.21639414,0.08666733,-0.2190805,-0.4172625,0.1396518,0.17953601,0.265317
24901,-6.5296917,-0.2570108,-1.4340904,-0.63853556,0.30714804,-0.12403643,-0.47261152,-0.39206466,-0.051377602,0.7318755,0.23202825
24902,-6.4604306,-0.23773465,-1.8980628,-0.5588106,0.079645775,-0.028104369,-0.07243635,0.036314946,-0.4072031,-0.118792534,0.18038334
24903,-7.505518,0.01699974,-1.5743895,-0.7802846,0.10390893,0.44329846,-0.12967193,-0.20295863,0.12275883,0.017421361,0.39470905
24904,-5.948824,-0.2297291,-1.2030251,-0.6539006,0.0900784,0.24090575,-0.24829544,-0.2553989,-0.15214291,0.18818304,-0.028564043
24905,-6.696399,-0.50457364,-1.0869406,-0.7932859,0.018838063,0.20932256,-0.14164479,-0.046746388,0.2004943,1.3924541,0.4298646
24906,-5.1946397,0.06393253,-1.1105977,-0.7262558,-0.224748,0.05475972,0.19987924,-0.17583199,-0.24535833,0.25602356,0.5048049
24907,-6.014241,-0.07989784,-0.8667048,-0.31685483,-0.36377302,-0.16003966,0.19347136,-0.23725414,-0.32810345,0.2899964,0.5142158
24908,-6.5409374,-0.11920576,-1.2496983,-0.8306168,-0.13102031,-0.123130515,0.2975559,-0.16709247,-0.39343387,0.46750793,0.10907546
24909,-4.7111964,0.118291676,-0.6690391,-0.31972083,0.015959077,0.020579016,-0.09078759,-0.21015486,-0.27372822,0.13646597,-0.11826446
24910,-6.0967846,0.07300808,-1.4218122,-0.65070796,-0.2003669,-0.08072663,-0.08169708,-0.013530744,0.09575629,0.3217126,0.5515651
24911,-5.914263,-0.63551337,-0.9424197,-0.6785981,0.14182125,0.1211497,-0.19374722,-0.053567424,-0.21899983,0.047624715,0.53828293
24912,-6.564382,-0.28153202,-1.0686405,-0.635719,-0.9157806,-0.033161603,0.21095479,0.008287463,-0.19351584,0.5069842,0.7340326
24913,-6.102135,-0.17397475,-1.0995033,-0.66641885,-0.22991313,0.16352686,0.018489618,-0.5984089,-0.051867016,0.46124628,0.3431226
24914,-5.167001,-0.052425984,-1.1896241,-0.5421188,0.12922741,0.27579284,-0.02975228,-0.09501222,0.18816519,0.6788415,0.122857995
24915,-5.6014037,0.15439843,-0.7162373,-0.89560354,-0.08406243,-0.2715798,-0.30058178,-0.53267854,0.071829714,0.11137359,0.07255079
24916,-5.603144,0.046391923,-1.2370504,-0.6409836,0.29372054,0.36109155,-0.39920607,-0.47912863,0.20545496,0.4706212,-0.10387309
24917,-3.694149,-0.06696082,-0.6882593,-0.20582944,-0.22195071,0.2530434,-0.01563656,-0.09007921,0.0015994301,0.29357547,0.23414154
24918,-4.291073,-0.10533307,-0.8277244,-0.15048717,-0.050852135,-0.18698975,0.10732555,0.041388065,-0.10993047,0.22983405,0.12318718
24919,-5.952125,-0.1877308,-1.4128664,-1.0698212,0.35828337,-0.34760964,-0.6680996,0.023414936,0.2926608,0.75713104,-0.067508996
24920,-5.172758,-0.14533326,-1.1481978,-0.72268295,0.11690023,0.27865547,-0.13299029,-0.41440523,0.42367446,0.5220989,0.08901306
24921,-5.444531,-0.075276315,-0.997595,-0.7959655,-0.23294441,0.5172464,0.015895069,-0.7056737,0.26866686,0.5850464,0.45182946
24922,-7.423647,-0.48688424,-1.2735045,-0.7714315,-0.116878375,0.1930769,-0.238147,-0.27907655,0.057327256,0.62137586,0.5861332
24923,-4.3908334,-0.30110297,-1.2155379,-0.4388378,0.27403,0.35091949,-0.2708136,-0.40177432,0.15644835,0.40024397,0.1921052
24924,-5.363278,-0.28861403,-0.902967,-0.76477253,-0.32093093,0.03877815,0.08413491,-0.3752849,0.07394671,0.4840362,0.5103027
24925,-5.7009053,-0.17874826,-0.7887128,-0.39080682,-0.19584215,0.20831072,-0.29720363,-0.04283175,0.081139244,0.42473808,0.2790009
24926,-5.9651275,-0.48807648,-1.1405767,-0.66136223,-0.4898642,0.01103288,0.13177896,-0.55973953,0.14172748,0.6957035,0.59061795
24927,-4.2912197,-0.119096234,-0.9525571,-0.50244355,0.1159057,-0.11355808,-0.23092805,-0.06920677,-0.11616458,0.66898996,0.13389468
24928,-5.774679,-0.19886409,-1.2277185,-0.18844129,0.22731009,0.01763688,-0.30905586,-0.27530968,-0.25497276,0.49666852,0.11061536
24929,-4.7141395,-0.18451537,-0.7988001,-0.45965928,-0.023895541,0.13400324,0.08187243,0.036790714,-0.102851234,0.62543136,0.3086924
24930,-5.9566045,-0.27076462,-1.2531415,-1.0797794,-0.33691603,0.36564398,0.06851087,-0.11093617,0.31852588,0.69800615,0.3905956
24931,-6.165953,-0.31899285,-1.0746413,-0.5661091,-0.61240214,-0.18846446,0.37258473,-0.12896626,-0.15012826,0.23931883,0.79624057
24932,-5.3840384,0.0645478,-1.182717,-0.65350705,-0.07134214,0.028901072,-0.3070526,-0.5480405,0.0051393593,0.50844765,0.4859825
24933,-5.309619,-0.27419034,-0.95441854,-0.62588835,-0.63618493,0.083314605,0.03899603,0.10142778,-0.04635097,0.61385334,0.507352
24934,-5.0992928,0.19008793,-0.8654646,-0.47396874,-0.20176548,-0.10013753,0.24935208,-0.23059064,-0.063489005,0.12132722,0.37259933
24935,-6.016257,-0.28413406,-0.96044415,-0.5295269,-0.12270249,0.19971444,-0.13545272,-0.5529395,0.124487184,0.4303062,-0.08302177
24936,-6.5404396,-0.027349547,-1.7310734,-0.33269447,-0.03246575,0.027332494,0.022007799,-0.31993115,-0.073507525,0.87488616,0.34393302
24937,-5.463084,-0.25933036,-1.1909857,-0.6712212,0.23699896,-0.09152094,0.07427083,-0.30705622,0.15790592,0.38685584,0.32146022
24938,-5.6082764,-0.14291595,-1.2714657,-0.6429015,0.13538602,0.3240782,0.17179878,-0.3370183,0.103855334,0.35463026,0.19771041
24939,-5.5387087,-0.02650481,-0.951948,-0.5807094,0.01428524,-0.111216776,0.13669097,-0.17299931,0.15313847,0.74964345,0.039030533
24940,-6.5706406,0.013062867,-1.626054,-0.8453286,0.2807849,0.055314373,-0.31463,-0.36167687,0.03321382,0.50094587,0.27841786
24941,-4.46395,0.09909256,-0.9329674,-0.61653537,0.044725686,0.26219583,-0.15215759,-0.43281418,0.014726412,0.24685635,0.25268614
24942,-4.860454,-0.02635267,-1.1230108,-0.54573107,-0.10282076,0.23556909,0.051175896,-0.35978973,-0.13973723,0.55639595,0.14113203
24943,-5.2012067,-0.32992396,-1.0133253,-0.9038133,-0.39747438,-0.44279146,0.18896146,-0.21399923,-0.009606406,0.512411,0.39246005
24944,-4.8474436,-0.027138557,-0.85378766,-0.3089705,0.0058240006,0.10530054,-0.003293544,0.029973269,-0.11110987,0.39887103,0.26130238
24945,-4.338297,-0.053989988,-0.84983075,-0.59333867,-0.47507006,0.35103905,0.013800964,-0.0498655,0.14237718,0.4009777,0.4164552
24946,-5.5749273,-0.17088078,-1.409368,-0.39987433,-0.071976446,0.44168425,0.12035061,-0.114629135,0.1748259,0.8111582,0.11407943
24947,-4.9569407,-0.045902025,-0.9580287,-0.3512084,-0.16753078,0.31774455,0.30949825,0.018623278,-0.20254643,0.44446102,0.450835
24948,-6.2354546,0.032175448,-1.2134352,-0.8163719,0.33678707,-0.12816991,-0.3469593,-0.3489957,-0.14051513,-0.008743239,-0.004346381
24949,-6.575508,-0.42012593,-1.4945012,-0.9854336,-0.4428979,-0.13492954,0.112883665,-0.6321032,0.13528822,0.5785883,0.88920164
24950,-5.7323976,-0.21987039,-1.3193167,-0.4515192,-0.13225122,0.22217599,0.1211856,-0.13060528,0.08610066,0.39708284,0.22515588
24951,-5.1452713,-0.015851669,-0.7339364,-0.72368014,-0.18731979,-0.010235252,0.6032356,0.17322661,-0.25103906,0.43370977,0.3039567
24952,-6.244544,0.0601983,-1.5759811,-0.68585974,0.58177567,-0.26084358,-0.20363465,0.14969823,-0.2569879,0.3954563,0.18608326
24953,-5.490316,-0.28419283,-1.0850049,-1.0562574,-0.028690362,-0.19694711,0.06468936,-0.02052156,-0.030979076,0.57942915,0.17357075
24954,-5.429248,-0.08822396,-1.1860262,-0.32037878,0.429499,0.1258339,-0.12161002,0.21843597,-0.19142962,-0.07457685,0.20769781
24955,-5.284912,-0.28632712,-0.62263256,-0.26241,-0.10906621,0.099641465,0.017016301,0.017699426,-0.29831463,0.25277078,0.19567682
24956,-5.4776664,-0.21849628,-1.1411406,-0.3661299,-0.14008759,0.32148218,0.1498612,0.054928623,-0.11598252,0.34156552,0.28032762
24957,-5.646181,-0.035742052,-0.96285355,-0.6123714,-0.3368978,-0.4018532,0.14407414,-0.22971155,-0.21292457,0.5096853,0.56701016
24958,-5.3114223,-0.08208483,-1.4991904,-0.20291886,0.16136992,0.19652967,-0.016577397,0.0847596,-0.121214435,0.2210268,0.35008734
24959,-5.4281507,-0.23579425,-1.1122231,-0.64873415,-0.21974842,-0.36108047,-0.07749084,-0.022951202,0.09593245,0.5602637,0.41165635
24960,-3.9895093,-0.24186464,-0.9306885,-0.5926449,-0.35330898,-0.25621873,0.21915978,0.018317837,0.045770742,0.32205623,0.62659407
24961,-4.014764,0.042568944,-0.78044504,-0.37696517,-0.18844664,0.10338097,-0.0028326707,-0.14892578,-0.103136264,0.23190796,0.07272557
24962,-3.9638925,0.09005983,-0.51437587,-0.28454715,-0.14144342,-0.23474088,0.18041503,0.0076059615,-0.18936294,0.3248289,0.23533693
24963,-4.7003055,-0.12126717,-0.8983402,-0.35301456,-0.23459364,-0.12811191,0.17267865,-0.23407672,0.091968045,0.50070345,0.48381314
24964,-5.601854,-0.13670203,-1.0882106,-0.8885377,0.096100174,-0.4314434,0.18438804,-0.18935813,0.2249509,0.52993894,0.24960141
24965,-7.4401865,0.040385384,-0.9800471,-0.77815944,-0.45993054,-0.1824934,0.24212247,-0.4783112,0.08613282,0.5453823,0.40238333
24966,-6.979306,-0.046839915,-1.0815812,-0.38215697,0.14902738,-0.14322874,-0.08937389,-0.13362345,-0.669931,0.04257023,0.47382116
24967,-5.700889,-0.08637062,-1.344779,-0.88182324,-0.039535888,0.0788013,0.03617392,-0.42465684,-0.02507559,0.17684144,0.19865073
24968,-4.6625524,-0.15843165,-0.67310137,-0.31747463,-0.5086392,0.05565435,0.20518117,-0.0037363237,-0.0675691,0.632743,0.33390334
24969,-4.9483285,0.11473704,-0.95770514,-0.09330206,0.18556903,0.057754032,0.0151206,0.088814735,-0.1528463,0.2231798,0.3056731
24970,-5.752951,-0.59861296,-1.3752607,-0.8931027,0.48666734,-0.04110898,-0.37911353,-0.29845688,0.15418291,0.5500716,-0.097850926
24971,-5.7309303,-0.10929653,-0.9845846,-0.56543076,-0.5575754,-0.198083,0.23288228,-0.088224605,-0.15035035,0.37042567,0.5641464
24972,-5.5135684,-0.024633355,-0.9233139,-0.18788385,-0.11119669,-0.106835574,-0.06569955,-0.5183906,-0.63120985,0.46111932,0.30690557
24973,-5.3064327,-0.17588116,-0.96103305,-0.58521646,-0.33858982,0.026769627,0.11081702,-0.113082595,-0.06301782,0.571126,0.5042569
24974,-6.0050874,-0.032872956,-1.339929,-0.7948745,-0.75910676,-0.06316364,0.15013592,0.00014532357,0.03790122,0.41461426,0.6948598
24975,-3.8365195,0.037832223,-0.8461002,-0.48459536,-0.102962285,0.29304856,0.056346253,-0.07955565,-0.060717158,0.26224503,0.27063975
24976,-4.7196264,-0.029964816,-0.8745069,-0.48418218,-0.07211575,-0.07196152,0.114384905,0.02241642,0.0028637135,0.5271423,0.28285012
24977,-5.6602364,-0.10017122,-1.1966126,-0.675682,-0.37665516,0.17435507,-0.14201072,-0.15685223,-0.04871592,0.39632368,0.6644758
24978,-5.531146,-0.23052657,-0.9338705,-0.73858863,-0.6749172,-0.2507437,0.079975955,-0.28367665,-0.09378698,0.40428904,0.61171395
24979,-6.156076,-0.1626157,-0.71898615,-0.3888643,0.10796025,0.0060138237,-0.14969426,-0.4168558,0.028608,0.36002776,0.6226988
24980,-6.6991034,-0.0033931537,-1.1224151,-0.75729245,-0.2124462,0.17789823,-0.0436181,-0.9817952,0.036413133,-0.17368715,0.24996316
24981,-5.648963,-0.27316463,-1.1054296,-0.45520836,-0.53041565,-0.33955765,0.11711028,-0.25104457,-0.21975823,0.36824775,0.61670315
24982,-4.349534,0.0064334366,-0.7061442,-0.67507046,-0.20647465,-0.21611,0.21256872,0.019669678,0.121833205,0.6574239,0.34513474
24983,-4.942618,-0.20661108,-1.0149928,-0.52940756,-0.075310685,-0.10479765,-0.17424347,-0.32613793,-0.090743385,-0.03454238,0.123860255
24984,-5.724379,-0.26928607,-1.0897418,-0.7646785,-0.11641211,0.17260653,0.24348462,-0.49269548,-0.050570384,0.2772637,0.1375294
24985,-5.0856657,-0.14644668,-0.88984054,-0.7032971,-0.050725855,-0.5574874,-0.009846897,0.22559549,0.07466904,0.31814116,0.2789123
24986,-6.145065,0.14167206,-1.0410703,-0.9233013,-0.24491191,0.29916114,-0.23772159,-0.45508328,0.108473025,0.6280147,0.17716634
24987,-7.714575,0.10074573,-1.5745066,-0.33173978,0.3548382,0.15005285,-0.04030176,-0.57408935,0.07637468,0.4708164,0.105144
24988,-5.339878,0.2708015,-1.0908898,-0.5049158,-0.046744943,0.06319088,0.0082237655,-0.30184624,0.09601682,0.29817975,0.23193838
24989,-4.396804,-0.2240669,-1.0547237,-0.31660125,-0.32496873,-0.06121792,-0.12854952,-0.31982714,-0.24375226,0.7586758,0.408308
24990,-5.706419,0.1660118,-1.2034768,-0.6841692,0.012106206,-0.17837384,-0.14056313,-0.23966457,-0.16286759,0.084467895,0.13182156
24991,-6.590148,-0.41683906,-1.281867,-0.9967269,-0.38743377,-0.3765611,0.15365602,-0.21595275,-0.031267732,0.4350897,0.30278113
24992,-6.9417367,-0.49360368,-1.3292398,-0.9791479,0.12977922,0.13777004,-0.16157046,-0.15913247,0.12803543,0.76435125,-0.03572936
24993,-6.3342905,-0.22006185,-0.97805184,-0.29966968,-0.19868113,-0.17822331,-0.09960929,0.051517807,-0.39336887,0.122263916,0.5447301
24994,-5.0584164,-0.22332942,-1.0826975,-0.5686447,0.12745154,-0.03457942,-0.3427821,-0.09589657,0.10168859,0.3338562,-0.16903412
24995,-6.8932924,0.017374773,-0.7658806,-0.29868302,-0.30889252,0.12956801,0.18784711,-0.684158,-0.1827781,0.24099766,0.42542827
24996,-6.663227,-0.05814744,-1.2871287,-0.97915804,-0.0011196155,-0.15244463,0.011755128,-0.3469629,-0.09353193,0.36609736,0.0781029
24997,-5.937643,-0.3237219,-1.0203848,-0.6131856,-0.053619754,-0.14086033,-0.079558924,-0.079379074,0.038324106,0.34511495,0.44530186
24998,-6.107049,-0.10981855,-0.9465978,-0.64048815,-0.30161864,-0.0627531,0.0054474827,-0.102680564,-0.16824433,0.54086155,0.3577673
24999,-4.8447895,-0.32625267,-0.93167984,-0.73610246,-0.23644498,-0.19570725,-0.049976412,-0.52070343,0.06608266,0.42563185,0.390188
25000,-7.2986107,0.06825973,-1.3161187,-1.0226222,0.1317497,-0.22455734,-0.078218415,-0.4867868,-0.054920807,0.5663966,0.105550036
25001,-5.1110463,-0.23425265,-1.2358301,-0.976497,0.0820022,0.29176486,0.046289492,-0.37705427,0.34310997,0.51352394,0.23604801
25002,-6.976025,-0.17855112,-1.0986699,-0.698922,-0.21028425,0.20317711,0.09509432,-0.20403932,-0.2735882,0.4785749,0.7693319
25003,-6.015215,-0.15575373,-1.3554119,-0.637021,-0.056775354,0.08946043,-0.27560335,-0.50296575,-0.03549844,0.38370693,0.41851828
25004,-5.5245833,-0.25006375,-0.5991624,-0.9353477,-0.7725363,-0.3565716,-0.060571477,-0.18850018,0.20721729,0.77576774,0.66992456
25005,-4.45951,-0.21179274,-0.96199775,-0.33476686,-0.11007294,0.23395582,-0.20673725,-0.09292447,-0.16129412,0.3492208,0.37559557
25006,-5.1862164,-0.0619733,-1.1143662,-0.43508658,-0.46175772,-0.30353504,0.39644495,0.17030948,-0.26332802,0.4794554,0.34294537
25007,-5.432298,-0.16517088,-0.7624111,-0.66657317,0.0064008,0.11320274,0.11389004,-0.33440325,-0.08401082,-0.115721956,0.14107946
25008,-7.6919866,-0.16723673,-1.42934,-0.76933867,-0.013950108,0.3658616,-0.24994431,0.19928204,-0.17342146,0.1558746,0.26915944
25009,-5.2498198,-0.10255616,-1.2329105,-0.8506022,-0.08677594,0.31896305,-0.0682177,-0.32432875,0.24128817,0.83963794,0.28775296
25010,-7.2495923,-0.15758091,-1.5001652,-0.5787376,-0.37186995,0.33509707,-0.28099954,-0.29975092,-0.09975825,0.37948316,0.11693641
25011,-5.3968368,-0.31966826,-1.0498743,-0.47042778,-0.3204675,0.52968425,0.027259082,-0.40121922,0.13885874,0.70382994,0.22421068
25012,-4.389816,-0.13949496,-0.5915747,-0.65438986,-0.18585181,-0.11194265,0.23432682,-0.11535423,-0.082330994,0.13198735,0.40891203
25013,-6.254186,0.24255157,-1.204443,-0.20791432,-0.0025988673,-0.11231489,0.05000386,0.14959264,-0.36027268,0.27520737,0.26037788
25014,-6.396329,-0.187349,-1.7597435,-0.7518408,0.3124135,-0.06822803,-0.16493882,-0.2322766,0.07483539,0.36341113,-0.11504922
25015,-5.831512,-0.17413281,-1.1057653,-0.6120715,-0.19173801,-0.25301915,0.08579889,-0.31615207,0.0102969445,0.90601075,0.12529624
25016,-5.572124,-0.30327186,-1.0536705,-0.6403275,-0.113868274,-0.28864282,0.198904,0.045452766,0.09351006,0.54908055,-0.007205327
25017,-5.780718,0.11986299,-1.2838529,-0.95147747,0.01117594,-0.16407394,-0.23759192,-0.35728976,0.08892042,0.44395465,0.12300229
25018,-5.6277633,0.18448892,-1.3066232,-0.41681138,0.28739715,-0.018507859,-0.26555908,-0.32799423,-0.12489942,0.28865424,0.14430922
25019,-5.924011,0.059256993,-1.1180311,-1.0015093,-0.3357642,0.09981149,0.28837687,-0.1538762,0.024270622,0.4838419,0.33953175
25020,-6.3311644,-0.3398947,-1.4501655,-1.1198561,-0.6149198,0.17778265,0.13701284,-0.011605408,0.014724728,0.54790425,0.9888542
25021,-6.3685813,-0.0635728,-1.181748,-0.7175282,-0.40082237,0.17879471,0.103728615,-0.26314768,-0.054311655,0.8040003,0.44377348
25022,-5.448603,0.013410817,-0.8888443,-0.46211505,0.008558291,-0.07881877,0.077275895,-0.21042742,-0.14075278,0.29204094,0.281877
25023,-4.565429,-0.1841425,-0.7215833,-0.3909903,-0.16166437,-0.071907334,0.07570617,-0.036268823,0.09349669,0.5130752,0.45296675
25024,-5.948191,0.05284971,-1.7570572,-0.38266182,0.4233498,0.16678661,-0.10890197,-0.14773023,-0.34561396,-0.047916126,0.16514997
25025,-8.369951,0.038127452,-1.3462701,-0.7389296,0.4477012,0.12523466,-0.06527767,-0.46506485,0.31821832,0.27603862,0.42992064
25026,-4.750793,-0.03545339,-0.82486886,-0.4710144,-0.03159072,0.11046795,-0.11856981,-0.4783834,-0.010812936,0.49852875,0.26217732
25027,-3.9069,-0.3141324,-0.9182118,-0.22351792,-0.20594347,-0.04095903,-0.09259561,0.008477034,-0.06474581,0.24179927,0.4404331
25028,-7.3368564,-0.018726677,-1.3782877,-0.852287,0.32418248,0.02566231,-0.16839778,-0.29026967,-0.086022116,0.82406706,0.5747424
25029,-4.8537793,-0.020560108,-1.1310984,-0.5869355,-0.48380792,-0.027074732,0.16647872,-0.012127621,0.02476931,0.60388935,0.5544406
25030,-6.574751,0.025562424,-1.2790616,-0.44442493,-0.025220698,-0.11557389,-0.043307677,-0.42362955,-0.12555672,0.32189074,0.28181452
25031,-5.9637456,-0.25666645,-1.3095323,-0.7784997,0.2560549,-0.25959152,-0.45719236,-0.39255694,0.51674384,0.24422243,0.18637045
25032,-6.3922668,-0.3957006,-1.141237,-1.102455,-0.10538692,0.30357826,0.13243902,-0.3442519,0.43595088,1.0415809,0.2293037
25033,-5.68315,-0.020329248,-1.4547693,-0.46929893,0.2530851,-0.040580414,0.047513742,-0.14066336,-0.16699487,0.45761982,0.08877615
25034,-5.2584953,-0.018970601,-1.1058365,-0.20576186,-0.32776293,-0.08906352,0.25483397,-0.43930048,-0.2444854,0.5668049,0.23016626
25035,-6.2914486,0.15257795,-1.4082199,-0.3152292,0.21006122,-0.14862359,-0.20966963,0.035465527,-0.32812133,0.32940024,-0.012150052
25036,-5.044964,-0.10516937,-0.72235686,-0.6075385,-0.48652914,-0.0955359,0.11509926,-0.26265153,-0.21848305,0.21573435,0.38804904
25037,-4.3097677,-0.112642094,-0.933914,-0.4467017,-0.1699149,0.17293696,0.0839859,-0.24251339,0.007898575,0.55080354,0.13486904
25038,-4.281468,-0.29257452,-0.8281405,-0.4951195,-0.23964825,-0.13080359,0.116347715,-0.30044112,0.064070635,0.5190638,0.29853085
25039,-6.8410053,-0.13907665,-1.5625621,-0.6561715,0.5107956,0.15395416,0.15966557,-0.28692296,0.4307314,0.46389252,0.53431875
25040,-8.118518,0.049981218,-1.3494503,-0.68933004,0.71529627,-0.026150241,-0.40364224,-0.08388396,-0.11832091,0.3132704,0.22493777
25041,-4.747036,-0.2846803,-1.0765563,-0.41129968,0.40643737,-0.23034468,-0.28460786,-0.11633415,-0.117574066,-0.042829227,0.10516444
25042,-5.3737116,-0.08586326,-0.7066993,-0.31447875,-0.29619962,-0.0025631739,-0.08467171,-0.17512424,-0.37371078,0.041539226,0.3983066
25043,-6.8791456,-0.44209456,-1.3842987,-0.77743435,-0.012146277,-0.13020653,0.15844512,0.045778416,0.033701677,0.554209,0.16249748
25044,-4.8531623,-0.23004243,-1.464263,-0.66984344,0.53088295,0.13094227,-0.1996185,-0.02009791,0.08625192,0.42907658,0.07261197
25045,-6.917406,-0.24819826,-0.915122,-0.98118556,-0.13337784,0.06620559,-0.19800647,-0.2215705,-0.10974389,0.8736121,0.40340036
25046,-7.0398154,-0.23602413,-1.5894033,-0.7251947,-0.27997515,0.2537027,0.32714266,-0.27130252,-0.11811413,0.78922707,0.29880705
25047,-6.953158,-0.18875471,-1.2797457,-0.5440611,0.25393057,0.2382061,-0.038786143,-0.2940526,-0.10475281,-0.13959572,0.2596822
25048,-8.34842,-0.30381685,-1.2037804,-1.1070153,-0.4393054,0.0039413148,0.24739404,-0.14323683,-0.03324505,0.22768927,0.6908097
25049,-5.296393,-0.06999582,-0.92714095,-0.50828826,-0.2655421,0.01673812,0.2491218,-0.044887282,0.010381646,0.71831644,0.34559295
25050,-5.10222,-0.11073746,-0.82319933,-0.44266286,-0.1289204,-0.004234678,0.023500111,-0.17010738,-0.20071489,0.5015907,0.42573804
25051,-3.8107784,-0.3038857,-0.9827104,-0.43542215,-0.35206366,0.0801194,0.033356097,-0.29593697,-0.108287446,0.5219486,0.084489614
25052,-4.5415173,-0.29959732,-0.6614855,-0.8045055,-0.17959285,-0.045345467,-0.10987481,-0.09482565,0.20700385,0.39432183,0.28627473
25053,-4.1002502,-0.08927336,-0.8409152,-0.42880008,-0.018150253,0.028845953,-0.100721955,-0.3153328,-0.14454952,0.036132224,0.16944192
25054,-5.59541,-0.24528842,-0.89606273,-0.66054624,-0.06583874,-0.19262095,-0.32804218,-0.6443148,0.12271017,0.23332168,0.33986834
25055,-4.2210827,-0.08512181,-0.9766893,-0.56848276,0.043884728,0.1689723,-0.21832512,-0.20081948,-0.0247961,0.16132651,0.16797966
25056,-6.850866,0.1025362,-1.2183695,-0.7584598,-0.12545289,0.06771989,-0.46904066,-0.66987026,0.082108416,0.4014823,0.30115387
25057,-3.8733313,-0.18825303,-0.92147803,-0.45267713,-0.10881887,-0.14801915,0.036584523,-0.12747265,0.026239276,0.06685427,0.5222533
25058,-6.8467803,0.015455969,-1.2321422,-0.61725134,-0.12526482,0.03817129,0.10562719,-0.091281064,-0.08988904,0.06662489,0.7292784
25059,-5.5031085,-0.37444925,-1.2255522,-0.8271534,0.10807237,-0.14280975,-0.22749415,-0.1647293,0.07634668,0.33813116,0.36771455
25060,-8.291215,-0.32366583,-1.3457673,-0.96881753,0.01722072,0.0760226,-0.25200397,-0.71005356,0.08045912,0.4080498,0.88716936
25061,-5.347619,-0.18670376,-1.1326776,-0.96657646,-0.20581798,-0.014183737,0.17481694,-0.1366778,0.10425775,0.5849959,0.48866677
25062,-5.621156,0.07006597,-0.95866555,-0.36259356,-0.18351026,-0.19757444,0.023962647,-0.40474558,-0.19565399,0.13841073,0.3388904
25063,-6.952214,-0.13460273,-1.2119333,-0.7980713,-0.59572476,-0.49083465,-0.118449666,-0.3533125,-0.19675374,0.4623891,0.6931683
25064,-5.4169436,-0.29842126,-0.8826071,-0.8560962,-0.029121494,-0.19463117,-0.35138395,-0.42241386,0.029704146,0.9576722,0.3431565
25065,-6.618449,-0.020762961,-1.46955,-0.726716,0.20041029,0.11046784,-0.30660135,0.04582095,0.12161536,0.50537556,0.0707918
25066,-5.48217,-0.008227524,-0.9010318,-0.48630926,-0.3136226,-0.14460748,-0.22123393,-0.4256348,-0.18592353,0.32514393,0.42200133
25067,-6.0085106,0.09343486,-1.5620646,-0.81928754,0.21578065,-0.2194687,-0.29538542,-0.21008883,0.037936658,0.51370394,0.025911381
25068,-5.554143,-0.05443373,-1.3846728,-0.7480007,-0.27452648,0.1259605,-0.17915446,-0.1552282,0.24240981,0.30831978,0.6350249
25069,-5.2962027,-0.01935168,-0.93694127,-0.505888,-0.066674575,-0.042097174,-0.06972979,-0.17961995,0.15575022,0.46719453,0.24138911
25070,-5.0285277,0.00453084,-0.9070269,-0.3586809,0.23471841,0.10684593,-0.3233414,-0.27698612,-0.2980782,0.7710132,0.113005295
25071,-6.0979896,-0.16653176,-1.0558128,-0.58120626,-0.12422354,0.21629283,-0.048330463,-0.10055564,-0.052976876,0.5180067,0.69344074
25072,-4.7742395,-0.103500865,-1.0683267,-0.4763873,-0.13732746,-0.106998436,0.076852486,-0.1868078,0.24865492,0.2779108,0.2665073
25073,-5.933175,-0.24890415,-1.1662426,-0.92623895,0.44180748,0.035495117,-0.038921524,-0.36036205,0.022419274,0.318902,0.13960657
25074,-4.890461,0.03168376,-0.9921602,-0.7529493,0.16847631,-0.24914677,-0.114492245,-0.28296885,0.081340276,0.34170988,0.12650368
25075,-6.553082,-0.14390115,-1.1110407,-0.61594737,-0.43285182,-0.046154793,-0.3487559,-0.16707502,-0.0074112006,0.71904945,0.26178962
25076,-6.355994,-0.0943024,-0.54562855,-0.63409597,-0.43019977,-0.04011829,0.012005624,-0.33130682,-0.124788776,0.11622824,-0.03918589
25077,-7.4739833,-0.2893511,-1.754655,-1.2314286,-0.49434966,0.02328605,0.3743353,-0.22074357,-0.065009415,0.661573,0.2581728
25078,-5.945569,-0.03646629,-1.4984978,-0.4429341,0.0028110666,-0.35764176,0.13486494,0.04039512,-0.085121684,0.55339634,0.32970792
25079,-4.371306,-0.22930388,-0.65816253,-0.43581703,-0.019392284,-0.2686438,0.011120496,0.0032111243,-0.1295341,0.38465458,0.25518757
25080,-4.5316925,-0.17552085,-0.9118759,-0.48980808,-0.28121677,0.106780365,0.14818881,-0.23127186,-0.004899839,0.3571253,0.6377788
25081,-5.9815855,-0.121216774,-1.689961,-0.99036133,-0.25431696,0.14345811,-0.18248828,-0.44206318,0.015579277,1.0124291,0.43036574
25082,-7.8338766,-0.28642944,-1.5630472,-0.9498405,-0.6879877,0.27786922,0.2942912,-0.26852137,-0.25101385,0.8261107,0.6988799
25083,-5.5180783,-0.30691165,-0.98631126,-0.664096,-0.3746265,0.2629804,-0.08992057,-0.48164195,-0.06598119,0.568792,0.33312917
25084,-4.943507,-0.16396396,-0.8955517,-0.44583255,-0.36500353,-0.35430157,0.17228872,0.045810618,-0.28855962,-0.023664378,0.42088318
25085,-6.499856,-0.0046896785,-1.4653522,-0.39723876,0.53179216,0.13054124,-0.2762807,-0.26211265,0.1363667,0.39148754,0.19878317
25086,-5.992995,-0.19699322,-1.1662862,-0.6080314,-0.25485206,-0.10149502,0.038077842,-0.019948125,0.10392306,0.6033159,0.15838872
25087,-3.9847274,-0.07208602,-0.6892268,-0.422342,-0.20734057,-0.12883425,0.035154942,-0.4482472,-0.0722957,0.46139577,0.383796
25088,-6.7346215,-0.32276288,-1.1851475,-0.77394766,0.315748,0.12481098,-0.14950442,0.21066982,-0.1417239,0.48280486,0.08519191
25089,-5.3490543,-0.04819096,-0.97397184,-0.71086276,-0.13076952,0.119693086,0.34302166,-0.1551896,-0.002780864,0.4426408,0.3253083
25090,-7.518601,-0.2992382,-1.3503176,-0.9404643,-0.3679569,0.06401482,0.058212183,-0.09251319,-0.38788986,0.15574434,0.4201708
25091,-4.995538,0.0360226,-0.7829768,-0.48477435,-0.4632985,0.033996552,0.26475185,-0.1249815,-0.3861028,0.34867972,0.23234566
25092,-7.2243805,-0.23588164,-0.995336,-0.92074925,-0.19420275,-0.2727906,-0.059645668,0.31916663,-0.12704039,0.43251887,0.5806662
25093,-5.1986694,0.065271355,-0.9979246,-0.7100914,-0.06983462,0.10989418,0.28078783,-0.08526488,-0.11851749,0.794,0.45399043
25094,-6.422871,-0.6648052,-1.1603243,-0.68572235,-0.5814405,-0.36310703,0.2689365,-0.03130907,-0.13727075,0.6995969,0.63945556
25095,-4.0731354,-0.24090783,-0.6204261,-0.375667,0.028219817,-0.06517166,0.16015662,-0.18567772,0.027250962,0.18059559,0.2829749
25096,-5.9981556,-0.06832487,-0.9691797,-0.56577873,-0.31611112,0.033245243,0.122572005,-0.09666367,-0.21151492,0.45585158,0.5136066
25097,-3.987693,0.034371257,-0.6848074,-0.49347252,-0.021012258,-0.1414798,0.010499816,-0.041212164,0.012193922,0.47436318,0.14395362
25098,-5.097163,-0.024403863,-0.90967727,-0.44844636,0.2471099,-0.35815805,-0.20167145,-0.054499045,-0.11214535,0.17996235,-0.027309421
25099,-5.1340284,0.0064875903,-1.1866883,-0.7962597,0.25840697,-0.037909057,-0.41459104,-0.31921124,0.29057065,0.40537146,0.27939415
25100,-6.1631703,-0.2933006,-1.4184427,-0.99181855,0.3873698,-0.050551366,-0.3392119,-0.2746547,0.04504888,0.28993028,0.07843493
25101,-7.214564,-0.16188973,-1.2204001,-0.7602777,0.01533776,0.24416338,-0.053756274,-0.3843016,0.006890336,0.474973,0.5440497
25102,-4.8290153,-0.21181864,-1.316508,-0.859612,0.26801232,0.06773166,-0.13543291,-0.0016717417,0.08921706,0.59420395,0.13701789
25103,-4.7341166,-0.0460697,-0.79042727,-0.22013563,0.047374427,-0.047499213,0.016664179,-0.09805364,-0.3938488,0.33597395,0.26221168
25104,-4.1697674,-0.13190722,-0.9029472,-0.36989668,0.14760388,0.07091002,-0.11498358,-0.1884457,-0.15864378,0.16958344,0.17134358
25105,-6.2992315,-0.3271258,-1.058691,-0.41125494,-0.057337426,-0.002282599,0.27846223,-0.31973737,-0.2359908,0.082190365,0.3034549
25106,-3.6075532,0.107229486,-0.8866635,-0.57993686,0.022682354,0.059039492,0.07245842,-0.22640486,-0.066560246,0.3165736,0.19007687
25107,-5.0476294,-0.113488615,-1.5651625,-0.6768583,-0.5240444,0.071522556,0.084338516,0.10058254,-0.034473144,0.7484423,0.6130348
25108,-6.294097,-0.2305252,-0.89197654,-0.4946587,-0.41222256,-0.19857948,0.45921478,-0.3933578,-0.40377027,0.3253625,0.39402008
25109,-6.176836,-0.32756045,-1.3051362,-0.85959226,-0.40483522,0.16570488,0.23690218,-0.44757277,-0.22023538,0.49162078,0.65686464
25110,-5.5536165,-0.14589977,-1.4364232,-0.73702204,-0.40552995,0.25675967,-0.19103047,-0.4916505,-0.0001995191,0.4597912,0.33598685
25111,-4.083992,-0.18453416,-0.76517135,-0.55664057,0.016050924,0.08516058,0.28940076,-0.25415674,0.062560186,0.16812001,0.28772253
25112,-6.612367,-0.018730152,-0.8699905,-0.6859277,-0.47143131,0.06113611,-0.24196233,-0.13122913,-0.3390855,0.4129537,0.19491357
25113,-4.905474,-0.24215306,-1.0717306,-0.610639,-0.20695797,0.48935848,-0.03550031,-0.61487603,0.22522417,0.22155444,0.08568929
25114,-5.298567,-0.2364847,-1.106805,-0.8492863,-0.09162494,0.4574244,-0.24677001,-0.50838965,0.25382698,0.4784972,0.14020777
25115,-5.8948574,-0.51314634,-0.9368045,-0.28759834,-0.23913231,-0.078171335,-0.23083328,-0.1647904,-0.2453198,0.7992516,0.15760341
25116,-5.7545166,-0.017481111,-1.3729194,-0.43870553,-0.10631119,-0.14436078,-0.064677976,-0.37521946,-0.2136738,0.018955199,0.16162488
25117,-4.412539,0.036656875,-0.68842655,-0.5536037,-0.25581044,-0.042649962,-0.2837626,0.15326513,-0.025544932,0.49278134,-0.01062557
25118,-6.4893994,-0.33206677,-1.2919301,-0.8315191,-0.186346,0.06296413,-0.088429086,-0.48964995,0.35205245,0.25089705,0.73732024
25119,-5.5612063,-0.18089943,-1.0073892,-0.39896446,-0.113406666,0.294173,-0.1152766,-0.35656416,-0.47079253,0.43827596,0.16795178
25120,-4.201907,0.008982243,-1.001001,-0.27177414,0.08929424,0.28579366,-0.11922281,-0.34419352,-0.0031730644,0.33225632,0.10841926
25121,-5.16747,-0.5004181,-0.88142675,-0.8072502,0.018724598,-0.034648966,-0.4343881,-0.20615426,0.19590251,0.47242907,0.3523688
25122,-5.3074384,-0.30843994,-1.1586788,-0.5177438,0.026674943,0.22183889,-0.17100403,-0.086718954,-0.015682628,0.5260401,0.26982495
25123,-4.916519,-0.08612345,-0.82449186,-0.28231588,-0.004113708,-0.27989644,-0.0621669,-0.21927325,0.037169717,0.33870706,0.2763449
25124,-5.7738814,-0.22527574,-1.0577282,-0.72256434,-0.38234267,0.064042255,0.14110674,-0.3019924,0.0927191,0.19792064,0.46570855
25125,-5.1017847,-0.22962011,-1.2147962,-0.76680785,-0.2863354,-0.11592951,0.19912569,-0.18389776,-0.0079698395,0.477569,0.3797589
25126,-4.903311,-0.044731043,-0.75837976,-0.53059334,-0.013079906,-0.20986108,0.16460034,-0.035694696,-0.119897515,0.52396166,0.13931563
25127,-6.854175,-0.013467218,-1.2093811,-0.5406935,-0.1217209,-0.017660318,0.262967,-0.40030122,-0.43229917,0.44125184,0.18657798
25128,-4.4103847,-0.1193617,-0.70294183,-0.389289,-0.11420434,0.12658224,-0.040568195,-0.1563437,-0.037552863,0.7533698,0.33253866
25129,-5.5314445,-0.086588085,-1.5028316,-0.33254468,-0.21914399,0.012259556,0.124814145,0.32790148,-0.061758146,0.8763783,0.5253114
25130,-6.9923983,-0.3835112,-1.441679,-1.0547315,0.040031012,-0.24858074,-0.0051900325,-0.06218441,0.1849871,0.46118724,0.48662204
25131,-6.4475546,-0.16959299,-1.406429,-0.38643342,0.42141676,-0.09486361,-0.2826722,0.2500499,-0.10094004,0.3433209,-0.03135248
25132,-5.406559,-0.17895067,-0.81842273,-0.51576763,0.025945216,-0.3010071,-0.006836227,0.13306844,-0.18470307,0.3238621,0.17119975
25133,-3.8880606,-0.15705128,-0.79734606,-0.59487784,-0.05359465,0.06689666,0.13939185,-0.103840694,0.04245113,0.48342788,0.3774727
25134,-5.4174933,-0.27273145,-0.9145294,-0.47955072,-0.22288792,0.118126765,0.15784438,-0.29828468,-0.28806275,0.4929012,0.18418415
25135,-4.8235617,0.12996438,-1.3059626,-0.50974584,-0.10093954,0.029344639,0.10357784,-0.114322,-0.115053564,0.19759881,0.4160537
25136,-6.009523,-0.076668784,-0.8276523,-0.6636941,-0.39502445,-0.51564974,0.09767832,-0.16194354,-0.10772041,0.76518214,0.34050724
25137,-5.4309,-0.18590908,-1.4322096,-0.4914596,0.11722932,-0.029909521,-0.082680956,-0.2187645,-0.0059872754,0.520312,0.045452926
25138,-4.559893,-0.23537223,-0.7563793,-0.5865221,-0.61976343,-0.11481161,0.48004976,-0.09232232,-0.33765453,0.23410754,0.47116542
25139,-7.0090914,0.05766711,-1.6585709,-0.75095934,-0.18147576,-0.21122688,0.12808564,-0.3278072,-0.002947852,0.6997343,0.402797
25140,-4.34115,-0.10338823,-0.609471,-0.404677,-0.06957699,-0.056872033,0.14698863,-0.076872446,-0.30102685,0.29721257,0.2308063
25141,-5.1571364,-0.060132828,-1.1105291,-0.03453971,0.1101599,0.2931351,-0.082220286,-0.27790096,-0.22477257,-0.12618755,0.19192737
25142,-5.7367854,-0.07280104,-0.68639463,-0.5946055,-0.5810501,-0.1615754,-0.3215483,-0.13688241,0.02334908,0.48603177,0.26684985
25143,-5.5254226,-0.18432245,-1.1215013,-0.5574329,0.06420538,-0.19436818,-0.17236002,-0.056348436,0.20651181,0.3415127,0.42227295
25144,-4.5013437,-0.22975595,-1.1736938,-0.3350633,0.32226542,0.22203004,-0.05812051,0.080995485,0.10592642,0.18303052,0.26366523
25145,-5.96011,-0.12752998,-0.7714852,-0.6790993,-0.11065518,-0.14270127,-0.015712224,-0.05150535,-0.19701312,0.34125975,0.43745273
25146,-5.5065775,-0.16751456,-0.9153119,-0.7460792,-0.142505,-0.30889672,0.091839716,-0.0068875737,-0.091882765,0.6060957,0.42884386
25147,-7.828501,-0.43763572,-1.2725788,-0.7522871,-0.02229519,0.21977966,-0.22542024,-0.38937762,-0.14590684,0.26838785,0.5062244
25148,-6.9245596,-0.1142128,-1.3007982,-0.5158318,-0.52942675,0.18853942,0.43326354,-0.30632052,-0.108901836,0.2589274,0.44147223
25149,-4.6137667,-0.08408324,-1.072035,-0.65988195,-0.19194327,0.3758642,-0.2110897,-0.51071644,0.09744804,0.28204277,0.42649078
25150,-4.8117204,0.14416364,-1.1525161,-0.68931544,-0.013480974,0.07099315,0.0354948,-0.0773573,0.096799,0.42373738,0.29148233
25151,-5.0779943,-0.16899668,-1.2667413,-0.7034333,0.06624867,-0.011503693,-0.1390113,-0.3519929,0.35433173,0.28944916,0.13998497
25152,-4.6807737,-0.013268421,-0.8084242,-0.6684239,0.33243766,-0.045014627,-0.15451306,-0.057377957,0.11430984,0.5993178,0.20750503
25153,-4.193015,-0.08261638,-0.83492297,-0.3858641,-0.20776343,0.04134393,0.22899912,-0.048495382,-0.17873842,0.07516587,0.41474932
25154,-8.701872,-0.12801291,-1.2007551,-0.826084,-0.35234234,-0.047810547,0.005990163,-0.47027293,0.11581322,-0.035226703,0.67229456
25155,-5.328988,-0.028800838,-1.3415111,-0.5732272,0.15741314,0.17704786,-0.22131652,-0.29446086,0.121544145,0.52160496,0.13338014
25156,-5.025582,0.029390857,-0.87135893,-0.50260127,-0.31182158,-0.09213248,-0.056860186,-0.4407543,-0.19945854,0.3586783,0.34377503
25157,-5.0412483,-0.193164,-1.1067003,-0.34801254,-0.27710173,-0.1016964,0.09833873,-0.050091177,-0.19046742,0.57424414,0.3610543
25158,-6.07336,-0.06125256,-1.0933015,-0.6942618,-0.30762827,-0.57726866,0.17511913,-0.14437725,-0.28893453,0.37176698,0.28159052
25159,-5.9527135,-0.20482734,-0.82307535,-0.85547346,-0.45582125,-0.40598947,0.30825868,-0.13373023,-0.2312885,0.3842226,0.3111222
25160,-4.866848,-0.021732323,-0.69517773,-0.42299432,0.07277588,0.06017313,-0.0050964793,0.12578318,0.10905194,0.3625552,0.48497036
25161,-5.4845552,-0.36575413,-0.89091426,-0.3987274,-0.24203666,-0.08555704,-0.2710698,-0.18507428,-0.29482305,0.30252507,0.44818977
25162,-6.0269756,-0.12007058,-1.3343569,-0.8353506,-0.14206208,0.1350153,0.08800569,-0.6206734,-0.06298472,0.50150716,0.08874407
25163,-6.279603,-0.29797435,-1.2649881,-0.75073206,-0.07179099,0.061704647,-0.07104781,-0.6300166,-0.01645557,0.42085677,0.26034862
25164,-6.4850073,0.035623852,-1.5236105,-0.38914156,-0.15161672,0.054273352,-0.3095111,0.17599602,-0.19925112,0.5342568,0.37003458
25165,-6.0211287,-0.21502541,-1.0539418,-0.69393706,-0.38584483,0.032763645,-0.14492004,-0.14746137,0.21066613,0.3643977,0.43168846
25166,-4.8027368,-0.24403082,-1.0777366,-0.5898238,0.11731932,0.108645454,-0.003988581,-0.5317776,0.13068986,0.30698115,0.42826638
25167,-5.045097,-0.45231047,-0.68243545,-0.881941,-0.10855963,-0.12554452,0.019381035,-0.07895878,0.017149119,0.22404173,0.13327995
25168,-7.92544,-0.49698278,-1.1981803,-0.71020216,-0.19570197,0.28844172,-0.2235278,-0.3878946,-0.29834357,0.34352928,0.5004133
25169,-4.580445,0.11905398,-1.4172741,-0.2877022,-0.06327079,-0.1834816,0.0055281273,0.030316595,-0.19324379,0.33638334,0.43554497
25170,-4.5132675,0.033742804,-0.84789705,-0.47024825,-0.040841952,0.14351103,-0.067226075,-0.4092384,-0.20145847,0.18986541,-0.05011332
25171,-5.2431874,-0.1883936,-0.8322141,-0.42575914,0.10895233,0.10886865,-0.10266812,-0.71388656,-0.0046491455,0.037385143,0.24987988
25172,-5.318185,-0.2933699,-1.0099331,-0.62122667,-0.07798002,-0.3948794,0.026688583,-0.022897044,-0.14533237,0.49906,0.3352438
25173,-4.161919,-0.34592232,-0.76184,-0.5683421,-0.26330048,-0.11979443,-0.010857715,-0.20571536,0.030430894,0.4015447,0.1279647
25174,-6.79128,-0.029581413,-1.783714,-0.74092853,-0.17215283,0.20230886,0.13738206,-0.5897138,-0.09107614,0.42319727,0.2212972
25175,-5.9725,-0.21456347,-1.4528522,-0.6195281,-0.6341605,0.13882877,0.3628767,-0.17115399,-0.12004836,0.85753435,0.6743557
25176,-6.588156,0.028022584,-1.0805045,-0.6825409,0.098383404,-0.2121399,0.04484673,-0.18228848,-0.055638395,0.7549794,0.5648534
25177,-4.715347,0.040388845,-0.7956829,-0.5685822,-0.61046857,0.10420039,-0.120271094,-0.3303978,-0.12801173,0.07807582,0.32024267
25178,-5.5754538,0.09752137,-1.1300001,-0.4644972,0.11446589,-0.021126376,0.03020228,-0.11103637,-0.034342848,0.009208261,0.39450112
25179,-5.6883583,-0.18803278,-1.207173,-0.8411204,0.12527855,0.29304874,-0.021683484,-0.059947573,0.13431741,0.8472375,0.2678565
25180,-4.395827,-0.2312186,-0.68680876,-0.45789742,-0.13985227,0.06992401,0.065643184,-0.17735201,-0.017005956,0.48037305,0.13926564
25181,-5.511353,0.010547028,-1.0839709,-0.49590987,0.03967351,-0.11409931,0.09625899,-0.34383592,0.08450984,0.34121734,0.19782035
25182,-5.3122377,-0.24216674,-0.8038193,-0.59125537,-0.11819376,0.043641116,0.17800699,-0.049263313,0.10063729,0.5250052,0.5252559
25183,-4.582843,-0.10538446,-0.85480267,-0.48968416,0.010472527,-0.24377452,0.133207,-0.03420209,-0.10398498,0.18092337,0.19053225
25184,-5.1132603,-0.30067655,-0.6494502,-0.58681804,-0.16364989,-0.00592508,0.21955074,-0.17504644,-0.050445683,0.080924846,0.29010588
25185,-7.707971,0.27733502,-1.3149396,-0.8863074,-0.11594708,-0.21356842,0.014970256,-0.27708283,-0.1666919,0.24174519,0.5078011
25186,-5.743106,-0.050029926,-0.97700316,-0.763912,0.1344998,-0.2045669,-0.63702434,-0.1592903,-0.112473935,0.46518895,0.030029003
25187,-6.4364166,-0.059287887,-1.1234565,-1.0147128,-0.23040056,-0.17418396,0.10706795,-0.13262074,-0.29370755,0.36462587,0.5322726
25188,-5.560048,-0.0902145,-1.0389293,-0.4790364,-0.43297908,-0.24070172,0.10573528,0.18097396,-0.1710825,0.5930586,0.5281805
25189,-6.1853166,-0.085784316,-1.2424873,-0.743754,-0.082190216,-0.10153318,0.18014367,-0.07702916,-0.056432657,0.58041584,0.3104115
25190,-5.8057876,-0.33216083,-1.2567828,-0.58343863,-0.45086253,0.11690964,0.16779889,-0.12917918,-0.02384453,0.27902803,0.46468285
25191,-4.1923294,-0.11808315,-0.7211129,-0.38691065,-0.35980058,-0.28101367,0.21440662,-0.14723952,-0.361953,0.011291096,0.416828
25192,-5.190012,-0.08850845,-0.93676066,-0.24776778,-0.112927005,0.21837316,0.30937532,-0.5457168,-0.12222108,0.5037328,0.081341006
25193,-5.559311,-0.2391756,-1.2321191,-0.72230655,-0.35054353,-0.047365002,-0.0805956,-0.30799553,0.20707613,0.5829734,0.19825709
25194,-6.1756573,-0.33182368,-1.0279427,-0.6751547,-0.43787745,-0.15983853,-0.042697325,0.12857777,-0.15624209,0.68052584,0.5956851
25195,-6.775329,0.1369887,-1.655216,-0.813297,0.38275117,-0.36725688,-0.33697277,-0.19137615,-0.021974316,0.50150245,0.004898657
25196,-5.6151476,-0.097519666,-1.0541265,-0.51375145,-0.35037553,-0.13316996,0.1600729,0.17705512,0.1448914,0.6347222,0.39002413
25197,-6.8825603,0.09065632,-1.2415525,-0.5898399,0.06300192,-0.37241864,-0.05305759,-0.2877846,-0.13205841,0.80769515,0.36041984
25198,-5.760042,-0.053177238,-0.8978806,-0.8251355,-0.3073558,-0.08845838,0.057295524,-0.12032624,-0.014175031,0.26085773,0.5135267
25199,-4.798829,-0.08581299,-1.0688055,-0.58816725,-0.25094184,-0.025984153,0.0039870725,-0.32859835,0.075783245,0.29907724,0.28633958
25200,-7.3595734,-0.2154117,-1.3910282,-0.703403,-0.133783,-0.16811354,-0.15524165,-0.14726314,0.027636908,0.38493797,0.744707
25201,-5.6893287,-0.22646363,-0.8682047,-0.51635075,-0.42347535,-0.25663942,0.20797457,-0.0063910484,-0.12459965,0.24767277,0.269419
25202,-7.709051,-0.18208608,-1.5607501,-1.140774,-0.6338003,-0.32274634,0.020749725,0.04650873,-0.30198482,1.0189894,0.32351077
25203,-6.2547507,-0.3921086,-1.4118768,-1.0633212,0.09532299,-0.031271014,-0.10652425,-0.41624576,0.06240966,0.78766364,0.30084056
25204,-4.7745514,0.009768574,-0.725129,-0.37275726,0.13678709,-0.07269865,-0.23669165,0.053206936,0.021672029,0.28897852,0.17057127
25205,-8.451502,-0.24899112,-1.5118173,-0.3541824,0.3045173,0.2986198,-0.23981066,-0.16892621,0.056498438,-0.005208186,0.33144575
25206,-5.9463725,-0.28510156,-1.326776,-0.8981481,-0.2344178,0.11708158,0.008134035,-0.15090632,0.1554623,0.67488015,0.56292784
25207,-5.482917,-0.23773609,-1.1429669,-0.5488605,-0.055219274,-0.49058074,0.03746386,0.105876796,-0.0015374366,0.36847937,0.38095897
25208,-4.39109,-0.059493084,-0.8900538,-0.38075128,-0.03284017,0.04667896,0.06216724,0.05188258,-0.2815943,0.12831117,0.19273005
25209,-6.246567,-0.3167294,-1.5501043,-0.47916126,0.06609957,-0.13289471,-0.12286364,-0.034736134,-0.4174535,0.34052822,0.12734912
25210,-6.875679,-0.1359708,-1.5550513,-0.39230752,0.5279306,-0.14688437,-0.38421717,0.13671926,0.0029573338,0.48604754,-0.09695543
25211,-6.691711,-0.21641628,-1.2986681,-0.60843205,-0.36853665,-0.1646442,0.028621,-0.33991298,0.15865907,0.4093741,0.5430272
25212,-5.159929,-0.17405932,-0.9946513,-0.50529844,0.22093935,0.3346085,-0.03118788,-0.24153113,0.07140502,0.28400272,0.4151429
25213,-5.453366,-0.34672403,-1.1448137,-0.55433995,-0.46749285,0.21261127,-0.121598504,-0.27754843,-0.20297876,0.14628145,0.45594326
25214,-4.810119,-0.1822003,-0.7350469,-0.41776314,-0.22716798,-0.16163062,0.11228762,0.043698646,-0.07706488,0.36503506,0.3894323
25215,-4.805992,-0.09980952,-1.0445191,-0.63488823,0.13218457,0.08989197,-0.20520395,-0.27244413,0.21299219,0.6282754,0.025664065
25216,-6.637449,-0.02926122,-1.2457005,-0.65813893,-0.113083534,-0.33905935,0.0318548,0.065076955,-0.41193292,0.67084837,0.20702732
25217,-5.85004,0.1069661,-1.2917879,-0.55891806,0.5341732,-0.021711994,-0.029920395,-0.065515585,0.03711585,0.3555887,0.3412461
25218,-5.883383,-0.52725106,-1.3576126,-0.6702695,-0.16611643,0.15002602,-0.084490225,-0.017838132,-0.24477054,1.0109037,0.5149878
25219,-5.367429,-0.052888595,-1.364345,-0.6413929,-0.07619222,-0.29134923,-0.28468248,-0.31024128,-0.042792432,0.16779205,0.4258425
25220,-5.29304,0.1009714,-1.13571,-0.49624264,-0.054369364,0.035723083,0.14091563,-0.1482872,-0.06469224,0.26789314,0.61286354
25221,-5.322743,-0.06869218,-0.7787137,-0.47062036,-0.48259124,-0.028616887,0.41712895,-0.1057318,-0.3313178,0.2372491,0.65970886
25222,-6.0880456,-0.2365661,-1.0779595,-0.8153052,-0.21739762,-0.15578946,0.08692249,-0.40319705,-0.092097536,0.29205865,0.60544276
25223,-7.0859766,0.07500943,-1.3764662,-1.1182891,-0.07690709,-0.330678,-0.37391293,-0.60885614,-0.2067523,1.1631604,0.19983031
25224,-5.549455,-0.4469598,-1.1215947,-0.7297391,-0.057635725,0.1502018,-0.045911405,-0.32235047,-0.06609406,0.4299697,0.36630818
25225,-4.813968,-0.20409662,-0.92269945,-0.40534267,-0.563687,0.13817741,-0.069685265,-0.09984549,-0.091138646,0.34525514,0.61363816
25226,-5.476333,-0.28333402,-0.78732747,-0.82999545,-0.45735884,-0.26986384,0.02312646,-0.12986635,0.017809806,0.42194825,0.3875253
25227,-4.8324623,-0.21431085,-1.0534658,-0.6272083,-0.42472538,-0.24644385,0.023222916,-0.22943944,-0.14679657,0.40755877,-0.033788163
25228,-3.255217,-0.004471956,-0.6089379,-0.2744263,-0.18527323,-0.05846884,0.09775547,-0.15461546,-0.07388076,0.083604485,0.1431743
25229,-4.1635528,-0.22798173,-0.8817993,-0.42289117,0.12560643,-0.07837872,0.11092266,0.06823496,0.07502729,0.3931818,0.409975
25230,-5.6750994,-0.12781644,-0.86575466,-0.644259,-0.26639968,-0.19749027,0.20183079,0.20105824,-0.37619358,0.30264542,0.23768376
25231,-5.1886044,-0.072303474,-1.1620132,-0.6545506,-0.18641256,0.30217224,-0.12462949,-0.52109724,0.14210935,0.59402823,0.16899498
25232,-5.337904,-0.22301178,-1.1187954,-0.84104955,-0.15282533,-0.04857184,-0.17785847,-0.08742328,0.06299974,0.4506316,0.46300915
25233,-5.138042,0.1610343,-1.0534103,-0.63393074,0.040574916,-0.3002413,-0.33452898,0.02560588,-0.27478522,0.23114577,0.28277948
25234,-5.249146,-0.13098846,-0.75379443,-0.38776413,0.030189605,-0.18478654,-0.11698093,-0.116048984,-0.3093239,0.121056676,-0.086362734
25235,-6.1473207,-0.23383227,-1.3465232,-0.67519623,0.3073043,-0.25031543,-0.2839657,-0.42199063,0.2588754,0.25031495,0.16604044
25236,-4.233735,0.018130708,-0.90902007,-0.4170894,-0.06014987,-0.12075849,-0.06493297,-0.26601315,-0.3806934,0.32651633,0.25079507
25237,-6.0216036,-0.115042865,-1.1750973,-0.5556114,-0.0795638,-0.27490866,0.2191767,-0.36883047,-0.28864866,0.5326042,0.27963623
25238,-5.119432,-0.06690405,-1.3599436,-0.5422715,0.10823818,0.42509443,-0.13904755,-0.2058066,0.16022393,0.45172322,0.20163114
25239,-4.535128,-0.2673683,-1.0170507,-0.65808153,-0.36852953,0.08901989,0.20315793,-0.2212013,0.043545574,0.3324941,0.2088705
25240,-4.142724,0.11833366,-0.6684812,-0.32301527,-0.15930581,-0.12081626,-0.08364165,-0.2967133,-0.14424321,0.18896227,0.0041821925
25241,-6.2408752,0.022517718,-1.2430228,-0.44818875,-0.050733637,-0.116869465,-0.08234351,-0.002255138,-0.18365708,0.81678283,0.0456634
25242,-4.9119577,-0.12572335,-0.7313422,-0.6940967,-0.08841618,-0.03470455,-0.00661954,-0.27751315,-0.07233397,0.25426573,0.22719471
25243,-4.674212,-0.21155608,-0.8129722,-0.6174661,-0.01827501,-0.06281263,-0.02028919,-0.4452019,-0.0081018265,0.5807118,0.64185774
25244,-6.2432156,-0.4047566,-1.1818496,-0.7124389,-0.27230984,-0.17807657,0.13812116,0.14835349,-0.15526088,0.5690627,0.51515955
25245,-5.0419917,-0.20219253,-0.79578644,-0.6605355,-0.2801347,0.085462354,-0.008771126,-0.45853317,-0.17687203,0.20468941,0.13230109
25246,-4.886637,-0.044733148,-0.7774912,-0.464727,-0.18508922,-0.3862182,0.05059081,-0.04956971,-0.2910928,0.3698849,0.24610709
25247,-5.323925,-0.28119025,-1.2243646,-1.0483682,-0.025350763,-0.1737896,-0.31744322,-0.25445232,0.59823495,0.43415877,0.4102236
25248,-5.958498,-0.3194757,-1.3739552,-0.87101215,0.20035952,-0.071001895,-0.284456,-0.16258411,0.55425704,0.517045,0.082340814
25249,-5.519316,-0.30360258,-0.8587323,-0.9591467,-0.48376915,0.0014205244,0.052764628,-0.06863765,0.36247638,0.69971937,0.68425405
25250,-7.385876,0.11584751,-1.4788946,-1.1130924,-0.22971842,-0.11703622,-0.06116502,-0.5984055,-0.17008927,0.65904075,0.41234905
25251,-5.333515,-0.04464775,-1.0119599,-0.53944695,-0.24201532,-0.26868832,0.17156641,0.07821978,-0.08755148,0.5563734,0.20566703
25252,-4.9401402,-0.109064825,-1.6028349,-0.6494417,0.4612118,0.41722798,-0.074413896,-0.202014,0.25887442,0.3461772,0.13255134
25253,-6.083083,0.39072666,-1.0017884,-0.6619582,-0.3136253,0.12058015,0.043662768,-0.061453074,-0.21059634,0.7593581,0.43725207
25254,-4.6020775,-0.13962811,-0.7494471,-0.6983213,-0.058121108,-0.032051213,0.1572261,-0.1889469,-0.12218332,0.44327897,0.029732637
25255,-7.5462317,-0.1390545,-1.3144382,-1.1489664,-0.2947199,-0.09578497,0.20642368,-0.97138953,-0.1337644,0.43684387,0.35391128
25256,-6.33453,-0.11299861,-1.2644101,-0.5078403,-0.14265248,-0.23976456,0.1810232,-0.006456254,-0.24904855,0.73794115,0.32404277
25257,-4.6180925,0.16842775,-0.80189514,-0.545864,0.02286667,-0.010284321,-0.03285992,-0.24089846,-0.05043,0.36577484,0.3644394
25258,-5.725709,0.026662905,-1.5926297,-0.4650428,0.08186395,0.22897942,-0.08056282,0.06645267,-0.32825994,0.6167554,0.4879316
25259,-5.494354,0.012448109,-0.80227494,-0.43024477,-0.33610097,-0.083358325,0.19325148,-0.02259866,-0.094218835,0.5810716,0.1466496
25260,-5.6869035,-0.34188628,-1.2050323,-0.445788,-0.14741576,-0.4171974,0.16519816,0.2609731,-0.17739952,0.39867672,0.31638977
25261,-5.4314966,-0.1605779,-0.7249604,-0.5148003,-0.41958278,0.022018304,-0.036671605,-0.031059219,-0.09878272,0.6367403,0.35367
25262,-4.4010324,-0.029309828,-0.8610774,-0.39487943,-0.3927909,0.14575236,-0.21823317,-0.15782735,-0.13161643,0.32040754,0.12054317
25263,-4.5367727,-0.23230757,-0.5662636,-0.50517285,-0.41456702,0.12612104,-0.112963535,-0.3657413,0.13638058,0.65790135,0.2203776
25264,-5.7616343,-0.010192188,-1.3534601,-0.80514765,0.13005917,0.19041237,-0.12409804,-0.19510567,-0.051727086,0.07769574,0.27949852
25265,-5.3964424,-0.046223007,-0.80253834,-0.43541893,-0.13095148,-0.4137112,-0.08294184,-0.23598175,-0.13798851,0.30490205,0.14956245
25266,-4.6864414,-0.1354983,-0.8333797,-0.5914777,-0.62170917,-0.053864695,0.32018754,-0.012336563,0.036437,0.38218153,0.32800573
25267,-5.2551737,-0.0476582,-1.013645,-0.77751225,-0.0073303315,0.34396625,0.064467154,-0.2445417,0.2828503,0.6322203,0.26097572
25268,-6.174387,-0.19827875,-1.1889489,-0.64153576,-0.34583506,0.23084171,0.10196347,-0.012450561,-0.1061145,0.40459207,0.61001587
25269,-4.513483,-0.1128502,-1.006919,-0.5627113,-0.22071992,-0.042268086,-0.010159855,-0.2400327,-0.104229525,0.23809962,0.28554872
25270,-7.4249773,0.06579633,-1.4706382,-0.51370794,-0.84591424,0.573105,-0.00048723165,-0.54487175,0.18047987,0.74157476,0.7634142
25271,-5.410395,0.16824342,-0.7516551,-0.42965305,-0.10145681,-0.29528695,-0.10610544,-0.59794587,-0.31416944,0.6542485,0.37394518
25272,-4.8060317,-0.20524564,-1.5245419,-0.8449241,-0.009705557,0.08296613,-0.1567656,-0.105972104,0.102775544,0.7082527,0.55538034
25273,-4.6881385,-0.044855714,-0.75788593,-0.32665643,-0.15700176,-0.289522,-0.07084734,-0.061746024,-0.019880017,0.33765167,0.22559524
25274,-5.222759,-0.1521537,-1.1421086,-0.71397537,-0.15756029,-0.19614144,0.22255063,0.096117176,-0.18038188,0.619383,0.24935228
25275,-4.5355854,-0.04331423,-0.9203222,-0.26328436,-0.062965736,-0.06723287,0.07543051,-0.062377922,-0.29621512,0.33636108,0.2107259
25276,-6.604334,-0.26719385,-1.2744898,-0.52299297,0.41885543,0.3247044,-0.44701397,0.088994086,-0.08510154,0.95168453,0.18769711
25277,-6.5046825,-0.1485416,-1.1342607,-1.0113235,-0.58318806,-0.49700844,-0.039545547,-0.026383327,0.006096201,0.5649526,0.3312333
25278,-5.2818727,-0.50282943,-0.9645546,-0.55324256,-0.3505562,-0.37687474,-0.07702577,0.031019764,-0.30683497,0.3915487,0.36021766
25279,-7.4771895,-0.16209258,-1.6728455,-1.1788429,0.709287,-0.106719814,-0.43308213,-0.06454663,0.2954528,1.0587729,0.05249771
25280,-5.342237,-0.31923229,-0.82064295,-0.6387488,-0.29760405,-0.04482788,0.09008633,-0.17496082,-0.0586679,0.320746,0.4889455
25281,-6.3991613,-0.3090392,-1.4855379,-0.90120935,0.058016907,-0.005702012,-0.26461482,0.06730725,0.28733483,0.98957896,0.3767425
25282,-5.633444,0.02431086,-1.0023441,-0.4682009,0.3741474,-0.10473844,0.02935839,-0.0062611196,-0.23624472,0.48621368,0.3228554
25283,-6.0910144,-0.19587417,-0.92542267,-0.9199168,-0.4883305,0.16284676,-0.15077598,-0.16329178,0.024002876,0.39162448,0.61623234
25284,-4.5515714,-0.16641644,-0.6321665,-0.6355704,-0.3364085,-0.13349776,-0.17221841,-0.083440304,-0.18835437,0.58726066,0.3366472
25285,-6.920594,-0.3289497,-1.3812672,-0.90024453,-0.016378349,0.58299136,0.36843005,-0.41636884,-0.17401415,0.5305553,0.67621297
25286,-5.16793,-0.080781884,-1.0030701,-0.6476476,-0.00950438,-0.3947479,-0.1888547,0.025064891,-0.36903605,0.21208327,0.173052
25287,-5.5694075,0.043886445,-1.0567435,-0.79125834,-0.42562488,0.07721939,-0.26568398,-0.22585376,-0.07032533,0.64659077,0.43409416
25288,-7.245321,-0.047768544,-0.89779735,-0.5381743,-0.41630638,-0.4133287,0.23101461,-0.022365117,-0.3471697,0.58457166,0.47290584
25289,-5.708023,-0.35095227,-1.2381064,-0.69356793,0.24688672,-0.24160908,-0.32018086,0.13981998,-0.105983034,0.46884695,-0.06309424
25290,-6.755938,0.029445637,-1.5227064,-0.5178283,-0.034643825,0.0751892,0.026456088,-0.1416448,-0.23308335,0.44858828,0.35436246
25291,-4.787367,-0.07515415,-1.1183985,-0.51839066,0.17950937,0.2679448,-0.41908666,-0.32417393,-0.11766456,0.15198897,-0.122193165
25292,-6.014176,0.030855704,-1.2817012,-0.6666513,-0.112955876,0.39567947,-0.21914178,-0.7015537,0.053220175,0.36657032,0.09329102
25293,-5.090791,-0.19988437,-1.1942725,-0.5578949,-0.35888475,-0.11797042,0.07771461,-0.13306509,-0.21630913,0.4505142,0.3841846
25294,-5.0824523,-0.13016309,-1.1014801,-0.7252894,-0.07635461,0.18110402,-0.041193143,-0.67448294,0.10371342,0.35870177,0.5751305
25295,-5.222275,0.21197999,-1.0726266,-0.46555546,-0.13915808,0.22604895,-0.30880076,-0.48363137,0.0915659,0.42510024,0.32222238
25296,-5.675647,-0.093780935,-1.2711025,-0.8202665,0.305606,0.1117363,-0.33335647,-0.2956235,0.25788435,0.8644507,0.051463764
25297,-6.8222365,-0.3021451,-1.5432923,-0.76518214,0.032392044,0.18347913,-0.026349172,0.3560361,0.3107095,1.0347451,0.4957175
25298,-5.1730533,-0.4097224,-1.1123018,-0.7413272,0.19007511,-0.039778538,-0.2663307,-0.13000679,0.16930917,0.5024289,0.21298084
25299,-4.3669853,0.01448738,-0.7835782,-0.043852277,-0.20513724,0.38073003,0.029184852,-0.32332698,-0.20207632,0.60381776,0.11778418
25300,-5.4962835,-0.23397186,-0.88199687,-0.73901373,-0.122042455,0.08640009,0.12818961,-0.16116793,-0.05972237,0.24232377,0.5301004
25301,-6.0671425,0.18836257,-1.2953209,-0.6601111,0.23348333,0.22703706,-0.4669392,-0.75177854,-0.17559306,0.56063366,-0.0428675
25302,-3.7756135,0.022198346,-0.6913818,-0.4684404,-0.14568171,0.1084831,0.313313,-0.19351378,-0.09921852,0.35741946,0.23321371
25303,-4.504792,0.003276248,-0.74602145,-0.3624137,-0.15523477,-0.23433581,-0.074736945,-0.27376565,-0.14644128,0.14041254,0.041893303
25304,-4.8519716,-0.023047052,-0.77158076,-0.5423954,-0.17193493,0.035000004,0.10210139,-0.13689598,-0.097414255,0.19789627,0.1917456
25305,-5.4207125,-0.2458009,-1.0738146,-0.46097013,-0.06800034,0.10622723,-0.09922071,0.0713635,-0.022886334,0.70814985,0.43523934
25306,-5.453902,-0.34025127,-0.9747001,-0.343039,-0.11084275,0.014798701,0.06115528,-0.17632197,-0.20395549,0.495778,0.03808313
25307,-9.578791,-0.10914992,-1.9493382,-1.2724174,0.40393075,-0.19699743,-0.24534564,0.13958658,0.06970797,1.1264818,0.37811145
25308,-5.2415557,-0.23513839,-1.0638151,-0.673822,-0.3460129,0.299182,0.053199675,-0.5060433,0.0070691863,0.29306132,0.54810184
25309,-4.6967726,-0.06319963,-1.2049135,-0.6670621,-0.033324238,0.08937635,-0.2799453,-0.34202278,0.262764,0.6766528,0.14868027
25310,-6.715203,0.12446676,-1.6051512,-0.45475623,0.2668621,0.13828784,0.073296025,0.036652755,0.04471671,0.27292097,-0.115547426
25311,-4.5792465,-0.122810304,-1.0093122,-0.69820505,0.0057574883,-0.11854841,-0.4059942,-0.19415244,0.1110959,0.48726606,0.1686302
25312,-3.8507,-0.276278,-0.62262464,-0.64104474,-0.32588562,-0.19086957,-0.057976656,-0.22525781,0.10930388,0.4018914,0.4064724
25313,-6.5380664,0.017352488,-1.2355081,-0.8356682,-0.040349014,-0.24459077,-0.13307157,-0.15764692,-0.021074267,0.3585855,0.67111963
25314,-4.915323,-0.052615277,-0.93848145,-0.46816057,0.075407125,0.21708082,-0.18223764,-0.24262375,-0.10232058,0.06799528,0.13534448
25315,-5.143176,-0.29344037,-1.1233311,-0.5954298,-0.21834336,-0.0018207068,-0.029467758,0.091307975,0.121272475,0.44356588,0.250513
25316,-4.4098105,0.14407139,-0.9210919,-0.32793993,0.107970536,-0.006011,-0.3359054,-0.12968211,-0.32954437,0.19472188,-0.09533024
25317,-7.0659413,-0.43645403,-0.99889857,-0.57268965,-0.31269234,0.08206667,-0.0117383385,-0.13406791,-0.20063843,0.83020675,0.42463207
25318,-6.509848,-0.27615145,-1.0199232,-0.87204105,-0.35925537,0.2051949,0.13780412,-0.18533273,-0.33458778,0.74187756,0.25454894
25319,-6.153234,0.1698906,-0.61764723,-0.5932232,-0.46182677,-0.20846558,0.08950163,-0.5351636,-0.39025664,0.20991488,0.24615471
25320,-6.5698977,-0.33458596,-1.0384383,-0.7375024,-0.07270037,0.528549,-0.107918404,0.27500612,-0.122026294,1.0499281,0.20272675
25321,-4.7160892,-0.047288034,-1.2635397,-0.60637313,0.29602438,0.3410182,-0.08866374,0.08072775,0.09322374,0.4787881,0.05613585
25322,-5.852312,-0.37540883,-1.026873,-0.39575997,-0.06224992,0.29635447,-0.14161316,-0.1714987,-0.027651692,0.45650068,0.20533279
25323,-5.8870225,0.20006429,-1.2065022,-0.4950955,0.20327038,-0.40992808,-0.13875127,-0.17876084,-0.12348583,0.094382726,0.2712386
25324,-7.004591,-0.0586257,-1.2652761,-1.0618267,-0.032665554,0.09796085,-0.044761375,-0.83487266,0.09405979,-0.0016914727,0.26396486
25325,-5.978519,-0.08508921,-1.1670011,-0.9849696,-0.25300142,0.3043605,-0.41893137,-0.83170813,0.07532393,0.23406756,0.35112867
25326,-5.868007,0.0018576765,-1.1863619,-0.88954335,-0.10697749,0.30271864,-0.05827474,-0.3385131,0.26616314,0.7013138,0.37755796
25327,-5.002551,-0.040954486,-1.371718,-0.5176222,-0.11742363,0.08337554,-0.09037708,-0.038842626,-0.061591454,0.47796646,0.41361472
25328,-4.322844,-0.1219005,-0.47617668,-0.4878263,-0.535778,0.040984653,0.007580685,-0.19422503,-0.10811723,0.3098706,0.27766272
25329,-6.4748154,-0.033820204,-1.3190659,-0.9643186,-0.058059715,-0.028084975,-0.45833963,-0.42373738,0.11369313,0.5629493,0.30849293
25330,-6.5460224,-0.11285424,-1.2051672,-0.70891666,-0.11233897,0.06865043,0.5355871,0.40913516,-0.06521823,0.7295065,0.35597074
25331,-6.14347,-0.091059975,-1.3963678,-0.90164095,-0.15764682,-0.31945378,-0.14292987,-0.28354055,0.060145654,0.6273172,0.386075
25332,-4.891642,-0.4606095,-0.839631,-0.72082037,-0.22125885,-0.010790573,-0.17398652,-0.55743,0.030205695,0.4264348,0.26364562
25333,-6.8819537,-0.18665747,-1.5999198,-0.91611224,0.17942384,-0.1988623,-0.19058084,0.2500021,-0.14052069,0.70847857,0.2899721
25334,-7.221137,-0.42807135,-1.497002,-1.1573546,-0.100756876,0.3133651,0.23878439,-0.47074515,0.27955693,0.8291822,0.5297938
25335,-4.166302,-0.17230569,-0.7609493,-0.2708293,0.2840421,-0.0007995395,0.061700027,-0.12672153,-0.16265918,0.4261099,0.2503934
25336,-5.350305,-0.45709038,-0.8374147,-0.47734815,-0.09755783,0.1910165,0.05088115,-0.06598147,0.055163823,0.43466872,0.69399035
25337,-4.092897,0.061666265,-0.84387445,-0.6095675,-0.17856066,-0.17175753,0.1519438,0.24382737,-0.018630603,0.35105222,0.26223716
25338,-4.4209666,-0.05300441,-0.8614975,-0.3169961,0.072401755,-0.05521892,-0.14210549,-0.1828401,-0.15654594,0.06566854,0.18245019
25339,-4.3739457,0.05011939,-0.5562074,-0.43810415,-0.2655593,-0.15080757,0.0991074,-0.19047648,-0.2610766,0.25155735,0.038940318
25340,-3.9148002,0.012663221,-0.70846945,-0.21718323,0.23336844,0.15136845,-0.16519138,-0.40441832,-0.20610347,0.17080377,0.08170337
25341,-5.860635,-0.5253902,-1.3254468,-0.8533217,-0.119240455,0.15236704,0.40789267,-0.12164161,0.04065575,0.72650063,0.41122165
25342,-5.656556,-0.016000848,-0.959733,-0.6460493,-0.14605446,0.27287555,-0.20582847,-0.13165489,-0.09218127,0.1053267,-0.023679521
25343,-7.1768994,-0.088393725,-1.3613535,-0.682176,0.068767935,0.45116746,0.0058086626,0.17747375,-0.26218715,0.1685399,0.48534203
25344,-4.3199534,-0.16942127,-0.82798636,-0.60902536,-0.5468175,0.42968976,0.085556194,-0.049121298,0.16514327,0.6409838,0.46993494
25345,-7.4348397,-0.56577665,-1.7043532,-0.7680996,-0.6913656,-0.36970097,0.0027865246,-0.024332495,-0.031440824,0.95473623,0.6901372
25346,-5.7657743,0.20615019,-0.94830143,-0.45425043,0.07701211,-0.042089324,-0.39172253,-0.17275538,-0.16422841,0.06748937,-0.060043447
25347,-5.811112,-0.31929633,-1.1002239,-0.45836937,-0.5068258,-0.18011485,0.07117306,-0.2845277,-0.17460822,0.10918751,0.85912156
25348,-5.1827626,0.021558981,-1.0512967,-0.455373,-0.18149304,0.043614965,0.10864988,0.1309235,-0.009401362,0.38215268,0.2377564
25349,-5.6811767,-0.0018620212,-0.8459989,-0.32143244,0.03771905,-0.23691465,-0.034591045,0.10946251,-0.48769397,0.3644393,0.20678842
25350,-5.869486,0.051787484,-1.0954913,-0.73415565,-0.7377318,0.1988915,-0.058816202,-0.14760457,0.0040005473,0.6949833,0.74880284
25351,-5.6699314,-0.19021966,-0.9164127,-0.4430845,-0.19630271,0.21737501,-0.39017084,-0.39651203,-0.1734663,0.22916259,0.12123009
25352,-5.2485533,-0.23738365,-0.85857284,-0.3794934,0.061055,0.020365823,-0.3169621,-0.2909236,-0.029707545,0.33562863,-0.020492703
25353,-3.8787735,-0.2151286,-0.605226,-0.36749148,-0.15524013,-0.05056136,-0.19900407,-0.24313098,-0.22569555,0.42420313,0.13537453
25354,-5.923622,-0.20377232,-1.4191098,-0.74191535,0.07296344,-0.14001879,0.15671793,-0.15363532,-0.06652925,0.5037745,0.20535712
25355,-5.951016,0.0057028877,-0.9957189,-0.80996543,-0.09825262,-0.39853114,-0.07416978,-0.1602799,-0.014745669,0.5284763,0.37824064
25356,-6.9529357,-0.15359303,-1.2693869,-0.436459,-0.6213932,0.025778541,-0.031112924,-0.09528974,-0.14975971,0.35216284,0.55646056
25357,-5.5582685,-0.25503594,-1.1920221,-0.58344746,-0.45359123,-0.027111351,0.24640606,-0.5376433,-0.16166542,0.6613213,0.3246456
25358,-5.668193,-0.17242719,-1.1901112,-0.89612216,0.018498661,0.1356659,0.30538926,-0.1387676,0.1393115,0.5489607,0.41765574
25359,-5.2532825,-0.11717124,-0.7933536,-0.63299096,-0.089313835,-0.15707855,-0.042384777,-0.4293625,-0.17240211,0.5979924,0.14435697
25360,-6.769155,-0.18437089,-1.050319,-0.4403968,-0.68073267,0.09304988,0.1489066,-0.5854711,-0.12215461,0.40357625,0.65394485
25361,-6.0336046,-0.10828157,-1.0358523,-0.6689831,0.1448157,0.13432278,-0.14516257,-0.5895128,0.14092362,0.5980128,0.42078337
25362,-6.0755224,-0.31855282,-0.9398898,-0.5476106,0.33178818,0.038754746,-0.29506347,-0.017257398,-0.09707886,0.013942699,0.19088094
25363,-6.9105053,0.10219096,-0.7500783,-0.5550341,-0.10908389,-0.35138535,-0.18450974,0.123276256,-0.31766772,0.28162047,0.40480167
25364,-4.944188,-0.34855893,-1.1459692,-0.530654,-0.038961675,-0.21689509,0.101291634,0.0434848,0.035122342,0.5343484,0.08169578
25365,-5.673628,0.031036101,-1.160371,-0.8046133,-0.5704654,0.12943307,-0.18001635,0.053251922,0.052531086,0.45337045,0.5347186
25366,-7.135248,-0.3515249,-1.1549313,-0.83493483,-0.40218773,0.31470853,-0.1932344,-0.14597273,-0.23994826,0.80961883,0.5857083
25367,-7.1189857,-0.069552325,-1.142072,-0.6934576,-0.6743854,-0.10302411,0.07531288,-0.09130408,0.1449963,0.48826542,0.38019952
25368,-5.465459,-0.397798,-1.0293192,-0.6412791,-0.3165178,-0.06621355,0.09021703,-0.038098127,-0.14056389,0.7420139,0.52084315
25369,-5.179858,-0.3067865,-1.0039463,-0.69465387,-0.06371354,-0.28288627,0.3088017,-0.031227024,-0.27293402,0.49953467,0.21355185
25370,-5.0036635,-0.39019898,-0.82601494,-0.4698108,-0.25311464,-0.17915457,0.07758342,-0.11745661,-0.09669639,0.20283897,0.88700974
25371,-6.053647,0.060161527,-1.3938495,-0.7330525,-0.26835093,0.14305331,-0.2435687,-0.57047355,0.10383525,0.4750014,0.40358907
25372,-5.6198225,0.06823741,-1.0359583,-0.43138433,0.0679467,-0.15537372,0.059531603,-0.11826388,-0.15140258,0.526388,0.5657887
25373,-5.1378064,-0.15536109,-0.9852042,-0.63419306,0.033911444,-0.14473233,0.021203512,-0.46013138,0.16139996,0.41983038,0.36249095
25374,-5.7723103,-0.13555227,-1.3859295,-0.92197204,-0.61992913,0.30739915,0.32284403,-0.5544764,-0.06912171,0.41343132,0.35813466
25375,-5.719403,-0.03685613,-1.0014141,-0.25945514,0.11710762,0.013338717,-0.0827137,-0.1063962,-0.07261043,0.3504427,0.1382045
25376,-5.7005606,0.091660686,-1.0261742,-0.39474866,-0.19893686,-0.027445856,-0.07818902,-0.39560562,-0.2564856,0.40243524,0.3549683
25377,-7.328134,-0.26472375,-1.4660511,-0.75038296,-0.2841678,0.29070097,0.32061207,-0.19547455,-0.24526204,0.9338642,0.17044318
25378,-5.2583094,-0.051291004,-0.9955335,-0.38679942,0.04976756,0.4298197,-0.021123447,0.115767755,-0.028230513,0.90000665,0.39452747
25379,-7.1355505,-0.56423813,-1.6021922,-0.89447033,-0.46856183,-0.17779265,0.40059534,0.109458745,0.11684064,0.7151585,0.68311363
25380,-5.7820954,-0.041454658,-1.4876631,-0.5898353,0.182867,0.010688793,-0.014185634,-0.1071494,-0.31966728,0.17936784,0.23259464
25381,-5.4960485,0.25838688,-1.1303285,-0.63407403,-0.013743155,-0.17666055,0.051429342,-0.15061486,-0.055936918,0.26526073,0.3049286
25382,-6.7764463,-0.092792965,-1.4716358,-0.49344176,0.16803923,0.18434946,-0.2632712,-0.19820042,-0.17410852,0.43284032,0.19666333
25383,-4.216399,-0.09791503,-0.9968464,-0.1969352,-0.035586536,-0.12760387,-0.2884934,-0.3523488,-0.294389,0.40401193,0.19904765
25384,-6.4796576,-0.1128513,-1.2887214,-0.57890946,-0.3778652,-0.09667838,0.15138635,-0.06522649,0.309625,0.4807276,0.5785258
25385,-5.6947236,0.060733855,-1.0375667,-0.35409617,-0.091295026,0.06926499,-0.06130331,0.061893985,-0.12786587,0.6311259,0.22377098
25386,-6.4622416,-0.24191894,-1.1533308,-1.1779636,-0.07378739,-0.4526229,-0.3049345,-0.21615571,0.27352512,0.6866435,0.047240544
25387,-6.7636204,0.0010010786,-1.132665,-0.7007715,0.19618379,-0.7511045,0.0063369107,0.13156445,0.03648107,0.4242231,-0.010830474
25388,-5.7847238,-0.16303094,-1.3302563,-0.86698365,-0.048376277,-0.07697467,-0.16164388,-0.29933348,0.18845227,0.33945522,0.3350537
25389,-5.759565,-0.13928123,-1.2011349,-0.6716193,-0.27244425,-0.17212608,-0.034885615,0.20975342,0.06719458,0.81884336,0.4921226
25390,-5.104956,-0.04076088,-1.0281898,-0.2681332,-0.25919336,0.0352758,0.17510584,0.051952146,-0.34436277,0.110199064,0.43582392
25391,-7.132009,-0.2275301,-1.2225072,-0.42493972,-0.24157237,0.17946836,0.10230614,0.22131813,-0.43271092,0.27099696,0.8880147
25392,-6.0324473,-0.20062359,-1.0765535,-0.75547206,0.06453584,0.0068130232,-0.03461061,-0.06565035,0.05758539,0.29271412,0.4759658
25393,-6.738498,-0.13803025,-1.2188437,-0.87994456,0.059263516,0.4996717,-0.098208524,-0.52729625,0.4511414,0.509398,0.16110452
25394,-5.9289775,-0.05873586,-1.3219934,-0.91996473,0.011108311,-0.316019,-0.19088377,-0.020221753,0.011679005,0.4490798,0.17553736
25395,-4.641961,-0.21298236,-0.905948,-0.34626853,-0.2491085,0.083583236,0.08071664,-0.1296269,-0.12248649,0.6921403,0.20146477
25396,-4.6728363,-0.27771392,-1.2955762,-0.32258993,-0.08887884,0.25187576,-0.15975174,-0.10613655,-0.22493665,0.6290215,0.14695747
25397,-5.7521243,0.21061729,-1.2571081,-0.50244296,0.39070794,0.37934548,-0.17109397,-0.24216127,0.02368403,0.43301806,0.36620292
25398,-5.2712464,-0.07741709,-1.123924,-0.3798352,0.03633077,0.022978298,0.0010300372,-0.42695838,-0.23089203,0.8362759,0.2693161
25399,-4.616851,-0.08594014,-1.1874902,-0.53219557,-0.09408504,-0.17781413,0.08903052,-0.1348963,-0.23180322,0.18040764,0.03767323
25400,-4.7929845,-0.29277492,-0.83788764,-0.745077,-0.08935736,0.13422026,-0.091030285,-0.33745188,0.16463362,0.70971316,0.33470914
25401,-6.30892,-0.19328648,-1.1548333,-0.6417733,-0.11705512,0.035200715,-0.037554782,-0.037841983,-0.24849503,0.39697784,0.21601282
25402,-5.8948293,-0.03507346,-0.7977729,-0.21024725,0.010137521,-0.16352901,0.20068836,0.19890541,-0.5406394,0.6346713,0.35875174
25403,-4.6029897,0.17964505,-0.9482228,-0.7687997,0.05777798,-0.104844145,-0.0073987404,-0.023501331,0.05091986,0.42077455,0.25646707
25404,-4.9569325,-0.20184883,-1.523466,-0.6344283,-0.22920662,-0.27534008,0.023246225,0.003007912,-0.069776535,0.12701303,0.40415344
25405,-5.05971,-0.21624433,-0.6446619,-0.39566627,-0.30517733,0.32474953,-0.11226978,-0.46890613,0.030016787,0.42836657,0.40792376
25406,-5.518132,-0.01577758,-1.1747667,-0.55328965,0.1325165,0.63827515,0.029528588,-0.2599671,-0.024808558,0.15255049,0.27469373
25407,-5.8313804,0.21411794,-0.81965345,-0.45393175,-0.22381876,-0.08030603,0.118470706,-0.08830406,-0.46420848,0.38404796,0.3589175
25408,-4.3537607,0.1695343,-0.7420681,-0.539238,-0.24596083,-0.016439494,0.22966443,0.08684379,-0.029090399,0.47424242,0.13572025
25409,-6.4228964,-0.14883491,-1.292731,-0.6337735,0.051537186,0.5655779,0.009039449,-0.3844618,0.114276566,0.61678994,-0.14005984
25410,-5.1655827,-0.24486499,-0.89881986,-0.8606478,-0.31479052,0.16832514,0.30302238,-0.164846,0.07620779,0.91487896,0.6343815
25411,-7.1504097,-0.107229315,-1.0468061,-0.57252127,-0.079921275,-0.13256322,0.21866344,-0.06730517,-0.093647994,0.2764417,0.20187546
25412,-6.3439713,-0.3047201,-1.3959258,-0.361058,-0.44633818,0.124120265,0.29835743,-0.23435849,-0.14974205,0.66477036,0.16337998
25413,-6.8694663,-0.03789789,-1.398209,-0.75396526,-0.42780423,-0.37653065,-0.0026188241,-0.16951616,0.09292528,0.9181318,0.51680326
25414,-6.3338323,-0.40000594,-1.3302588,-0.8390365,-0.48193803,0.057214852,0.1617016,-0.23859225,0.033562604,0.47074148,0.994381
25415,-5.894078,0.020399475,-1.4945387,-0.30253658,-0.051597092,0.2673977,-0.029631846,-0.105123825,0.029882768,0.74349123,0.026350554
25416,-4.5497985,-0.14830823,-0.81020266,-0.2943484,-0.021740928,0.15146513,-0.069929324,-0.3734844,-0.15169981,0.33574113,0.37818873
25417,-5.106533,-0.06447808,-1.3542336,-0.8932882,-0.22500677,-0.14285506,-0.13496941,-0.12124687,0.32071808,0.41363046,0.3050775
25418,-6.1416445,-0.2042457,-1.4045119,-0.3554756,-0.15854521,0.019207664,0.063227706,-0.06906141,0.039115295,0.39392468,0.27420452
25419,-4.888096,-0.020348854,-0.83514374,-0.5967214,0.0048667304,0.05853458,0.21045041,-0.04025963,-0.031148477,0.081640296,0.1984867
25420,-6.8686466,0.10853753,-1.4539155,-0.9826831,0.39792344,-0.04010498,-0.32023174,-0.114546,0.0784133,0.65778255,-0.01606629
25421,-7.0999527,-0.28120127,-1.3795526,-0.70414436,0.07539886,0.22059788,-0.15629397,-0.40118554,0.12890603,0.3214656,-0.036763273
25422,-4.499075,-0.14369449,-0.78104836,-0.5531426,0.09919755,0.36106294,-0.07530978,-0.11527593,-0.09060197,-0.027150106,0.14054295
25423,-4.2724786,-0.31153262,-0.95320153,-0.4833871,-0.1980466,0.2212005,-0.12644194,-0.11880004,-0.0573776,0.4611975,0.21830328
25424,-5.8023324,0.010114625,-1.153345,-0.7888837,0.08905987,0.09168151,-0.37122568,-0.5367553,0.08802733,0.446402,0.057092298
25425,-6.8060493,0.021157822,-1.4570826,-0.5887666,0.54917365,0.22865143,-0.30953363,-0.067142494,0.16703919,0.6629288,0.13627066
25426,-5.972289,-0.012784832,-1.4745841,-0.36998874,0.13772364,0.28161305,0.16087523,-0.19260366,-0.11139803,0.20528992,0.38734055
25427,-5.8022366,-0.093016304,-1.1776358,-0.040518153,-0.027479192,0.23161569,0.07727282,-0.43425387,-0.15673427,0.15232769,0.33988935
25428,-3.3032382,-0.055724654,-0.5568667,-0.4403648,-0.122263215,-0.1185725,0.24730584,0.053645037,-0.10187037,0.23081675,0.25144586
25429,-5.73192,-0.17324136,-0.96220726,-0.5317079,-0.24030241,0.22092903,0.2190657,0.38929063,-0.18483563,0.8396832,0.49724868
25430,-4.406607,-0.13913877,-1.1251029,-0.53811586,0.22390614,-0.029002305,-0.044110116,-0.17129,0.21983789,0.39145753,0.3167635
25431,-6.6874795,0.003831009,-1.125844,-0.76517814,0.22821589,0.78230214,-0.44669944,-0.5410924,0.025612097,0.29649353,0.13208312
25432,-5.7683425,-0.1348983,-0.96583563,-0.62877977,0.32203507,0.07505107,-0.016438935,-0.38681686,0.1541778,0.5908551,0.32744357
25433,-4.864677,0.075074054,-1.0610255,-0.28012383,-0.1436424,0.16489631,0.07220231,0.10678707,-0.12495391,0.3892246,0.2723876
25434,-6.6680827,0.13345212,-1.0854324,-0.6926216,-0.3081371,0.08457054,-0.16526929,-0.8607798,0.15096267,0.37654978,0.4046276
25435,-5.84198,-0.17852163,-0.8545844,-0.8594466,-0.46114004,-0.22719125,-0.062367126,-0.4571116,-0.06117551,0.011811864,0.5761193
25436,-3.625407,-0.31479314,-0.6383264,-0.6220262,-0.10669364,-0.06673203,0.02871272,-0.07921541,-0.037774414,0.5411124,0.24167024
25437,-6.1962194,-0.045005795,-1.3930799,-0.91265154,-0.2522485,-0.45216417,0.021433651,-0.43556026,0.13541201,0.4643254,0.59012294
25438,-5.548903,-0.14662085,-1.0711904,-0.72244996,-0.33703974,-0.13349319,0.102833755,-0.03540857,0.21540622,0.6080644,0.21811491
25439,-5.897359,0.25150454,-1.5768272,-0.5419293,0.07931714,0.03323482,-0.065852635,0.1717702,-0.0051915906,-0.0812527,0.4774473
25440,-4.5544405,-0.19326653,-0.8817891,-0.83006406,-0.25093976,0.30700505,0.19786042,-0.31875718,0.13822976,0.57189727,0.5467519
25441,-5.954849,0.16758315,-1.4031522,-0.4691134,-0.040359877,0.07275371,0.09789114,-0.059140846,-0.1603153,0.4666906,0.3425065
25442,-5.8713946,-0.1393988,-1.0903971,-0.41280222,-0.09416284,0.19892222,0.37876585,-0.15910526,-0.27344596,0.4811597,0.15793982
25443,-5.520446,0.21882083,-1.206235,-0.56829196,0.23967004,-0.38853455,-0.13494287,-0.10582571,0.00055572204,0.109621786,0.11291163
25444,-7.6353645,-0.17615342,-1.3052992,-1.0824606,-0.29521817,-0.0033961162,0.04141483,-0.7929613,0.30983183,0.7663433,0.54342157
25445,-4.115588,-0.16955413,-0.7008036,-0.41483828,-0.327242,0.0271288,0.1743805,-0.17433843,-0.038014278,0.4193606,0.30422994
25446,-5.512921,-0.29772738,-1.552513,-0.7143348,-0.5239926,0.23048359,-0.08719799,-0.10698004,0.20146458,0.8898647,0.38883173
25447,-6.0736995,0.020332932,-1.1157779,-0.25496238,-0.043934666,-0.17487738,0.17851435,0.08936743,-0.3480776,0.17001206,0.066626735
25448,-5.1600184,-0.14601316,-1.1377778,-0.416987,-0.21555091,-0.26521957,0.07598065,-0.018723348,-0.10117343,0.5689545,0.34318528
25449,-5.345195,0.101270095,-0.9748751,-0.37996057,-0.3998739,0.06408836,0.113674946,-0.20683222,-0.23076704,0.36066467,0.2975542
25450,-6.7171574,-0.34893444,-1.4589553,-0.6524511,-0.31908816,0.49863392,-0.23552118,-0.65852535,0.0032066815,0.50568634,0.47487944
25451,-4.8899865,-0.08571002,-1.1144762,-0.47636375,-0.3260892,-0.0641772,0.20644473,-0.2836284,-0.20995633,0.3945789,0.58852506
25452,-7.1864953,-0.21286495,-1.126307,-0.8365429,-0.49677098,-0.02634386,0.049950596,-0.5074614,0.11592444,0.97743034,0.5021462
25453,-4.9055185,-0.18413028,-0.55753666,-0.5625857,-0.2272259,0.15073554,0.02848503,-0.1666968,-0.12645842,0.4800856,0.42117548
25454,-4.0519547,-0.15095697,-0.6205444,-0.62289774,-0.11855448,-0.008272255,-0.10556555,-0.15003155,0.12397252,0.54259527,0.16818604
25455,-6.4200726,-0.25752205,-1.1579777,-0.89826864,-0.6929035,0.24488215,-0.13494456,-0.45175397,-0.17114352,0.5119486,0.6196311
25456,-8.257874,-0.36355308,-1.4449297,-0.53408986,0.20115626,0.19865619,-0.3673533,-0.25669327,-0.10243842,0.22858553,0.25020114
25457,-5.404252,-0.109631404,-1.1146138,-0.51552397,-0.21686898,0.14537552,0.2573225,-0.64193773,-0.16597658,0.15334533,0.45443922
25458,-5.238898,0.049101852,-1.0321032,-0.4736476,-0.02165617,0.22214618,-0.06537859,-0.092555806,-0.043822713,0.16556267,0.09965067
25459,-6.288893,-0.14062703,-0.8389563,-0.9025429,-0.28286105,-0.09671338,0.21620387,-0.62566096,-0.0560356,0.18464626,0.6823772
25460,-3.8954499,-0.09105248,-0.77952915,-0.35985363,-0.2748622,-0.19553177,-0.0359379,-0.16235788,-0.26858628,0.13116191,0.12219387
25461,-5.171283,0.14378089,-1.4550792,-0.7325743,0.21708347,0.14189069,-0.14753981,-0.083758526,0.10382628,0.379719,0.20274638
25462,-4.18225,-0.06048743,-1.1868503,-0.63138294,-0.15577392,-0.07162374,0.17579198,-0.14179441,0.076219976,0.2722949,0.45911142
25463,-6.319674,-0.1867129,-1.1291144,-0.36221987,0.0987473,0.18527922,-0.11862729,-0.42988846,-0.15873839,0.06824386,0.21905251
25464,-5.1368766,-0.12124875,-1.0644197,-0.5716571,-0.5588421,0.08729488,0.27071184,-0.42390028,-0.1283993,0.50027937,0.352782
25465,-4.0303164,0.022481207,-0.8658033,-0.51846886,-0.22310835,0.14309803,-0.11493372,0.03605427,-0.026096558,0.31951573,0.34738514
25466,-5.335893,-0.30894384,-1.2163554,-0.36134264,0.053504296,-0.03902794,0.19684185,-0.2416394,-0.17534406,0.17399612,0.35959768
25467,-6.175777,-0.03158999,-1.3173857,-0.4480791,-0.07751667,-0.08020039,0.12207353,-0.046106815,-0.31014338,0.7431201,0.24659736
25468,-6.067243,0.14175458,-1.017076,-0.85334283,-0.2654288,-0.25603026,-0.3510864,-0.23119375,-0.06316072,0.1617978,0.39566094
25469,-5.650509,-0.18497601,-0.9396107,-0.748802,-0.024475625,0.13148718,-0.19611923,-0.29966593,0.17356512,0.29030818,0.48432556
25470,-6.8252797,0.09333418,-1.2836773,-0.4798549,0.16281162,0.5098571,-0.16703622,-0.107799694,0.22970755,0.6511621,0.038701214
25471,-4.6974926,-0.27095065,-0.894434,-0.73442274,-0.07428669,0.06760736,0.07302401,-0.44797045,-0.03636021,0.23279957,0.5028628
25472,-7.539756,0.23080021,-1.3193567,-0.7520921,-0.067799,0.3261196,-0.22968362,-0.6808184,0.1301508,0.2575819,0.34034938
25473,-4.1400766,-0.01913679,-0.9561093,-0.47783366,-0.28133658,-0.23516779,0.11235219,-0.10328981,-0.044431806,0.3046165,0.21857464
25474,-5.921584,-0.11265717,-1.1731851,-0.65740514,-0.3469294,0.20788795,-0.21838163,-0.6866991,0.013350222,0.65624744,0.41597706
25475,-7.0239162,-0.12513886,-1.709506,-0.30078232,0.10899575,0.62738925,-0.29635298,-0.17596643,0.09560588,0.5953287,0.15294926
25476,-5.2977514,-0.4666746,-1.040122,-0.4489039,0.20037569,-0.020301355,-0.23312107,-0.08993322,-0.08431849,0.17412944,0.12983806
25477,-4.5647984,0.043661736,-0.850335,-0.45147035,-0.056763984,0.09779615,0.18579876,-0.0683772,0.011361087,0.3247301,0.32658327
25478,-4.9519653,-0.22415997,-0.8627129,-0.38204372,-0.24650481,-0.25653493,-0.14105004,-0.1668123,-0.2314114,0.20742507,0.280256
25479,-6.598617,-0.4570832,-1.3964796,-0.5259711,0.32617888,-0.15559301,-0.23363012,0.1214009,-0.061001487,0.32948083,-0.12901244
25480,-6.134427,0.07237766,-1.4771025,-0.7500241,-0.6252358,0.120631926,0.31321257,0.06853715,-0.07103104,0.4638867,0.520098
25481,-5.036594,-0.1928527,-0.9786663,-0.061491854,-0.24670225,-0.16661473,-0.17546636,-0.020271199,-0.5010221,0.19305873,0.10113068
25482,-5.825817,-0.22033039,-1.3326544,-0.6762359,-0.5359302,-0.067634545,0.3325347,-0.3201532,-0.15449151,0.6393506,0.10107833
25483,-4.903825,0.06461063,-1.0775808,-0.43022782,0.06784183,-0.12201631,-0.05358894,0.12462426,-0.032253906,0.39435384,0.10114268
25484,-6.4934263,-0.072694995,-1.6789141,-0.59334546,0.07485039,-0.046603825,-0.33629695,-0.31759244,-0.07734535,0.045146037,0.45560518
25485,-5.393868,-0.22821537,-1.2463456,-0.7364154,0.05096444,0.2756217,0.069534816,-0.34423926,0.029508393,0.37519598,0.12815073
25486,-3.6548824,-0.16675697,-0.75260526,-0.38285914,-0.22220705,-0.1615681,-0.028549556,-0.023318192,0.044023395,0.29666907,0.38059857
25487,-6.6598186,-0.03398068,-1.3565488,-0.35256013,-0.19155027,0.5444669,0.25183567,-0.33754644,0.12157748,0.26130173,0.123465836
25488,-4.727234,-0.2504707,-1.2387809,-0.58799344,0.24495997,-0.022873832,-0.40317938,0.15952599,-0.02458247,0.5857259,0.024342347
25489,-5.90968,-0.13580166,-0.9481009,-0.59927,0.10964602,0.15612774,-0.18129711,-0.62941074,-0.095558025,0.74817747,-0.07525441
25490,-5.7690077,0.24824718,-1.4439667,-0.59147066,-0.03205824,-0.21984239,-0.081154734,0.08483782,-0.19227518,0.48554915,0.50623673
25491,-5.9745936,-0.059833515,-1.0052763,-0.7549015,0.09762241,-0.36398315,-0.014697532,-0.049680777,-0.12763885,0.4728839,0.35043755
25492,-5.8577213,-0.102215454,-0.7725177,-0.48056462,0.14076045,-0.119406894,-0.20630525,-0.08725486,-0.16944811,0.3618898,0.25360742
25493,-5.46052,0.017685767,-1.3249906,-0.7456792,-0.166294,0.20276704,-0.12309507,-0.47094375,0.1620007,0.42623937,0.2697378
25494,-5.474882,0.095519334,-1.2307479,-0.68509173,-0.21842825,0.0137407,-0.1758125,-0.46889803,0.2114434,0.37537593,0.5149677
25495,-4.8759413,-0.17059001,-1.2484484,-0.33398154,0.013089111,0.2717957,-0.10317496,-0.0979053,0.0031548543,0.47249255,0.17181224
25496,-5.5170903,-0.25887287,-0.8779704,-0.6196484,-0.36133906,-0.3785354,-0.036621418,-0.095812894,-0.26102236,0.58198833,0.41541868
25497,-4.7122197,0.25503668,-1.1400025,-0.7260607,-0.12524061,0.11155684,-0.34436813,-0.2946154,0.28158084,0.705088,0.19674066
25498,-5.982029,0.015451013,-1.6551212,-0.85290784,0.15951507,0.2645346,-0.16268475,-0.3577963,0.3102967,0.59540826,0.20359282
25499,-4.8941083,-0.3349843,-1.1656888,-0.71854234,-0.19880871,-0.105841696,-0.044402085,-0.11538512,-0.1013087,0.42671615,0.063737586
25500,-5.7303934,-0.12275097,-0.8925585,-0.31726325,-0.4398209,-0.1070516,0.39191085,0.053745665,-0.08441989,0.5849572,0.54696476
25501,-6.492059,-0.18640088,-1.5943921,-0.6090645,0.32291716,0.57010984,0.26004753,-0.042387515,-0.007614402,0.54502285,0.38070515
25502,-7.015885,-0.2019101,-1.4708694,-0.65683275,-0.09946628,-0.16468674,-0.21888469,0.04667753,-0.0179392,0.6597708,0.06434464
25503,-6.063222,-0.008327329,-1.6155833,-0.9396984,0.26037148,0.078476466,-0.23533298,-0.35201192,0.28547838,0.1946725,0.26697114
25504,-3.9309516,0.07244483,-0.8580564,-0.6360382,-0.2994212,0.20507015,-0.07695483,-0.34727123,0.15217368,0.47729874,0.24420972
25505,-6.188849,-0.13217773,-1.3449605,-0.16743445,0.052317496,-0.05548414,-0.30436963,0.15274623,-0.19341907,0.33404762,-0.024961919
25506,-5.293304,-0.28583792,-0.9782638,-0.5098236,-0.25167966,-0.20991763,0.07594532,-0.19323601,-0.016857741,0.3703598,0.31716362
25507,-5.567754,-0.09716532,-1.2365968,-0.47468328,0.17520264,-0.13318802,-0.029318329,-0.16480716,-0.054661192,0.24486807,0.4201852
25508,-4.386471,-0.090011545,-1.0367562,-0.37756976,-0.1083816,-0.31876576,-0.22065452,-0.10661639,-0.3138746,0.32992458,0.17037204
25509,-5.289525,-0.12035477,-0.8464535,-0.23194817,0.006204896,0.08703248,0.18002576,-0.12571444,-0.18860386,0.11003752,0.4153496
25510,-5.7312527,-0.1816888,-1.2629951,-0.67674935,0.035463996,0.079714626,0.08256404,0.15871307,-0.08430613,0.4153587,0.3464626
25511,-4.9960938,-0.06853529,-0.8230132,-0.42561385,-0.31706217,0.0021639876,0.14459956,0.09238385,-0.11294201,0.572364,0.16622533
25512,-5.7086377,-0.11071787,-1.150279,-0.39418054,-0.09927477,-0.036152735,0.10722616,0.33274406,-0.34315324,0.8232465,0.29630807
25513,-5.2940884,-0.17225492,-0.74560446,-0.5935527,-0.029600834,-0.15187061,0.07636591,-0.2585867,-0.092468314,0.64090234,0.29457167
25514,-7.1593566,0.014052089,-1.4142057,-1.0857124,-0.6931764,-0.2422014,0.34057513,0.09508695,-0.08816684,0.726662,0.77189606
25515,-8.570932,-0.18980241,-1.7133427,-1.1908097,-0.40801945,-0.03623976,-0.14542083,-0.4260699,-0.21224724,0.74827653,0.86403245
25516,-6.4225235,-0.13344659,-1.0364683,-0.53887975,-0.07059679,-0.43980473,-0.05124326,0.0012085866,-0.16101077,0.22554626,0.25953528
25517,-6.10159,-0.34512168,-1.1884167,-0.9452824,-0.662245,0.3209656,0.21372917,-0.1393577,0.09830871,0.6445622,0.69625705
25518,-5.2432547,0.21105066,-1.0043799,-0.49051946,0.02156079,0.44655168,-0.17300585,-0.3902018,-0.06370599,0.47086707,0.25653437
25519,-4.6979146,-0.18274139,-1.0580622,-0.5676693,-0.29809555,-0.14996266,0.086507395,0.09102166,0.21694109,0.4499234,0.5609176
25520,-6.165797,-0.09703352,-1.5085285,-0.49604905,0.32977676,0.10541707,-0.30922148,0.21728271,-0.0931284,0.68599445,0.11214969
25521,-6.078399,-0.17271876,-1.2941753,-0.19681312,0.29515225,0.12818389,-0.23337044,-0.07194558,-0.047384992,0.4700201,0.27092278
25522,-6.9973755,-0.46006665,-1.6067268,-1.0346568,-0.34557357,0.16437155,-0.15430315,-0.10912058,-0.06745041,0.7567044,0.525772
25523,-6.091153,-0.38520995,-0.96988064,-0.7509527,0.17473236,-0.080422446,-0.12997991,-0.20974322,0.00091025885,0.7780741,0.4631804
25524,-5.1394134,-0.29928982,-0.68315387,-0.680713,-0.37920693,-0.0030767098,-0.08082617,-0.5191545,-0.04110124,0.49525982,0.13752797
25525,-6.085429,-0.20152819,-1.0314891,-0.622103,0.2612493,0.13956806,-0.16518508,-0.5121386,0.08099611,0.30824617,-0.0061154673
25526,-5.772667,-0.32241446,-1.1255566,-1.1204202,-0.30306903,0.11413782,0.08672465,-0.43619135,0.0073089143,0.67731875,0.88035154
25527,-4.705122,-0.07387802,-1.1020002,-0.6009573,-0.3849151,-0.21744728,0.18379675,-0.12417174,0.02628224,0.37957922,0.2916517
25528,-6.2402916,-0.306317,-0.7299754,-0.5904346,-0.18783353,-0.25408083,-0.112339,-0.3291343,-0.15572788,0.10125324,0.8686452
25529,-5.8581715,-0.14193444,-0.84437966,-0.4490566,-0.13596693,-0.2536366,0.120919846,-0.044458732,-0.2904497,0.1919721,0.25352612
25530,-5.107593,0.021130368,-1.2886076,-0.77582484,-0.027136257,-0.07649151,-0.2392891,-0.48627087,0.22774197,0.47333017,0.50790733
25531,-6.5980024,-0.27232164,-1.4149771,-0.8341274,0.0483125,-0.14552577,-0.32588136,-0.51482207,0.12949985,0.62022007,0.3610302
25532,-5.4645305,-0.10719569,-1.0096465,-0.5455566,-0.36399108,-0.17773177,0.24790844,-0.06586274,-0.04788129,0.24290001,0.62766904
25533,-4.7718253,-0.29636025,-0.9089021,-0.71984273,0.28034058,-0.10954196,-0.072259106,-0.124496795,0.022367831,0.08412301,0.08444812
25534,-4.100118,-0.01979459,-0.804549,-0.37971994,0.00847267,0.10793383,-0.16926146,-0.5249129,0.08673429,0.33788317,-0.0657426
25535,-4.8801475,0.109970614,-1.0549769,-0.47174874,0.023650646,0.14599335,0.12373672,-0.4008583,-0.18449704,0.09827099,0.055695437
25536,-4.115129,0.016372073,-0.87354946,-0.5030117,0.19057566,-0.16240685,0.14358787,-0.04549618,-0.16858305,0.19905363,0.060779873
25537,-4.5162263,-0.08926122,-0.73756254,-0.42178118,-0.3794133,-0.16276477,0.39888093,-0.019558886,-0.198448,0.3248286,0.40549028
25538,-5.517831,-0.060034994,-1.1625886,-0.7297379,-0.1889026,-0.03761122,-0.020030312,-0.02871353,-0.023640448,0.47614402,0.4847539
25539,-5.705026,-0.018217035,-0.80034566,-0.66980165,-0.38064003,-0.031416256,0.17325906,0.024807297,0.04939034,0.71558917,0.69332874
25540,-6.515257,-0.23967537,-1.0486265,-0.64814514,-0.09115026,-0.21189451,-0.11016829,-0.072137594,-0.26491547,0.41105086,0.35127512
25541,-6.198621,0.028745245,-1.4860103,-0.41814426,0.2034886,0.51461387,-0.15793294,-0.34054565,0.06310595,-0.022705417,0.25416845
25542,-6.0323005,-0.15931539,-1.1773136,-0.6164779,-0.3282639,-0.28570086,0.21689782,-0.63323885,-0.05024714,0.314369,0.38692755
25543,-4.8307414,-0.1603357,-0.8843265,-0.44535658,0.0006087739,0.40499377,0.11379839,-0.3454352,0.0044637453,0.37942883,0.42649722
25544,-4.709954,-0.07328624,-1.2140579,-0.6168033,0.31789616,0.0003655036,-0.23283824,-0.10012493,0.23365244,0.5017448,0.15089835
25545,-4.955078,0.048441265,-1.2486676,-0.6530375,0.052283045,0.09257489,0.07322385,-0.13056721,0.044468507,0.24370602,0.122626744
25546,-6.1112995,-0.070713736,-1.1845886,-0.7336069,-0.22889182,-0.13911821,-0.13879594,0.06733748,0.07262998,0.64439666,0.5986573
25547,-5.4667587,0.11499949,-1.2922498,-0.30150276,-0.2570526,-0.004846178,-0.19432077,-0.040107496,0.034660988,0.4998972,0.23683171
25548,-5.077872,-0.058708612,-1.2293959,-0.4829094,-0.42338437,0.13862379,0.1691225,-0.58357954,0.06428911,0.46976015,0.3818134
25549,-6.3416357,-0.13157956,-1.0363554,-0.69541687,-0.4844185,-0.0003049923,0.16848455,0.052346192,0.057800233,0.41398817,0.7798532
25550,-5.0621085,0.14374392,-0.94768196,-0.62778896,0.06977442,0.41571045,0.18044916,-0.1673462,-0.020266326,0.1645053,0.42587522
25551,-5.949414,0.13406286,-1.1421287,-0.66714424,-0.2928072,-0.26502264,-0.020899873,-0.26183873,-0.26086545,0.3078926,0.5311989
25552,-7.9173965,-0.331909,-2.0047376,-1.3609564,-0.71493703,-0.51508117,0.356165,0.33929276,-0.20022315,0.4246018,0.54005045
25553,-5.8143077,-0.16095166,-0.83000267,-0.7188622,0.054646395,0.21436961,-0.014832635,0.015279116,-0.10089771,0.25782064,0.49930516
25554,-4.9569426,-0.12617998,-1.0638294,-0.54404074,-0.08476887,0.029422306,-0.11710114,-0.5261137,-0.23335873,0.19507885,0.28340343
25555,-6.3717794,0.11431232,-1.0292034,-0.4492319,-0.55115116,-0.09940944,0.09052307,0.0032965294,-0.3401916,0.31383845,0.35157782
25556,-7.6996164,-0.14996149,-1.570567,-0.29620528,-0.30950993,-0.2759,0.19846196,-0.0454702,-0.62519133,0.28106093,0.6704851
25557,-4.331739,0.029283933,-0.6027769,-0.35279268,-0.30155635,-0.14791715,0.15893476,-0.29160446,-0.2977767,0.29083648,0.20717211
25558,-4.7795005,-0.20868249,-0.7895559,-0.82354164,-0.3802961,0.21564287,0.24059428,-0.2321396,-0.14959644,0.32064214,0.26960638
25559,-6.818215,-0.24798565,-1.4383984,-0.8938855,0.010732701,0.4401635,-0.23382281,-0.25331712,0.26349905,0.698947,0.7245511
25560,-5.1584196,-0.16968784,-1.4571146,-0.98195595,-0.044277705,0.3492415,0.1584576,-0.09499078,0.19917965,0.734523,0.49203828
25561,-4.455908,0.0726683,-1.0134474,-0.4888948,-0.23093538,-0.18910405,0.13616973,-0.25779873,-0.057542153,0.4530409,0.44019288
25562,-4.790482,-0.02996825,-1.0538315,-0.33154684,-0.17703733,0.09372037,0.4211006,-0.38511622,0.09586826,0.34916866,0.16422358
25563,-4.886421,-0.036471654,-1.0998424,-0.60494787,-0.037057187,0.025466993,0.20650323,0.27493906,0.20828608,0.60692084,0.50496656
25564,-6.270377,-0.061688248,-0.96407956,-0.5226166,0.026452664,0.13190608,-0.18587191,-0.083793476,-0.09308579,0.32351324,0.45225275
25565,-4.7741833,-0.1736486,-1.3734553,-0.7126676,0.0344189,0.12521432,-0.3354878,-0.07894608,0.24862908,0.36391455,-0.03643911
25566,-6.852229,-0.04114202,-1.9060719,-0.4026332,0.002572018,0.51933813,-0.12110268,-0.47260877,-0.12916903,0.9359331,0.1973454
25567,-6.4481792,-0.12414503,-1.0106071,-0.5149368,-0.09298568,-0.110597126,0.17491649,0.09312576,-0.15115505,0.20641828,0.42106333
25568,-4.843402,0.0015468183,-0.81736577,-0.1671887,-0.22237721,0.030550476,0.053979203,-0.22189757,-0.25957793,0.4348512,0.21548782
25569,-4.475712,-0.45613623,-0.73203915,-0.38860625,-0.37729868,0.14873718,0.124260634,0.013836054,-0.129543,0.6167997,0.6448579
25570,-5.4694457,0.13393359,-0.9368324,-0.71362543,-0.0679788,-0.15593795,-0.1698331,-0.021481505,-0.08361261,0.3077533,0.22098473
25571,-6.7496104,-0.19034764,-1.1432881,-0.35027292,-0.15834813,-0.16964465,-0.27096364,-0.3361295,-0.28451592,0.06325417,0.40121704
25572,-4.4177556,-0.29688042,-0.97763896,-0.64343363,0.21126156,-0.14718129,0.003608582,-0.046641834,-0.045200847,0.41277394,0.1579691
25573,-4.3449187,-0.16899844,-0.71488315,-0.6764656,-0.30083045,-0.13195783,0.09958083,-0.13500746,-0.0047037005,0.37992817,0.58019835
25574,-6.8628335,-0.38322994,-1.1416441,-0.988136,-0.28801423,0.31006467,-0.089762755,-0.15036036,-0.09343858,0.758688,0.22341593
25575,-5.9332247,-0.23559533,-1.2314751,-0.49195486,-0.1625168,0.17308259,0.06028891,-0.40875736,-0.14742981,0.1600281,0.36427176
25576,-4.397286,-0.19862188,-0.799476,-0.3984118,-0.14737628,-0.041528143,-0.26670504,-0.31203166,-0.1950531,0.6083753,0.13059002
25577,-7.497162,-0.21004608,-1.4778117,-1.2650293,-0.27869967,-0.10399873,0.1725093,-0.23001128,0.010474095,0.43773577,1.1344955
25578,-5.005384,0.06451348,-1.3021451,-0.89853966,-0.027311584,0.17878509,-0.28171664,0.055856943,0.18969776,0.38869312,0.28453496
25579,-4.8428783,0.0015543737,-0.614416,-0.26164538,-0.17800008,-0.21361928,0.008170132,-0.06239304,-0.21944581,0.50800866,0.22015601
25580,-5.196516,-0.012539602,-1.0407414,-0.6274145,-0.3070993,0.12582394,0.0667647,-0.20294134,0.045250047,0.30897617,0.5861184
25581,-5.420934,-0.024772175,-1.3229492,-0.767518,-0.23642212,-0.16033322,0.075464234,-0.20348677,-0.14994627,0.46157584,0.30751264
25582,-5.153658,-0.07366732,-0.9950801,-0.38456175,0.12525447,-0.10550302,0.17887887,-0.11738443,0.011860757,0.35862488,0.018031437
25583,-6.1023774,0.07279396,-1.1833885,-0.7241234,0.17566627,-0.19600263,-0.22237991,0.17713131,0.009163564,0.5877999,-0.049040344
25584,-5.432292,-0.025334831,-1.1344063,-0.8774625,-0.52813846,-0.090915136,0.04110606,0.058490194,0.027228948,0.26066983,0.74032116
25585,-5.5577674,-0.0026140735,-0.87652856,-0.39738953,-0.3785365,-0.33910263,0.1563023,-0.12455728,-0.20799017,0.27388614,0.61732423
25586,-5.52024,-0.10487278,-0.82032186,-0.5529615,-0.037624784,0.17228669,-0.17990188,-0.16913956,-0.1534544,0.31954607,-0.20003708
25587,-6.9997973,-0.15597007,-1.2055173,-0.63654524,-0.02395317,-0.2668376,0.09670349,0.546954,-0.2987718,0.4997338,0.36052933
25588,-6.6887884,-0.23134379,-1.7145953,-0.7063654,0.35163343,0.3732105,-0.55664283,-0.20507188,0.17528965,0.4636173,-0.20463449
25589,-5.3527517,-0.06694251,-1.5466311,-0.7420999,-0.106468625,0.08805718,0.16405594,-0.20582111,0.1899255,0.52809745,0.6542404
25590,-5.221473,-0.2708631,-1.1229593,-0.63496584,0.16774094,0.16507442,-0.05360225,-0.14634593,0.15119092,0.2736531,0.313431
25591,-4.9080405,-0.1849883,-0.6367262,-0.30865842,-0.20705289,-0.033887655,0.1977989,0.058896445,-0.19678469,0.22639248,0.32644227
25592,-7.509189,-0.5262868,-1.5965767,-0.75380313,-0.18594344,0.69632,-0.18770984,-0.22955738,-0.035596855,0.7398577,0.48780635
25593,-6.418683,-0.25429302,-1.3047638,-0.9137273,-0.42688197,0.05247836,0.30868956,-0.15472057,0.007617846,0.6235142,0.39187118
25594,-5.156961,0.077460274,-0.99556977,-0.3136514,0.07319288,-0.049176548,-0.029568166,-0.4907008,-0.03580284,0.030557826,0.24985194
25595,-5.634276,-0.35601977,-1.4020592,-0.7105402,-0.40117913,0.08104893,0.6240227,0.1920644,-0.17913643,0.8339634,0.44784603
25596,-4.3002815,-0.08103087,-1.1116533,-0.71676064,0.059109595,0.026137078,-0.14118466,-0.318889,0.25355718,0.39711717,0.16949801
25597,-6.648723,-0.032420192,-1.28225,-0.7947639,-0.38010234,0.17798296,0.67199767,0.06698027,-0.5288293,0.43655378,0.6614795
25598,-5.872779,0.09078296,-1.751544,-0.83329,-0.17704849,0.10048123,-0.15298206,-0.49408653,0.014179025,0.68401814,0.6311399
25599,-5.872167,-0.18311451,-0.86757594,-0.73207206,-0.3597155,-0.18198597,-0.0035257377,-0.19775338,-0.034236155,0.27790874,0.4648848
25600,-4.5857716,0.037078813,-0.74187666,-0.48343444,-0.26782504,0.035418697,0.14338794,-0.21028289,-0.16090591,0.19085766,0.36338055
25601,-4.8426466,-0.21291159,-0.93844306,-0.6299944,-0.2132293,-0.076617986,-0.050791055,-0.16887377,-0.28001058,0.27078536,0.09382043
25602,-6.3930364,-0.0016967747,-1.6210647,-0.7946909,-0.06512709,0.093796454,-0.059920013,-0.56872225,0.13140723,0.3530017,0.69360137
25603,-4.758459,-0.25609607,-0.8116536,-0.44408536,-0.55328715,-0.34164017,0.29784775,-0.56090593,-0.043127827,0.38656986,0.3823914
25604,-5.3661485,-0.16793263,-0.90536004,-0.63228744,-0.17289056,-0.2830286,-0.1382708,-0.02539988,-0.12496719,0.45088425,0.44916612
25605,-7.5831375,0.16660342,-1.9075785,-0.5562823,0.37832657,0.21850212,-0.15384121,-0.16019128,-0.11479461,0.57959366,0.27923456
25606,-7.1800733,-0.19848889,-1.5618896,-0.74706185,0.046369236,0.6892116,-0.07515291,-0.49174348,-0.21371984,0.13190687,0.13387574
25607,-4.6636133,-0.2886548,-1.4189581,-0.5615675,-0.2315631,0.16607384,-0.0665456,0.18958068,0.08748007,0.65529126,0.3144714
25608,-5.4932246,-0.28419915,-1.6447642,-0.53169113,0.23246971,-0.036417786,-0.2766858,0.2730448,-0.09421491,0.708106,0.18595307
25609,-4.594664,0.19255723,-0.98973155,-0.42921653,0.10504051,0.06395448,-0.30497682,-0.3005683,-0.054791205,0.084212616,0.005139306
25610,-5.0193386,-0.112750545,-0.7325976,-0.44789794,-0.39721078,-0.013771819,0.123208754,-0.16339503,-0.07338595,0.13463952,0.3360695
25611,-4.5270743,-0.002306317,-0.94632936,-0.33384964,-0.08914722,-0.12257865,0.32392973,0.22566108,-0.29752043,0.3741136,0.26649213
25612,-5.909194,-0.25063527,-1.0604197,-0.6664566,-0.588927,0.35458577,-0.10827148,-0.8439326,-0.19881001,0.26203138,0.23528649
25613,-7.413758,-0.67640346,-1.2440519,-0.6240061,-0.017504336,0.37839,-0.2654812,-0.31546828,0.15351336,0.77840734,0.4555408
25614,-7.918072,-0.63423836,-2.0582802,-1.4039918,-0.82195055,0.29629928,0.45758834,-0.17412022,-0.0069780033,0.86698925,0.6969839
25615,-4.9095173,0.10253945,-1.1108309,-0.5714571,0.11330063,0.09427219,-0.11119171,-0.23491786,-0.024896758,0.13154975,0.063725896
25616,-4.7814965,-0.15825374,-0.94992673,-0.6061749,-0.45200413,-0.17280848,-0.09518558,0.06931532,-0.044446222,0.7319158,0.07604086
25617,-5.7980843,-0.07191154,-0.79566985,-0.56154424,0.26136968,-0.06358366,-0.34461316,-0.29919916,0.035920545,0.43670952,-0.08078524
25618,-6.007276,0.021515612,-1.1814158,-0.6620515,-0.14546093,0.094543755,-0.014650009,-0.36914915,-0.20881848,0.06882617,0.48952094
25619,-5.8434873,-0.32734475,-1.103436,-0.75417316,-0.10072058,0.30660385,-0.055680595,-0.27408513,-0.03779216,0.5309473,0.16577712
25620,-5.3660636,-0.14346473,-0.75947046,-0.59857285,-0.35304648,0.15307945,-0.04306813,-0.15217388,0.059073955,0.57841736,0.53130376
25621,-4.109898,0.001263978,-1.0400354,-0.5934978,0.09314921,-0.013866439,-0.20452432,-0.17371562,-0.008408774,0.03297633,0.112512946
25622,-6.4024067,-0.08424063,-0.98531747,-0.7832555,-0.63672304,0.055396236,-0.09358791,-0.26240528,-0.02013301,0.42001495,0.7202721
25623,-6.368097,0.049524028,-1.2841775,-0.6965491,0.16389468,-0.3035193,-0.17170973,-0.18730433,-0.012473773,0.53103054,0.2148871
25624,-6.612475,-0.28796875,-1.0277408,-0.3020937,-0.6073235,0.19283147,0.124033526,-0.5130182,-0.38572192,0.36840245,0.48267198
25625,-4.813059,-0.31085956,-1.2451359,-0.6918702,0.13027754,-0.010479528,-0.23276131,-0.23602876,0.15564124,0.6892032,0.13432673
25626,-4.972065,-0.10185123,-0.8940469,-0.78728074,-0.0043718102,0.16513568,0.15763395,0.20519431,-0.120771036,0.31787843,0.502622
25627,-6.2907076,0.1299245,-1.3115989,-0.5737164,-0.3292023,-0.29506838,-0.17827484,0.057135917,-0.24660142,0.34192693,0.44353533
25628,-6.5642934,-0.054499913,-1.1844379,-1.0299811,-0.1796335,-0.38190746,0.14270581,-0.26777953,0.28161654,0.59152395,0.4872138
25629,-5.8300533,-0.2922185,-1.5873368,-0.3397463,0.41955498,-0.023906432,-0.0094428575,0.24777715,0.09419268,0.5498242,0.09311374
25630,-5.033557,0.0036561913,-0.78415734,-0.35968736,0.08332323,0.20721644,-0.14925158,0.048225053,-0.23809324,0.104226805,0.12702638
25631,-5.885369,0.014328875,-0.9629947,-0.659386,-0.12707098,0.5982295,0.09378868,-0.6601079,0.1214898,0.48323888,0.352896
25632,-4.75912,-0.13615422,-0.79645383,-0.58848244,0.010345036,-0.24948488,-0.09378187,-0.20921375,0.034804437,0.3702972,0.36201182
25633,-5.95072,-0.24894731,-0.81492597,-0.63498,0.050624847,0.3036756,-0.017867625,-0.19017874,-0.07026142,0.2749581,0.44254658
25634,-5.205763,-0.064982004,-0.851327,-0.43858427,0.21682137,-0.043425456,-0.14211683,-0.27088398,0.15070932,0.415084,-0.076655366
25635,-5.961833,-0.13079055,-0.949921,-0.4613922,0.2516876,0.23718302,-0.49015954,-0.11390843,0.0045945523,0.5509917,-0.14826779
25636,-4.943883,-0.23006143,-0.6952416,-0.8419067,-0.37119502,-0.04729909,-0.20740962,-0.39084074,0.12298165,0.4320369,0.32123837
25637,-4.022025,-0.22192287,-0.8364227,-0.38997933,-0.11192913,-0.11673807,0.0045006927,-0.3016413,0.07834645,0.29170394,0.26641086
25638,-7.7360888,-0.20196931,-1.8907204,-0.6766124,-0.40915772,0.088798255,-0.055890173,-0.022273691,-0.027868642,0.6482548,0.52478534
25639,-5.185259,-0.030186795,-1.1931591,-0.25218445,0.09573981,0.10270739,-0.2752327,-0.118680514,-0.29966843,0.031213224,0.12779671
25640,-5.939196,-0.0153558655,-1.2195216,-1.060255,-0.380262,0.1817091,-0.09196968,-0.39595076,0.13927206,0.54824466,0.40316546
25641,-5.8373575,-0.39055875,-0.9388856,-0.6209758,-0.5207071,-0.118824854,0.30878603,-0.4269263,0.03628438,0.6664992,0.4743628
25642,-6.114132,-0.20280297,-1.5258969,-0.48405448,-0.16042341,0.43636847,0.009405833,-0.33800992,-0.25364897,0.20853382,0.13639824
25643,-7.4348793,-0.11601919,-1.2382306,-0.8135694,-0.25999454,-0.55196154,-0.06784351,-0.08572894,0.07587581,0.34680796,0.14726892
25644,-4.890828,-0.18611743,-1.1959547,-0.58372587,0.32000068,0.025926474,-0.12844695,-0.24192193,-0.04157207,0.32533967,0.18381244
25645,-6.026858,-0.027493779,-1.1662773,-0.37935725,-0.0051407316,0.026933353,0.048157148,-0.17340629,-0.31051713,0.49516055,0.06443859
25646,-5.3101892,-0.06433954,-1.1454121,-0.7238563,-0.10550071,0.22887832,0.13522905,-0.017587192,-0.0033017676,0.70378405,0.51296055
25647,-5.7197447,-0.12446749,-1.1392761,-0.787107,-0.25085872,0.39084476,-0.11456012,-0.7073633,0.15259917,0.3516489,0.36528826
25648,-5.5354543,0.05150576,-0.8830791,-0.4077209,-0.15232277,-0.051401887,0.06651672,0.10051997,0.044766583,0.5931016,0.26099235
25649,-5.6971374,-0.12833047,-1.2353232,-0.5640127,-0.19378698,-0.17468025,0.049085174,-0.19334483,-0.08340418,0.22829774,0.42413554
25650,-5.1329265,-0.084114656,-1.4230821,-0.275419,0.22557275,0.20037238,0.051180802,-0.25537276,-0.22742756,0.03347107,-0.009325885
25651,-6.9095554,-0.06922301,-1.2587101,-1.1511142,0.20200808,0.26953036,-0.18056113,-0.7926811,0.3540482,0.3668374,-0.0591032
25652,-4.9528522,0.008547993,-1.0204984,-0.47040996,-0.17362332,0.0693443,-0.30762386,-0.10452627,0.040464535,0.56909704,0.07219267
25653,-7.4278975,0.04362382,-1.5364943,-0.7494151,-0.20905337,-0.45078772,0.1014887,0.20820805,0.120515734,0.5122436,0.76114184
25654,-5.507853,-0.29348698,-1.5591713,-1.0385224,-0.08318583,-0.22721295,-0.11599975,-0.002165175,-0.053793855,0.48572722,0.07331341
25655,-4.7642813,-0.14926535,-0.96694875,-0.71527946,-0.3056398,0.027948692,0.10418125,-0.35260308,-0.06415608,0.21165186,0.052014846
25656,-5.928523,-0.12741624,-0.98671484,-0.55980843,0.02793509,-0.052592438,0.11368548,0.04261104,-0.4222728,0.027728314,0.25087866
25657,-4.374334,-0.30086052,-0.7645786,-0.4054863,-0.036384825,0.024795862,-0.28193036,-0.503253,-0.13321367,0.5985873,0.24232839
25658,-6.1679463,-0.047409162,-1.2076284,-0.58016926,0.21259658,-0.2760883,-0.22094648,-0.28157943,0.1831738,0.30828363,0.32342106
25659,-3.5900202,-0.04323416,-0.747872,-0.23379707,0.15884773,-0.055641405,-0.107964724,-0.04237686,-0.20555031,0.23663335,0.07690274
25660,-5.3324013,0.041847773,-1.0691477,-0.4642492,-0.4254298,-0.03450072,0.16081955,0.045100912,-0.36349347,0.302215,0.19557421
25661,-6.3238163,-0.23008685,-1.3660846,-1.1856073,0.14477232,0.27693307,0.10311924,-0.53374636,0.30898276,0.6228798,0.3924991
25662,-5.9511037,0.026820216,-1.4852039,-0.80348325,0.08251582,0.3468479,-0.42844388,-0.76938623,0.25325754,0.22072957,0.059673425
25663,-5.4907856,-0.25241947,-0.9092622,-0.39444593,0.0058706985,-0.053842064,-0.13024731,-0.25082952,-0.13424587,0.47724512,0.20555232
25664,-4.2980347,-0.24797793,-0.77394295,-0.38134998,-0.33190194,-0.16245344,-0.02206147,0.04463663,0.007667157,0.33301413,0.30918315
25665,-5.2920227,-0.09893715,-1.2313005,-0.36992458,-0.6145157,-0.18285595,0.25973716,-0.26593164,-0.18134005,0.7433285,0.61330605
25666,-5.7440834,-0.17082897,-0.7857153,-0.7226818,-0.2584519,-0.0196944,-0.24229793,-0.4222321,0.117894255,0.40329066,0.55414176
25667,-6.428682,-0.01250581,-1.3673253,-0.7391574,-0.43729576,-0.029799372,-0.035159126,-0.18117712,-0.34498048,0.5711407,0.5616225
25668,-6.3423986,-0.052553177,-1.1564417,-0.712701,0.18441896,0.12641251,0.15835556,-0.19825937,-0.044746123,0.18416397,0.5357494
25669,-5.0053654,0.07065678,-1.0265937,-0.57440066,0.03288585,-0.16130751,-0.14206165,-0.2603023,-0.18697359,0.50393724,0.22275238
25670,-5.7663465,0.04113797,-1.0586497,-0.65930957,-0.26290414,-0.13399374,0.1827906,0.114220284,-0.18168786,0.15743184,0.46994522
25671,-5.9404316,-0.12398477,-1.1094234,-0.8200028,-0.42217615,-0.035653114,0.036264222,-0.331316,-0.2946381,0.23607697,0.43992794
25672,-6.0330005,-0.27317682,-0.886161,-0.98294955,-0.6793841,0.0025044135,-0.054543734,-0.2368183,-0.10041406,0.3733057,0.6758831
25673,-5.080811,-0.14686753,-1.1300875,-0.7541253,0.15645848,0.50335807,-0.15806505,-0.45015523,0.3775236,0.8348567,0.25884193
25674,-5.27738,-0.18697199,-1.3942451,-0.5880254,0.33014667,0.31970572,0.024397798,-0.06634351,0.29530382,0.7428074,0.11293329
25675,-4.458748,-0.087131545,-0.7997425,-0.3954707,-0.21177927,0.24413703,-0.025573347,-0.053420134,0.07946868,0.59091246,0.23980346
25676,-5.7555504,0.018007398,-1.1443106,-0.44953597,0.028642436,-0.2926463,0.117044985,-0.31506887,-0.104697585,0.15704541,0.19531922
25677,-5.0637817,-0.07825105,-0.73547214,-0.24865744,-0.23927692,-0.04165168,0.06837422,-0.1525736,-0.18710218,0.5002923,0.40162632
25678,-7.58727,-0.6294734,-1.3046473,-0.8921684,-0.63091946,0.4299882,0.5966451,-0.13024326,0.011446543,0.67904043,1.0768857
25679,-5.932201,-0.33092344,-1.5412621,-0.2116626,0.17615494,-0.11842999,-0.30764487,0.31273523,-0.2096848,0.26910526,0.1660366
25680,-4.7010684,0.095282786,-0.95491654,-0.4402838,-0.19806634,-0.028053515,0.03508875,-0.11657118,-0.08021799,0.32840687,0.12892705
25681,-5.546492,-0.04958871,-1.0009987,-0.5990977,-0.19356965,0.1712414,0.09083191,-0.32290843,0.061288014,0.5581083,0.39759284
25682,-5.6315374,0.032151353,-1.050207,-0.65272605,-0.058543503,-0.2864015,0.21337117,-0.27139354,0.15647437,0.37440172,0.5392225
25683,-4.8526654,-0.33298713,-0.7741484,-0.62614024,-0.41713232,0.1678438,0.09947265,-0.3384492,-0.0015447624,0.16304976,0.42620814
25684,-4.805409,-0.32299066,-0.8813634,-0.62576276,-0.3779781,-0.2285433,0.06799073,-0.19426303,0.18860197,0.41437533,0.4064528
25685,-4.8857183,0.047008332,-1.0394982,-0.3663378,0.11446944,0.43704218,-0.16414502,-0.07160162,0.06980483,0.23935021,0.2579972
25686,-5.4655414,-0.088966794,-0.9412018,-0.6603343,-0.01318978,0.29825485,0.07402935,-0.16054155,0.006606224,0.4621984,0.39543077
25687,-8.195378,0.34258628,-1.5502204,-0.7648543,-0.25181693,0.0018544472,-0.48586285,-0.53840345,0.06440983,0.20420387,0.23174538
25688,-5.7308087,-0.021592721,-0.93337256,-0.29243585,0.10640601,-0.23402661,0.025866643,0.2892457,-0.18192077,0.5538784,0.44603834
25689,-8.076571,-0.18392883,-1.8770021,-1.2962359,-0.3115017,-0.0072657,-0.44016856,-0.15336454,-0.2027926,0.7730852,0.21461795
25690,-5.2442303,-0.04859938,-0.8650905,-0.31525087,-0.17951113,-0.15389597,0.13911821,0.0018859906,-0.10668877,0.53017485,0.28657585
25691,-6.4480004,-0.2365362,-1.1426764,-0.46452665,0.5173683,-0.06672854,-0.04348566,-0.07822626,-0.22229354,0.73362345,0.5359549
25692,-4.6030293,-0.29062197,-0.95530516,-0.5187315,0.23118791,0.15702064,0.018180229,-0.6575222,0.15972263,0.44740236,0.2744145
25693,-7.120144,-0.08401598,-1.318526,-1.0702372,-0.082753785,0.1202736,-0.12876417,-0.80673975,-0.13360937,1.0114794,0.22052547
25694,-6.3781404,-0.26477093,-1.414768,-0.8185377,-0.03185024,-7.677544e-05,-0.13228576,0.107009895,0.10534378,1.0884389,0.056488946
25695,-6.3064737,-0.20941785,-1.3630581,-0.47343963,0.06214736,0.46207815,-0.33873487,-0.55335844,0.18037598,0.5429376,0.11251435
25696,-5.5839357,-0.032995768,-1.1553577,-0.7010564,-0.0076586907,0.24114653,-0.23960851,-0.29690295,0.15755467,0.442178,0.16936196
25697,-4.961815,-0.1897868,-0.46500307,-0.57045907,-0.3885946,0.05490707,-0.19679233,-0.6877886,-0.33232453,0.038116343,0.1993502
25698,-4.723459,-0.18982677,-1.152735,-0.63589716,0.11033125,0.091584034,0.18400182,-0.25846243,-0.080500446,0.22150081,0.46083882
25699,-9.016294,0.04147615,-1.5284474,-0.9700856,-0.68696827,-0.38903975,0.17539746,0.13042676,-0.4794045,0.35010684,0.98240113
25700,-6.204162,-0.18563531,-1.0446026,-0.71792674,-0.3321301,0.3707158,-0.26572344,-0.00030841026,0.29665372,0.63487923,0.5305543
25701,-6.65293,-0.1730329,-0.93608946,-1.1106745,-0.65448767,-0.17794912,-0.08022912,-0.52142954,0.16300678,0.30273288,0.88289356
25702,-5.6980515,-0.19302568,-1.2660259,-0.40816963,-0.03726643,-0.12835616,-0.15910944,-0.25319323,-0.19763929,1.047576,0.29934245
25703,-4.547025,-0.052601434,-0.75455487,-0.4091433,0.2405914,-0.103257634,-0.26172352,-0.20378907,-0.132659,0.1381111,0.27277422
25704,-5.0391517,0.066035025,-0.94281477,-0.5877989,-0.11862936,0.15425196,-0.03895337,0.048579663,0.027440064,0.37741235,0.31242934
25705,-6.607102,0.019689284,-1.1308849,-0.5442089,-0.16411543,-0.0075984346,0.14508624,-0.25953954,-0.23757969,0.6894493,0.21876594
25706,-6.956379,-0.19790012,-0.78490007,-1.0243961,-0.42357856,-0.07654662,-0.12820993,-0.573032,0.08341,0.44683704,0.1634889
25707,-4.9038386,-0.082015686,-0.8549472,-0.5860286,-0.24012353,-0.19724524,0.13979474,-0.058199167,-0.14409676,0.25946304,0.505875
25708,-5.289293,-0.077750854,-0.5697233,-0.6809253,-0.2647305,0.036648437,0.12482403,-0.2771534,-0.17071003,-0.026991945,0.49062794
25709,-4.5078273,-0.09055206,-0.8403094,-0.5552184,-0.29956883,-0.13659549,0.45135784,-0.4057617,-0.045292884,0.4022484,0.30570763
25710,-6.0087523,-0.5399824,-1.2252306,-1.0124711,-0.059369706,-0.2005214,-0.06671015,-0.18091248,0.33886498,0.94769037,0.14743322
25711,-7.370108,-0.16655934,-1.7295896,-0.7894097,-0.054683328,-0.25295836,-0.01069305,0.086126946,-0.02191461,0.105993085,0.67694587
25712,-5.483149,0.017371424,-0.8391339,-1.0060227,-0.18544474,-0.08239597,0.49908885,0.11535601,0.11713621,0.9024497,0.34291753
25713,-7.107637,-0.34500137,-1.1971909,-0.76771265,-0.12677154,0.09862682,0.012245853,-0.6604151,0.294391,0.87906444,0.58598554
25714,-4.3372974,-0.068348184,-0.7051538,-0.415492,-0.26167446,-0.091043666,0.07279216,-0.32990566,-0.050926402,0.339215,0.5171255
25715,-4.9277635,-0.25836203,-0.9318465,-0.7487968,0.013092226,0.3757187,0.09808962,-0.0390122,0.041279875,0.2314733,0.24792948
25716,-5.6824627,0.064307466,-0.86582845,-0.2759066,-0.019445574,-0.4636513,-0.16154024,-0.34207335,-0.3726672,0.16335765,0.29841918
25717,-3.4324088,-0.105575345,-0.7236261,-0.49957728,-0.13298751,-0.017650288,0.03311561,0.020988807,0.0449193,0.49679187,0.067463785
25718,-5.0880656,-0.0767986,-0.9188095,-0.75477237,0.30277976,0.021718357,-0.11109193,-0.38798422,0.11721147,0.1723769,0.035178013
25719,-5.3405066,0.062921025,-0.988265,-0.7788607,-0.41107607,-0.14344746,0.11164174,-0.34373763,-0.09601726,0.499396,0.42086443
25720,-4.5116777,-0.060304824,-0.87742317,-0.6463744,-0.39268243,-0.32908374,-0.062407613,-0.21535408,-0.026000442,0.67209584,0.3586886
25721,-6.2116733,-0.38896132,-0.969245,-0.6451186,-0.056781203,0.038959324,0.07661781,-0.24926117,-0.24460725,0.16020827,-0.07973326
25722,-6.2187405,0.1403627,-1.0496471,-0.7217027,-0.18143466,0.2743736,0.17163053,-0.57386357,0.039592735,0.2152632,0.35693383
25723,-4.1478868,-0.1362801,-0.9469742,-0.62621903,-0.081463754,0.17094268,-0.074308254,-0.35194537,0.27958423,0.50124264,0.30321118
25724,-5.954504,-0.5186205,-1.3989992,-0.5121162,-0.103976905,0.31331557,-0.07835608,-0.25247544,-0.01712278,0.4937169,0.24504855
25725,-5.1092825,-0.030272253,-1.2088325,-0.25455356,0.24212688,0.2629962,-0.22044694,0.057708584,0.01978067,0.17052296,-0.06386227
25726,-4.8324046,-0.22950083,-0.92151034,-0.38627145,-0.0694567,0.06445579,-0.17446765,-0.15852433,-0.15915486,0.6147254,0.047830094
25727,-4.0053015,-0.0144634945,-0.75179774,-0.23022453,-0.0033032824,-0.20027155,-0.046800654,-0.1969805,-0.14201368,0.51755226,0.22069713
25728,-5.421848,0.15151532,-1.1085134,-0.5666514,-0.04447238,0.057098705,0.18396452,-0.43903074,0.16337255,0.525637,0.32743564
25729,-4.626295,0.04713384,-0.82060975,-0.68415064,-0.082273155,0.027461847,-0.033833086,-0.23929404,-0.040542565,0.47113398,0.569081
25730,-5.599267,-0.017010137,-1.2543296,-0.5582186,0.12899767,0.30100018,-0.2543538,-0.3741824,0.07058001,0.50910383,0.26713207
25731,-4.7836986,0.008151338,-0.81251353,-0.40023783,-0.1290703,0.10966417,0.11825036,-0.3466312,-0.18384908,0.34011018,0.26736784
25732,-5.2955356,-0.25246742,-0.75714344,-0.39525452,-0.46680105,-0.013639767,0.11453442,-0.46078706,-0.20113479,0.11874735,0.68628055
25733,-6.5563684,-0.14422928,-1.4297577,-0.6961946,-0.06751139,0.39774948,-0.19407178,-0.6946293,0.057061076,0.24956864,0.45475394
25734,-6.948251,0.2831832,-1.4337395,-0.97878575,0.03559336,0.08344911,-0.2958352,-0.39390507,0.004229977,0.55849046,0.23304711
25735,-4.573619,-0.18455371,-0.9746401,-0.24930042,-0.008972747,0.24826857,0.061651,0.15214507,0.024302075,0.64389044,0.25799996
25736,-8.335108,-0.05495314,-1.5801239,-0.44852048,0.13994364,0.20745948,0.008820614,-0.06399945,-0.14192306,0.41267487,0.4905573
25737,-5.6287494,-0.2792416,-0.92160225,-0.89525527,-0.20057058,0.23788989,0.027411375,-0.27133206,0.1452026,0.4341082,0.384647
25738,-6.006689,0.08470637,-1.2469696,-0.9062708,-0.1912912,-0.14610131,-0.09023075,-0.17630862,-0.17353706,0.28216037,0.28389555
25739,-5.668607,0.09606494,-0.905925,-0.59251857,-0.10616789,0.21273734,0.07713882,-0.583046,0.04985992,0.20805793,0.23482066
25740,-3.8292575,-0.15574303,-0.8063287,-0.52383804,-0.16438109,0.09297384,0.17022003,-0.32959074,-0.06979901,0.3067017,0.27174637
25741,-5.872671,-0.3828359,-1.0433978,-0.78482574,-0.24927098,0.18831612,0.088251404,-0.587468,0.17128807,0.5641485,0.13311142
25742,-7.0590324,-0.247202,-1.0841831,-0.9079896,-0.5593818,0.1085943,0.29000327,-0.054848157,-0.10223497,0.9749009,0.76757413
25743,-5.7519035,-0.22816397,-0.92568535,-0.54122883,-0.39490372,-0.08485724,0.28492716,-0.27770096,-0.28599057,0.54342246,0.15425655
25744,-6.210987,-0.3868894,-1.3249379,-0.7278053,0.53689164,-0.10572853,-0.53153247,-0.017694565,0.07437252,0.42451647,0.10102084
25745,-4.239528,-0.33312824,-0.9797903,-0.4990573,-0.31742188,-0.25630206,0.24475572,-0.17183483,-0.2979352,0.3570249,0.52568567
25746,-4.911284,-0.10487428,-1.1182336,-0.7724736,0.19467688,0.08625882,-0.23244177,-0.45501208,-0.021995021,0.4694101,-0.0045127934
25747,-5.0975323,-0.30898392,-1.1277807,-0.8038443,-0.18303883,0.27872574,-0.016156267,-0.19700646,0.18754807,0.6942386,0.28970346
25748,-5.069888,-0.31642866,-1.042556,-0.45768052,0.13718113,-0.24781515,-0.096615024,0.11905884,-0.0845335,0.7098754,0.06957105
25749,-5.3695073,-0.34582984,-1.3513726,-0.8496832,0.31799832,0.12313469,-0.25956553,-0.23872776,0.2316196,0.499328,0.058742613
25750,-7.2739773,0.25149193,-1.2946894,-0.27850822,0.28292614,-0.39565194,-0.00087154936,-0.15705115,-0.2125373,-0.19522804,0.2928348
25751,-6.5951376,0.010087701,-1.0265042,-0.41030818,-0.061179735,-0.70793325,0.019984022,0.12040287,-0.4825898,0.33278963,0.18364386
25752,-6.3900237,0.13058716,-1.3463305,-0.6258696,0.1559231,-0.2230951,-0.14713958,0.08548369,-0.29418555,0.10716539,-0.08415796
25753,-4.803648,-0.15689963,-0.8129141,-0.46084875,0.06752918,-0.08142264,-0.045211468,0.12179137,-0.08502952,0.3088974,0.24970554
25754,-5.1833735,-0.15148866,-0.7261922,-0.37907663,-0.37616414,0.010845897,0.034648623,0.00990324,-0.16073446,0.27724442,0.4553004
25755,-7.5331097,0.111088045,-1.6679603,-0.4936967,0.5027551,0.20952459,-0.69340706,-0.2764464,0.113042876,0.50111955,-0.42181134
25756,-4.072992,-0.05984656,-0.85309124,-0.5289873,-0.14254996,0.12610552,-0.063889116,0.12972617,0.041152623,0.5069414,0.2926846
25757,-5.6046653,-0.28378707,-1.0420486,-0.89238584,-0.29884166,-0.1487364,0.4128894,0.2015936,0.18935946,0.6050385,0.47531977
25758,-5.844721,-0.26248875,-1.4466451,-0.61212087,-0.16319253,0.06855955,0.10293352,0.14800441,-0.16819239,0.70072424,0.40347585
25759,-5.7910457,-0.564344,-1.0449643,-0.4081812,-0.27484155,0.38451278,-0.17915379,-0.3150188,-0.0798538,0.19155948,0.45760003
25760,-4.9140964,-0.2766197,-0.8142868,-0.44736964,-0.54920775,-0.10176718,0.072804645,-0.3945038,-0.12750034,0.26229385,0.45811093
25761,-5.636218,-0.116398826,-1.1143252,-0.6632671,-0.1819711,-0.16738798,0.0006217873,0.007034133,0.104967564,0.409383,0.23989868
25762,-4.0268307,0.078543454,-0.7135016,-0.4283439,0.011240511,-0.04325458,0.24696739,0.07404726,-8.838251e-05,0.038987633,0.24351797
25763,-8.214173,-0.13369218,-1.8413875,-0.37726468,0.24755894,0.033852004,-0.3004717,0.18126398,0.0409606,0.29393584,0.34467643
25764,-5.5095873,-0.19538033,-1.0013258,-0.7739284,0.10753322,-0.014399884,-0.2601251,-0.18855877,-0.18243138,0.28104904,0.2604851
25765,-6.2930284,-0.3460844,-1.4054167,-0.48929858,0.074663065,0.4666522,-0.026008107,-0.20748918,0.2189115,0.3356695,0.05462708
25766,-6.7423472,0.08698851,-1.0744904,-0.5497652,-0.13909741,-0.04476456,0.17749585,-0.16499323,-0.3904404,0.07244106,0.11394964
25767,-5.2113457,0.121949315,-1.2401083,-0.4264617,-0.21583505,0.12708515,0.09094237,-0.18579361,-0.14696856,0.44093525,0.26716098
25768,-5.976333,-0.19872482,-1.2153496,-0.6475692,-0.062491477,0.24863666,0.22888978,-0.26216263,-0.41026002,0.6692144,0.5916152
25769,-4.7188716,0.017009187,-0.8564582,-0.43728217,0.031890273,-0.093774706,-0.04709615,-0.30511868,-0.09240933,0.31808025,-0.16838214
25770,-5.735922,-0.032772858,-0.9388348,-0.5285608,-0.14999177,-0.2853076,-0.2078832,-0.33950672,-0.1810164,0.47380805,0.21882996
25771,-5.3852053,-0.15298651,-0.9209528,-0.6671579,-0.103773065,-0.073910244,0.18301196,0.00877173,-0.11732881,0.40711814,0.47902873
25772,-5.128224,0.12722945,-1.3731819,-0.68491703,0.15199451,0.24489608,-0.2990161,-0.55682164,0.03230361,0.27234527,0.26623246
25773,-6.1387796,-0.29283336,-1.0968717,-0.39433616,0.09373272,-0.47713733,-0.21028443,-0.5664767,-0.11159451,0.15002146,0.6870861
25774,-6.911674,-0.24180208,-1.4535857,-0.88066494,-0.13048215,0.014010753,0.09969397,-0.20595755,-0.103079334,0.91194075,0.5169699
25775,-5.7814984,-0.21085154,-0.8167325,-0.5817361,0.013402481,0.120767206,-0.4092632,-0.4158689,-0.19490986,0.20385247,0.22228524
25776,-7.364691,-0.23806566,-1.2433739,-0.6542254,-0.28705397,0.3238796,0.14819242,0.27277803,-0.14587191,0.50945294,0.40270618
25777,-4.9590254,-0.379915,-1.2385525,-0.3872172,0.25430968,-0.12123303,-0.014887686,-0.06857986,0.071816996,0.51711744,0.25490335
25778,-4.967886,-0.096246555,-1.0388325,-0.5326303,0.061230578,0.027824072,0.0019452525,-0.3834774,0.023808904,0.45218045,0.11310457
25779,-5.815905,0.28706902,-1.3414252,-0.7594804,0.11189081,0.21394457,-0.04812321,-0.7601322,0.010710036,0.22036603,0.31382328
25780,-3.926002,-0.28910026,-0.92042303,-0.3254168,-0.113337755,0.22152324,0.24893175,0.15613163,-0.039747156,0.2832003,0.3934411
25781,-6.391134,-0.33015725,-1.2801867,-0.76308435,-0.33397585,-0.42894304,0.12852968,-0.10128686,-0.26371497,0.3429026,0.445953
25782,-5.3389897,-0.04478983,-1.2792473,-0.5878387,0.4102721,-0.00058306474,-0.103442945,-0.24232844,0.24153566,0.32580197,0.21398176
25783,-5.7100744,-0.20391005,-1.1636825,-0.77574676,0.34460333,0.41401023,0.16328458,-0.11760699,0.5037477,0.8448249,0.3858649
25784,-4.2866015,0.041373484,-1.0517851,-0.47390285,0.027622748,-0.077453636,-0.09100882,-0.2560665,-0.09292605,0.55437887,-0.06876333
25785,-6.549414,-0.21142736,-1.4984381,-0.74043757,-0.1947851,0.044664305,-0.13565841,-0.7512093,0.21038722,0.21337968,0.3620508
25786,-4.28823,-0.1940634,-0.95606726,-0.5715373,-0.26273116,0.27672625,-0.08568239,-0.31362435,0.03586725,0.47590005,0.25790632
25787,-6.878981,-0.09851583,-1.2563921,-0.63872075,0.0023623123,-0.2830838,0.38027892,-0.0909994,0.07542297,0.616479,0.029501535
25788,-5.8922424,-0.015016961,-1.0768126,-0.4071779,0.061626412,0.057929378,-0.17096952,-0.08948699,-0.19166689,0.8411896,0.29550758
25789,-4.9178443,-0.07432128,-1.1396778,-0.5103978,-0.25506693,-0.000268952,0.08357775,-0.35318282,-0.12005545,0.57601184,0.2753364
25790,-6.3963933,-0.430759,-1.2066779,-0.6915019,-0.42221504,0.19751929,0.12671484,0.094964385,-0.31332567,0.44215208,0.6534422
25791,-5.2587085,-0.30609486,-1.1211087,-0.52323675,-0.35224214,-0.13805611,-0.024246197,0.163944,-0.15257163,0.56722367,0.19421034
25792,-5.6612,-0.2228047,-1.463244,-0.3904995,0.22879402,0.40062606,-0.055680916,-0.31936276,0.070383705,0.110862605,0.28526503
25793,-5.576878,-0.26441988,-0.8364534,-0.33326316,-0.31967407,-0.081916995,-0.0041196523,-0.26595297,-0.15620343,0.25649938,0.20599237
25794,-5.975671,0.025456186,-1.2529987,-0.937446,-0.17407614,-0.1226068,-0.13556713,-0.15473694,-0.22932062,0.74126285,0.20195729
25795,-5.554247,-0.41930443,-0.8985086,-0.6141389,-0.31608346,0.33155656,-0.15975818,-0.23426293,0.046594873,0.5449299,0.65216875
25796,-6.26147,-0.15277071,-1.1859635,-0.3750784,-0.4407409,-0.18257366,0.23792307,-0.42932084,-0.4584614,0.28036252,0.38931465
25797,-4.132774,0.0620477,-0.7843861,-0.46091685,-0.03318299,-0.04363438,-0.08379519,-0.49737707,-0.27594203,0.53652114,-0.05102077
25798,-5.6836433,-0.13727297,-1.0529836,-0.613158,0.058620352,-0.030203175,-0.021682553,-0.115092866,-0.037034184,0.21753904,0.15500785
25799,-6.44588,0.08276095,-0.9554548,-0.49908066,-0.50840825,0.11657526,-0.050769683,-0.35293886,-0.12582563,0.47188053,0.21001063
25800,-5.5593596,-0.20365591,-1.5172125,-0.6195519,0.21224363,0.020205034,-0.34050488,-0.13659564,-0.023607032,-0.08463051,0.43253624
25801,-4.7668023,-0.21450391,-0.81544536,-0.27299285,-0.030839114,-0.07174852,-0.15897919,-0.17580052,-0.3546987,0.5816048,0.16970952
25802,-7.9912133,-0.2931558,-1.4019765,-0.8053771,-0.08510134,0.10141195,-0.65197444,-0.40278566,-0.15050983,0.25492668,0.1117796
25803,-5.4883657,-0.1597623,-0.9870207,-0.66511744,-0.20830937,-0.16244087,-0.18225804,-0.057704315,0.06212624,0.8138548,0.2833817
25804,-5.752526,-0.05716769,-1.3670219,-0.8600697,0.15282935,-0.08319675,0.0007991167,-0.41642123,0.19488949,0.40249664,0.12918212
25805,-5.862229,-0.19190279,-1.0870306,-0.3911594,-0.16697185,-0.4421572,0.1904872,0.3267567,-0.36056888,0.14197725,0.279074
25806,-7.038779,-0.3165517,-1.2355943,-1.1772356,-1.0057222,0.49739748,0.34928048,-0.5593705,0.06725739,0.52107877,0.5077645
25807,-6.9317193,-0.2939934,-1.2784545,-0.30934304,-0.5492074,0.3265329,-0.17786276,-0.12420014,0.15235284,0.55517644,0.41490507
25808,-6.5851154,-0.17915411,-1.533482,-0.75851375,0.28696927,0.19855198,-0.2775287,-0.38174197,0.13100468,0.54202497,-0.25772002
25809,-8.178956,-0.077849835,-1.3993216,-0.69473594,-0.0924566,0.0940531,-0.3359631,-0.19059671,-0.018322846,0.41901368,0.31611747
25810,-4.517342,-0.010869752,-0.7642803,-0.35594538,0.050100427,-0.15889333,-0.074170105,-0.18873614,-0.18833756,0.37146735,0.015066429
25811,-5.8126664,-0.056241352,-0.9173449,-0.7142558,-0.46862894,0.13583688,0.43644342,-0.4450972,-0.06807775,0.29254213,0.34020305
25812,-5.9118066,-0.13065979,-0.88423765,-0.58795786,-0.30991533,-0.05754316,0.30282828,-0.16384017,-0.30565807,-0.043600596,0.40522316
25813,-6.2844872,-0.24508001,-0.989848,-0.7502472,-0.21558467,-0.09798538,0.20255782,-0.5704049,0.073069766,0.48178762,0.6134361
25814,-4.923176,-0.24289446,-1.0237939,-0.21203332,-0.3599996,-0.052882124,-0.07486696,0.030389175,-0.16671345,0.4611394,0.40799934
25815,-5.0620923,0.13816817,-0.84970003,-0.58492714,0.07823697,-0.37591434,-0.21863289,-0.17306122,-0.21054654,0.40399337,0.14282355
25816,-6.5456996,-0.24177794,-1.6516241,-1.1511312,0.23895204,-0.22138655,-0.4918402,-0.05874393,0.2991805,0.3473268,0.023651512
25817,-4.4508843,-0.06837073,-0.8158438,-0.29159376,0.09016109,-0.07184203,0.03461786,-0.18172324,-0.14450663,0.26286873,0.4182803
25818,-7.392422,-0.16610122,-1.2374301,-0.84661114,-0.20586437,0.1377901,0.20892856,-0.40043226,-0.54537725,0.47170568,0.36266434
25819,-8.948856,-0.19956039,-1.4632664,-0.88293695,0.47165012,-0.41200334,-0.4399772,-0.6887897,0.32445687,0.060149685,0.60528606
25820,-4.815739,-0.37063417,-0.7626594,-0.34973615,0.017015358,0.22211157,0.12230232,-0.32740298,-0.02871163,0.3278543,0.64252114
25821,-7.3972864,0.017869188,-1.9182934,-0.439841,-0.038187116,0.15838498,0.12564945,0.039953046,-0.07555431,0.08756868,0.62402916
25822,-4.5356097,-0.048958182,-0.8512463,-0.3590687,0.02033717,0.017692149,-0.1871336,0.07578382,-0.17611308,0.3180018,-0.07391489
25823,-5.7860737,0.36412722,-1.2362429,-0.37428495,0.10184638,0.36419976,-0.07980425,-0.37092414,-0.04355558,0.44701117,0.13642778
25824,-4.5827875,0.13045445,-0.93279785,-0.24299243,0.09090281,-0.25743127,-0.11533626,0.13615276,-0.2345569,0.23924364,0.09462939
25825,-5.1225724,-0.17143807,-1.0066937,-0.44405666,-0.08257452,0.13326892,-0.16778027,-0.074351445,-0.032905012,0.41320753,0.21784773
25826,-5.181299,-0.42075285,-0.9550247,-0.45466587,-0.23394522,0.24415135,0.05897622,-0.35075176,-0.16749425,0.35264984,0.34533596
25827,-4.8994746,-0.41275603,-0.86851305,-0.7378422,-0.03656549,0.19814007,-0.078716435,-0.27588585,0.053681776,0.19196671,0.08655827
25828,-5.3178124,-0.32469615,-1.1874602,-0.924974,0.02103645,-0.12877788,-0.13845542,-0.16840757,0.22454615,0.59863675,0.2394581
25829,-5.483084,0.014637504,-0.79903346,-0.5356499,0.15156747,0.043185245,-0.18693382,-0.17620152,-0.18173978,0.31303868,0.12198897
25830,-7.452377,-0.1752069,-1.4507657,-0.60367227,-0.39166385,-0.08757397,0.24815013,-0.10146031,-0.59281677,0.3307913,0.805493
25831,-5.662461,0.018629735,-0.93067086,-0.772591,-0.55539316,-0.18759939,0.22337389,-0.32485238,-0.25093326,0.3808122,0.38380373
25832,-5.543284,0.106933214,-0.95005584,-0.23268902,0.052524764,-0.124890506,0.15704207,0.13433531,0.008730929,0.50168437,0.20397972
25833,-6.6122336,-0.072046064,-0.7679881,-0.6217095,0.1236279,-0.0493646,0.026541956,-0.33654234,-0.19159482,0.9674493,0.37647632
25834,-5.9377084,-0.15750344,-1.2934443,-0.9201711,-0.2805412,-0.13273369,-0.025142923,-0.2772742,0.05664417,0.54634,0.565299
25835,-6.1387444,-0.2993591,-1.4261928,-0.75471413,0.14408568,-0.022395624,-0.3984543,-0.05230681,0.19385415,0.37193054,0.009073364
25836,-4.290246,0.13285117,-0.80129457,-0.35849068,-0.28564233,-0.036869664,-0.021244891,0.17104983,-0.15283744,0.3297632,0.351206
25837,-4.0374026,-0.12975737,-0.8731548,-0.5366539,-0.10440561,-0.18152127,0.2989803,0.08139215,-0.07327666,0.2684708,0.26584777
25838,-5.668003,-0.058628898,-1.1986382,-0.5715643,-0.19617245,0.39129525,-0.024182532,-0.2759185,-0.037759505,0.37007046,0.13435395
25839,-6.0344887,-0.050655708,-0.91416293,-0.6001274,-0.031363927,0.35859358,-0.02979412,0.1675979,-0.14838703,0.503039,0.27765718
25840,-4.8915086,-0.25993386,-1.0795283,-0.73352027,-0.32949755,0.08132657,0.3998163,-0.101912156,0.09138775,0.44531307,0.6344755
25841,-6.5420275,0.04700454,-1.0343878,-0.9655022,-0.10032574,0.07807091,0.0647179,-0.39710552,0.09456781,0.170411,0.42376715
25842,-4.884953,-0.37664348,-1.0060817,-0.52664405,-0.5664148,0.16733906,0.070077464,-0.009095492,0.14816417,0.3149495,0.5130859
25843,-6.935648,-0.18553737,-1.1394641,-0.70440364,-0.01889512,0.3945254,-0.036710564,-0.19509993,-0.09589675,0.5057505,0.60928476
25844,-3.7443035,0.037230447,-0.93116564,-0.69918185,-0.02542275,0.0067575406,0.18168731,-0.28699896,-0.0793126,0.37476316,0.16071256
25845,-4.9197903,0.011394951,-1.0235319,-0.48777458,-0.034358013,0.12048506,-0.062432386,-0.39110518,0.018518107,0.23011401,0.21042413
25846,-5.9982376,-0.29791206,-1.1155112,-0.85351676,0.21345894,-0.059481815,-0.14649403,-0.047430716,0.07401924,0.69975036,0.14930868
25847,-6.041272,0.020854281,-1.2908518,-0.6738395,0.31886473,0.3835314,-0.13239726,-0.6407986,0.18318927,0.49553004,0.0433144
25848,-5.7619367,-0.20474079,-0.80326456,-0.25879523,0.13675627,-0.26119703,-0.68294394,-0.17230673,-0.40811816,0.24933311,0.059338987
25849,-6.306707,-0.3244844,-1.1534108,-1.0370235,-0.33786058,0.036701716,-0.035751224,0.026228167,0.061619684,0.49642065,0.5255819
25850,-4.1821766,-0.15952371,-0.89779276,-0.24244905,-0.11439607,0.15755545,-0.08341301,0.01809076,-0.12965289,0.27142313,0.14205992
25851,-6.9536657,-0.3161785,-1.1769463,-0.9158658,-0.14664307,0.069332734,0.099347,-0.645037,-0.003971556,0.5073344,0.5578758
25852,-5.9296403,-0.16840214,-1.1641339,-0.6381804,0.05566447,-0.15039478,-0.07669903,-0.24991155,-0.0078550335,0.5630536,0.29115546
25853,-6.4037237,-0.081275694,-1.2396948,-0.59167904,0.14445883,0.14074023,-0.09126689,-0.16775873,0.045929335,0.39143223,0.3780496
25854,-6.2610073,-0.24574326,-1.1203752,-0.43028894,-0.20915724,0.47282624,-0.23923108,-0.56187224,-0.09862546,0.2397431,0.17106198
25855,-6.3307533,-0.09755072,-1.0376056,-1.0250878,0.030926228,-0.099947564,0.0036122561,0.10020538,0.13440199,0.38557443,0.39106354
25856,-7.2216454,0.015033305,-1.3932719,-0.6869632,0.36692733,-0.17696624,0.10688164,-0.10202893,-0.16674607,0.20679466,0.11874299
25857,-5.2002454,-0.09712178,-1.1425374,-0.7341095,0.016530158,0.42015362,0.17293468,-0.09495159,-0.037673958,-0.028294928,0.5441644
25858,-7.056199,-0.12056404,-1.0007535,-0.64926034,-0.100161955,0.009479407,0.13891348,0.16837728,-0.25283903,0.31632993,0.44012806
25859,-4.750178,-0.070619114,-1.1888983,-0.24447751,0.035012204,0.079137966,0.09752846,-0.21506153,-0.28545728,0.04774054,0.21280928
25860,-6.226512,-0.11918095,-1.7247225,-0.38249734,-0.17124468,0.049872905,-0.26547563,-0.096516415,-0.40565243,0.6765101,0.23374553
25861,-7.2959185,0.042767566,-1.6532154,-0.66683334,-0.39894465,-0.2112769,-0.16330084,0.31591797,-0.4890414,0.27368766,0.51464295
25862,-7.842474,-0.1718231,-1.6389399,-1.053988,0.26273406,-0.060013212,-0.047104534,0.005609704,0.04466618,0.44902658,0.28839856
25863,-5.5690775,-0.15899858,-1.4449806,-0.47003844,0.0017350283,-0.12849149,-0.13539098,0.22946124,-0.20445287,0.47018483,-0.0099086715
25864,-5.9226103,-0.3180212,-1.3964077,-0.7325853,-0.45882022,-0.29436123,0.018668443,-0.16183142,0.00052195136,0.5665911,0.9445837
25865,-3.7655287,-0.009945366,-0.67502505,-0.6407753,-0.08084143,-0.08812028,0.12130007,-0.21721426,0.10439326,0.095067576,0.3132596
25866,-6.3059983,-0.5400512,-1.2024646,-0.96885335,-0.22976544,0.007144896,0.19980207,0.0668637,0.03813175,0.7262604,0.5605926
25867,-6.624365,0.13453454,-1.3488426,-0.547293,0.3429738,0.22806297,-0.12400404,-0.32326314,-0.15664841,0.20940511,0.04990101
25868,-6.018721,-0.22910818,-1.4187065,-0.9507755,0.43473142,0.34503275,-0.20924553,-0.9209022,0.34240833,0.25183207,0.23527174
25869,-6.196418,-0.1870757,-1.1112506,-0.36569566,0.24234375,-0.10611475,-0.28094202,-0.36226594,-0.21188268,0.5579902,0.13725565
25870,-5.0151076,-0.24153407,-1.0682299,-0.5148336,-0.37499815,0.26158166,-0.030607287,-0.1874134,0.21895778,0.5097575,0.122344434
25871,-4.843481,-0.40530422,-1.044723,-0.5578119,0.044638395,0.06881333,-0.18580326,-0.22273302,-0.1555219,0.28766546,0.2075387
25872,-6.0889063,-0.31503657,-1.3172008,-1.0650622,-0.5118413,-0.32289267,0.13799483,-0.38873717,0.1872424,0.38798508,0.64548475
25873,-6.2195573,-0.2616048,-0.88776004,-0.63422734,-0.01319504,0.05993909,-0.18285164,-0.44365537,0.09076261,0.63450414,0.17310168
25874,-5.861736,-0.13632411,-0.75633746,-0.35669267,-0.013986813,-0.15519628,0.06581173,0.16447505,-0.10570114,0.5927869,0.42929775
25875,-5.6318703,0.021399688,-1.0404414,-0.41371915,-0.019541154,0.08090656,0.15476954,-0.3077984,-0.085925564,0.43883154,0.4080172
25876,-4.9498405,-0.09083524,-0.95914483,-0.33793363,-0.5201406,-0.089981444,0.11045142,-0.34581277,-0.07802461,0.1923698,0.2102475
25877,-5.805584,0.11329773,-1.6444055,-1.1176277,-0.3871722,0.09140309,0.36381504,-0.2617741,-0.13598357,0.7017912,0.6855749
25878,-5.1880894,-0.32246658,-1.0648768,-0.5321508,-0.14122261,-0.17566222,0.071587734,0.043440133,-0.0035043582,0.51833093,-0.09726903
25879,-5.236931,-0.28293622,-1.0563254,-0.7955701,-0.20278889,-0.2676512,0.017588051,-0.3993688,0.04958924,0.46247837,0.38637713
25880,-6.2492366,-0.16114762,-1.449425,-0.89584863,-0.2606376,0.10958483,-0.20776722,-0.21806175,0.49031737,0.5596894,0.22434355
25881,-6.4480457,-0.10950112,-1.115488,-0.20384963,-0.7500348,0.4229681,-0.25792292,0.048166618,0.06718813,0.51129156,0.4642455
25882,-5.5000877,0.12057306,-0.975443,-0.29228213,-0.05729717,-0.025850732,-0.06504639,0.27843097,-0.25261697,0.4278416,0.33918184
25883,-6.64114,0.23431201,-1.3726208,-0.5211116,-0.15162106,0.11420258,-0.013589776,-0.37083662,-0.3031525,0.09736561,0.18491934
25884,-5.9122443,-0.36820522,-0.6983397,-0.8605022,-0.41741118,-0.20574501,-0.10102691,-0.18633904,0.19072874,0.5187833,0.86599976
25885,-6.149758,-0.20403391,-1.2944478,-0.80973005,-0.13747747,-0.04534468,-0.012287439,-0.058450736,-0.01615485,0.59844613,0.07280373
25886,-6.0091195,-0.28730226,-1.1602554,-0.7929796,0.112889275,0.12662157,-0.18809709,-0.07985486,0.36634874,0.5510275,0.53647816
25887,-4.953014,-0.23618452,-0.6202437,-0.3813419,-0.3212078,-0.122994244,0.35219052,0.06303663,-0.28192884,0.4521024,0.4526317
25888,-5.019793,0.057165038,-1.1294202,-0.5442815,-0.092418574,-0.014896208,-0.15097718,-0.21796265,-0.041358143,0.73476654,0.33840293
25889,-6.001835,-0.042419024,-1.1569535,-0.3516986,-0.047356904,-0.33827698,-0.07034846,-0.10572112,-0.49023533,0.35175166,0.05112232
25890,-5.328127,0.0041676476,-1.0350604,-0.31372455,-0.10471583,0.109413944,-0.15842026,-0.4513252,-0.4613952,0.3219743,-0.1848843
25891,-6.749616,-0.324376,-1.048154,-1.0850295,0.06583806,0.15856196,-0.016189937,-0.2942328,0.17567128,0.65957093,0.63241756
25892,-5.990264,0.09243281,-1.1039689,-0.43096718,-0.112802684,-0.0734596,-0.14168476,0.1271865,-0.32092553,0.23487481,0.58071274
25893,-4.2777877,0.044625927,-0.5064011,-0.40772372,-0.045745764,-0.08039994,-0.08186567,-0.014255576,-0.18831941,0.31572184,0.16747043
25894,-6.7322445,0.2994583,-1.5534976,-0.6799445,-0.12635058,0.12008706,-0.08625007,-0.38323745,-0.087967746,0.3564597,0.14567482
25895,-6.572119,0.20925249,-1.4172232,-0.32176107,0.8033374,0.21278895,-0.23513125,0.4674134,-0.03174196,0.12988834,0.12672198
25896,-4.812492,-0.025956135,-1.0210932,-0.7283634,-0.15392485,0.030781893,-0.0867297,-0.24514022,0.12300143,0.614592,0.15492974
25897,-5.2188888,-0.020564508,-1.0305908,-0.6632621,-0.25738245,-0.08193909,0.17675523,-0.11654667,-0.035578646,0.24791378,0.2704747
25898,-5.5703473,-0.12243402,-1.1470729,-0.19684307,0.06385351,0.07153517,-0.034920495,-0.19433562,-0.12118347,0.062608615,0.3354582
25899,-6.337816,0.05807077,-0.9237718,-0.6474622,-0.048672628,0.026086088,-0.26190606,-0.18470114,-0.042672776,0.3468387,0.10693577
25900,-5.4489155,-0.22013141,-1.0763818,-0.81165874,-0.3561291,-0.24086042,-0.035720326,-0.3425549,0.26703593,0.46238616,0.23478924
25901,-5.2192817,-0.06166896,-1.0135885,-0.3199953,0.4475654,0.07233466,-0.16853076,0.2005505,-0.17543018,0.2920213,0.16527078
25902,-5.1815996,0.0015301565,-0.9806751,-0.43149862,-0.09764834,0.053197913,0.081586115,0.03484643,-0.23864593,0.7723193,0.37166563
25903,-6.652238,-0.10318136,-1.2530775,-0.89358985,-0.31279334,-0.034218505,-0.32302806,-0.05141662,-0.071529545,0.60257787,0.5916059
25904,-6.870982,-0.060751203,-1.4726226,-0.6765704,0.2806826,0.06554285,-0.17877227,-0.3238699,0.26045904,0.8871591,0.31565258
25905,-8.824712,-0.08090961,-1.397107,-1.0899422,-0.22432709,0.23271398,-0.24666072,-0.8262631,-0.12424007,0.038232636,0.34926757
25906,-4.968825,-0.008732987,-0.94610864,-0.74051625,-0.02154897,-0.3103798,-0.06343588,-0.11433106,0.037382375,0.4017871,0.05676065
25907,-4.310806,-0.3858585,-0.88244,-0.47692844,-0.08939714,-0.24149245,0.07414719,-0.10691116,-0.09163309,0.3336675,0.27508098
25908,-6.650605,0.20526415,-1.1134226,-0.17927758,0.34867793,-0.1462649,-0.30264282,0.0005152086,-0.1746653,0.15165147,0.07886858
25909,-7.241728,-0.12158115,-1.0009289,-0.99515903,-0.22585964,-0.07991693,-0.25111723,-0.22974251,-0.15651186,0.68973774,0.75683916
25910,-6.157287,-0.14741437,-1.6099728,-0.48065737,-0.0032340526,-0.032588653,-0.2249907,0.12436483,-0.25435567,0.25116882,0.33321604
25911,-6.5314693,-0.2190868,-1.1430202,-0.7664163,-0.44819063,0.24946739,0.34668353,-0.21402338,0.15757415,0.72194964,0.74285007
25912,-4.6475616,-0.20807289,-1.0594932,-0.58148915,0.16309032,0.24604191,-0.2255494,-0.39096904,0.20520344,0.3021974,0.11633407
25913,-5.9288645,-0.019499756,-1.1088189,-0.6209983,-0.31995207,0.17563976,0.12438439,-0.19585906,-0.08687264,0.16415185,0.50301355
25914,-6.294445,-0.07017274,-1.1366119,-0.872182,0.14790232,-0.14195685,-0.39808133,-0.21603025,0.081957795,0.45884275,0.023523308
25915,-5.5486493,-0.29075146,-0.9349292,-0.6715,-0.27079445,-0.24723648,0.18491313,-0.035228677,-0.22336455,0.6264773,0.5297195
25916,-7.767772,-0.20925605,-1.6737674,-0.96888816,-0.27041814,-0.082588054,-0.020197734,0.09263264,-0.11308555,0.82323563,0.6621162
25917,-4.575005,-0.16862455,-1.0147359,-0.61047035,0.150771,0.38170737,-0.02673392,-0.09981221,0.12836277,0.52123165,0.3327593
25918,-5.03553,-0.020970974,-1.366948,-0.47492024,-0.009663813,-0.083100334,0.042368125,0.13208593,-0.0063970946,0.29003233,0.37111637
25919,-4.9044814,-0.07935054,-0.94492334,-0.61550623,0.13574265,0.056229595,-0.16693182,-0.11100078,0.11949887,0.85701585,0.21406268
25920,-4.7021775,-0.3685167,-0.59517235,-0.37906754,-0.22174601,-0.21281296,0.27446145,0.36397398,-0.24352656,0.3219619,0.37811336
25921,-5.42468,-0.35249624,-0.9146735,-0.5242883,-0.8478747,0.04867139,0.1678202,-0.18708721,0.1995045,0.6632372,0.4567751
25922,-6.7449193,0.11457441,-1.11363,-0.6421652,0.084763974,-0.033932753,-0.06300088,0.06954935,-0.09371541,0.44344932,0.62789494
25923,-4.910922,-0.31098798,-0.6251864,-0.626216,-0.25572053,0.20945677,-0.10386995,0.32591066,0.19292915,0.7307425,0.59632725
25924,-5.4110613,-0.15643492,-0.8362187,-0.4917432,0.16789953,0.14545527,-0.14957063,-0.19345316,-0.0057596434,0.34587502,0.26691717
25925,-4.2919855,-0.1345595,-0.69344455,-0.422819,-0.44456646,0.036794636,0.1204278,-0.4923201,-0.047345586,0.4040755,0.5270815
25926,-4.8888326,-0.25758722,-1.0823283,-0.29146126,0.1482777,-0.19634764,0.01974834,0.02472822,0.028726365,0.4492799,0.15352382
25927,-5.614536,-0.11448833,-1.5298679,-0.72759885,-0.102381825,-0.10476946,0.030070275,-0.09793791,0.19567713,0.48795527,0.31076637
25928,-5.559046,-0.0048136218,-1.4015046,-0.4661137,0.50214356,0.05540206,-0.16808838,0.10742757,-0.089358635,0.099213354,0.6034667
25929,-6.3028326,-0.20608109,-1.0330371,-0.6278031,-0.7825143,-0.005497505,0.20860937,-0.26599848,-0.14362964,0.51933956,0.65042627
25930,-5.1917644,-0.09154885,-0.88726395,-0.6016757,-0.25960934,0.34565294,-0.043173715,-0.2982063,-0.0761024,0.26139602,0.2310357
25931,-5.524861,0.018044023,-1.2347871,-0.84565955,0.075568676,-0.35946012,-0.09378675,-0.07940532,-0.029464716,0.06593844,0.32083255
25932,-5.5960407,-0.1667533,-1.1547042,-0.6708333,0.35609803,-0.26176256,-0.40962395,-0.08078121,-0.052988797,0.7777346,-0.20292236
25933,-7.1352973,-0.15539631,-0.9344275,-1.0772123,-0.7314005,0.10967378,0.11911028,-0.3108367,-0.1123492,0.39848414,0.20859054
25934,-4.4157224,-0.290996,-0.679453,-0.4111926,-0.7044858,-0.0096868705,0.20299393,-0.2360295,0.032070883,0.43592826,0.46833816
25935,-7.058281,0.011911582,-1.1947465,-0.6772869,0.13471735,-0.06511092,-0.1695817,0.15432405,-0.1788713,0.111867934,0.4005591
25936,-5.120822,-0.08769876,-1.0538577,-0.724072,0.11897701,0.039175157,-0.41517273,-0.3093007,0.016263,0.668169,0.18062085
25937,-4.8845778,-0.09086598,-0.81276107,-0.7191726,0.09019282,-0.050808962,-0.14983419,-0.3018169,0.110275395,0.34442157,0.021962356
25938,-4.6636753,-0.22828953,-0.8349658,-0.59899503,-0.21946883,0.14515652,0.372117,-0.14766023,0.041763104,0.55299836,0.58173907
25939,-5.1800895,-0.22207011,-0.9535199,-0.52655065,-0.280715,-0.3173123,0.06589975,-0.408287,-0.19317533,0.234141,0.6325148
25940,-5.8251133,-0.4538455,-1.1843588,-0.7348987,-0.47224915,-0.08812714,0.25019002,-0.27332324,-0.029264113,0.35061857,0.7284453
25941,-6.0705914,-0.10593496,-1.1351615,-0.899545,-0.54662746,-0.08015687,0.2042533,-0.62324125,-0.028896904,0.43706417,0.8001221
25942,-7.2799535,0.059454594,-1.3978719,-0.66006464,-0.6165668,0.20921725,-0.30655497,-0.5087969,-0.21758275,0.1706782,0.6128143
25943,-6.358788,-0.24017267,-1.2586795,-0.80387086,-0.13159582,-0.0925494,-0.049664985,-0.32084012,0.13506414,0.069391534,0.47014222
25944,-5.3114915,0.04305963,-1.3924209,-0.5397109,0.30345705,0.31511557,0.0762513,-0.17678203,0.04164005,0.17850621,0.23083517
25945,-4.8612685,-0.2706819,-0.8285275,-0.49539638,-0.028937208,-0.15215461,0.061834108,-0.18365157,-0.04407651,0.21808363,0.39643785
25946,-6.4238124,0.08246343,-1.2294576,-0.73563313,0.20528893,0.022632923,-0.023134738,-0.801551,-0.01773828,0.20176029,0.290945
25947,-4.616299,0.0153686255,-1.0672439,-0.0068827,-0.045264475,0.12212176,0.05303918,0.019822152,-0.23142542,0.5060921,0.2650924
25948,-5.3401318,-0.102038935,-0.8572884,-0.6379036,-0.6348968,-0.20159474,0.08107612,-0.12638621,-0.17398132,0.48260355,0.45253003
25949,-5.460838,-0.020507403,-1.1067284,-0.70499706,-0.28838706,0.0976413,0.02741642,-0.40437132,0.08775436,0.5614497,0.32619894
25950,-7.2965097,-0.5644206,-1.4083178,-0.88408476,-0.23847581,-0.02593233,-0.22738877,-0.86480355,-0.0009276867,0.5984268,0.7440039
25951,-4.8145676,0.098502584,-0.97405136,-0.4331026,-0.11927862,0.2988537,0.11786179,-0.21176313,-0.12617666,0.03954262,0.16920592
25952,-7.0927634,-0.14608829,-1.5141319,-0.62827283,0.4970916,0.602012,-0.30486724,-0.22389291,-0.081028,0.6324568,0.34068245
25953,-6.65493,0.21392383,-1.1365603,-0.7461409,-0.35294217,0.13972725,0.06636175,-0.1119595,-0.31586623,0.52848595,0.27682817
25954,-5.8680468,-0.46370542,-1.2556218,-0.51218003,0.04625192,0.2130381,-0.28549352,-0.195085,-0.11641839,0.6055742,0.3447756
25955,-5.769566,-0.030034468,-1.1006154,-0.53475976,0.1060808,-0.1385362,-0.041088957,0.075121626,-0.20948899,0.1328479,-0.06804993
25956,-8.791668,-0.040429957,-1.5383947,-1.0458038,0.097715884,0.0709003,0.3160604,-0.53739685,0.021496821,0.39767963,0.8052435
25957,-5.838786,-0.014382782,-1.1112355,-0.8589467,-0.6051693,-0.14121109,0.115520716,-0.21827307,-0.066950224,0.7560622,0.72094405
25958,-8.235405,-0.47335315,-1.6251806,-1.2256024,-0.350002,0.43226433,0.10034073,0.02060792,0.107333116,1.105553,0.87941074
25959,-6.4384365,-0.08540364,-1.3545182,-0.3079542,0.06308305,0.24333784,-0.06428377,-0.022982636,-0.16379249,0.09816437,0.3378167
25960,-5.1331367,-0.26257765,-0.82921124,-0.5564985,-0.26417482,-0.021470254,-0.18739052,-0.24348915,-0.1911661,0.23519154,0.31012672
25961,-6.708005,-0.1356946,-1.2747079,-0.487149,-0.39051893,0.027887404,0.209741,-0.30161852,-0.38623568,0.68395853,0.4670853
25962,-6.1957936,-0.03677332,-1.3359298,-0.61669743,-0.5027133,0.22239089,0.22259907,-0.019944195,0.0009172689,0.5157571,0.5390675
25963,-6.0209627,-0.10053262,-1.7071432,-1.1638919,-0.571509,-0.02359754,0.07314739,0.086733036,0.22825955,0.60268867,0.7699276
25964,-6.6785717,-0.06109907,-1.5729301,-0.9034433,0.2716917,0.54701865,-0.08440315,-0.27257618,0.2332173,0.28435245,0.54360443
25965,-4.7868676,-0.12095733,-0.7463546,-0.3547571,-0.07212091,-0.17686605,0.10167136,-0.054834723,-0.13063948,0.33000597,0.089704
25966,-5.809258,0.020005658,-1.1350526,-0.747266,0.23920798,0.0024735034,-0.25588253,-0.059722744,-0.08464277,0.18883425,-0.006085056
25967,-4.6266103,-0.40124062,-0.9082832,-0.56680465,-0.56163335,0.23897378,-0.0026499862,-0.17997986,-0.09009415,0.48850322,0.57041967
25968,-5.0981774,-0.1076913,-1.0629541,-0.78902256,-0.17740203,0.10116823,-0.06445418,-0.2785766,-0.092434935,0.35441047,0.31715703
25969,-6.5281386,-0.23169938,-1.2660372,-0.6558334,-0.44217134,0.5775381,0.23566565,-0.33066466,-0.12369269,0.4897848,0.8329572
25970,-5.533581,-0.32536438,-1.1992548,-0.91294634,-0.4442333,0.17018473,-0.028079107,-0.08317223,0.0115230065,0.4717059,0.48432022
25971,-6.061246,-0.09297445,-1.3087302,-0.46537855,-0.02824234,0.38203496,-0.23264968,-0.44250786,0.023310207,0.4527422,0.13143222
25972,-6.049107,-0.13799314,-1.4169627,-0.83940005,-0.12121671,-0.11973481,-0.09131931,-0.36169773,-0.016024282,0.790527,0.058051575
25973,-5.375764,-0.003630681,-1.2440498,-0.6696545,0.3870691,0.20497608,-0.07868794,-0.09224743,0.2003415,0.35946012,0.32121447
25974,-4.7792463,-0.12521821,-1.1770389,-0.46904513,-0.016006025,-0.15933242,-0.21197307,-0.10849359,0.03605043,0.60872066,0.43085462
25975,-7.5270495,0.10247291,-1.8514591,-0.2725994,-0.2131236,-0.2564032,0.1324855,0.22577058,-0.3186406,0.49775475,0.6500289
25976,-8.0267105,-0.16037525,-1.9106472,-0.8456962,-0.6403485,0.14586987,0.4358074,-0.2249226,-0.14306484,0.78740007,0.83525515
25977,-5.545022,-0.10485234,-1.0410607,-0.61369663,0.1770426,-0.23006736,0.06701551,-0.19612749,-0.26574355,0.27776378,0.13113995
25978,-6.5986123,0.13587677,-1.2997888,-0.3806367,-0.006736645,0.08631493,0.35190958,-0.46198297,-0.30627403,0.44612268,0.27717838
25979,-7.7262983,-0.19945604,-1.4458374,-0.97745204,-0.5880855,0.0058953445,0.18621722,-0.2648887,-0.4299359,0.18294068,0.5515315
25980,-4.7809944,-0.09741347,-0.8480837,-0.6205012,0.17980497,-0.16449346,-0.10961579,-0.3344854,0.16488245,0.12363005,0.34696823
25981,-5.503569,0.20896049,-0.98944926,-0.40846294,0.029800689,0.045270883,0.002946076,0.14058685,-0.007620698,0.5321448,0.16842845
25982,-6.235447,-0.1422744,-1.3398589,-0.6779517,0.07502131,0.06773693,-0.39868474,-0.3943974,-0.06903254,0.2424267,-0.028810285
25983,-3.9468477,0.03318801,-0.48029542,-0.42269707,-0.032298077,-0.15467615,0.12134601,0.01033258,-0.22039397,-0.085202426,0.15679736
25984,-5.681443,-0.31999636,-1.2028173,-0.6664922,0.5974275,0.2964077,-0.38939345,-0.12346644,0.3358013,0.63544065,-0.036095142
25985,-6.186519,0.07450413,-1.3228736,-0.45544037,0.42339137,-0.14064562,-0.38155365,-0.3911878,0.039497443,0.56424385,0.20190267
25986,-6.0242314,-0.09204694,-1.447694,-0.36995634,0.31047955,0.1943329,-0.18701911,-0.009450236,-0.22544914,0.27321604,0.22922584
25987,-6.975443,-0.20348,-1.2608122,-0.5611728,-0.32318935,-0.37130922,0.08981815,-0.49031165,-0.28002003,0.30399925,0.4000094
25988,-4.8820977,-0.019602876,-0.8803226,-0.5390805,-0.11874994,-0.3758707,0.24853024,0.113013506,-0.12101516,0.50037336,0.28278488
25989,-5.322073,-0.23505703,-1.2845267,-0.6443165,-0.0032247375,-0.0033728164,0.0071641686,-0.32268354,-0.108194895,0.4216574,0.29597875
25990,-6.4044766,-0.09016078,-1.7700615,-0.78470504,0.13156067,-0.52300763,-0.098954886,-0.22275011,0.14421542,0.5358142,0.6502777
25991,-5.553375,-0.09671091,-1.661206,-0.7095463,0.1302699,-0.06583747,-0.18041743,0.0036442555,-0.17143929,0.57112193,0.31129223
25992,-7.198541,-0.086142465,-1.9268779,-0.22312221,0.5513664,0.37273532,0.092141144,0.029032217,-0.017227354,0.13672768,0.16627936
25993,-5.399115,0.07413509,-0.7251081,-0.21241617,-0.024708254,-0.2334628,-0.2944359,0.15100755,-0.27578864,0.28902823,0.0076141246
25994,-4.769526,0.11711356,-1.1694245,-0.45008633,-0.016574934,-0.34265792,-0.057014503,0.020337757,0.019637672,0.25504968,0.18256842
25995,-6.5361767,-0.050542805,-1.8070621,-0.826087,-0.15346044,0.19936812,-0.22849149,-0.21016856,0.5267834,0.6308906,0.17405552
25996,-5.7920146,-0.067656696,-0.8712442,-0.6494445,-0.21849407,-0.13184918,0.0033813347,0.28553554,-0.09703959,0.27813917,0.48240688
25997,-4.340448,-0.10215856,-0.50506693,-0.23130511,-0.27490342,-0.121952415,0.21481216,-0.11934402,-0.13232967,0.22185673,0.13401425
25998,-5.3500485,0.012324309,-1.179421,-0.9378103,-0.053685833,-0.13500366,-0.22290418,-0.24694675,0.22335617,0.6331843,-0.038687095
25999,-4.7621202,0.1203056,-1.0434389,-0.18526505,0.023770874,0.15011911,0.03781865,-0.36183625,-0.06380768,0.42262363,0.07338256
26000,-4.8451915,-0.21362056,-1.0237746,-0.6305382,0.23418792,-0.028957259,-0.11463889,-0.2556023,-0.096911915,0.58529717,0.10830472
26001,-4.7480545,-0.053796414,-1.1421919,-0.59957874,0.26476127,-0.10574489,-0.1538162,0.07228959,0.18523139,0.53541523,-0.08896728
26002,-5.2468977,-0.14344858,-1.0338148,-0.34430006,-0.13723612,-0.011326594,0.10993411,-0.12399807,-0.24410595,0.4400269,0.10710545
26003,-5.367209,-0.10162172,-0.8105456,-0.5213183,-0.21030319,0.40171152,0.19056314,-0.14387941,-0.036162935,0.43127382,0.17817183
26004,-4.6745186,0.0053668055,-0.92250407,-0.40267354,-0.651119,0.04895799,0.09418902,-0.18630911,0.064674854,0.46553808,0.34838113
26005,-6.5018,0.028637301,-0.9596121,-0.6372136,-0.15458886,-0.68676174,0.23671596,-0.110706784,0.012005048,0.3972944,0.1344582
26006,-5.6652875,-0.18735948,-1.4652622,-0.7785199,0.21524598,-0.20282581,-0.55111,-0.041317202,0.08305461,0.8029916,0.031517126
26007,-5.1098585,0.008136826,-1.1587491,-0.5772276,0.24036992,0.080502704,-0.05432318,-0.060054243,0.15877499,0.3282911,0.3567963
26008,-7.0602083,-0.28074855,-1.4156734,-0.73658687,0.6367539,0.74881864,-0.35090888,-0.6522935,0.17874946,0.28942385,0.15508156
26009,-6.3322153,-0.0340229,-1.3598125,-0.5216336,-0.07623687,0.043066666,-0.29788852,-0.251382,0.10084569,0.42695224,0.14427502
26010,-6.5987625,-0.2990662,-1.4670696,-0.59360635,-0.32143086,0.1805292,0.101260446,0.1744572,-0.07673752,0.7906525,0.6685712
26011,-3.958304,-0.1661059,-0.76419103,-0.56995773,-0.035260558,0.09632913,0.13723479,-0.04064644,-0.026072817,0.3505111,0.07925716
26012,-6.398821,-0.01984116,-1.3788173,-0.30023408,-0.0070942654,0.08547492,0.23426677,0.36654985,-0.03402219,0.367253,0.1701652
26013,-5.8736525,0.002907767,-0.99263495,-0.49109477,-0.33797404,0.07300302,0.44364393,-0.4608255,-0.16991033,0.49636295,0.40156627
26014,-5.309918,-0.122020125,-1.190177,-0.83070064,-0.043674264,0.025154669,-0.14264593,-0.53946066,0.0002456475,0.4766421,0.5654576
26015,-6.358476,-0.25905,-1.2640207,-1.0752314,-0.19999684,0.12600836,-0.024366409,-0.029514594,0.38254732,0.7230031,0.36796567
26016,-5.9263706,0.07620233,-1.3655652,-0.57157516,0.19397002,0.26316673,-0.34626952,-0.28235304,-0.3007319,0.26289004,0.31571543
26017,-6.2592835,-0.201111,-1.2509015,-0.5460505,-0.69148606,-0.19535054,0.08776644,-0.04385399,0.11336876,0.5864453,0.6224562
26018,-4.9132786,-0.08713919,-0.84006196,-0.66644573,-0.27413097,-0.037741654,0.24547346,-0.099626735,-0.2170473,0.21466735,0.3905644
26019,-7.2335887,-0.09353564,-1.4952576,-0.9207356,-0.7672205,0.18642405,0.2849386,-0.28240982,-0.10615615,0.9229365,0.6406169
26020,-6.040054,-0.3426074,-1.061741,-0.68714786,-0.36958584,-0.081742465,-0.18878748,-0.4079382,-0.06368886,0.41801393,0.31397712
26021,-7.9708633,-0.34959272,-1.6233886,-0.78257215,-0.12398466,-0.39746433,0.21281753,0.091993496,-0.05806867,0.62839764,0.3809595
26022,-4.785927,-0.1308107,-0.949627,-0.45802435,0.2895449,0.08683466,0.08199398,0.30511394,-0.06832628,0.28312024,0.07089562
26023,-4.8878937,0.2719592,-0.816209,-0.5360309,-0.37569454,-0.14331573,-0.20697095,-0.44871745,-0.23931335,0.17481028,0.25207588
26024,-7.908242,-0.31637555,-1.716177,-0.6711947,0.24205272,0.42827696,-0.046403475,-0.34596923,-0.084106416,0.5802362,0.22765842
26025,-5.5954056,-0.30578232,-1.3973829,-0.982566,-0.24369837,0.0041464637,0.10216889,-0.30722448,-0.030520288,0.16339909,0.5135381
26026,-6.8105965,-0.04717399,-1.1316233,-0.8040072,-0.22625956,0.058799017,-0.036777258,0.15417627,-0.024105577,0.57642347,0.4730331
26027,-3.746855,-0.022446502,-0.5082664,-0.13523823,-0.08447775,-0.0969099,0.21553607,0.06555564,-0.22227097,0.096841775,0.2246731
26028,-3.9535396,0.086605,-0.8239486,-0.55994713,0.064428754,-0.12453766,-0.104279466,-0.04561059,0.0132757155,0.49122736,0.13126132
26029,-6.169764,0.10467101,-1.0157077,-0.43918967,0.3185846,0.050897896,-0.23693028,-0.18988398,0.03925548,0.33758506,-0.011940916
26030,-7.338465,-0.29350042,-1.3897088,-1.1793014,-0.07601241,-0.062464096,0.29723924,-0.16984645,-0.09424903,0.3162804,0.56160676
26031,-7.142445,-0.3497451,-1.7677947,-1.3543866,0.20767842,-0.14314578,0.064144485,-0.2177227,0.26270613,0.7386312,0.2293184
26032,-5.7885094,-0.038247455,-1.3822379,-0.88352776,-0.17449002,0.084082946,-0.32897583,-0.14610067,0.34410742,0.67327064,0.23253492
26033,-8.597977,-0.64773655,-1.6038841,-0.82537246,-0.6732112,0.43311465,-0.048216727,-0.37893677,0.034819365,0.9778329,0.5479235
26034,-5.9528008,-0.3606502,-0.82481146,-0.8523689,-0.45685247,-0.09388703,-0.054067433,-0.13018976,-0.12073068,0.47770533,0.56005317
26035,-4.552583,-0.21859343,-0.9101945,-0.6576819,-0.56938165,0.108980164,0.33672962,0.19435777,0.06128256,0.4559932,0.26320264
26036,-6.4981017,-0.16630113,-1.2846223,-0.6495941,-0.5233714,0.064155124,0.22277987,0.05087004,-0.13446502,0.4599296,0.5740794
26037,-5.8321176,-0.16137446,-0.890023,-0.5036811,-0.20758364,-0.15973651,-0.019873757,0.12550648,0.07806803,0.7685252,0.2915558
26038,-7.3243136,-0.052754793,-1.1340075,-1.033101,0.06906201,-0.28358942,0.02233485,-0.06164863,-0.12021275,0.6774897,0.34240612
26039,-4.644592,-0.042424507,-1.0365238,-0.5817122,-0.29787546,0.16391678,0.10448475,-0.0501189,-0.11259085,0.4828331,0.4357916
26040,-5.5608406,0.02998149,-0.87326205,-0.36082134,-0.15112762,0.2711534,0.04867846,-0.35002246,-0.16440427,0.014286876,0.26322582
26041,-5.437902,0.21775827,-1.3777198,-0.301723,0.11410352,0.19046286,0.032067273,-0.21120735,-0.01255261,0.22347914,0.08404799
26042,-6.839866,-0.04805683,-1.1279936,-0.977195,0.24986516,-0.0596643,-0.3195352,-0.5187932,-0.08119456,0.31519637,-0.14084853
26043,-5.4639034,-0.24969117,-0.84746355,-0.7784857,-0.094861485,0.13025242,-0.12522523,-0.40886566,-0.1492464,0.21467906,0.3690907
26044,-7.333634,0.015454818,-1.1404155,-0.45551386,0.013545928,-0.20273055,-0.22089404,-0.0652593,-0.29594353,0.28087416,0.23091124
26045,-4.998498,-0.31431937,-1.1323409,-0.77622104,0.18890183,-0.049222976,-0.19668315,-0.17646015,0.35945314,0.24270314,0.26316947
26046,-4.541076,-0.12256181,-0.73332393,-0.62883633,-0.2896128,0.09536171,-0.049903862,-0.39604953,0.17857316,0.2669221,0.20017141
26047,-6.1953373,-0.21334791,-1.493166,-0.9596142,-0.28617144,0.16452602,0.021129023,-0.13514104,-0.09501927,0.87970006,0.38720343
26048,-4.147133,0.037404004,-1.0100651,-0.6147561,-0.065172054,0.059950665,-0.10482487,-0.33264026,0.0006583715,0.13556062,0.05511196
26049,-4.672059,-0.20420788,-1.2047375,-0.52391315,0.016904138,-0.017608134,-0.050558846,-0.19100124,-0.36174032,0.14726876,0.28090125
26050,-5.416445,-0.25735345,-1.408893,-0.6588987,0.060289714,-0.373824,-0.06137219,-0.0030407459,-0.23355894,0.2610327,0.26405507
26051,-5.631492,-0.22181945,-1.2123536,-0.87145066,-0.33133814,-0.21349636,0.30432072,0.17441888,0.10137827,0.64266074,0.50423163
26052,-7.5231185,0.1642904,-1.7938938,-0.86302924,0.16545974,-0.18272386,-0.19273655,-0.3837001,0.031377483,0.538047,0.27103215
26053,-4.360377,0.108023226,-1.0012932,-0.4431486,-0.11521943,-0.15075907,-0.15296967,-0.18141341,-0.12255925,0.3452387,0.25037894
26054,-4.9216223,0.109367326,-0.92151827,-0.60671866,0.21184123,-0.14721794,-0.17546573,-0.14105289,-0.04798066,0.6286864,0.31102595
26055,-6.3750834,-0.2829619,-0.98495364,-1.2009413,-0.025983194,-0.17933841,-0.050669942,-0.20553736,0.21531065,0.34536105,0.27812225
26056,-7.0151143,-0.16636588,-1.5967897,-0.8521935,-0.10163002,-0.38981324,0.094807066,0.08099126,-0.07938833,0.36572364,0.5978635
26057,-4.7412086,0.03541339,-0.92036235,-0.37250617,0.073223166,0.022850407,0.23166147,0.04618755,-0.0008629579,0.4227839,0.26889622
26058,-6.423781,-0.4438692,-1.3268241,-0.44479144,-0.36010945,0.20860781,0.26737773,0.26240435,-0.2833075,0.45609117,0.9002344
26059,-5.280467,-0.20265235,-1.6042122,-0.796333,-0.2791683,-0.048851125,0.059813768,-0.20724063,-0.1602754,0.8222894,0.22842373
26060,-5.428975,0.012391713,-1.3692203,-0.5340886,0.06010609,0.1846756,-0.031792697,-0.19486205,-0.016821207,0.38947606,0.12458131
26061,-7.14357,0.14667015,-1.2129129,-0.37471026,-0.2893521,-0.2561339,-0.10597618,-0.06176509,-0.23666976,0.69715077,0.32907403
26062,-5.192298,-0.18959153,-1.2998363,-0.59188455,0.06907368,-0.031943783,-0.26191363,-0.2071843,-0.05656053,0.59010875,-0.105755925
26063,-6.530342,-0.07808883,-1.3121212,-0.479951,-0.27336448,-0.58150357,-0.25046885,-0.12089383,-0.2940572,0.51884866,0.101531714
26064,-6.4441495,-0.29398957,-1.1361349,-0.76447624,0.14903203,-0.034709178,0.20362462,0.10408052,0.24717999,0.22949035,0.23808657
26065,-5.05015,-0.10013828,-1.3127228,-0.4469193,0.39992225,0.12840837,-0.3521096,-0.05594053,-0.023463251,0.20257378,-0.0013048835
26066,-4.926628,-0.043717943,-1.0340587,-0.48151678,0.1688616,-0.14753099,-0.13233076,-0.0823638,-0.067136206,0.34088257,0.23001802
26067,-7.4072523,-0.049304057,-1.4926422,-0.9263044,-0.5805383,-0.03940791,0.01234261,-0.015658528,-0.32172146,0.14497882,0.6742068
26068,-6.1031766,-0.2869842,-1.4471112,-0.21195635,-0.5308534,-0.36655504,0.25434294,-0.18826982,-0.42413753,0.50533724,0.63859814
26069,-6.66319,-0.30120763,-1.4064175,-0.67562866,-0.23849313,-0.02485425,-0.35713357,-0.56808287,-0.14015046,0.75458044,0.413755
26070,-4.581616,-0.012928945,-0.9985637,-0.50813067,-0.1347671,0.03425209,0.0422873,-0.21591295,0.08368034,0.3451814,0.20394233
26071,-6.6103253,-0.1475113,-1.3124075,-1.1854961,0.15072115,0.100447476,0.088346645,-0.6094877,0.5089845,0.671363,0.30846372
26072,-6.500266,-0.33922994,-1.3522462,-0.7932753,0.21288192,-0.14995322,-0.40683725,-0.10218652,0.21018419,0.49417493,-0.06363122
26073,-5.98579,-0.29210117,-1.1345773,-0.4268684,0.17987242,0.20477787,-0.10939708,-0.2158794,0.29004934,0.4609335,0.080201864
26074,-6.0455203,-0.11362857,-1.0266756,-0.5483241,-0.62090373,0.539627,-0.008518328,-0.68334574,0.16435528,0.5342732,0.34129718
26075,-5.4944835,-0.01040952,-1.2852633,-0.61695355,-0.09719059,0.42718697,0.12482568,-0.504032,-0.0297465,0.29196793,0.26519257
26076,-4.7046533,-0.27935275,-1.0343097,-0.6981417,-0.0051640696,0.2120015,0.16030914,-0.065635756,0.13793965,0.4252803,0.07731138
26077,-5.0289946,-0.20189536,-1.2682755,-0.371588,0.06420627,0.22032139,-0.13228194,-0.0038924143,-0.07022238,0.3756332,0.17724366
26078,-5.256072,0.021811107,-0.84034353,-0.39179114,0.28130475,-0.1979844,-0.13792439,-0.21779165,-0.017781666,0.02049668,0.10707459
26079,-5.496107,-0.03754556,-0.99834543,-0.3774011,0.43593237,0.0046782587,-0.5458305,0.08627037,-0.115089506,0.49094692,0.116816044
26080,-6.116296,0.18764375,-1.3256024,-0.48869652,0.19452551,-0.15355808,-0.2547829,0.2214307,0.032425527,0.42386395,0.2649077
26081,-4.353531,0.01150372,-0.77222353,-0.55119157,0.16420403,-0.19574611,-0.12838086,0.019230466,-0.065778054,0.062610775,0.066910364
26082,-5.2856565,-0.048845846,-1.3321028,-0.5853764,-0.29045388,-0.00568939,0.2212267,-0.28261963,-0.09057191,0.4661959,0.2738332
26083,-4.6724586,-0.06341869,-1.1864967,-0.37826374,0.023589093,-0.1847352,0.3381097,-0.1483252,-0.33033997,0.24555276,0.2792897
26084,-4.5241737,0.13148236,-0.7380112,-0.6569212,-0.11160619,-0.057001382,0.0059054145,-0.18686698,0.13244136,0.27902678,0.27739164
26085,-4.990133,-0.07194002,-0.9162618,-0.21277808,0.1720233,-0.1314368,0.10644989,0.029384341,-0.2749968,0.24263318,0.1944229
26086,-6.12173,0.26929256,-1.7190545,-0.6367501,0.3309187,-0.051010057,-0.36961487,-0.1729508,0.05340924,0.25048855,0.08249332
26087,-6.2402873,-0.3689977,-1.2864599,-0.0040462175,-0.20769763,-0.121391565,0.068268575,0.05315814,-0.50132596,0.49560145,0.4683128
26088,-5.561607,-0.06292337,-1.0026733,-0.5998873,-0.76647365,-0.20306785,0.11957515,-0.030503584,-0.18057752,0.63598967,0.60067016
26089,-3.353786,-0.12606435,-0.561099,-0.31022817,-0.39303252,-0.07115719,-0.1528158,0.11712233,-0.052413784,0.44868645,0.1476009
26090,-7.68331,-0.09607538,-1.6679565,-0.8307042,0.14308126,0.670788,-0.22043249,-0.666837,0.1671417,-0.17750397,0.18089817
26091,-5.1386495,0.08250662,-0.6274135,-0.50851744,-0.24503723,-0.29761034,-0.010367754,0.052367337,-0.09492558,0.24566427,0.4243526
26092,-5.5763235,-0.10528875,-0.68991476,-0.5931145,-0.26163635,-0.008622931,-0.33987874,0.1042592,-0.111171976,0.1771927,0.016762849
26093,-6.0391736,-0.024706516,-1.4875059,-0.42617774,-0.0027878913,0.27926064,0.14934169,0.09496095,-0.382144,0.23661627,0.48730576
26094,-4.703004,-0.01006315,-1.0950763,-0.3507687,-0.08847447,-0.056724474,0.08007466,0.11031531,0.02814751,0.3724361,0.31757307
26095,-6.053931,-0.31901768,-1.1116494,-0.93030405,-0.34264702,0.45072472,-0.30920374,-0.7692185,0.10025825,0.43133134,0.7828919
26096,-6.114257,-0.16858684,-1.2238226,-0.44001773,0.49747452,0.19507067,-0.41285008,-0.034209743,-0.17369823,0.07555578,0.50226504
26097,-4.7892494,-0.07299963,-1.2577058,-0.5828525,-0.10534549,0.48014235,-0.28944555,-0.41852102,0.19263604,0.47504327,0.035574667
26098,-6.9878464,0.05214992,-1.3229672,-0.94454473,-0.37546527,0.047946256,0.1688135,-0.053315856,0.095239885,0.4804944,0.6149473
26099,-5.7995915,0.20029064,-1.1398064,-0.54667413,0.1369354,-0.13797556,-0.21126392,-0.18216707,-0.23486237,0.29298514,0.11334819
26100,-5.3122263,-0.02523553,-0.8583306,-0.48631805,-0.57950795,-0.252088,0.49551767,-0.17681322,-0.454375,0.13730231,0.514921
26101,-5.846886,0.17465535,-1.1459279,-0.62476677,-0.1770103,0.0020710714,0.042435233,-0.3669772,-0.09752044,0.47485,0.14626873
26102,-6.184228,-0.23594101,-1.1224704,-0.7060604,-0.28699172,0.32247597,0.25812146,-0.31030598,-0.039396815,0.8262232,0.48560488
26103,-5.9845805,-0.38553393,-1.1170851,-0.59836584,0.30135894,-0.47674948,-0.20520893,0.13481887,-0.14410052,0.45417666,0.16864651
26104,-4.7057242,-0.14134762,-1.1787977,-0.814491,-0.19177668,0.055975616,-0.06797952,-0.050250962,0.3090334,0.52267504,0.30195904
26105,-4.924074,-0.07506459,-1.1856949,-0.8521019,0.144391,0.21371944,-0.18155393,-0.14486219,0.12658799,0.5107537,0.32081702
26106,-6.2579923,0.042195108,-1.4572412,-0.92855567,-0.41813755,-0.22386096,-0.039577004,-0.20558059,0.25528634,0.3349777,0.4399791
26107,-6.213725,-0.105410375,-1.2057421,-0.6510286,-0.11894625,-0.31491607,0.072930925,0.37120688,-0.26836783,0.63964236,0.5582629
26108,-6.85017,0.19096322,-1.784861,-0.1100281,0.2862674,0.55530965,-0.17857933,-0.50309265,-0.27733395,0.43564758,0.25582156
26109,-6.464945,-0.4476039,-1.1747103,-0.836902,-0.30992624,0.22048691,-0.14721587,0.116798595,-0.026609993,0.4793941,0.23716047
26110,-4.915536,-0.2662639,-1.0692986,-0.039102666,-0.082361765,0.09957495,0.08141784,-0.20380174,-0.3714629,0.40794426,0.19752601
26111,-5.957336,0.13398494,-1.0954423,-0.55910313,0.14500365,-0.027240328,0.12904073,-0.19224909,0.22407003,0.41655535,-0.033233166
26112,-5.2246437,0.03961444,-1.0920008,-0.590723,-0.07002246,0.2611996,0.14237365,-0.17021236,-0.034230717,0.42718554,0.13642424
26113,-8.260825,-0.04553187,-1.4588389,-1.1267235,-0.3527416,-0.20418169,-0.022788636,-0.5334315,0.14945556,0.16285746,0.7791257
26114,-4.9257655,-0.41699475,-0.88132536,-0.46060127,-0.3668638,-0.101421125,-0.17659608,0.00241603,-0.025922747,0.6867254,0.4777509
26115,-4.9576373,0.16191602,-0.98807377,-0.45571268,-0.47404817,0.10730897,0.07377615,-0.22474092,-0.096858114,0.32198495,0.43765885
26116,-7.680002,-0.10898956,-1.6322892,-0.7736589,0.2713581,0.77118725,-0.14282764,-0.56676036,0.27635172,0.37046978,0.03480725
26117,-5.9977155,-0.44370988,-1.2674918,-0.7218028,0.33564112,-0.108144395,-0.13788003,-0.2859879,-0.29241344,0.23923916,0.31512612
26118,-4.323677,0.119694695,-0.9414945,-0.39854556,0.14117068,-0.2948135,0.029313441,-0.19926415,-0.09783369,0.21002668,0.046818368
26119,-7.339057,-0.37793684,-1.0302505,-1.0666807,-0.14631256,-0.06266517,-0.089192666,-0.8677648,-0.1747554,0.6793213,0.55925304
26120,-4.587654,-0.23347251,-0.79426974,-0.26012036,-0.16184838,0.06777278,-0.18517178,0.06708074,-0.29372475,0.45598978,0.3161108
26121,-6.109662,-0.07001961,-1.0344,-0.6073276,-0.5385359,-0.49070793,-0.06439097,-0.06193587,-0.01396751,0.537524,0.6027035
26122,-6.0008125,0.06654508,-1.0635042,-0.57818156,0.28043398,0.073927455,-0.25768864,0.09452639,0.04025861,0.5795551,-0.085926495
26123,-5.7564254,0.42774457,-1.5053403,-0.3561022,0.17148983,0.19911233,-0.052227467,0.09090211,-0.2860859,-0.06837718,0.15565982
26124,-7.0085053,-0.14978622,-1.3333844,-0.76681495,-0.017034166,0.31359905,-0.12765208,-0.33528706,-0.1747968,0.3251901,0.4738241
26125,-4.386393,-0.087939166,-1.0623397,-0.5531985,-0.1831423,-0.106405474,0.08045055,-0.2238412,0.052645467,0.43200737,0.18333505
26126,-4.379794,-0.3640367,-0.8404692,-0.66228974,0.02968265,0.14104374,0.098511524,0.09458161,0.19458953,0.67924935,0.24567537
26127,-8.163746,-0.5486172,-1.6872047,-0.8614187,0.101186335,0.3139996,-0.010048649,-0.5577312,-0.014269328,0.14343704,0.26201752
26128,-5.2971077,-0.13137132,-0.9181895,-0.6520833,0.35779917,-0.28469503,-0.3890054,-0.21245414,0.024628425,0.13243796,-0.06484594
26129,-8.755736,-0.07144441,-0.90195376,-0.7937419,-0.032431353,-0.49180323,0.088654116,-0.087255165,-0.61135775,-0.019237015,0.6554263
26130,-5.4074545,-0.06792654,-1.372759,-0.43288413,0.29832837,-0.1383935,-0.28084546,-0.16967078,-0.023472486,0.24056314,0.06637264
26131,-5.402264,-0.228494,-0.7995144,-0.8441944,0.13252273,-0.1862736,0.09866038,-0.19342493,-0.08163802,0.036326826,0.37103242
26132,-7.44448,-0.0612449,-1.5647026,-0.47671586,-0.3158009,0.22127756,-0.23678628,-0.31869373,-0.03766629,0.48685753,0.75017047
26133,-4.615597,0.071869396,-0.72872156,-0.54590577,-0.37836722,0.096739605,0.09608611,-0.21014914,-0.19704846,0.37260902,0.19005337
26134,-4.18749,-0.2044357,-0.88653994,-0.4470009,-0.15225063,0.15000908,0.10161102,-0.2868065,-0.09330593,0.515635,0.41031227
26135,-6.236072,-0.21279301,-0.9342753,-0.7592807,0.32986933,0.045607537,-0.43722245,-0.021138165,0.06263106,0.2607538,0.22783451
26136,-4.591282,-0.11537795,-0.98696315,-0.59177655,-0.34706005,0.4626941,0.005159068,-0.6446232,0.36117187,0.64942956,0.20728432
26137,-6.147096,-0.2722913,-1.1922406,-0.68754697,-0.34826335,0.11403698,0.21399872,-0.0074591134,0.2348308,0.80574346,0.2733285
26138,-6.03232,-0.057043236,-1.5477567,-0.888686,-0.20618258,-0.082871966,-0.1324172,-0.339429,-0.14473255,0.5791377,0.14185175
26139,-6.178341,-0.063937165,-1.13108,-0.79320455,-0.40628663,-0.13877206,0.07575533,0.14802586,-0.19568649,0.7492241,0.5356204
26140,-5.913023,-0.064806715,-0.85250914,-0.70372015,-0.3986485,-0.16695741,0.31665817,0.03476885,-0.25577092,0.22565764,0.32764652
26141,-6.0085187,-0.053783473,-1.2706324,-0.6847117,-0.10177751,-0.0639312,-0.22495885,0.025874093,0.024865758,0.9429554,0.2368925
26142,-6.891285,-0.2722016,-1.1124775,-0.63625777,-0.5630962,0.4276781,0.4734083,-0.19447969,-0.43396965,0.33548743,0.41161215
26143,-6.144212,-0.1961917,-1.4440883,-0.65797514,0.20595369,-0.21569315,-0.207162,-0.1362439,-0.1967437,0.30401963,-0.03516715
26144,-6.9738765,0.107654095,-1.5415157,-1.0994318,-0.20845896,-0.08095838,0.2260657,0.2422617,0.18418892,0.8944096,0.65062004
26145,-4.7633796,0.029368658,-1.0559372,-0.41215122,0.023340773,0.021526486,-0.2113197,-0.06934533,-0.21475442,-0.13300037,-0.21211338
26146,-6.482805,-0.114222735,-1.4151658,-0.4942422,0.15570211,-0.11471662,-0.08591922,-0.20822299,-0.06472111,0.26074395,0.17663568
26147,-6.149637,-0.007406541,-1.2276447,-0.7022747,-0.31832412,-0.11168178,0.33862105,0.07313373,-0.4225231,0.3736749,0.66398454
26148,-4.6939735,0.012463225,-1.196811,-0.6958195,0.08584276,0.056790445,-0.058046155,-0.21579523,-0.06947628,0.25861645,0.39579785
26149,-5.870177,-0.114063144,-1.2765113,-0.31138927,-0.39953226,0.115245454,0.20706674,0.039618224,-0.15667813,0.8887631,0.5917603
26150,-6.0522523,0.02891004,-1.4134662,-0.52342254,-0.51458085,-0.11292841,0.29281026,-0.099421665,-0.027575152,0.38477367,0.64132744
26151,-4.4332867,-0.25974983,-0.586734,-0.3667083,-0.03213132,-0.12380104,0.1474861,0.00068494026,-0.060148537,0.36252743,0.20470136
26152,-5.220843,-0.1817778,-1.3384767,-0.6918127,-0.1721243,0.13893756,0.31337133,-0.23378645,0.0760987,0.44235647,0.5907839
26153,-7.027644,-0.2551489,-1.289307,-1.1770772,0.044066668,0.5664853,-0.11325824,-0.6023772,0.27815938,0.27955258,0.52453303
26154,-4.724963,0.04056829,-0.98870987,-0.4553231,-0.3982022,0.34755093,0.05458193,-0.3217928,-0.0340598,0.50512755,0.4347806
26155,-5.1429257,0.0552873,-1.132187,-0.6918424,-0.22897497,0.36579,-0.00026629586,-0.49776796,-0.030687297,0.2132922,0.4672328
26156,-6.5616775,-0.21250392,-1.3646901,-0.3951115,0.25981086,0.12864119,-0.31539428,0.014178971,-0.32968903,0.17097008,0.13987607
26157,-6.8697705,-0.22810598,-0.7611099,-0.91602725,-0.555441,-0.38780075,0.29447868,0.13875118,-0.2035404,0.4756007,0.4650562
26158,-6.228444,-0.263079,-0.7282324,-0.88464725,0.079716824,0.050361518,0.05506337,-0.38908863,-0.25981152,0.2745068,0.33034346
26159,-5.295138,-0.21852714,-1.2680563,-0.66958445,-0.23787864,0.14054638,-0.1293707,-0.2371083,0.026721094,0.5846619,0.14840291
26160,-7.569123,0.082966775,-1.2006477,-0.75314057,-0.29879442,-0.4125961,0.07167855,-0.083352216,-0.43289202,0.39927733,0.33499435
26161,-5.2686977,-0.3601589,-0.9289051,-0.63368857,-0.6265056,-0.020302562,0.23543417,-0.22626533,0.084989056,0.5422363,0.7749051
26162,-4.41782,-0.2285478,-0.84248114,-0.39184356,0.13624889,0.058906,-0.24137895,-0.122772194,-0.095383234,0.603994,-0.08056426
26163,-5.1548386,0.050311472,-0.95879745,-0.4174186,-0.09720229,0.09919092,0.2768223,-0.018071802,-0.17963645,0.25356546,0.14731276
26164,-6.256598,-0.08169306,-1.4197576,-1.1749575,-0.15056723,0.3220337,-0.022442508,-0.3921291,0.34086648,0.7237293,0.8903781
26165,-5.172827,-0.1855114,-0.93982,-0.3314883,-0.06986507,-0.002466741,0.14589386,-0.47749653,-0.25334457,0.2191248,0.055516433
26166,-6.1233563,-0.045369945,-0.9308587,-0.5610745,0.14563504,-0.06897307,-0.32246396,-0.19644374,-0.17739685,0.87463367,0.05677393
26167,-5.6448474,-0.05372898,-0.837407,-0.42638323,0.07558025,0.16406684,0.12690532,-0.09112304,-0.0051530264,0.42743334,0.05875209
26168,-5.1559515,0.14231597,-1.2270979,-0.18668681,0.13656095,0.18372676,0.04862842,0.06617531,-0.34377113,0.2397569,0.22446935
26169,-5.098304,-0.30016693,-0.937397,-0.8660617,0.019968005,0.12851313,0.117981836,0.15668124,0.046338722,0.45255256,0.43318096
26170,-5.1893506,-0.21481566,-1.1276109,-0.47959137,0.3082818,0.3562529,-0.2351154,-0.009756848,0.05158364,0.49329528,0.24292311
26171,-5.7363095,-0.24817665,-0.93456316,-0.81110865,-0.5160438,0.15693615,0.156129,-0.26841798,-0.028840551,0.9471969,0.3635188
26172,-5.5590005,-0.39025635,-1.1055892,-0.3344364,0.19175501,0.49976587,-0.21567772,0.17755751,-0.18770531,0.49000588,0.22974755
26173,-5.6867967,0.00627812,-1.3217009,-0.7123586,0.055247955,-0.06414913,0.32366103,0.25191864,0.017900893,0.5304015,0.4549107
26174,-5.233332,-0.047778964,-0.8372849,-0.35005498,0.030795565,0.16394973,0.28844512,-0.21673739,-0.089236386,0.16980365,0.2697479
26175,-5.9442153,-0.08518172,-0.8803974,-0.91271526,-0.16442706,0.5108837,0.3208241,-0.6468622,0.310981,1.081468,0.7309566
26176,-5.0150237,-0.014702986,-1.2746434,-0.629752,-0.25369173,0.26461,-0.19821766,-0.21301356,0.1588335,0.4409972,0.25215453
26177,-5.743392,-0.21407878,-1.00071,-0.6321434,0.21504536,-0.11469571,0.068230234,-0.24148673,-0.18262032,0.6636913,0.08649609
26178,-5.7833686,-0.030196112,-1.2888921,-0.5094402,-0.026311537,0.08419394,0.2422149,-0.027042447,-0.14894274,0.44594902,0.18700369
26179,-6.3409348,-0.27857593,-0.9333441,-0.68095535,-0.2584059,0.09017655,-0.14794369,-0.023030868,-0.05414453,0.27553117,0.19414462
26180,-5.514727,-0.10394529,-1.1833699,-0.7006548,0.39339027,0.19825037,-0.19130106,-0.37485394,0.22355849,0.65615976,-0.033121563
26181,-5.9000053,-0.16761138,-1.2530879,-0.45865506,0.31716698,0.13790683,-0.22611855,0.18449627,-0.30583668,0.49237368,0.42844042
26182,-5.6393666,-0.19378999,-1.1021326,-0.46080676,0.107700534,0.13999598,-0.22989029,-0.114775196,-0.16614746,0.29827344,0.038371664
26183,-4.6157675,-0.014951901,-0.83569044,-0.6347007,-0.17865555,-0.019367123,0.28118974,-0.2058185,0.04962208,0.07626326,0.32600036
26184,-5.999081,-0.38194653,-1.0200237,-0.61578506,-0.33500677,0.23983186,0.28063852,0.047592595,-0.3305827,0.3970446,0.38816416
26185,-5.782333,0.09092597,-0.8619812,-0.6670009,-0.2529862,-0.049203496,0.20508416,-0.41234857,-0.09513782,0.02500942,0.510062
26186,-5.523621,-0.04294419,-1.0237006,-0.66951954,0.4007918,0.032071207,-0.36125767,-0.45513946,-0.10987632,0.2299825,-0.12286519
26187,-4.041691,0.06218105,-0.6853306,-0.28933546,-0.17819244,-0.14332134,0.1977553,0.20489828,-0.30837503,0.42489085,0.27868077
26188,-5.5168533,-0.100464486,-1.2148656,-0.50557846,0.25371137,-0.44526672,-0.12859371,0.11481656,-0.10101182,0.036666498,0.25044563
26189,-4.697807,-0.24804856,-0.94652575,-0.19771652,0.33201054,0.14277859,0.02188225,-0.48745957,-0.08808818,0.3431386,0.18127006
26190,-6.2830215,-0.01835382,-1.4836065,-0.67484474,0.512373,-0.2195614,-0.32800898,-0.16044529,-0.06293408,0.15634963,0.16916615
26191,-6.2999115,0.013901063,-1.3027856,-0.72149265,0.44503173,0.06524655,-0.07232575,-0.21538399,0.094757736,0.20064975,0.32917267
26192,-5.2284575,-0.21274842,-1.1442912,-0.5804337,0.308435,-0.10934285,-0.16526243,-0.30561608,-0.12334868,0.2732859,0.19562304
26193,-4.9872274,-0.07706172,-1.0367721,-0.25316885,0.20328046,-0.12371467,-0.14569575,-0.16578956,-0.11754753,0.14153513,0.07197472
26194,-6.6025887,-0.23695303,-1.1905329,-0.5355617,-0.14153636,-0.24306642,-0.23818758,-0.42487738,-0.32471937,0.23610558,0.40310195
26195,-5.8359494,-0.055756543,-1.2572672,-0.41993725,-0.14954868,0.14852601,-0.02886381,-0.19164655,-0.01936817,0.5586873,0.33131245
26196,-6.4374504,-0.061091874,-1.1319306,-0.591541,-0.25244623,0.7444644,-0.36681515,-0.9204852,0.08406775,0.27385387,0.18869637
26197,-7.3833957,-0.26519638,-1.7317033,-0.56587726,-0.86006904,0.67593044,-0.47868055,-0.21029817,0.2872914,0.64414304,0.4120447
26198,-6.086276,-0.01819935,-1.2413379,-0.39178726,0.30698577,0.34784842,-0.29458052,-0.16434608,-0.22563781,0.0024411064,-0.09406217
26199,-6.789893,-0.43272024,-1.1861578,-0.7093921,0.18211083,0.07572291,-0.2567939,-0.21266845,0.03480536,0.7255904,-0.03666909
26200,-5.8640447,-0.05731148,-1.0710853,-0.48238426,0.02643157,-0.07174855,-0.100145526,-0.20302622,-0.017742304,0.7306573,0.14363149
26201,-5.637036,-0.11786783,-0.66003096,-0.3413249,-0.20709446,-0.1341973,-0.057290822,-0.13568316,-0.42923307,0.4654214,0.32471585
26202,-6.221865,-0.348799,-0.82234037,-0.6311317,0.1248275,0.0017133323,0.06218831,-0.11211135,-0.030943954,0.6994118,0.2781698
26203,-4.9002857,-0.0059899352,-1.3082995,-0.69651437,0.027064158,0.16300839,0.0002499055,-0.33049557,0.066368885,0.28884858,0.25280166
26204,-6.845511,-0.050522562,-1.6063293,-0.6208654,0.097374246,0.15705304,-0.25190735,0.009157586,0.07458357,0.40203032,0.126825
26205,-6.247577,-0.00284845,-1.0529454,-0.35884658,-0.3724388,0.20375438,0.030393165,-0.31303635,-0.29029897,0.6467502,0.08303195
26206,-5.096569,-0.1597642,-1.0137728,-0.59516793,-0.08947597,-0.18664779,0.12955351,-0.010742063,-0.17585057,0.51935,0.11402499
26207,-5.7526507,-0.38268572,-1.2610326,-0.84770423,-0.14325596,0.27253228,0.23735772,-0.3177901,0.27112627,0.60774535,0.45681837
26208,-6.3199143,-0.508619,-1.1093391,-0.6739925,-0.4516307,-0.10965754,0.22189146,-0.30811262,0.04276233,0.5130764,0.63100725
26209,-6.5974965,-0.1461987,-1.3826942,-0.80765533,0.12153257,-0.2371017,-0.22984304,-0.12333422,0.066613905,0.58205444,0.029782452
26210,-5.5410576,-0.113271445,-0.6180412,-0.58026946,-0.37207493,-0.053748757,-0.16822305,-0.20572825,-0.021638239,0.44082373,0.46002963
26211,-6.8696594,-0.1298221,-1.3328024,-0.7164543,0.102633104,-0.038871966,-0.29671207,-0.14478934,0.2844326,0.6203587,0.11433828
26212,-6.8056207,-0.21893561,-1.5152788,-0.9627909,-0.4579841,0.4277714,0.14280461,-0.6326929,0.26023397,0.5082642,0.5854085
26213,-5.526817,0.071895026,-1.1079417,-0.48246852,-0.03348198,-0.06696205,-0.26729444,-0.10584522,-0.26878628,0.16778101,0.1835747
26214,-4.628732,-0.5583043,-0.8739178,-0.77846193,-0.37736812,-0.40941513,-0.09503844,-0.11172093,0.21024835,0.48791295,0.4705633
26215,-5.7753043,-0.34317282,-1.26587,-0.7336367,-0.30840534,0.19039634,0.56867325,-0.22541298,-0.19145009,0.35054523,0.5056496
26216,-6.285509,-0.18877342,-1.5092475,-1.1743405,0.020968389,0.18695977,-0.28064263,-0.74896556,0.40488034,0.4647087,0.7982811
26217,-6.33738,-0.08358672,-1.1002291,-0.58592254,-0.07295144,-0.3812787,0.27147537,0.12123437,-0.1390863,0.298981,0.62025416
26218,-6.648674,0.31033707,-1.3503776,-0.46622115,0.0031640762,0.21427053,-0.18342857,-0.07778116,-0.19497211,0.35998958,0.35856986
26219,-5.3268294,-0.14450966,-0.6662391,-0.71906126,-0.46592498,-0.0662531,0.21858262,-0.21557066,-0.023263639,0.13805537,0.17836459
26220,-5.623647,0.2254783,-0.72064567,-0.243366,-0.18481617,-0.2676965,-0.15567586,0.032556575,-0.47585255,0.16016474,0.1790612
26221,-5.8787336,-0.08369837,-0.9417624,-0.8017683,-0.30495533,-0.2561192,-0.06692458,-0.4643028,-0.12984657,0.7446852,-0.04765723
26222,-6.248498,0.10312793,-1.3955952,-0.7226312,0.28252122,0.03605011,-0.24056472,-0.4590024,0.27795008,0.37801078,0.16186151
26223,-5.2556415,-0.1455262,-0.81769866,-0.46421197,-0.48001993,0.047634292,-0.09809669,-0.5280911,-0.11586161,0.5120139,0.26553148
26224,-4.315295,-0.17538893,-0.8096905,-0.435223,-0.33789665,-0.031876683,0.06868172,-0.49793163,-0.31120136,0.34778458,0.19516706
26225,-5.969992,-0.24595945,-1.3262432,-0.85112065,-0.3335426,-0.21541108,-0.20691954,-0.51934016,-0.2634555,0.4400688,0.516999
26226,-6.3666325,0.1543698,-1.2300129,-0.90424126,0.21216501,0.22511198,-0.06496901,-0.29826683,0.2287805,0.56162506,0.51813906
26227,-6.212043,0.09366806,-1.4143808,-0.3216364,0.17915834,0.043445423,-0.13208683,-0.020214166,-0.16342828,0.12133467,0.16760613
26228,-6.3062525,0.030314017,-1.186877,-0.9487707,-0.12030759,-0.09925893,0.0606314,-0.108699806,-0.009378107,0.59423697,0.4275795
26229,-6.8531895,-0.058305014,-1.276068,-1.0744419,0.25184312,-0.31228358,-0.06995753,0.008568373,0.31606868,1.0687507,0.019654054
26230,-5.5783052,-0.039512347,-1.2138124,-0.82046145,0.15928783,0.27821672,0.15253475,-0.61958134,0.08488306,0.02313193,0.17141287
26231,-6.529143,0.09173551,-1.3919607,-0.18067025,0.5070691,0.19812383,-0.35776582,0.03771797,-0.1121698,0.32930887,0.20912199
26232,-5.5150957,-0.3627066,-0.81302553,-1.0088428,-0.1308258,-0.012435982,0.10997562,-0.30131036,0.0697409,0.39108858,0.057970777
26233,-5.3458877,-0.058029603,-1.2385842,-0.5954432,-0.19467494,-0.2714129,-0.13992971,-0.10444252,0.003090619,0.55454916,0.39120403
26234,-4.4378147,-0.05041411,-0.9863509,-0.24615556,0.31140822,0.038448945,-0.12966822,0.16324589,-0.08129425,0.23671588,0.21489441
26235,-6.5529833,-0.32413492,-1.1321235,-0.7521931,0.07298698,-0.019509213,-0.0900765,-0.31997237,-0.19188663,0.020761922,0.16869597
26236,-5.2105746,-0.2655503,-0.79968256,-0.2889466,-0.32672313,-0.084770985,0.32092607,-0.20965652,-0.24627139,0.15232784,0.6445321
26237,-6.011757,0.035552926,-1.3241563,-0.4412652,0.03774096,-0.21010502,0.04787968,-0.16292658,-0.18123089,0.2561284,0.2523233
26238,-5.3567433,-0.096599825,-1.3437299,-0.7345384,-0.040927287,0.3088752,-0.18143588,-0.36931425,0.22098498,0.2287911,0.18556443
26239,-5.552894,-0.28824204,-0.92774343,-0.54042864,-0.39404678,0.14009613,0.041858625,-0.14999545,-0.1767036,0.31833112,0.342493
26240,-5.661739,0.059312172,-0.9404229,-0.39942667,0.37272817,-0.4762016,0.07257552,0.2199992,-0.08589704,-0.0233595,0.14239807
26241,-6.10656,-0.07039961,-1.3162344,-0.7155822,-0.13716999,-0.09248733,0.022729807,0.021305783,0.14499253,0.6695089,0.38800618
26242,-4.9106116,-0.03078048,-0.9131166,-0.4881188,-0.18184005,-0.3197487,0.3538231,-0.15360947,-0.25978842,0.4172861,0.17462872
26243,-5.7368693,-0.09532112,-1.414376,-0.85718507,-0.22931728,0.078387365,-0.036336802,0.034831673,0.36470783,0.7566286,0.35986453
26244,-4.7716475,9.313878e-05,-1.0390418,-0.69822586,-0.4036956,-0.15734988,0.2297966,-0.31880707,-0.031360507,0.552171,0.25564757
26245,-5.964391,0.17743608,-0.9672134,-0.49010402,0.261525,-0.09211267,0.1858251,-0.15821843,-0.13246605,0.4431709,0.20729691
26246,-5.655456,-0.14878324,-1.030767,-0.73381156,-0.48828295,0.33514297,-0.10824887,-0.06894525,0.00955859,0.7109651,0.22651945
26247,-5.4990683,0.08886991,-1.0090128,-0.4568454,-0.3103737,0.021012472,0.11469861,0.05833333,-0.19815497,0.088207155,0.3722455
26248,-5.037419,-0.17513415,-1.1095102,-0.6267735,0.20245701,-0.02141252,-0.3288063,-0.061613232,0.14366603,0.30951133,0.28437456
26249,-6.3207545,0.024606176,-1.5432956,-1.0120159,-0.4223959,0.16393754,-0.3166348,-0.5499643,0.3496811,0.69742155,0.2143263
26250,-5.4040937,-0.15846857,-0.723754,-0.27778423,0.038109176,0.20855896,0.25996393,-0.15506391,-0.04090017,0.48473275,0.32275328
26251,-6.8282905,-0.16371043,-0.96463925,-0.84776866,-0.38504148,-0.10548249,0.08618869,0.0312815,-0.13517836,0.26373369,0.53534395
26252,-5.282703,0.098153256,-1.0611601,-0.54308015,0.07463727,0.027923876,-0.019006278,-0.041749693,0.04113423,0.5359726,0.035966683
26253,-5.3445153,0.0011111442,-1.3661047,-0.7858877,-0.32740983,0.18689105,-0.011886916,-0.38720778,-0.14489636,0.55687445,0.5623537
26254,-4.214632,-0.23160417,-1.0260189,-0.2636348,0.07476135,-0.01873366,-0.18280002,-0.11645118,-0.075439066,0.26046258,0.024073852
26255,-5.0802445,-0.20746817,-0.6892246,-0.6877152,-0.15690483,-0.19220217,0.02435109,-0.35884103,-0.10033406,0.36465684,0.36288315
26256,-7.1466465,-0.09669952,-1.6562892,-0.5423382,-0.19724266,-0.37428504,0.14667669,-0.3345987,-0.17947866,-0.067316875,0.40739924
26257,-6.3775434,-0.4639236,-1.2891266,-0.98162633,0.19399185,0.15885365,-0.034718383,-0.31732246,0.051215,0.099970736,0.45872295
26258,-5.214639,-0.2785545,-0.83298844,-0.46385217,-0.5489307,0.07157949,-0.047719996,0.017597117,-0.2127183,0.56331265,0.036959853
26259,-3.8952286,-0.030586965,-0.5745738,-0.34805453,-0.4148045,-0.115268394,0.06377958,-0.22254029,-0.29414883,0.23120938,0.42807382
26260,-6.4993525,-0.15031356,-1.6559108,-0.7866019,0.045917857,0.30737144,-0.2568066,-0.16546948,-0.4958523,0.29383004,0.2881914
26261,-4.526228,0.02814763,-0.7665215,-0.3504374,0.31970704,0.09132661,-0.01212081,-0.2819933,-0.12871616,0.2643217,0.13511188
26262,-5.6769524,0.07841189,-0.8021827,-0.6887487,-0.1688572,-0.1682963,-0.009761781,-0.4769853,-0.17766555,0.3813759,0.552335
26263,-5.3701034,-0.058969375,-0.9535663,-0.51263946,0.04736422,0.072523676,-0.25025946,-0.6233759,0.046671793,0.16952048,0.084846996
26264,-8.029737,0.047461946,-1.4086502,-0.8451148,0.040339313,0.013621609,0.0002493998,-0.59747463,-0.027083734,0.6722729,0.38604277
26265,-6.145727,-0.26529816,-1.5087817,-0.40428787,-0.33531898,-0.38833612,0.21215117,-0.2933359,-0.20401077,0.28422326,0.64334404
26266,-4.53557,-0.16817255,-0.76723224,-0.4180388,0.1407541,0.14186828,-0.22846307,-0.12972286,0.05995045,0.4889805,0.012071714
26267,-6.5326447,0.18129706,-1.2182739,-0.5497676,-0.18723856,0.23680602,0.22551079,-0.46155205,0.10400581,0.92289734,0.3837267
26268,-5.987368,0.07161896,-1.4104893,-0.5257189,0.32708764,-0.22961071,-0.13789785,-0.16116168,-0.10206578,0.34553063,0.2680834
26269,-6.330479,0.0017344346,-1.7064261,-0.47992566,0.38778523,-0.14836124,-0.31045672,0.023072327,-0.06840996,0.46336487,0.14556292
26270,-6.133258,-0.3316671,-1.7007979,-1.2293493,-0.62580925,0.27828366,0.22388081,-0.36773655,0.08343053,1.0393294,1.0329624
26271,-5.52595,-0.25719112,-1.2241145,-0.9134405,-0.42511988,0.24501021,0.44193497,-0.41769075,-0.055683754,0.6315088,0.3109336
26272,-5.683937,0.099183105,-0.9550174,-0.3562045,-0.1995866,-0.22546384,-0.082845055,-0.07470114,-0.25065616,0.15243277,0.4914924
26273,-5.9484444,0.18012045,-0.9718299,-0.08539496,0.3029235,-0.024695657,0.02838466,0.05062718,-0.10666236,0.14004248,0.28723457
26274,-6.3311844,-0.19413239,-1.1922363,-0.7920949,0.27938473,-0.17380968,0.37182936,0.32211283,0.14190182,0.45983702,0.39081112
26275,-7.433043,0.09076196,-1.480173,-0.9050281,-0.1964449,-0.014078908,0.3345888,0.30009472,0.12500018,0.87256765,0.74377453
26276,-4.5314617,-0.33203965,-1.0021607,-0.3538534,0.12461627,0.33355367,0.0023375005,0.09415411,0.11448853,0.80765474,0.2553857
26277,-3.9099197,-0.17764601,-0.46961525,-0.43980742,-0.34027043,-0.05057164,0.0045923395,0.02322688,-0.24473925,0.28310356,0.1765756
26278,-4.722513,-0.16491653,-1.3535229,-0.64817977,-0.24174178,0.28245103,-0.1657105,-0.25961947,0.25523904,0.5267469,0.3648452
26279,-5.966989,-0.32596987,-1.2835139,-0.65309024,-0.33986154,0.13701701,0.16353321,-0.06457324,0.06390173,0.5197374,0.47469026
26280,-4.8032045,-0.19138737,-0.43931904,-0.48447454,-0.2639051,-0.21152781,0.14208072,-0.14048532,-0.21855585,0.066418484,0.24881124
26281,-6.677099,-0.117583916,-1.5859317,-1.084673,-0.26404095,0.057947952,0.32464048,-0.13242489,0.3844206,0.448232,0.39082867
26282,-7.1636996,-0.17564134,-1.2036934,-0.7177826,-0.12698756,-0.27576697,-0.43036458,-0.08063248,0.051301517,0.88758826,0.084027395
26283,-6.81094,-0.1790636,-1.4120979,-0.8073984,-0.28877825,0.065390125,0.30432302,-0.15397786,-0.1718092,0.4602897,0.52942693
26284,-4.688242,-0.15164548,-0.89777136,-0.8635183,-0.23030855,0.024152976,-0.15634988,-0.30849242,0.00068698823,0.43149137,0.4443706
26285,-5.675187,-0.032277234,-1.0087203,-0.34954423,-0.21797436,0.48610187,0.17252381,-0.35618657,0.066875905,0.7609379,0.1859019
26286,-6.6784153,-0.29361692,-1.2336516,-0.6784538,-0.47011304,0.3770067,0.083045654,-0.53174084,-0.1913369,0.65095234,0.65004724
26287,-5.2837343,-0.15971246,-1.0347664,-0.89855283,-0.1945961,0.11499594,-0.2799262,-0.27276558,0.042637527,0.20241621,0.2989546
26288,-4.1573324,-0.17284939,-0.81113344,-0.82536614,-0.21601228,0.20346108,-0.1342703,-0.15800175,0.26126385,0.47227994,0.32215953
26289,-6.6613894,0.1350156,-1.5174057,-0.6388136,0.310022,-0.12137112,-0.2033713,-0.50019574,-0.089031294,0.41283017,0.4633142
26290,-5.1847568,-0.29970685,-0.9805797,-0.7088419,0.17369087,-0.2964455,0.18202688,-0.065240294,-0.23433836,0.5604745,0.1015062
26291,-8.514585,-0.06178352,-2.0165644,-0.6705583,-0.05609547,0.46947116,-0.22296952,0.32273754,-0.2114973,0.47058254,0.37681606
26292,-6.0712357,-0.09933325,-1.0181764,-0.59485674,-0.18260542,0.13929482,-0.25678983,-0.08617083,-0.3251026,0.3808483,0.40018567
26293,-5.229783,-0.0043351306,-1.2064478,-0.39338723,0.14506565,0.04680889,-0.066345245,0.121666536,-0.12770148,0.538127,0.13664524
26294,-6.4407773,-0.115726694,-1.0753438,-0.138553,0.30726382,0.029933387,-0.18064117,0.4685186,-0.47195962,0.20648265,-0.07377374
26295,-6.355042,-0.14390084,-1.4122483,-0.6980792,-0.033232052,0.28105074,0.21402006,-0.24348465,-0.030913131,0.6001512,0.075475134
26296,-6.3259974,-0.120120406,-1.1394469,-0.5870573,0.014670968,-0.19771145,0.032372624,0.056174785,-0.27989772,0.7163092,0.368618
26297,-5.4403176,-0.36875564,-1.0210321,-0.9938681,-0.51286227,-0.33082932,-0.10097709,0.022079404,0.06185513,0.7229173,0.25855675
26298,-5.160321,-0.22816879,-0.8410952,-0.4831598,-0.24892771,-0.085998856,-0.0011276146,-0.26369277,0.11130036,0.44525,0.27926904
26299,-3.9324389,-0.050946377,-0.9574926,-0.36801314,-0.39809287,0.022549525,-0.06171125,-0.077996776,-0.03593252,0.30888245,0.31231773
26300,-7.820025,-0.12813707,-1.5524982,-0.901639,0.046218168,0.19796312,0.13390617,-0.8162372,0.20013253,0.7689978,0.028223446
26301,-6.372913,0.03412355,-1.4150469,-1.071045,0.095625035,0.30077523,0.13501167,-0.14606296,0.18520047,0.5712516,0.18409164
26302,-7.1237283,0.034377445,-1.5112867,-0.72540116,-0.04794084,-0.29923594,-0.046684902,-0.2388373,-0.06514755,0.54353684,0.13706926
26303,-5.402929,-0.19211006,-1.0213726,-0.5890492,-0.1693167,0.1413484,-0.07431434,0.046942525,-0.1643555,0.37357795,0.55790395
26304,-5.5745215,-0.057593297,-1.0896161,-0.7061335,0.23136085,0.0024921582,-0.03435091,-0.09442319,-0.07972943,0.5046181,0.35278264
26305,-3.9017649,-0.13374683,-0.815629,-0.28641176,0.02868586,-0.035344657,-0.13960147,0.15801832,-0.27628002,0.17175956,-0.10750133
26306,-6.006324,-0.6440809,-1.1206878,-0.50020117,-0.3417238,0.14147873,0.2085262,-0.15897268,0.022136725,0.63102657,0.76656026
26307,-5.738357,0.09044236,-1.3115593,-0.8127686,0.25753227,0.3473552,-0.3373315,-0.13169393,-0.14874612,0.04713616,-0.05009897
26308,-6.2267237,-0.147963,-1.1828583,-0.5182861,-0.08793142,-0.086795054,-0.33823392,-0.24076238,0.28032932,0.7533766,0.11205973
26309,-6.917717,-0.07927131,-1.0335206,-0.33221647,0.12665723,-0.48889172,-0.45390558,0.15965058,-0.12484999,0.15339947,0.24031325
26310,-6.1310987,0.014060188,-1.3641114,-0.8782315,0.023851566,0.3920033,0.2790172,0.11373958,0.27219793,0.5120417,0.46253392
26311,-3.691182,-0.31623647,-0.8705142,-0.44156772,-0.5208166,-0.10522404,0.09706237,0.072428174,0.065574795,0.37210867,0.5856987
26312,-5.421332,-0.19867623,-1.0931898,-0.74420387,-0.196071,0.06005794,-0.052362107,-0.28477392,-0.14922133,0.48299304,0.34973776
26313,-6.417842,-0.45100495,-1.5587761,-0.7904521,0.27403718,0.19416584,-0.18571706,-0.055346914,0.15610082,0.84844166,0.35045302
26314,-4.0523124,-0.074415505,-1.0959619,-0.23950498,0.09713581,0.20916972,-0.15434588,-0.07394307,0.15750563,0.24938077,-0.034042545
26315,-3.9895492,0.13785298,-0.6949929,-0.14205208,-0.36303285,0.081709005,0.33691582,-0.029722335,-0.12862128,0.28037727,0.28854397
26316,-5.482804,0.01714777,-1.3616284,-0.3687809,0.025088869,0.26339018,0.22006488,0.25980523,-0.08238247,0.41340187,0.614371
26317,-5.829497,0.11932075,-1.2459272,-0.66793257,-0.15548284,-0.32561064,0.05575666,-0.045362398,0.019130906,0.40260765,0.3326405
26318,-7.048962,0.0074406127,-1.6874977,-0.73203665,0.08125987,0.2906747,-0.081759274,-0.5233614,0.15730183,0.86792755,0.42070302
26319,-6.2327895,0.06581701,-1.1186221,-0.55956787,-0.09249611,-0.006376315,-0.2516268,-0.20520332,0.16287556,0.6440519,0.18962304
26320,-6.490839,0.022419622,-1.5867927,-0.62850237,0.34055552,-0.31308937,-0.34102085,0.034964636,-0.15166445,0.205167,0.21859407
26321,-5.8631325,-0.2736652,-0.91420805,-0.80903846,-0.18333942,0.03730213,-0.098645754,-0.29136482,0.06544185,0.4711777,0.7643834
26322,-5.269693,-0.03708223,-1.1201963,-0.59499276,0.37983164,0.15260048,-0.041736934,-0.08983835,0.1848921,0.4439558,0.16135995
26323,-4.69109,-0.11997211,-0.79195994,-0.6069858,-0.19957994,-0.0793342,0.004364203,-0.3880908,0.028844856,0.54436976,0.120381504
26324,-5.268503,-0.04330787,-0.8139913,-0.34008878,0.09073129,-0.033565555,0.06231603,-0.20305695,-0.009564027,0.32086474,0.21431419
26325,-6.3950343,-0.1891976,-1.1068184,-0.9327312,-0.5888472,0.13651536,0.13323428,-0.1759333,-0.21429698,0.35452572,0.6875043
26326,-3.9287322,-0.21018386,-0.60892725,-0.5937326,-0.17863348,0.0013239495,0.17427717,-0.12466561,-0.11191495,0.32964662,0.06682952
26327,-4.758223,-0.053890232,-0.9195071,-0.4680944,-0.30531827,-0.080563955,0.30451828,-0.061324783,-0.059421092,0.7347177,0.46760693
26328,-4.8738985,-0.17511421,-0.90404487,-0.060381263,-0.37093696,0.07547625,0.18798885,-0.51837724,-0.2886022,0.7786691,0.2590482
26329,-5.645801,-0.08487675,-0.7195334,-0.38664663,-0.52853215,-0.1674788,0.34001723,-0.17247109,-0.5224516,0.52412,0.38742858
26330,-4.8668084,0.0029197675,-1.3649896,-0.2696937,-0.13522305,-0.073831625,0.11230189,0.13886923,-0.37949535,0.17081559,0.3421346
26331,-7.062794,-0.16975135,-1.6100062,-0.7633872,-0.31434524,-0.04038606,0.06756112,-0.25624454,0.123807654,0.94449925,0.42282373
26332,-6.289721,-0.07261828,-1.143911,-0.40930772,-0.24056534,0.08650483,-0.0764532,-0.31223366,-0.4815582,0.62652624,0.15749289
26333,-4.8548975,-0.0773142,-1.0526681,-0.5126775,-0.36203286,-0.21018918,-0.10690318,-0.1261413,0.1831615,0.53920805,0.45406127
26334,-6.5722165,-0.22302973,-1.2934402,-0.7848876,-0.25807655,-0.19689324,-0.018534482,-0.16760463,-0.23605429,0.6560558,0.2963564
26335,-6.0823107,-0.072232,-1.1521108,-0.9248189,0.17770252,0.20934908,-0.07482943,-0.6627656,0.018609814,0.08316257,0.33900595
26336,-5.532305,0.119121395,-1.2610782,-0.42101982,0.107785754,0.37845737,0.103372894,0.081728056,0.05821053,0.6440932,0.45680907
26337,-5.4229445,0.06787512,-1.3805337,-0.6466844,0.16533189,0.06742362,-0.15973581,-0.4729775,-0.11397673,0.41247413,0.23891236
26338,-4.6708455,-0.2856425,-0.82205266,-0.8830374,0.012363723,-0.110012025,-0.059754953,-0.28094006,0.26686636,0.6292269,0.06927797
26339,-6.569711,-0.18201502,-1.4839774,-0.9120168,-0.51258576,0.22662339,0.109410405,-0.1719856,0.030838676,0.5244188,0.76042104
26340,-4.5675373,-0.08029867,-0.940917,-0.63996667,-0.29670277,0.22495146,-0.029264074,-0.46973988,0.012464356,0.26684946,0.4552672
26341,-5.7584476,0.19130766,-0.95378643,-0.50546575,0.1416251,-0.388965,-0.45870107,-0.0033529708,-0.3271593,0.3303669,0.111046836
26342,-5.598128,-0.2658077,-1.2295433,-0.43840644,0.066861086,-0.13076314,0.03325733,-0.43375075,-0.25857538,0.23122568,0.65598637
26343,-6.829848,0.07012785,-1.5887533,-0.867979,-0.16532555,-0.22811212,-0.2786436,-0.0725855,-0.21219759,0.49260527,0.3634494
26344,-7.43682,0.22071773,-1.34238,-0.66352856,0.089003436,-0.020532513,-0.04354136,-0.358623,-0.25408903,0.592186,0.42418224
26345,-5.3968625,-0.10274964,-1.0723603,-0.97757465,0.095241584,-0.13525173,-0.072832234,-0.41552302,0.32148266,0.26000094,0.5514356
26346,-5.900364,-0.19642457,-1.1485585,-0.5159121,-0.10378804,-0.030355483,0.06301089,-0.14370836,-0.10789847,0.24890965,0.30261418
26347,-5.087457,-0.30602738,-1.1390786,-0.16770113,0.44970363,0.19715975,-0.3979998,-0.063061245,-0.111885875,0.20497835,-0.14741622
26348,-5.6978874,-0.2111586,-1.0125041,-0.47953033,-0.46105433,0.19887511,-0.2811353,0.016883537,0.29731315,0.5499822,0.20466521
26349,-4.278814,-0.11513836,-0.84286845,-0.5594746,-0.2843506,0.019860217,0.16729417,0.19250984,0.093432814,0.5566936,0.42401302
26350,-5.2625318,0.12071903,-0.78063256,-0.5642393,-0.023845606,-0.10063116,0.14518388,-0.3792859,0.026382621,0.29988477,0.20414902
26351,-7.7544785,0.02458815,-1.1621416,-0.8678442,-0.043078616,0.2987483,0.1893179,-0.23816493,-0.013261758,0.2837321,0.2094591
26352,-6.1329355,0.0024652043,-1.4158559,-0.70774394,-0.19718963,0.10501454,0.04398359,-0.27791813,-0.321158,0.32915118,0.43547896
26353,-4.666568,0.23046851,-0.9461988,-0.44544488,-0.1477737,0.0035883733,0.15341482,-0.16459669,-0.02334038,0.25903478,0.4197986
26354,-5.549994,-0.21367136,-1.553273,-0.3369186,0.06460758,0.088207446,0.08288966,0.16116524,-0.03890606,0.3407161,0.37894544
26355,-4.217217,-0.20814565,-0.52645934,-0.55079865,-0.18576844,-0.021648694,0.0063647754,-0.20342155,-0.022557395,0.23087321,0.21165575
26356,-7.3017025,-0.1524758,-1.9757422,-0.5472591,0.5077393,0.27686387,-0.32659113,-0.2674758,0.24888751,0.38222256,0.008568019
26357,-5.696573,-0.23493332,-1.3360996,-0.7645077,-0.16155472,-0.2028553,0.058601234,-0.080167055,0.15142673,0.3464355,0.2898463
26358,-5.944244,-0.14154744,-1.6109526,-0.85066277,-0.70944834,0.19158126,0.13419677,-0.18670207,-0.01892691,0.29015946,0.62815505
26359,-3.9503734,-0.083449304,-0.806372,-0.33682528,-0.15717277,-0.05779203,0.021124046,0.08683876,-0.07143629,0.21706693,0.15724096
26360,-7.664053,0.026988618,-1.3851473,-0.9076659,-0.39548594,-0.29778516,0.36818448,0.19101384,-0.1961733,0.527897,0.6465483
26361,-5.974952,0.07151422,-1.1449652,-0.57323897,-0.14644776,0.058665723,-0.3720673,-0.110373676,0.04845702,0.49265352,0.058568437
26362,-4.5025434,0.009588457,-0.8534071,-0.52586746,-0.1532979,0.3335846,0.16218054,0.16660127,0.079371326,0.61850697,0.38897365
26363,-6.1762342,0.083469056,-1.3284433,-0.59654784,0.18941851,-0.15690832,-0.20749818,-0.08634572,-0.024976695,0.48738724,0.34287298
26364,-4.961771,-0.36217034,-0.7717547,-0.87913966,-0.25849375,0.09524994,-0.15012592,-0.13939397,-0.1475828,0.5745538,0.4326874
26365,-4.2277775,0.2278594,-0.7612624,-0.23463646,0.19122337,-0.08545107,-0.025192868,-0.12807809,-0.062147282,-0.00393181,0.35530245
26366,-8.464971,-0.19105026,-1.0724466,-1.0467091,-0.71804535,-0.061130263,-0.05176611,-0.30010563,-0.25188124,0.36285174,1.3165268
26367,-6.707347,-0.11914167,-1.2245634,-0.7782182,0.08188091,0.0041679107,0.08640152,-0.119163044,-0.09820346,0.14111577,0.4134171
26368,-5.411388,-0.17719293,-0.93779755,-0.3366671,-0.20046714,-0.17408988,0.29082856,0.04148025,-0.15106179,0.5587088,0.62827086
26369,-5.6754775,-0.26817644,-0.8900505,-0.7996026,-0.18273208,-0.16879429,0.0679551,-0.26706204,0.056680545,0.11003861,0.11742731
26370,-6.588816,0.27795118,-1.2725931,-0.47334945,-0.2820172,-0.14837885,0.062349834,-0.19385752,-0.06408696,0.19654933,0.39502522
26371,-7.274396,0.03707261,-1.0344397,-0.8710426,-0.35285527,0.045157373,-0.14166163,-0.58765477,-0.014792584,-0.038292374,0.5417671
26372,-6.9362307,-0.15229696,-1.3590531,-0.9390741,0.0011512684,0.06673536,-0.2931179,-0.14624843,0.2825659,0.9720217,0.15433349
26373,-4.563482,-0.065799735,-0.82929033,-0.53154415,-0.06785259,-0.07199063,-0.32159954,-0.4691194,0.13216493,0.13142075,0.28687266
26374,-5.710819,0.1322438,-1.224247,-0.43646902,0.1725778,-0.06890432,-0.1282796,0.12059697,-0.041817464,0.2601897,-0.019726332
26375,-5.570471,-0.2796492,-1.0521169,-0.45372003,-0.22396912,0.048544344,0.16466203,-0.33794868,-0.0620069,0.23193333,0.4366766
26376,-5.0052347,-0.09316654,-1.3184268,-0.5806007,0.11687743,-0.2833469,-0.14208479,-0.17992258,-0.12874024,0.5171239,-0.12093652
26377,-9.037487,0.09968534,-1.5025356,-0.62924284,-0.66280174,-0.06369113,0.517504,-0.36822972,-0.11869608,0.570736,0.757302
26378,-4.842213,-0.02064563,-1.0600677,-0.31992614,0.061366756,-0.12211552,0.12362732,-0.02373643,-0.03721696,0.06959033,0.35873058
26379,-6.3445325,-0.36128762,-1.1657233,-1.0705422,0.16584921,0.5474393,-0.2564932,-0.49207357,0.26766878,1.0199962,0.030950174
26380,-7.5163465,-0.16181833,-1.3350507,-0.7860129,-0.08371462,0.28577214,0.1890519,0.14547315,-0.31013408,0.17208065,0.7810119
26381,-5.163307,-0.090354376,-0.8803058,-0.501981,-0.08865992,-0.15428458,-0.18424396,-0.027376762,-0.1346383,0.40997127,0.084242836
26382,-6.4220767,0.026517674,-1.4988989,-0.5954406,0.1724155,-0.052001003,-0.056834437,0.2548513,-0.115346834,0.4080426,0.48867375
26383,-3.9214208,-0.13939007,-0.94029063,-0.41081852,-0.05895523,-0.17745389,-0.2668796,-0.23278509,-0.09671431,0.36872187,0.35926256
26384,-5.7003727,0.08627285,-1.5706863,-0.69389564,-0.06182705,-0.12532169,-0.18834665,-0.1577079,-0.12473872,0.27380306,0.28665128
26385,-5.910972,-0.40709877,-0.9050695,-1.0523871,-0.5482171,0.24768822,0.044041447,-0.6111995,0.09170386,0.39698726,0.8232161
26386,-5.8589478,0.04855858,-1.0138657,-0.9198819,-0.32773426,-0.13878167,-0.07264309,-0.16046941,-0.23291603,0.23303269,0.31898427
26387,-7.2670846,-0.34508532,-1.3112457,-0.85534734,-0.45601836,0.28315425,0.17897508,-0.27304554,-0.11432502,0.02394075,0.51886433
26388,-4.476158,-0.038319938,-0.6547908,-0.68988484,-0.21525662,-0.08020177,0.2164466,-0.44328552,0.1061263,0.26255703,0.30752105
26389,-5.983427,-0.30234528,-1.0582635,-0.37084943,-0.51556784,-0.48185313,0.08997024,0.03547164,-0.20941424,0.5491201,0.5085346
26390,-5.516188,-0.04961094,-1.1581413,-0.5051295,0.078223504,-0.17395185,-0.20136829,-0.23558788,-0.1553404,0.2622994,0.059798975
26391,-7.4899783,0.11141599,-1.9009353,-0.7379433,-0.23306835,-0.4212504,-0.0306064,0.105680026,-0.14580573,0.1999326,0.61655104
26392,-4.7485223,-0.1207003,-0.7629778,-0.6771735,-0.3092922,-0.2875626,-0.032467138,-0.3267961,0.10268333,0.35294032,0.25003716
26393,-4.422982,-0.054708365,-0.9616479,-0.44456923,0.0051382394,-0.22485338,-0.00018540956,0.15905908,0.009262325,0.557038,0.16222651
26394,-6.8186836,-0.43689433,-1.6890779,-1.0104959,0.32267505,-0.39351547,-0.42525283,0.16953258,0.30981386,0.96326447,-0.06100242
26395,-5.1309085,-0.28021196,-0.88015723,-0.88037103,0.26633096,-0.19390883,-0.23482837,-0.30090213,0.043412246,0.29352424,0.2020767
26396,-6.300343,-0.18940315,-1.0498626,-0.8299769,0.07405667,-0.5739175,0.21381879,-0.25673297,0.008858424,0.07756686,0.33901364
26397,-8.643557,-0.014844595,-1.3529279,-0.73645663,-0.24219128,-0.43765068,0.1246237,-0.14947551,-0.30978695,0.8580253,0.48210904
26398,-6.977765,-0.32469153,-1.7006911,-0.688056,0.25272757,0.6801349,-0.3416945,-0.24144962,-0.08003056,0.21996419,0.18097033
26399,-5.1803885,-0.011186932,-0.99248916,-0.44627243,0.12303469,-0.26049262,-0.036153115,0.010084846,0.06615871,0.3678399,0.03885249
26400,-5.4149265,-0.021910679,-0.6216266,-0.40011474,0.02232044,-0.04651219,0.15616909,-0.26884663,-0.19963609,0.2450862,0.44834074
26401,-6.442493,-0.19728178,-1.351927,-1.0032377,-0.047471147,0.42554098,-0.15391327,-0.72843117,0.16903882,0.32875985,0.009121869
26402,-4.690997,0.049543384,-1.04199,-0.8712453,-0.10331397,-0.04626974,0.20900412,-0.38256323,0.2616774,0.69418246,0.15390222
26403,-5.354938,0.13692747,-1.0483111,-0.518819,-0.33117393,0.028244013,0.26145235,-0.046667382,-0.14929198,0.23161066,0.64092696
26404,-6.1342144,-0.20419383,-1.1158956,-0.2039703,-0.5865827,-0.011942634,0.15159002,-0.14185533,-0.16729462,0.56293213,0.45730093
26405,-5.606894,-0.04377311,-1.2210326,-0.79682004,-0.1411077,0.20951338,0.010998756,-0.46321338,0.17984512,0.09245318,0.4285306
26406,-6.4289455,-0.26028487,-1.3795533,-0.6356659,-0.050047968,-0.1504108,0.099419475,-0.44018888,-0.00046229362,0.4765627,0.43842593
26407,-4.5225854,-0.16368829,-0.7622825,-0.59082747,-0.17916843,0.047547642,0.18814726,0.122268476,-0.026500946,0.28527877,0.35258618
26408,-5.4890676,-0.42905048,-1.0848212,-0.94439113,-0.8981587,-0.05660732,-0.13228787,-0.1296125,0.07767276,0.52779925,0.6849139
26409,-6.2312913,-0.17787664,-1.0109887,-0.51166034,-0.09080788,0.10698564,-0.07603481,-0.18914226,-0.1819862,0.06879579,0.25763422
26410,-6.3668766,-0.05791722,-0.93305016,-0.73599577,-0.41065106,0.15571041,0.37669668,-0.049926996,-0.4225929,0.3400816,0.7931517
26411,-3.8530247,-0.1298653,-0.6726479,-0.81208724,-0.27997395,-0.021045165,-0.054670565,-0.37143257,0.37767097,0.44112834,0.19195932
26412,-4.814553,-0.1335941,-0.82985914,-0.34586853,-0.007485405,0.09678159,-0.20464821,-0.16103317,0.0779468,0.32725576,0.21467611
26413,-6.023347,-0.3322644,-1.1712753,-0.9750369,-0.3051341,0.09078276,-0.053914398,-0.1441363,0.17794022,0.5892729,0.8670869
26414,-5.8563848,0.18391585,-1.2922117,-0.5863984,0.07937389,-0.024839338,0.2488089,-0.10670315,0.07504061,0.32253465,0.22373521
26415,-5.711208,0.03831271,-1.362786,-0.8227527,-0.21922113,0.16796061,-0.20194654,-0.11572992,0.2657256,0.57049894,0.52567434
26416,-3.2361355,-0.032667313,-0.4660552,-0.36344096,-0.12958843,0.013586137,0.1454294,0.023756444,-0.1621006,0.12217574,0.17366828
26417,-4.065644,-0.21262665,-0.9712286,-0.47759414,0.20309381,-0.34378213,-0.21528278,0.057439707,-0.2534843,0.36816177,-0.18016604
26418,-8.100755,-0.18225731,-1.5832615,-0.7693536,0.3266871,0.56251407,-0.075028025,-0.82601583,0.3035156,0.21085155,0.28903118
26419,-5.137998,-0.2761445,-0.905873,-0.6295028,-0.70006865,-0.09389402,0.28669846,-0.34089804,-0.027005276,0.64642835,0.31973025
26420,-7.0001225,-0.023608647,-1.3542793,-0.88242066,0.38842794,-0.40144223,-0.15565433,-0.27916068,0.09540991,0.23169792,0.4032896
26421,-5.892658,-0.24368794,-1.1069008,-0.7136794,-0.12534273,-0.27500653,-0.13023318,-0.17277409,-0.11452882,0.4102803,-0.026509184
26422,-7.2124605,-0.042343922,-1.7979827,-0.7282524,0.40110108,0.48688525,-0.20979086,-0.23143168,0.08837926,0.32605177,0.48818174
26423,-5.007073,-0.12019138,-1.2564954,-0.73089516,-0.2861935,0.31965452,0.025794407,-0.5697106,0.26220253,0.26958868,0.5367068
26424,-4.229517,-0.34284505,-0.816954,-0.2926891,-0.45555118,0.120932244,-0.008138207,-0.07852508,-0.044846945,0.5115372,0.45692703
26425,-5.4974184,-0.113356076,-0.95497984,-0.59240574,-0.22906616,0.09535415,0.48384652,0.22442551,-0.28646916,0.22106667,0.76730764
26426,-5.2182775,-0.030016627,-1.1283388,-0.4909739,0.36614093,0.38037604,-0.20238358,-0.039275564,0.3246186,0.67979527,-0.026661031
26427,-4.685529,-0.3281669,-1.0892925,-0.6959286,-0.063391075,0.0863982,0.21011749,-0.15703388,0.2674806,0.5426463,0.5135822
26428,-4.585592,-0.02304019,-1.1540364,-0.42865926,0.33234102,-0.019071363,0.0544497,-0.061833873,-0.045166165,0.26155362,0.1940511
26429,-6.9466934,-0.18411982,-1.6393602,-1.0395632,0.42270833,0.0040091006,-0.28385258,-0.30007935,0.342181,0.5474253,0.07684301
26430,-7.154496,-0.15627572,-1.3754011,-0.515962,0.23728304,-0.5582525,0.01921853,-0.24981728,-0.008461116,0.34063464,0.39332956
26431,-4.797273,-0.13170305,-1.3782983,-0.556115,0.25510886,0.038814515,-0.270022,-0.080924734,0.2093043,0.59801066,0.100620575
26432,-6.4083714,-0.09291309,-1.7992132,-0.8997209,-0.21994653,0.20618735,-0.15757848,-0.33403784,0.08694431,0.32424536,0.24849121
26433,-5.794788,0.18673,-1.1210644,-0.68592197,0.05670717,0.365215,0.09891273,-0.5272534,-0.190077,0.6463623,0.27642846
26434,-6.2399225,-0.4637626,-1.7468762,-0.78204817,0.16464451,0.066027984,-0.10513292,-0.29754543,0.11150816,0.66101956,0.34648842
26435,-5.1811824,-0.08545897,-0.97065425,-0.706153,-0.048016842,-0.15817551,0.03680555,-0.24210933,0.04492653,0.3615386,0.51044095
26436,-5.456798,0.17063312,-1.1788651,-0.4863736,-0.22835466,0.22490425,-0.026518997,-0.41471294,0.25958017,0.55877423,0.19589025
26437,-5.9725595,-0.04544412,-1.1336869,-0.66531944,0.24392955,0.24270257,-0.2089157,-0.5507443,0.18649621,0.5351302,0.1765377
26438,-6.064765,-0.23090819,-1.1874489,-0.66070086,0.03173119,-0.0687409,-0.09158857,0.25577757,0.14236555,0.78130156,0.3571041
26439,-5.5915895,-0.03635558,-0.8724619,-0.9332581,-0.24443981,0.04760128,0.05159048,-0.13564184,-0.12843005,1.0740962,0.19327594
26440,-6.323477,0.04127802,-1.1381317,-0.037806764,-0.30010208,-0.16539066,0.024983648,0.023114286,-0.3287972,0.3896931,0.37195593
26441,-4.4456577,-0.021815144,-0.9105628,-0.3138319,-0.3170234,0.1690227,0.12677315,-0.34577814,-0.022709554,0.36491024,0.32916895
26442,-4.2846727,-0.05722582,-0.76579034,-0.37343866,-0.15671599,-0.26208115,0.050028402,0.17459327,0.050968334,0.32881197,0.0732394
26443,-4.7366037,0.057407983,-1.2583778,-0.8825213,0.03990787,0.30669808,-0.15644883,-0.3525797,0.3868522,0.7852857,0.17733149
26444,-5.536468,-0.219826,-1.0521612,-0.41958687,-0.4924978,0.49916345,-0.15442087,-0.5836628,0.2577569,0.57096756,0.08752832
26445,-4.794907,0.010211093,-1.0045904,-0.52064174,-0.03682426,0.19298823,-0.2884172,-0.39629662,0.16398059,0.48033905,0.17351845
26446,-5.3360853,-0.15348358,-1.0551416,-0.40367126,-0.1521198,0.023221117,0.06513952,-0.38728103,-0.30951905,0.7485736,0.3216501
26447,-3.8786972,-0.077633545,-1.1322312,0.06707727,0.3368074,0.037639365,-0.13092038,0.13268973,-0.29851747,0.037937958,0.086573206
26448,-5.043674,-0.17039971,-1.2623006,-0.43890387,-0.06778345,-0.34297287,-0.27652955,0.044008583,0.13117464,0.48815125,0.17714185
26449,-8.3793335,-0.049899593,-1.6143368,-0.6784325,-0.28223196,0.6036326,0.26498908,-0.38677195,-0.14890298,0.38170752,0.3674426
26450,-6.312619,-0.054955725,-1.2890149,-0.28528583,0.40035892,0.20607997,0.0077291084,0.009397007,-0.13424565,0.41710356,0.16300963
26451,-5.215492,0.01685231,-1.3894219,-0.09619083,0.007031002,0.168834,0.047902554,-0.29220483,-0.4110561,0.47666222,0.20983854
26452,-5.7896237,-0.0058141863,-1.0661755,-0.76247734,-0.029525021,0.06381236,0.21689104,-0.40005073,0.11364569,0.25422552,0.23239847
26453,-5.4531975,-0.027782068,-1.1019684,-0.4494849,0.41823122,-0.12116705,-0.35491803,-0.116930045,-0.22113433,0.16738309,-0.09849395
26454,-5.8923464,-0.13332589,-1.2771183,-0.38761,0.03216712,0.31016737,-0.16875361,0.06628203,-0.109209344,0.16068782,0.33524743
26455,-4.8096466,-0.041064862,-1.1193548,-0.48997068,0.1289069,0.11018327,-0.20982729,-0.2460452,0.13228846,0.5446391,0.066433355
26456,-5.093596,0.013250845,-0.7412158,-0.46830633,-0.00723734,-0.41176307,0.024880115,-0.3600278,-0.068125755,0.31084552,0.2179928
26457,-4.724788,-0.2626549,-0.64700055,-0.5302193,-0.032990042,-0.17925613,-0.25391942,-0.16486521,-0.21362107,0.31354502,0.19758743
26458,-7.0039883,-0.35364363,-1.3139182,-0.7166118,0.11890247,0.18365586,-0.30543965,-0.41760173,0.15517172,1.0314184,-0.04316337
26459,-6.106917,-0.33668256,-1.2337291,-0.5072401,0.25228223,0.4549209,-0.48650727,-0.5961621,-0.01529873,-0.005548333,-0.02884442
26460,-5.662269,-0.051127914,-0.96052307,-0.71087384,-0.42179117,0.23569831,0.39300302,-0.2627888,0.08497031,0.48131272,0.47184798
26461,-5.469374,-0.051915992,-1.2944125,-0.5413222,0.2026849,-0.25336617,-0.040797964,0.06420303,0.059820853,0.36652064,0.26531896
26462,-6.7455163,-0.32458833,-0.7876367,-1.0471647,-0.13392738,-0.08039491,-0.48343003,-0.13661718,0.18930767,0.5384677,0.13048121
26463,-6.1011596,0.053631213,-1.2802143,-0.54720426,-0.03498543,-0.43010312,-0.07116319,0.09376647,-0.10237737,0.40872297,0.37414384
26464,-5.3510275,0.021896077,-0.9622203,-0.9271345,-0.46980867,-0.08742176,-0.02615058,-0.13693926,-0.08796929,0.52930564,0.29146788
26465,-4.735178,-0.071718015,-0.77631396,-0.67520237,-0.19913325,-0.16646062,-0.0061375583,-0.1697196,-0.1513796,0.49420923,0.3186452
26466,-4.597638,0.11130915,-0.87279123,-0.2127722,-0.08414091,0.14359762,0.19026938,-0.1099841,-0.14468047,0.35371584,0.42233622
26467,-5.3894916,-0.25416428,-0.6883279,-0.5106898,-0.6013098,-0.20267151,0.28279263,-0.037914373,-0.25731528,0.48147228,0.6061259
26468,-6.9613314,-0.15183555,-1.2182139,-0.6005903,-0.16971092,-0.027412962,0.12880148,-0.7953556,-0.27979442,0.23059246,0.14723098
26469,-6.878111,0.0017747809,-1.6783808,-0.90405035,0.32665852,0.28060836,0.00012129638,0.08098121,0.124906346,0.05241451,0.3401326
26470,-6.066986,-0.43388972,-1.2649839,-0.8496494,-0.17770815,-0.23794132,-0.14772806,-0.17829059,0.2191901,0.6177597,0.29212612
26471,-6.5787425,-0.0700668,-1.2177331,-0.596288,-0.26694608,-0.1294447,0.1183034,-0.34946638,-0.061663523,0.18747823,0.57273716
26472,-2.9261515,0.036252487,-0.7783237,-0.23601888,-0.18063611,0.18394148,0.03672607,-0.34413284,-0.13067886,0.21573181,0.19401594
26473,-6.350286,-0.12820867,-0.68951964,-0.6282603,-0.27606994,-0.41169745,-0.12106574,-0.17729759,-0.35586005,0.41313854,0.5821271
26474,-4.936618,-0.080083914,-0.83343303,-0.44649407,-0.10401825,0.18621184,0.017055785,0.06676764,-0.08529693,0.38276178,0.28333402
26475,-4.5774736,-0.07842944,-0.96146446,-0.40153483,0.21841338,-0.13815385,-0.02684778,-0.039516702,-0.14039347,0.27284053,0.030586109
26476,-4.178305,-0.13259713,-0.7373062,-0.13786797,-0.35450456,0.19330484,-0.03226072,0.0050701546,-0.104526736,0.46404555,0.16744603
26477,-6.3594556,-0.03793834,-1.3607392,-0.6709425,-0.50484365,0.2473297,0.11228739,-0.1007964,-0.11064376,0.7916875,0.5152704
26478,-7.642846,0.18641144,-1.4640568,-0.4396961,0.24679334,0.5658615,-0.334151,-0.1144419,-0.17458642,0.43965876,0.3650319
26479,-6.130766,0.16014992,-1.4524854,-0.61335874,0.3476028,-0.1991767,-0.5098162,0.060641266,-0.21100985,0.23046982,-0.35706985
26480,-6.014118,-0.32152134,-1.2922277,-0.91695666,-0.24438366,-0.28210264,0.31698263,0.04878588,0.098750934,0.67501265,0.31650153
26481,-4.9228916,-0.015447584,-0.9123177,-0.5334335,0.130779,-0.14228559,0.03995472,-0.28813395,0.031505458,0.43033907,0.20209935
26482,-4.542805,0.081724755,-1.0565836,-0.67217416,0.09459782,-0.2503631,-0.27829888,-0.41058305,0.16434006,0.6232413,0.26636654
26483,-5.688686,0.1545546,-1.1656114,-0.39004406,-0.43631005,0.074365586,-0.002747003,-0.34689027,-0.093329825,0.46709523,0.625201
26484,-5.1550355,0.11558395,-1.0418155,-0.5089671,0.3925804,-0.08909319,-0.09546821,-0.34709248,-0.16756646,0.03180813,0.05847934
26485,-6.6530437,0.081614345,-1.2241257,-0.79766506,-0.27276534,0.1008666,-0.35970554,-0.5915359,-0.15819797,0.23467511,0.36361158
26486,-5.5985246,-0.18279274,-1.1990275,-0.44843307,0.20131706,-0.25407398,0.08548738,0.22655694,0.026444793,0.23310941,0.20585723
26487,-6.243732,-0.118152365,-1.4153814,-0.5221022,-0.5176061,0.37033457,0.33821383,-0.62061435,-0.3600447,0.6939878,0.4111763
26488,-6.1450953,-0.3457669,-0.84132594,-0.83999896,-0.48800236,0.13288306,0.055078667,-0.28432593,-0.25320312,0.55790716,0.93259794
26489,-4.726963,-0.14413796,-1.2564678,-0.33640832,-0.15357345,0.122683994,0.2658699,-0.16677612,-0.12929074,0.3379763,0.52697974
26490,-6.467227,-0.23215592,-1.3113273,-1.0115762,-0.011312176,-0.020469218,0.0739941,-0.26588914,-0.15382594,0.3146275,0.24843222
26491,-6.1353445,-0.14790367,-1.403605,-0.7682885,0.36667585,0.0052697603,-0.22696942,-0.060052916,0.0008603679,0.3804302,0.25730538
26492,-6.158641,-0.10397688,-1.145508,-0.8110638,-0.5254637,0.22126092,-0.10264949,-0.2918336,-0.258964,0.19174096,0.567377
26493,-6.4120817,-0.40188637,-1.1799947,-0.760107,0.35130328,0.06323411,-0.22526552,-0.4651147,0.34951302,0.3072301,0.60162336
26494,-4.867145,-0.11863904,-0.70399785,-0.41843957,0.15060882,-0.074185126,0.030621298,-0.06422168,-0.30229855,0.07809049,0.3936491
26495,-7.123587,-0.15841453,-1.7231454,-0.8928334,-0.021790339,0.035816163,-0.10206227,0.016785823,-0.034442134,0.4657773,0.70566916
26496,-5.431657,-0.14572506,-0.86579514,-1.05395,-0.7078992,0.006974095,-0.05414693,-0.2853589,-0.09488085,0.33378962,0.40458784
26497,-4.8556323,0.02890275,-0.91465664,-0.7303538,-0.22241017,-0.15298015,-0.10202373,-0.2283595,-0.109320894,0.1072245,0.3218535
26498,-5.3900366,-0.04281828,-0.91362554,-0.61540264,-0.25338188,0.033088055,0.047954068,-0.16082974,-0.14698046,0.29573157,0.5933984
26499,-6.98036,0.041069288,-1.7929072,-1.0685947,0.3120458,-0.013992967,-0.35356352,-0.44069618,-0.20631994,0.18896979,-0.1126978
26500,-5.6813517,-0.17526454,-1.5167365,-0.6947344,0.24753538,0.11067686,-0.19145826,-0.139534,0.27510795,0.63018924,0.18047103
26501,-6.295657,0.12783216,-1.4746634,-0.9195745,-0.007322161,-0.010610329,-0.10401996,-0.21724385,0.21037714,0.60438776,0.4558241
26502,-5.470205,-0.09374118,-1.0521905,-0.6702036,-0.30606157,-0.103991486,0.048903055,-0.26550153,0.061498523,0.49660006,0.63816905
26503,-5.455494,0.010021637,-1.6655505,-0.6437621,-0.014483195,-0.15793326,0.11432914,-0.13334839,-0.18497923,0.14076318,0.41659707
26504,-6.763582,-0.2397492,-1.1835892,-0.77425516,-0.15634853,0.0532872,-0.033322666,-0.29885745,0.084386475,0.85194254,0.092758834
26505,-6.303924,-0.1735083,-1.4600635,-0.81777894,-0.22352824,0.15754175,-0.18092006,-0.40145043,0.25611746,0.5364825,0.7338831
26506,-5.607603,-0.040203664,-1.0541888,-0.5054902,-0.08135936,-0.033521075,0.011978687,-0.20317656,0.10010754,0.5474235,0.27009276
26507,-5.996866,-0.01217392,-1.3153868,-0.7635916,-0.036052346,0.10163225,-0.053092718,-0.124097206,0.054688312,0.35060638,-0.06856821
26508,-7.158019,-0.31196257,-1.5428745,-0.6468305,0.0014542127,-0.19410463,-0.0037082797,-0.12255431,-0.3055349,0.26178083,0.647905
26509,-6.9848104,-0.087354966,-1.2345142,-0.75197315,0.12694311,-0.031095985,-0.28709906,0.1564857,-0.1564062,0.8403383,0.7033738
26510,-7.2865443,-0.048449457,-1.6821069,-0.5074969,0.398484,0.22207665,-0.24992804,-0.4118091,0.121755,0.4313514,-0.24007821
26511,-5.7606797,-0.020781513,-1.4236224,-0.47768208,-0.23418671,-0.086644135,0.04064744,-0.070338674,0.078862764,0.3642928,0.3747977
26512,-5.158743,-0.18306442,-1.1633857,-0.7223167,-0.23724273,-0.12558514,0.009209277,-0.2196808,-0.09720615,0.3509983,0.13628908
26513,-7.0733123,-0.10538307,-1.3292478,-0.44895655,0.11172629,0.113106556,0.018090663,0.07131123,0.014320118,0.51526886,0.43633148
26514,-4.381682,0.030245319,-0.640066,-0.701027,-0.27684876,-0.09245021,0.23778538,-0.15053178,-0.14541768,0.39462838,0.38545018
26515,-5.969835,-0.28938738,-0.9437176,-0.8339127,-0.339674,-0.10520312,0.045219947,-0.5330806,-0.03359434,0.3447717,0.5408178
26516,-4.9608865,-0.20355663,-0.79847705,-0.65930766,-0.039189287,0.26164955,-0.07189705,-0.1344428,-0.019169645,0.17768243,0.2874142
26517,-5.860641,0.016647175,-1.2715616,-0.44525167,0.33942935,-0.2559905,-0.3345298,0.2897426,-0.102514334,0.19325897,-0.024408229
26518,-4.2755394,-0.09329698,-0.9140437,-0.4822618,0.13314056,-0.0175309,0.07096404,-0.23922536,-0.052127436,0.100054964,-0.02194485
26519,-6.3073807,-0.062324185,-1.5480266,-0.63743436,0.25769714,-0.30937612,-0.20047227,-0.54171944,-0.14144441,0.50090575,0.3410599
26520,-6.3085194,-0.06482061,-1.4942769,-0.8350922,0.2612173,0.1322141,-0.33643886,-0.3788264,0.13858633,0.5334267,-0.10124237
26521,-5.5768623,-0.42521402,-1.2571743,-0.710153,0.16350982,-0.15016332,-0.068138376,0.084928,0.14809509,0.5958008,-0.049422525
26522,-5.5272675,-0.43550244,-1.0405302,-0.5771444,-0.5318128,-0.14416473,0.25096527,0.13362476,-0.18608163,0.49811202,0.7982644
26523,-6.7110033,-0.27080822,-1.416219,-0.5713069,-0.27749175,0.15221296,0.1829652,-0.40078956,-0.07281772,0.86842436,0.43347222
26524,-5.6757774,-0.121138975,-0.7935075,-0.7256086,-0.65419805,-0.05292087,0.10593089,-0.27974132,-0.14153711,0.3803716,0.5121755
26525,-5.959578,0.14395119,-1.1760509,-0.43580908,-0.19766763,-0.6197836,0.13076432,0.1601058,-0.16375856,0.448554,0.42065895
26526,-6.621304,-0.18617706,-1.2812402,-0.69094896,-0.603382,0.0176817,0.12608093,-0.20848797,-0.02565564,0.5795461,0.3867339
26527,-5.841478,0.11218942,-1.5449722,-0.5431023,-0.3126749,0.019307144,0.32772988,-0.0068585947,-0.39435235,0.48068807,0.2808847
26528,-5.653208,-0.11960456,-1.2706195,-0.5863961,0.12985253,0.336272,-0.014517811,-0.092876434,0.0734481,0.20759039,0.20420474
26529,-5.9639745,-0.08152241,-0.84780496,-0.6604764,-0.038598128,0.022243567,0.102947846,0.34053656,-0.107262336,0.28678143,0.45073393
26530,-8.332795,-0.06506925,-1.3133935,-1.0693552,-0.2716146,0.069768295,0.07772868,-0.11009211,-0.13540693,0.5519854,1.1629447
26531,-6.7823377,-0.10389999,-1.1077906,-0.73818433,-0.25906184,0.05438862,-0.07243478,-0.54679143,-0.28874603,0.044203583,0.17846958
26532,-7.001712,-0.31044006,-1.5123446,-0.25344437,-0.42091146,0.43240637,0.42008746,-0.142526,-0.32853585,0.15378714,0.38557842
26533,-6.3608623,0.1531756,-1.0558401,-0.7262565,-0.1909618,-0.040605742,-0.029409848,-0.3293623,-0.36380556,0.26666364,0.21435525
26534,-5.917035,-0.11469841,-1.3995804,-0.84362453,0.03264189,0.09505937,-0.10675932,-0.44765624,-0.14618596,0.373223,0.36714482
26535,-5.177844,0.045596756,-1.2048824,-0.5414556,0.01443853,0.0051973485,-0.028329927,0.22478393,-0.060679592,0.04159496,0.25296897
26536,-5.033494,0.15996845,-1.100297,-0.5406318,-0.15014084,0.036670025,0.12069478,-0.19823979,0.19387244,0.280626,0.2724503
26537,-4.2407274,0.009752737,-0.81253546,-0.5287384,-0.25856498,0.004070622,0.020289322,-0.0919319,-0.08543652,0.6678769,-0.061716504
26538,-5.556796,-0.26963365,-0.95247716,-0.92226,0.09509576,0.03394848,-0.18800074,-0.26890594,0.10240573,-0.076932244,0.29072148
26539,-6.5305805,-0.34537753,-0.96777034,-0.6192745,-0.24180984,-0.4291697,0.018492136,0.06821145,-0.29297242,0.3526163,0.1595853
26540,-4.289215,-0.04419982,-0.7451782,-0.48112947,0.03657843,-0.20001666,-0.069270566,-0.118175946,-0.068759345,0.17141314,0.14115049
26541,-6.2651124,-0.040986404,-0.9308491,-0.94960666,-0.32623047,-0.21713407,0.1022543,-0.060895927,-0.11129676,0.4756016,0.62276715
26542,-5.784421,0.050764527,-0.8745828,-0.5099468,-0.19871014,-0.07381262,-0.009790135,-0.6060124,0.23136558,0.2671714,0.42362475
26543,-5.047351,0.043752752,-0.7066026,-0.6050426,0.20939936,0.44485182,-0.3088537,-0.5906723,-0.05756686,0.47320622,0.054440495
26544,-5.632873,0.02001077,-1.233661,-0.5421981,-0.19987477,0.23923276,-0.36889404,-0.1289802,-0.2571667,0.08660354,-0.007179533
26545,-4.4164166,0.048074704,-1.1939483,-0.5500256,-0.20607789,0.017079461,-0.01573284,-0.46620867,0.13011852,0.20223685,0.37191144
26546,-7.1600657,-0.62317276,-1.3093573,-0.86483645,-0.321107,-0.08226285,0.012265479,-0.10651322,-0.032364286,0.55265176,0.6721111
26547,-3.9140007,-0.28105548,-0.6196999,-0.51357496,-0.1837976,-0.08630927,-0.034807213,-0.33244288,0.18284255,0.21224737,0.5550412
26548,-6.1958923,0.035148297,-1.5423256,-0.708375,-0.16519415,0.20150153,0.06454868,-0.34721997,0.006185228,0.11516193,0.65814525
26549,-5.8965497,-0.29217765,-0.9998321,-0.72556984,-0.5379829,-0.07588218,0.08023071,0.23008068,0.018113965,0.45445183,0.508564
26550,-5.8438053,-0.29752594,-0.8967493,-0.43386722,-0.36523935,0.38859355,-0.2650795,-0.24031007,0.09286885,0.67803526,0.14401487
26551,-5.7912827,-0.14109896,-1.0086216,-0.39468586,-0.081744574,0.28219455,-0.3158904,-0.19602557,-0.15098493,0.15169439,0.08131596
26552,-5.717456,-0.34672365,-1.020664,-1.0944667,-0.6902658,-0.29489803,0.2112815,-0.33609307,-0.06360247,0.4615271,0.9201956
26553,-6.7135854,-0.035347775,-1.2476969,-0.84858906,0.2975978,0.63571256,-0.15608062,-0.4328138,0.33087778,0.28048947,0.15521707
26554,-4.8133593,-0.23174441,-1.0266052,-0.5501668,0.2176202,-0.07675247,-0.33783183,-0.3411715,0.0104286345,0.42519188,0.055113006
26555,-4.041741,-0.043600995,-0.8782543,-0.57063156,-0.39095053,0.43117458,-0.028746907,-0.5866868,0.12486944,0.36810923,0.48577031
26556,-5.9752226,-0.40987256,-1.0422201,-0.5418899,0.05372555,0.55987436,0.029701773,0.2921699,0.03628856,0.6212177,0.60220975
26557,-5.809857,-0.38997954,-1.293178,-0.49490994,-0.55433196,-0.038382825,0.5619971,-0.15774359,-0.18944272,0.5547635,0.6963369
26558,-5.1954365,0.035143178,-0.99332565,-0.35426277,-0.4316729,-0.47656137,0.12059038,0.1698741,-0.44716272,0.2815913,0.17009208
26559,-5.1106863,0.06578982,-0.93805677,-0.80704254,-0.21173844,0.20956452,-0.05621828,-0.10462886,0.09314046,0.82921565,0.5437393
26560,-5.6241984,-0.29045945,-1.2950875,-0.4317949,-0.21532424,-0.10407803,0.16026406,-0.049899496,-0.106137395,0.6508244,0.3431698
26561,-5.167077,-0.0047112564,-1.1847769,-0.3658382,0.101540565,-0.16033961,-0.12684721,-0.37704545,-0.13200584,0.09620834,0.5601417
26562,-6.8210874,0.021473933,-1.4590638,-0.9767298,-0.061702624,-0.32552958,-0.20153618,-0.17084952,0.047551893,0.3067682,0.32219017
26563,-5.9968195,-0.25454545,-1.2074236,-0.3657789,-0.14672495,0.60818547,0.09816316,-0.39183113,0.04797095,0.8994096,0.25336212
26564,-7.739219,-0.22177854,-1.0392977,-0.97969985,-0.7149198,0.106476545,0.09945248,-0.18211319,-0.12722947,0.30070728,0.5375217
26565,-5.340953,-0.22398525,-0.8190072,-0.61680394,0.20913488,-0.08748491,-0.18162632,-0.34547886,0.106804475,0.41415468,-0.08487205
26566,-7.810781,-0.086167455,-1.3439208,-0.8927032,0.19083288,0.24704066,-0.19292443,0.010772664,0.014297677,1.1720544,0.49054173
26567,-4.792658,0.063156925,-1.1305,-0.373822,-0.12162123,0.13015726,0.08281887,-0.41837403,-0.31386152,0.7729375,0.23708008
26568,-6.953954,-0.23905101,-1.2489234,-0.7205957,-0.12309324,0.11373978,0.14686297,0.30387938,-0.28830543,0.38301829,0.46534577
26569,-5.2592144,0.034632806,-1.0293655,-0.719091,-0.19871531,-0.10921439,-0.18559392,-0.5652479,0.10506883,0.5420716,0.38938808
26570,-5.3210425,-0.2545089,-1.1753819,-0.3550844,-0.23421916,0.027361985,0.016591834,0.16825613,-0.18903211,0.4458693,0.11869128
26571,-7.365319,0.048796657,-1.3495128,-0.5348632,-0.29007173,-0.05620165,-0.055036686,-0.2232208,-0.07699204,0.81532615,0.20382336
26572,-6.0684323,-0.19613753,-1.0171747,-0.8756547,-0.30624315,-0.13293271,0.058962487,-0.3456255,-0.10854952,0.2667972,0.71709603
26573,-5.1264052,-0.25976774,-0.9925776,-0.59280854,-0.37518057,-0.1361215,0.1015352,-0.082664534,-0.14173149,0.56349266,0.31847367
26574,-7.6393485,0.15029386,-0.7180891,-0.3804665,-0.25693545,-0.30385584,-0.12039075,0.055732757,-0.25793,0.41480985,0.4484657
26575,-6.343273,-0.3150962,-1.4193717,-0.29724133,0.28474194,0.040329956,0.04206238,0.3702759,0.057978973,0.6290219,0.2601277
26576,-6.9455485,0.17959607,-1.7637125,-1.051254,0.15813883,-0.08263357,-0.26711568,-0.68448275,0.17281523,0.16847044,0.32390887
26577,-7.023518,-0.44458443,-1.2824653,-0.6834305,-0.08630466,0.082287304,-0.19216849,-0.063425735,-0.2528708,0.38126352,0.7301032
26578,-5.4709463,-0.32338855,-1.2455488,-0.4532877,-0.12934268,-0.081024796,0.05178137,-0.3654903,-0.22309075,0.48859632,0.2181717
26579,-6.7471476,-0.09601582,-1.0873402,-0.63351107,-0.37773994,0.05854762,0.22358017,-0.2776796,0.0784092,0.22309744,0.599693
26580,-6.2552133,-0.26783842,-1.4214278,-0.7388786,-0.22951998,-0.13250412,0.03322404,0.10765536,-0.017248074,0.5932283,0.40892082
26581,-6.5268965,0.17480633,-1.5209646,-0.93435544,0.024301725,-0.050354958,-0.35908967,0.036883272,0.2441248,0.6342083,0.32405943
26582,-4.801338,-0.023001812,-0.8078767,-0.47148803,0.025264587,-0.33209914,-0.017071757,0.050803028,0.08862106,0.15471248,0.19101419
26583,-4.7559853,-0.069726996,-0.8638932,-0.45581678,-0.10102294,0.0059732962,0.05328001,-0.28418458,-0.11422989,-0.010380507,0.121437125
26584,-5.5680823,-0.34012365,-1.4239701,-0.7683474,-0.3132621,-0.20813787,0.2534282,-0.1600695,-0.036306597,0.34745127,0.39415082
26585,-7.0414796,-0.26329386,-1.5946708,-1.1695613,-0.29473433,-0.4200285,0.16518036,-0.3702689,0.09768675,0.5040577,0.3124644
26586,-6.634646,-0.215234,-1.5514107,-0.8686394,0.1280843,0.04608703,-0.3206393,-0.5581319,0.22360937,0.27937448,0.41622904
26587,-4.302337,0.040679473,-1.1451364,-0.26000822,0.35343918,0.1348433,-0.1300714,0.0821624,-0.05630125,0.15312421,0.0773269
26588,-4.2784925,0.116878204,-0.9280317,-0.5506983,-0.16262265,0.004914806,0.048692014,-0.50423056,-0.0641857,0.4525365,0.22207643
26589,-5.599355,-0.18672505,-1.1346014,-0.6957442,-0.13463816,0.07262132,-0.24399687,-0.38933215,-0.06228011,0.26110002,0.41786087
26590,-7.514232,0.19683003,-1.9317137,-0.22028181,-0.025010059,0.6089484,-0.06242829,-0.35389623,-0.34083351,0.10733946,0.075626336
26591,-4.970904,-0.039865248,-0.9869319,-0.50355583,-0.22329637,0.021429501,-0.17923862,-0.3160746,0.036153935,0.29000598,0.27359062
26592,-4.980853,-0.06922925,-1.2786864,-0.53557134,0.06601421,0.1581503,0.083200835,-0.09258816,0.03248141,0.25014693,0.124400094
26593,-4.312608,-0.27804014,-0.7949951,-0.5710889,-0.5010165,0.27582318,0.08156231,-0.45688966,0.09743824,0.31465805,0.4751821
26594,-7.616493,-0.110840626,-1.5939316,-0.4542465,0.3150761,0.3158278,-0.37452722,0.29365605,-0.06608116,1.2887206,0.033232197
26595,-6.6145926,-0.20244165,-0.89845526,-0.30360347,-0.23819074,-0.26827282,0.4333203,0.06351213,-0.45868137,0.48788318,0.22625598
26596,-5.5216904,-0.15361741,-1.1691507,-0.76433796,-0.40140405,0.31680363,-0.28260785,0.049985565,0.18394811,0.7757074,0.48408052
26597,-5.140988,-0.076447554,-0.99567574,-0.46278244,-0.36405268,-0.21410602,-0.12833214,-0.1186968,-0.11821103,0.64373815,0.6312793
26598,-6.1039824,0.042052105,-1.6493093,-1.0736953,-0.37127894,0.023687059,-0.21232805,-0.5898352,0.36076447,0.5885481,0.5864289
26599,-4.4668694,-0.113353536,-1.0294849,-0.5827047,0.010686259,0.1392979,-0.10627641,0.08434194,0.07355481,0.48806703,0.112670615
26600,-6.9255347,-0.13471864,-1.5763849,-1.1495899,-0.029389935,-0.083198436,-0.09631932,-0.7006621,-0.15506001,0.5124351,0.23734577
26601,-6.1644216,-0.18238409,-1.2813485,-0.6496019,-0.51369834,0.043844335,0.1469392,0.0060606143,-0.13771962,0.29199454,0.44865063
26602,-6.0877266,-0.14017223,-1.0831803,-0.36737904,-0.8167434,0.12316325,0.21689527,-0.08020895,-0.2944564,0.5577509,0.32404286
26603,-4.4086804,-0.13461806,-1.0380524,-0.5600005,-0.074123055,-0.012017079,-0.27803782,-0.27841508,-0.10631907,0.36151552,0.38419008
26604,-6.3325524,-0.30918965,-1.4917275,-0.5232812,0.4448028,-0.34239376,-0.28891715,0.14526208,-0.1306168,0.67955077,-0.020627908
26605,-5.047119,-0.39697462,-1.1869453,-0.5777752,0.22833715,-0.027144399,0.17955033,0.094799496,0.22217675,0.40642062,0.50789165
26606,-5.0416317,0.037143826,-1.0891495,-0.34044555,0.11946208,0.08866993,-0.016975246,-0.14429711,-0.13607235,0.31094995,0.28946424
26607,-5.329416,-0.021325607,-1.0561917,-0.8748765,-0.0960356,0.31593323,-0.14267181,0.015582178,0.2609789,0.8493429,0.64908564
26608,-4.276615,-0.24297671,-0.9516008,-0.6566739,-0.061815687,-0.23517513,-0.03875817,0.07405977,-0.03195393,0.43528146,0.12520507
26609,-5.30567,0.07839463,-0.91790915,-0.6839656,-0.16734436,-0.28550863,0.0037347218,-0.25776866,0.089670464,0.30253273,0.49929675
26610,-7.58866,-0.23903756,-1.1669478,-0.9263536,-0.12661223,-0.4774534,-0.48358703,-0.086211845,-0.366481,0.72679543,-0.023942214
26611,-5.1357937,-0.2666376,-1.1143869,-0.3575277,-0.11322524,0.120167665,0.09095866,-0.13567458,0.065929785,0.4164029,0.013193309
26612,-5.693612,-0.08431213,-1.2421769,-0.7483805,0.16007401,-0.03597061,-0.09034862,-0.16294089,-0.018476719,0.19640191,0.1928672
26613,-5.561419,0.03490741,-1.3425986,-0.4365477,0.013962857,0.0063835285,0.20583984,0.19603416,-0.24693911,0.2468974,0.23508425
26614,-5.875504,-0.077744715,-1.0855404,-0.555019,0.14690876,-0.33434337,-0.13406786,-0.36250034,0.041946195,0.2848593,0.47231296
26615,-7.0478516,-0.2762885,-1.3368679,-1.3965304,-0.18999831,0.2128827,-0.06697234,-0.5692977,0.39916703,0.79276824,0.6490434
26616,-5.012379,-0.18714967,-1.262103,-0.9926388,0.20419103,-0.18270881,-0.16678268,-0.63105226,0.06662995,0.47088686,0.12901485
26617,-6.542982,-0.19385383,-1.2270414,-0.44597572,-0.25017,0.20652784,0.46350312,0.13663796,-0.12616709,0.441453,0.49910614
26618,-6.3312707,-0.28765962,-1.2829367,-0.82839763,-0.2632871,0.24548778,0.16898084,-0.45439985,0.037384316,0.4571668,0.3007172
26619,-5.7240252,-0.04063143,-0.8169931,-0.62903076,-0.25491622,-0.34926683,0.2951214,-0.16036764,-0.21665855,0.5146863,0.38001114
26620,-5.659808,-0.1506504,-1.1643519,-0.25973585,0.3290908,0.058660023,0.040455695,-0.012454664,-0.13510469,0.62858164,0.062160764
26621,-6.19125,-0.2215666,-0.8558956,-0.70459086,-0.56679946,-0.6551095,0.20010178,0.14698026,-0.09358952,0.2185382,0.5994972
26622,-4.9607615,-0.14114615,-0.9252019,-0.3842904,-0.37723732,-0.056501344,0.09095183,-0.16349755,-0.18466751,0.39096314,0.13781312
26623,-5.212618,-0.23051968,-1.055582,-0.87266624,-0.054114,-0.2347138,-0.022591524,-0.1786547,0.05496669,0.39454627,0.3224992
26624,-6.0651836,0.21346211,-1.1302646,-0.59671277,-0.23584098,-0.21236975,0.05661328,-0.40244672,0.12099336,0.5033204,0.1661111
26625,-7.1544642,-0.24949045,-1.2284626,-0.6473254,-0.2870646,-0.20641057,0.07136744,-0.1511959,-0.01968149,0.121367626,0.5531779
26626,-6.5860343,0.11234781,-1.2445872,-0.7337982,-0.50347936,0.12946287,0.03509913,-0.614953,-0.22113694,0.42383918,0.13008319
26627,-6.4196105,0.021747297,-1.1365174,-0.6289555,-0.00616583,-0.074181214,-0.050152842,-0.3317171,-0.15726376,0.0700382,0.22913715
26628,-4.831008,-0.020388857,-0.73814654,-0.46919367,-0.2260347,0.0405835,-0.17675544,-0.25930703,0.00097635854,0.63406086,0.09394072
26629,-6.9209456,-0.2429549,-1.0621232,-0.6427026,0.059832465,0.016927242,0.017111558,-0.40827054,-0.0897483,-0.010025325,0.2897366
26630,-4.581749,-0.24625672,-0.8711887,-0.7406595,0.034996692,-0.37492502,-0.10618419,-0.18068415,0.117715806,0.45609835,0.066566475
26631,-6.3430214,-0.027191494,-1.2736207,-0.40099603,-0.41382557,0.23394504,-0.001832149,-0.18094619,0.0849788,0.72056854,0.5249923
26632,-5.409323,-0.28303504,-0.86846596,-0.9097825,-0.23726155,0.074989,0.20688911,-0.24762735,0.025777511,0.77292687,0.3441637
26633,-7.1802206,-0.2935136,-1.4398446,-0.5145986,-0.7075358,0.10121068,0.18121336,-0.20432049,-0.3153642,0.8167056,0.93679655
26634,-4.7785254,-0.24212329,-1.0825355,-0.6781312,-0.27445886,0.30825627,0.5323027,0.09967117,0.11373371,0.42697495,0.54434204
26635,-4.986256,0.113478675,-0.88310814,-0.48053476,0.08469663,-0.012678325,-0.31067494,-0.29305294,-0.020738149,0.2970062,-0.015022035
26636,-5.4290314,-0.09015075,-1.145673,-0.77285165,-0.7679131,0.28842425,0.0050249267,-0.6584578,-0.060568668,0.36456603,0.57530093
26637,-6.285112,0.08831971,-1.3228799,-0.6557419,0.02217411,0.28715628,-0.16631788,-0.6124745,0.00404869,0.12008417,0.19894624
26638,-5.1439185,-0.023346703,-1.0937408,-0.4637142,0.037010387,0.06318739,-0.16971827,0.28423944,-0.11271174,0.4016772,0.4100254
26639,-4.6387267,-0.11971682,-0.74294704,-0.31225553,-0.24562663,-0.4227717,0.28256693,-0.032912344,-0.046936743,0.35850832,0.30085722
26640,-4.0338807,-0.10351674,-0.79707867,-0.32727283,-0.07496925,0.0021156296,-0.19742244,-0.17279607,-0.1532577,0.17510249,0.1644394
26641,-5.544427,-0.24179892,-0.9583929,-0.8870019,0.008563697,0.05043512,-0.0063122185,-0.46459478,0.14566016,0.48983634,0.45742044
26642,-5.2412643,-0.16581884,-1.2400868,-0.86616564,-0.27971417,-0.29906172,-0.4929072,-0.5010818,0.21242614,0.62355256,0.44206142
26643,-5.04497,0.16779958,-0.97673786,-0.039088953,0.029281566,-0.28918254,-0.18881066,-0.09735895,-0.2746761,0.10761859,0.12201232
26644,-5.350653,-0.20931104,-0.86813754,-0.6349594,0.0058950623,0.25010386,-0.39842227,-0.4115526,-0.05471056,0.36204442,0.07325839
26645,-4.7940636,-0.044245146,-1.4259051,-0.40559074,-0.114348225,0.42756546,-0.108947575,-0.3127288,-0.0014084522,0.5584572,0.3669733
26646,-5.4691515,-0.21719047,-1.2373608,-0.8333082,-0.39346033,0.033830322,-0.029620443,-0.24662164,0.11125752,0.6031897,0.50127757
26647,-5.961281,0.052959383,-1.1352018,-0.6690999,-0.24684396,0.13815917,-0.06848857,-0.23983142,0.058561467,0.55682397,0.23384686
26648,-5.037285,0.1228984,-1.1046367,-0.8804556,-5.7771336e-05,-0.00018263701,0.06459772,0.03379374,0.014623758,0.29354182,0.38582575
26649,-6.1519384,-0.2971172,-1.1386974,-0.96962804,-0.17326903,0.18743688,0.109543845,-0.7591471,0.023197468,0.3574758,0.5719013
26650,-5.8904333,0.043976884,-1.4978497,-0.7188526,-0.22601858,0.280338,-0.2165164,-0.50641406,0.22621526,0.34910378,0.45348844
26651,-3.7939274,-0.37405685,-0.81495726,-0.59899616,-0.051084578,-0.06779617,-0.20393142,0.009670958,-0.0021303967,0.59511906,0.09123909
26652,-4.8000703,-0.335368,-0.82056963,-0.46526077,-0.29027215,-0.03859409,0.01749327,-0.20210883,-0.18214409,0.43369782,0.51542693
26653,-5.127582,-0.21307874,-1.1180819,-0.8037038,0.22226554,-0.39570785,-0.30611238,-0.096856095,0.1480677,0.3662893,0.29148185
26654,-4.879802,-0.106958166,-1.0088849,-0.32190245,0.07841422,-0.2111391,0.051554676,-0.016178166,-0.08838478,0.29882964,0.21550325
26655,-6.1922293,-0.14711751,-0.8518216,-0.621128,-0.08719295,-0.30790776,-0.042967044,-0.31397715,-0.22212635,0.4538247,-0.054275826
26656,-3.9207222,-0.18379517,-0.81038004,-0.63021,-0.25672597,0.17025273,0.14470945,-0.17115271,0.019644396,0.3267646,0.4711024
26657,-6.9361463,-0.21209149,-1.0715977,-0.74147,-0.30393243,-0.54675615,0.09559223,-0.09801503,-0.24919565,0.59562993,0.43375328
26658,-6.821504,-0.22385392,-0.905117,-0.7887279,-0.17600283,0.122628525,0.040806457,0.08477154,-0.104914576,0.7148683,0.72285163
26659,-3.5112977,-0.08285419,-0.6570866,-0.3387312,-0.23673756,0.10716016,0.037810843,-0.025572134,0.016645929,0.28661606,0.45408574
26660,-4.244281,-0.324712,-0.9000067,-0.7989205,-0.79375964,0.11980732,0.008661357,-0.28833038,0.18721826,0.46556056,0.7092452
26661,-6.1732936,-0.19878452,-1.0080253,-1.0678986,-0.45498678,0.44277543,-0.054757953,-0.07560106,0.26922864,0.8171254,0.46447045
26662,-7.3380823,-0.22697021,-1.003504,-0.58986384,0.08846453,-0.29040182,-0.0062488364,0.16541626,-0.30282158,0.19289145,0.43605265
26663,-5.8765726,-0.09817449,-1.2382829,-0.68979746,-0.24196282,0.73568785,0.16712704,-0.4064372,0.028047906,0.35025802,0.2664779
26664,-4.7613792,-0.28232303,-0.69527566,-0.6465583,-0.1877454,0.21104337,0.21161127,0.1379777,-0.13518362,0.4153618,0.63226664
26665,-6.528743,-0.106706,-1.2433296,-0.4170486,-0.14999841,0.25891483,0.27629977,-0.38818452,-0.16002303,0.7663502,0.48608807
26666,-6.0924525,-0.06269033,-0.8419087,-0.47551075,-0.5650398,-0.17467678,-0.25475484,-0.19123957,-0.26514792,0.5467682,0.3692235
26667,-5.3316684,-0.0551182,-0.9264216,-0.5941627,-0.33019945,0.03807536,0.36266857,-0.097937346,-0.37258554,0.32764176,0.43697792
26668,-5.31884,0.06353977,-1.1327529,-0.43588036,-0.09477358,-0.1924659,0.33090708,-0.24637026,-0.101764426,0.49208277,0.2507988
26669,-6.668877,-0.30370018,-1.2064828,-0.76404285,-0.2319968,0.6479048,0.22845969,-0.1726602,-0.12724482,0.46113867,0.5378679
26670,-4.2881837,0.0020588324,-1.0309387,-0.62691814,0.0711955,-0.020659104,0.04564801,0.011645503,-0.07818217,0.16760089,0.27572688
26671,-5.0478454,-0.2220563,-0.8377238,-0.44763595,-0.07045092,-0.184084,0.19846298,-0.23008397,-0.1100892,0.18335998,-0.03875055
26672,-4.531921,-0.24158089,-0.89412594,-0.29019663,0.22527607,0.036382146,-0.18332101,-0.18051486,-0.043994628,0.11974371,-0.04914117
26673,-5.0295877,-0.1575749,-1.3948056,-0.8733621,0.05579759,0.057979926,-0.017401911,-0.013610691,0.28629526,0.50783914,0.269694
26674,-4.823291,-0.20405467,-0.9889521,-0.861492,-0.5832692,-0.09672106,0.34259322,0.011055234,-0.07012362,0.35314536,0.6495736
26675,-7.033246,-0.027323429,-1.2698303,-0.7170859,-0.3469369,0.72231793,-0.14005756,-0.39909387,-0.12587543,0.49696082,0.17948256
26676,-5.9343796,-0.27577814,-1.3146687,-0.31122273,-0.3162027,0.4018345,-0.16435795,-0.3288001,-0.17195699,0.204477,0.31294277
26677,-4.7255316,0.06864543,-1.0324093,-0.40640602,0.11834248,-0.021367814,0.13450839,0.22809482,0.022752583,0.44116297,0.17334886
26678,-5.7501764,-0.25046378,-1.2049006,-0.5331828,0.03334651,0.17547281,-0.019274078,-0.09703888,-0.14461206,0.32878202,0.43896514
26679,-4.057708,-0.07708507,-0.9625987,-0.17543769,0.05222934,-0.08194605,-0.082162015,-0.14102933,-0.04071235,0.4136319,0.12955852
26680,-5.3520713,-0.20757884,-1.5231525,-0.4615265,0.12052845,0.05412898,-0.13992737,-0.36198887,-0.28665963,0.39930707,0.12531255
26681,-5.290135,0.10371903,-0.9115078,-0.7715095,-0.21385215,0.06308388,-0.24915342,-0.49074206,-0.06953511,0.56167537,0.2937984
26682,-6.009128,-0.039803624,-1.1957608,-0.7550516,0.50549847,-0.07613328,-0.28564653,0.04292582,0.03595475,1.0294534,0.4249175
26683,-5.2269387,-0.11964019,-1.09088,-0.6804923,-0.33577543,0.03446751,0.42836523,0.08451674,-0.09346859,0.45261467,0.49990436
26684,-5.257375,-0.10703393,-0.7748965,-0.7181401,-0.05805382,-0.42877918,-0.09774025,-0.045585506,0.20388877,0.36337137,0.4781785
26685,-5.4291363,-0.008520043,-0.91210574,-0.5804344,-0.4143497,0.14403133,0.1117447,0.1697465,0.09101668,0.7615929,0.7770896
26686,-5.2125497,-0.33472756,-1.0258789,-0.8304122,0.10706793,0.30661315,-0.058622867,-0.49652103,0.13851255,0.23016293,0.71511227
26687,-4.515007,0.048471186,-1.046568,-0.04851121,0.23366956,0.040313147,-0.23125541,-0.081495896,-0.27473602,-0.07942387,0.23794267
26688,-7.415342,-0.24308099,-1.6811712,-0.7841053,-0.014971962,-0.22993037,-0.22004491,-0.104389176,-0.26926732,0.66858643,0.037174612
26689,-5.6449885,0.13448083,-0.9221398,-0.6460187,-0.014964506,-0.07555863,-0.28972596,0.18754114,-0.016861321,0.2491202,0.16718498
26690,-5.2442145,-0.041427594,-0.6637535,-0.4597172,0.051275663,-0.20675924,-0.18794408,0.00046924222,-0.26710814,0.17220694,0.25923193
26691,-5.123044,-0.07521434,-1.0022408,-0.7447683,-0.111559495,0.03959619,0.067638665,-0.38049194,0.052090123,0.32323357,0.33789808
26692,-6.8209267,0.20533049,-1.45615,-0.65283686,-0.15592048,0.102833696,0.12547986,-0.35204878,0.07956714,0.58415014,0.18680443
26693,-6.2604275,-0.46442696,-1.6816627,-0.75746125,0.0032138256,-0.19117127,-0.39595622,0.14853957,-0.03164673,0.664661,0.032807194
26694,-6.790754,0.1482835,-1.2480379,-0.5173489,0.30999398,0.010507169,-0.1443422,0.158702,-0.14449722,0.024245784,0.2768613
26695,-4.0281305,0.19494148,-0.7728973,-0.15620798,-0.14988787,0.420776,0.10911418,-0.53147626,-0.11428176,0.13480787,0.21416812
26696,-5.511999,0.0028775968,-1.1201752,-0.32295385,0.08427529,-0.22485277,0.06596209,-0.11604395,-0.3824306,0.19712417,0.27757975
26697,-4.8889866,-0.16089039,-0.85528404,-0.8372928,-0.20880416,0.18077369,-0.038541943,-0.3935855,-0.027379723,0.71980435,0.30042228
26698,-5.893695,-0.43741533,-0.8363885,-0.7864253,-0.3328722,-0.044676825,-0.05009998,-0.15023413,-0.23098165,0.21779512,0.56574464
26699,-5.2010145,-0.09264596,-1.0240467,-0.41708693,-0.07921375,0.41205704,0.22545405,-0.12577781,-0.21633054,0.25188497,0.29408
26700,-5.2998962,-0.27055666,-1.0338695,-0.47478566,-0.16770288,-0.2085805,-0.06523397,0.13729386,-0.14403203,0.55799514,0.13192119
26701,-5.367103,-0.37605542,-1.2218055,-0.7585574,-0.010117868,-0.09312078,0.06158031,-0.49728796,0.13673365,0.12577155,0.7466863
26702,-3.7260826,-0.019043915,-0.63985676,-0.3784721,-0.055659115,0.2648058,0.056032825,-0.11733427,-0.04198382,0.524268,0.0931523
26703,-5.2474747,-0.111324176,-1.2923112,-0.4073535,0.1745878,0.43080282,-0.13367969,-0.28747675,0.07504788,0.24883293,-0.0042819893
26704,-6.1870666,-0.27083647,-1.2494484,-1.1434577,-0.27822825,0.23785019,-0.0030548545,-0.46937627,0.47150636,0.95566726,0.17163688
26705,-6.6328897,-0.0058310116,-1.3796846,-0.76789945,-0.13795586,0.18008056,0.23315144,-0.63804007,0.055644915,0.55204463,0.32754496
26706,-5.525637,-0.027106594,-1.0835775,-0.82319695,-0.06285905,0.27577156,0.037782423,-0.44472435,-0.13105185,-0.022963908,0.31813028
26707,-7.8130183,-0.17252393,-1.4305853,-1.4151571,-1.0513848,0.027678205,0.3255083,-0.48934442,0.039915096,0.5624261,1.0418549
26708,-5.885259,0.004200222,-1.1723771,-0.4632373,-0.17551737,0.23592077,-0.31242344,-0.14568742,0.045755252,0.6830825,0.08024211
26709,-4.7535434,-0.23330458,-0.78029,-0.8552606,-0.2044936,0.09076234,0.021755569,-0.14883426,0.17428921,0.4280245,0.24469508
26710,-6.333418,0.09096615,-1.170604,-0.3605039,0.67004657,0.102372855,-0.3305225,-0.044701733,-0.15810557,0.2891292,0.04327297
26711,-6.4862604,-0.3100264,-0.91769785,-0.712717,-0.5468655,-0.62587935,0.25912777,0.17604467,-0.30455166,0.4288909,0.6627481
26712,-6.281948,-0.037411895,-0.7661406,-0.54440117,-0.19125992,-0.62481874,-0.070068315,0.19671792,-0.35783842,0.22827029,0.28193292
26713,-4.5647364,-0.2600633,-0.583044,-0.55283344,-0.33716735,-0.24886565,0.08275587,-0.25705096,-0.118184924,0.34324184,0.5115918
26714,-5.686162,-0.16638221,-1.0558938,-0.5103236,0.14354147,0.13473919,0.0037823156,-0.12530203,-0.090526074,0.55654305,0.014649244
26715,-6.6044817,-0.105797544,-1.1192905,-0.4655151,-0.4270841,-0.70032114,0.026102658,-0.23753265,-0.27397048,0.049602002,0.23885573
26716,-5.9546633,0.11808413,-0.8682222,-0.32264084,-0.1236917,-0.038662348,0.02355752,-0.0346122,-0.025345003,0.296321,0.4374182
26717,-4.6042542,0.08754069,-0.5557699,-0.34778556,-0.31866178,0.0204587,0.1640367,-0.23429216,-0.014720254,0.09960751,0.37187514
26718,-6.1611047,-0.53856975,-1.2118793,-0.76094,-0.46009135,0.37099653,0.15564576,-0.3322209,0.18173596,0.76230913,0.5478976
26719,-4.3097253,-0.10242059,-0.6204558,-0.38247055,0.021036334,0.046343073,-0.37281978,-0.13828301,-0.19337605,0.030922681,-0.1771967
26720,-5.998638,-0.27882248,-1.0219032,-0.9756074,-0.38389772,0.17034437,-0.015436987,-0.105378665,-0.009124506,0.3205406,0.3809496
26721,-5.635015,-0.16984199,-1.2650282,-0.65021175,0.07264228,0.2738785,0.15996173,-0.32862392,0.22763105,0.6206372,0.2157206
26722,-5.9956994,-0.2426893,-1.0104877,-0.7574092,-0.41194886,-0.17852883,0.1977231,-0.2851194,0.045332003,0.7970554,0.1896311
26723,-3.912883,-0.15382314,-0.88690925,-0.46426913,9.470619e-06,0.011523606,-0.012315688,-0.121722855,0.2407388,0.2956448,0.18270174
26724,-5.1350207,-0.04201966,-0.7957187,-0.58670056,0.2076333,-0.046309687,-0.13377936,-0.06346888,0.09710096,0.46770027,0.3745916
26725,-5.6803107,-0.3137455,-1.1979791,-0.2566786,-0.31171647,0.23152672,-0.11819131,-0.25749025,-0.30608976,0.68468416,0.3327373
26726,-6.260859,-0.3857535,-1.6130668,-0.7211747,-0.26553193,0.15287499,0.109065644,-0.05473496,0.18824725,0.7255141,0.383653
26727,-5.166326,-0.16189611,-1.358183,-0.40463746,-0.10892092,-0.19463012,0.1854707,0.028065916,-0.26812455,0.48033336,0.28115746
26728,-5.743033,-0.090084374,-1.0978254,-0.8391117,-0.051594287,-0.14376815,-0.10102971,-0.26179907,0.0431514,0.2670004,0.15666583
26729,-6.6059504,-0.44388136,-1.4408971,-0.4265209,-0.13262978,0.1627715,-0.06190359,-0.15852147,-0.13198477,0.52347505,0.4992358
26730,-6.530377,-0.10338023,-0.80914867,-0.61973846,-0.09209392,-0.5243617,0.054459915,-0.20789051,-0.22426395,0.24509232,0.14974843
26731,-5.965677,-0.27351105,-1.1601257,-0.45716068,0.09059279,0.14347504,0.03769542,0.1820048,-0.13163139,0.1251981,0.56991506
26732,-5.8046865,-0.21252415,-1.2619282,-0.8696973,-0.13624923,-0.08275535,-0.12375075,-0.13961354,-0.06846421,0.6082719,0.39963996
